-1.31147771754e-05
-9.18660498428e-06
-5.72793396714e-06
-2.67616587735e-06
0.0
2.36316395785e-06
4.44462648375e-06
6.32263754596e-06
8.02849717729e-06
9.60915713222e-06
1.11272156573e-05
1.26139757413e-05
1.41320342664e-05
1.5743993572e-05
1.74811539182e-05
1.94070707948e-05
2.15669097088e-05
2.40397821472e-05
2.6841305953e-05
3.00028132187e-05
3.35868899128e-05
3.76091738872e-05
4.20696560468e-05
4.69840051665e-05
5.2367853641e-05
5.82211941946e-05
6.45000982331e-05
7.1183021646e-05
7.82258575782e-05
8.56129699969e-05
9.32660477702e-05
0.000101138139144
0.000109135384264
0.000117230112664
0.000125289676362
0.000133255292894
0.000141048571095
0.000148544364492
0.0001556800853
0.000162364391144
0.000168482234585
0.000173958265805
0.000178698581294
0.000182624979061
0.000185674740351
0.000187738478417
0.000188784280908
0.000188734484254
0.000187557801837
0.000185204960871
0.000181633033208
0.000176840461791
0.000170811457792
0.000163514836458
0.000154976631165
0.000145222540596
0.000134263522341
0.000122130906675
0.000108848478703
9.4509239716e-05
7.91529018898e-05
6.28177513136e-05
4.56150191894e-05
2.7583224437e-05
8.83195662027e-06
-1.05862536657e-05
-3.05419307551e-05
-5.09822348249e-05
-7.17924413038e-05
-9.2889116786e-05
-0.000114157315693
-0.000135529291583
-0.000156874506501
-0.000178109694389
-0.00019915640587
-0.00021989918605
-0.000240255976678
-0.000260135828285
-0.000279442640021
-0.000298107042909
-0.000316043151543
-0.000333172327373
-0.000349409005139
-0.000364712439477
-0.000379006989533
-0.000392221380025
-0.000404328486184
-0.000415256712586
-0.000424982543336
-0.000433468288975
-0.000440686300863
-0.000446637423011
-0.000451288127806
-0.000454655732028
-0.000456739013316
-0.000457571353763
-0.000457180751255
-0.000455587723991
-0.000452880864032
-0.000449113489594
-0.000444361328846
-0.000438713148469
-0.000432272878243
-0.000425171485404
-0.000417544652009
-0.000409491185565
-0.000401211233111
-0.000392864691094
-0.000384620507248
-0.000376670534024
-0.000369198649423
-0.000362433929695
-0.000356559525244
-0.000351804337697
-0.000348379340721
-0.00034651052556
-0.000346411805367
-0.000348274392309
-0.000352315983037
-0.000358691962902
-0.000367609667592
-0.000379218603484
-0.000393652531784
-0.000410993408877
-0.000431349762948
-0.000454792170785
-0.000481275637867
-0.000510792597197
-0.000543284870218
-0.000578685547225
-0.00061675865436
-0.000657334108837
-0.00070014083758
-0.000744948280044
-0.000791292404756
-0.000838807027321
-0.000887016649358
-0.000935413583647
-0.000983473379165
-0.0010304969037
-0.00107589829713
-0.00111897976603
-0.0011590240756
-0.00119526032358
-0.00122687849216
-0.00125313468743
-0.00127321225591
-0.00128630769905
-0.00129161518998
-0.00128834450152
-0.00127574859653
-0.00125312642194
-0.00121979753021
-0.0011750474805
-0.00111841841135
-0.0010493893642
-0.000967505504377
-0.000872466131113
-0.000763984688092
-0.000642064318527
-0.000506699783728
-0.000357756565791
-0.000195637971046
-2.08453693631e-05
0.000166346988408
0.000365373882232
0.000575226906221
0.000795191444922
0.00102416262962
0.00126102694776
0.00150458246935
0.00175327633042
0.00200554123148
0.00226004910655
0.00251491833478
0.00276818079874
0.00301822670735
0.00326305325143
0.0035006662365
0.00372892874293
0.00394602771848
0.00414983648807
0.00433832127601
0.00450970279053
0.00466195167974
0.00479317922145
0.0049017323181
0.00498610362411
0.00504466798156
0.00507599581033
0.00507907243446
0.00505292834714
0.00499667832628
0.00490952515975
0.00479139992967
0.00464208424091
0.00446158600971
0.00425003608689
0.00400824053213
0.00373731041327
0.00343785295263
0.00311116361991
0.00275903311558
0.00238359393552
0.00198638951406
0.00156970042735
0.0011361790821
0.000688614614774
0.00023003257229
-0.00023715820862
-0.000709467101842
-0.00118354370352
-0.00165607919917
-0.00212365528569
-0.00258263060823
-0.00302991550416
-0.00346180633642
-0.00387487653643
-0.00426587602124
-0.00463163945824
-0.00496882526204
-0.00527472607791
-0.00554667506367
-0.00578225916252
-0.00597910163924
-0.00613503577188
-0.00624867063016
-0.00631880993024
-0.00634426390752
-0.00632410962135
-0.0062583819963
-0.00614730315283
-0.005991154816
-0.00579046923667
-0.00554682128131
-0.00526212248951
-0.00493785366416
-0.00457619456574
-0.00418010028079
-0.00375273590907
-0.00329725048505
-0.00281699746847
-0.00231600110419
-0.00179841485806
-0.00126843585167
-0.000730572151951
-0.000188890611753
0.000351715134457
0.000886587484274
0.00141108036041
0.00192070403136
0.00241096061654
0.00287733669393
0.00331549206749
0.00372164440341
0.00409209541976
0.00442313309759
0.00471134576946
0.00495423609391
0.00514944177121
0.00529463030398
0.00538791529834
0.00542842363939
0.00541559001431
0.00534885097295
0.00522799650207
0.00505412882194
0.00482859089971
0.00455270241946
0.00422817701474
0.00385791272856
0.00344504392706
0.0029927038122
0.00250431662425
0.00198424234986
0.00143703992944
0.00086726853624
0.000279661588138
-0.000320518825902
-0.000927881803364
-0.00153702392709
-0.00214255182073
-0.00273897661828
-0.00332078663632
-0.00388249824755
-0.00441873306409
-0.00492455204949
-0.00539511675015
-0.00582555122674
-0.00621129758656
-0.00654866034165
-0.00683410465717
-0.00706413481385
-0.00723557546735
-0.00734657980502
-0.00739543419331
-0.0073804683052
-0.00730049656704
-0.00715559208766
-0.00694639328867
-0.006673311349
-0.00633726222441
-0.00594057887793
-0.00548587786034
-0.00497575802729
-0.0044132261537
-0.00380253023468
-0.00314813177101
-0.00245449831709
-0.00172641326208
-0.000969510176219
-0.000189598795259
0.000607521447819
0.00141586409882
0.00222948240116
0.00304113933817
0.00384476711042
0.00463395752013
0.00540243461728
0.00614390382543
0.00685211643577
0.00752099463716
0.00814512185752
0.00871920958161
0.00923797022551
0.00969665125012
0.0100910095498
0.0104176718742
0.0106729827821
0.0108538186178
0.0109584927559
0.0109855476767
0.0109335118905
0.0108015136793
0.0105900801718
0.010300418362
0.00993339531124
0.00949048995972
0.00897475052625
0.00838947668672
0.00773797836155
0.0070240041241
0.00625218357891
0.00542862340808
0.00455818558112
0.00364646757953
0.00269992812537
0.00172518158797
0.00072887976421
-0.000282776163658
-0.001301647746
-0.00232111290097
-0.00333398208022
-0.00433321483433
-0.0053119356744
-0.00626381020993
-0.00718108704314
-0.00805770605803
-0.00888791307807
-0.0096660843119
-0.0103865945712
-0.0110445339233
-0.0116353239864
-0.012155524455
-0.012601364404
-0.0129696168005
-0.0132585540414
-0.0134667530656
-0.0135925384238
-0.0136351408437
-0.0135952020064
-0.0134736234322
-0.0132711874321
-0.0129895908758
-0.01263159886
-0.0122003499418
-0.0116989305243
-0.0111305676401
-0.0105005279183
-0.00981338042766
-0.00907396152616
-0.00828736461699
-0.00745895598084
-0.00659548165277
-0.00570239126682
-0.0047856932506
-0.00385151756927
-0.00290552922525
-0.00195489171892
-0.00100517598912
-6.20887803962e-05
0.000868656381499
0.00178185361437
0.00267118657939
0.00353247346357
0.00436115264893
0.00515306880698
0.0059033408761
0.00660922331735
0.00726780062541
0.0078761447221
0.00843198876828
0.00893352366984
0.00937986280769
0.00976987369359
0.0101030198857
0.0103794075549
0.0105998236686
0.0107648856938
0.0108755668625
0.0109337428585
0.0109414858744
0.0109008708969
0.0108141480014
0.0106843570247
0.0105145182461
0.0103076659143
0.0100668044761
0.00979562290013
0.00949746463448
0.00917581748217
0.00883391033858
0.00847546011209
0.00810364726931
0.00772177800536
0.00733285862952
0.00694009289145
0.00654599443078
0.00615333672613
0.00576441688463
0.00538154458627
0.00500634778291
0.00464046234265
0.00428582401946
0.00394312012941
0.00361313321628
0.00329649308696
0.00299404701218
0.00270549766719
0.00243052421138
0.00216919695958
0.00192095292732
0.00168489466887
0.00145994976629
0.00124534603674
0.00103990698699
0.000842150242534
0.000650871545076
0.000464569049655
0.000281799177174
0.000101026453194
-7.90352132753e-05
-0.000259908119915
-0.000443092256319
-0.000629572663456
-0.000820592860691
-0.00101728877053
-0.00122077181004
-0.00143141241278
-0.00164990709163
-0.00187690893654
-0.00211254204623
-0.00235678069293
-0.00260957935825
-0.00287049589679
-0.00313923321664
-0.00341492868029
-0.00369676738046
-0.003983552102
-0.00427428074181
-0.00456759613007
-0.00486168125644
-0.00515512051061
-0.00544636882842
-0.00573329394683
-0.00601413426921
-0.0062870932743
-0.00655000749975
-0.00680104084313
-0.00703838653862
-0.00725986529142
-0.00746374344453
-0.00764832273126
-0.00781203294173
-0.00795307662338
-0.00807003024966
-0.00816179532558
-0.00822723563761
-0.00826528295875
-0.00827506743371
-0.00825620628893
-0.00820838287473
-0.0081312097609
-0.00802469067276
-0.00788919627666
-0.00772515218705
-0.00753321265802
-0.00731403473765
-0.0070686833933
-0.00679867574945
-0.0065051605925
-0.00618941802531
-0.0058536096476
-0.00549942022189
-0.00512857409194
-0.00474340608343
-0.00434595020488
-0.00393823860213
-0.00352291460149
-0.00310202781111
-0.00267767696641
-0.00225260294974
-0.00182890472934
-0.00140861480031
-0.000994283822365
-0.000587788585108
-0.000191044149688
0.000193621730432
0.000564694404602
0.000920724880416
0.00125972775277
0.00158041599207
0.00188187602907
0.00216280296445
0.00242235837504
0.00265983189456
0.0028746468015
0.00306664127856
0.00323558528908
0.00338120898232
0.00350395380519
0.00360425957479
0.00368241616525
0.00373906409368
0.00377512094565
0.00379155972041
0.00378935644403
0.00376961473376
0.00373370293528
0.00368295004591
0.0036187923979
0.00354266003706
0.00345605053008
0.00336058624089
0.00325779989362
0.00314919417724
0.00303638284095
0.00292080570944
0.00280392332934
0.0026872723829
0.00257206708193
0.00245948531665
0.00235088472255
0.00224732793868
0.0021495888941
0.00205860147253
0.00197513960302
0.00189981085714
0.00183303747326
0.0017750817351
0.00172621721867
0.00168665463571
0.001656150911
0.0016345505137
0.00162161025219
0.00161699403543
0.00162010046188
0.00163026177324
0.00164687715005
0.00166919501498
0.00169633794576
0.00172743271105
0.00176154822111
0.00179777329322
0.00183519627899
0.00187282229308
0.00190971535631
0.00194499595091
0.00197785277851
0.00200753193349
0.00203326065093
0.00205435371026
0.00207039131783
0.00208095205016
0.00208560517058
0.00208410783671
0.0020764793735
0.0020627474878
0.00204298109747
0.0020173934754
0.00198647240177
0.00195072544739
0.00191068416461
0.00186699151527
0.00182050140575
0.00177209626418
0.00172267155722
0.00167312123813
0.00162450876087
0.0015778489178
0.00153412681539
0.00149438460357
0.00145951565355
0.00143041845877
0.00140800781082
0.00139305822086
0.00138609856367
0.00138767412864
0.00139826361556
0.00141820858698
0.00144745525904
0.00148594728671
0.00153362308629
0.00159012794029
0.00165479583666
0.001726903487
0.00180564436596
0.00189011811744
0.00197901483625
0.00207091681659
0.00216452241875
0.00225836411119
0.0023506206926
0.00243957689963
0.00252351211384
0.00260053621605
0.00266880355775
0.00272649829276
0.00277165137231
0.00280250608921
0.00281740236096
0.00281467335299
0.00279266037978
0.00274988682941
0.0026852467563
0.00259761628695
0.00248582242057
0.00234912778251
0.00218713073991
0.00199941056781
0.00178581092041
0.00154625542928
0.00128114782274
0.000991344102658
0.000677288917359
0.000339746795362
-1.94990934688e-05
-0.000399116310291
-0.000797797110863
-0.00121337606106
-0.0016437987797
-0.00208702217788
-0.00254033133388
-0.00300147058442
-0.00346787786111
-0.00393630610779
-0.00440417230129
-0.00486880168319
-0.00532674789429
-0.00577522069216
-0.00621117139235
-0.00663185445592
-0.00703393481672
-0.0074147474952
-0.00777157535776
-0.00810133200139
-0.00840175058693
-0.00867054797709
-0.00890502147377
-0.009103176184
-0.0092633664608
-0.00938376504928
-0.00946280080825
-0.00949916243553
-0.00949209462851
-0.00944091752172
-0.00934494193643
-0.00920378603041
-0.00901795364916
-0.00878779124469
-0.00851368810982
-0.00819630175829
-0.007837401703
-0.00743834348395
-0.00700044771656
-0.00652600359172
-0.00601730309427
-0.00547661725432
-0.00490698125213
-0.00431099999696
-0.00369196967222
-0.00305293360725
-0.00239785364829
-0.00172999233473
-0.00105320557486
-0.000371025147615
0.000311990297632
0.000992225715891
0.00166596728377
0.00232851365581
0.0029761318583
0.00360484723933
0.00421113194898
0.00479058921337
0.0053396797739
0.00585483340546
0.00633306242526
0.00677072862163
0.00716489832848
0.00751292379573
0.00781225552782
0.00806092843413
0.00825675670058
0.00839813798666
0.00848402827978
0.00851365178823
0.00848614238203
0.00840118341148
0.00825943145901
0.0080614965409
0.00780799705535
0.00750003242865
0.00714000593871
0.00672993995249
0.00627201469615
0.00576871307567
0.00522402860224
0.00464132381603
0.00402418058366
0.00337630021386
0.00270296190865
0.00200855266303
0.00129777763505
0.00057559274137
-0.000152998865815
-0.000881960615516
-0.00160626834258
-0.00232052314095
-0.00301960390061
-0.00369740487076
-0.00434879446402
-0.00496853748336
-0.00555172096938
-0.00609367899597
-0.00658900197595
-0.00703351479024
-0.00742341717705
-0.00775513984263
-0.00802462175488
-0.0082289762795
-0.00836612936109
-0.00843400973827
-0.00843058340251
-0.00835463963449
-0.00820615328848
-0.00798513181508
-0.00769159244373
-0.00732627511024
-0.00689165387303
-0.00638978229836
-0.00582287367433
-0.0051939804107
-0.00450698425993
-0.00376679515466
-0.00297738355584
-0.00214371201582
-0.00127166800667
-0.000367200496839
0.000564214074984
0.00151529966388
0.00247954041697
0.00344996922649
0.00441960431635
0.00538135785609
0.0063284561038
0.00725279515609
0.00814760103822
0.00900592654943
0.00982117746025
0.0105867795646
0.0112965125591
0.0119437174872
0.0125236492604
0.0130312060937
0.0134613299742
0.0138098727912
0.0140738729388
0.014250527136
0.0143367918208
0.0143309757113
0.0142327966169
0.0140420133248
0.0137583902106
0.0133828548715
0.0129176452756
0.0123657127842
0.0117293987423
0.0110123278573
0.0102194882929
0.00935596507043
0.00842683576047
0.00743801379576
0.00639600260183
0.00530883437023
0.00418306933716
0.00302626099437
0.001846585772
0.000652224989608
-0.000548627052922
-0.00174768012948
-0.00293661770411
-0.00410708785057
-0.00525127956644
-0.00636015506461
-0.00742674292997
-0.00844358932227
-0.00940325204283
-0.0102990297601
-0.01112520881
-0.0118761407211
-0.012546164915
-0.0131306927651
-0.0136264916509
-0.0140304202214
-0.0143394293264
-0.0145512828603
-0.0146658029407
-0.0146826570854
-0.014601547271
-0.0144234476611
-0.014150810428
-0.0137861836702
-0.0133321415633
-0.0127923227847
-0.0121717229486
-0.0114753758535
-0.0107083581388
-0.00987650733441
-0.00898669008166
-0.00804576929659
-0.00706063164398
-0.00603861594573
-0.00498753041029
-0.0039152414538
-0.00282959337346
-0.00173845735844
-0.000649711058941
0.00042881022091
0.00148923438974
0.00252407626249
0.00352637004107
0.00448917550966
0.00540597597137
0.00626968080178
0.00707543408498
0.00781764090061
0.00849176291376
0.00909315794706
0.00961873028427
0.0100654726848
0.010430351831
0.010711424984
0.0109080979601
0.0110198026523
0.0110459849238
0.0109871905297
0.0108451824635
0.0106218215078
0.0103189805523
0.00993941444904
0.00948701426387
0.00896569527686
0.00837935786694
0.00773262465373
0.00703087076545
0.00627951370552
0.00548401568085
0.00465015275404
0.00378415803425
0.00289229582995
0.00198078737594
0.00105596147478
0.000124609912746
-0.000807794218417
-0.00173446908593
-0.00264930678532
-0.00354647822678
-0.00442023016512
-0.0052647460252
-0.00607474520802
-0.00684554269537
-0.00757246324793
-0.00825083907694
-0.00887638796121
-0.00944655481726
-0.00995785649866
-0.0104071488604
-0.0107920672745
-0.0111111728474
-0.0113630611449
-0.0115463137627
-0.0116603299975
-0.0117054479197
-0.0116820763797
-0.0115905581042
-0.0114319995046
-0.011208393611
-0.0109217735007
-0.0105741480365
-0.0101683819667
-0.00970745272934
-0.00919491611421
-0.00863418634981
-0.00802910421044
-0.00738401478156
-0.00670328130946
-0.00599163305014
-0.00525298109278
-0.00449251988903
-0.00371512374841
-0.00292566977441
-0.00212937779725
-0.00133037392516
-0.000533882470336
0.000255253253272
0.00103237992153
0.00179315439891
0.00253289099783
0.00324793672189
0.00393400760368
0.00458768568933
0.00520527502522
0.00578395463526
0.00632059527561
0.00681301252916
0.00725905923173
0.00765640614554
0.00800393428653
0.00830070115626
0.00854599010199
0.00873898807913
0.00887983758003
0.00896913558245
0.00900759082288
0.0089959744364
0.00893559679389
0.00882843509316
0.00867653544992
0.00848202500492
0.0082472320646
0.00797525141388
0.00766912614927
0.00733208563179
0.00696712452918
0.00657807150856
0.00616877805442
0.00574253220111
0.00530328601599
0.00485485326499
0.00440128566697
0.00394599651918
0.00349290552549
0.00304576009512
0.0026076817885
0.00218243268318
0.00177339836955
0.00138305337168
0.00101443845779
0.000670525128953
0.000353353185346
6.49186476949e-05
-0.000192831212189
-0.000418312556576
-0.000610179093201
-0.000767703051679
-0.00089038250735
-0.000977538758889
-0.00102911319118
-0.00104571296833
-0.0010278763948
-0.000976255396381
-0.000891903415322
-0.000776544446126
-0.000631771923508
-0.000459303613752
-0.000261308130575
-4.01210381824e-05
0.000201539776754
0.000461363670183
0.000736494199373
0.00102376926225
0.00132041238248
0.00162315252237
0.00192916137166
0.00223511969671
0.00253773992881
0.00283415219747
0.00312102190219
0.00339567079209
0.00365493050776
0.00389612675644
0.00411635776982
0.00431344844401
0.00448494357988
0.00462841195986
0.00474199093878
0.00482404371724
0.00487307319418
0.00488748028874
0.00486621912569
0.0048086992465
0.00471430597827
0.00458254711702
0.00441321590915
0.00420693960041
0.00396395707503
0.00368496845476
0.00337066501379
0.00302276853472
0.00264238775708
0.00223133992404
0.00179109768942
0.0013243551366
0.000832957040984
0.000319647951983
-0.000213457358768
-0.000762977520935
-0.00132655026391
-0.00190073333215
-0.00248275464401
-0.00306970323436
-0.00365783786401
-0.00424451101571
-0.00482597528026
-0.0053996052593
-0.00596168125048
-0.00650932453573
-0.00703976862133
-0.0075496812351
-0.00803668517619
-0.00849750544876
-0.00892986077815
-0.00933168176562
-0.00970037467778
-0.0100340778008
-0.0103306453675
-0.0105888163671
-0.0108072860166
-0.0109844431281
-0.0111194811761
-0.0112117631361
-0.0112608866766
-0.0112663488835
-0.0112281078473
-0.0111466022208
-0.0110221859068
-0.010855439119
-0.0106471749023
-0.0103985387832
-0.010111075826
-0.00978598650545
-0.00942474976182
-0.00902969948947
-0.00860270857811
-0.008145570755
-0.00766098545864
-0.00715129682794
-0.00661904131994
-0.00606649415568
-0.00549688190222
-0.00491276755929
-0.00431670760736
-0.00371210393496
-0.00310152024031
-0.00248786690645
-0.00187372113578
-0.00126254162751
-0.000656820950098
-5.92561045778e-05
0.000527758325916
0.00110099941958
0.00165825430304
0.00219728122465
0.00271605444141
0.00321183726192
0.00368293211795
0.00412768125534
0.0045444467105
0.00493176234886
0.00528798019513
0.0056123607792
0.00590399419889
0.00616200175136
0.00638582836837
0.00657540699467
0.00673044053838
0.00685088941827
0.00693699577823
0.00698937056586
0.00700860889629
0.00699531519786
0.00695045478642
0.00687526492402
0.00677099078894
0.00663891434669
0.00648051919416
0.00629754550755
0.00609164685011
0.00586474640295
0.00561865977943
0.00535542005673
0.00507707800716
0.00478567369282
0.00448329513893
0.00417212303728
0.00385428429581
0.00353193981573
0.00320721021853
0.00288217165507
0.00255877454765
0.00223940284923
0.00192586099729
0.00162002129946
0.00132375303656
0.00103891419712
0.000767208926845
0.000510144571308
0.000269250682322
4.60450173705e-05
-0.000158182345331
-0.000342316750903
-0.000505283649545
-0.00064602214843
-0.00076368090231
-0.000857657170855
-0.000927387620322
-0.000972301641013
-0.000992081710137
-0.000986687606201
-0.000956095813308
-0.000900253595319
-0.000819426495582
-0.00071414175909
-0.00058490189258
-0.000432268047007
-0.000257122592302
-6.03868356848e-05
0.000156799011165
0.000393345631892
0.000647896144073
0.000918907171581
0.00120478705503
0.00150393007789
0.0018145754002
0.00213472428732
0.00246238452382
0.00279541220516
0.00313198496588
0.00346968160011
0.00380625529215
0.00413945084438
0.00446693273261
0.00478636473417
0.00509526347741
0.005391552113
0.00567279243842
0.00593676185235
0.00618121866137
0.00640394352376
0.00660280417651
0.00677608838305
0.00692182732746
0.00703815184534
0.00712345680222
0.00717642856762
0.00719581032172
0.00718027120456
0.0071288831532
0.0070411041379
0.00691644009203
0.00675423908979
0.00655447412282
0.00631745485589
0.00604364462197
0.00573314819485
0.0053868885152
0.00500609492883
0.00459223380312
0.00414617639035
0.00366976461373
0.0031653388869
0.00263452110812
0.00207961653359
0.00150306848809
0.000907887297217
0.000296262849588
-0.000328767258907
-0.000963980564848
-0.00160683691502
-0.00225392566063
-0.00290178298019
-0.00354786519893
-0.00418869312853
-0.00482078408822
-0.00544152501971
-0.00604729447514
-0.00663576088846
-0.00720369117334
-0.00774797378108
-0.00826646480709
-0.00875634234399
-0.00921575538814
-0.0096421064809
-0.0100333010778
-0.0103881685063
-0.0107048321515
-0.0109820682555
-0.0112186269835
-0.0114137968048
-0.0115671306849
-0.0116778928787
-0.0117460275069
-0.0117717208341
-0.0117553249002
-0.011697165668
-0.0115978801623
-0.0114586828277
-0.0112805776298
-0.0110648563132
-0.0108127491549
-0.0105262678117
-0.0102069359273
-0.00985681824386
-0.00947757996619
-0.00907177757472
-0.00864122901112
-0.00818855222315
-0.0077156284824
-0.0072252904065
-0.00671945605427
-0.00620102323592
-0.00567211722955
-0.00513482745737
-0.00459203310311
-0.00404557026923
-0.00349820125848
-0.00295179383829
-0.00240820460021
-0.00187006674241
-0.00133882497903
-0.000816742482129
-0.000305283843772
0.000194012012798
0.000679143820889
0.00114907044917
0.001602697419
0.002038318431
0.00245508388616
0.00285236909986
0.00322899478488
0.00358435302041
0.00391801446676
0.00422930065542
0.00451806932688
0.00478409137577
0.00502696633339
0.00524689164013
0.00544404052198
0.00561832077801
0.00577003741637
0.0058996072039
0.00600750511512
0.00609402637929
0.00615974981338
0.00620534457266
0.00623148493469
0.00623879116029
0.00622802181169
0.00619999412447
0.00615552114323
0.00609540194273
0.00602052826434
0.0059317573905
0.0058299745433
0.00571608589962
0.00559090357274
0.00545540126041
0.0053104236722
0.00515684625134
0.00499551557004
0.00482723629102
0.00465282192454
0.00447299145162
0.00428867014125
0.00410049268976
0.00390915479511
0.00371536891907
0.00351976091042
0.00332292192616
0.00312543613836
0.0029278844595
0.00273078074679
0.0025345038157
0.00233970792033
0.0021467639599
0.00195606518537
0.00176798296161
0.00158288783859
0.00140113395173
0.0012230387656
0.00104887026828
0.000878928171005
0.00071347708581
0.000552758108824
0.000396999821533
0.000246410345426
0.00010119718354
-3.84600316465e-05
-0.000172399712028
-0.000300463550957
-0.000422503828304
-0.000538382446393
-0.000647994689643
-0.000751189189032
-0.000847972696647
-0.000938200275414
-0.00102182349656
-0.00109878939111
-0.00116903625894
-0.00123252964113
-0.0012892386876
-0.00133916654158
-0.00138228444848
-0.0014185544569
-0.00144802895375
-0.00147067988291
-0.00148649059702
-0.00149548065383
-0.00149763631634
-0.00149294943549
-0.00148142548278
-0.00146302382927
-0.00143773434684
-0.00140554027166
-0.00136639340781
-0.00132029212546
-0.00126715190709
-0.00120695424266
-0.00113965501077
-0.00106519809924
-0.000983605161309
-0.000894780387171
-0.000798718829174
-0.000695421884302
-0.000585002126172
-0.000467391335405
-0.000342677434674
-0.000211057442357
-7.25931458874e-05
7.24652418285e-05
0.000223902607104
0.000381338468287
0.000544492679182
0.000712859851774
0.00088590325322
0.00106322939973
0.00124404137023
0.00142750539817
0.00161305838265
0.00179967866279
0.00198649754748
0.00217237952165
0.0023562356364
0.00253707566299
0.00271352822892
0.00288424501196
0.0030480902642
0.0032035857439
0.00334945856594
0.00348417088389
0.00360644399188
0.0037148159463
0.0038078809157
0.00388437439688
0.00394285935909
0.00398214254528
0.00400107819587
0.00399857899174
0.00397353852168
0.00392503105104
0.0038524447009
0.00375505001284
0.0036323054228
0.00348372757435
0.00330942543224
0.00310932402499
0.00288329808973
0.00263188849203
0.00235554738902
0.00205528573133
0.00173155858647
0.00138574338052
0.00101916329004
0.000633145158645
0.000229569210205
-0.000190181483049
-0.000623515457846
-0.00106844468974
-0.00152301497292
-0.00198438367806
-0.00245013041422
-0.00291780568659
-0.00338430772536
-0.00384711660445
-0.0043035899289
-0.00475046643987
-0.00518510909751
-0.00560494326055
-0.0060069039464
-0.00638851197436
-0.00674728117883
-0.00708041666076
-0.00738596729934
-0.00766178965569
-0.00790587998927
-0.00811623129994
-0.00829164590687
-0.00843086652458
-0.00853263121098
-0.00859610363841
-0.00862095877528
-0.00860700104386
-0.00855402741581
-0.00846222601831
-0.00833237357438
-0.0081654638052
-0.00796229485422
-0.00772415287793
-0.00745283579454
-0.0071502039209
-0.00681794667616
-0.00645851669833
-0.00607432238758
-0.00566793652251
-0.00524195097387
-0.00479910615832
-0.00434234319255
-0.00387460947968
-0.00339887524024
-0.00291808671318
-0.00243518850766
-0.00195289286785
-0.00147456652485
-0.00100277969614
-0.000540076289326
-8.89786242624e-05
0.000347982218955
0.000768560450524
0.00117091601714
0.0015532206744
0.00191368476953
0.00225082831457
0.00256370031275
0.00285139447078
0.00311286910437
0.00334782339633
0.00355611764826
0.00373775884509
0.00389274954796
0.00402144342661
0.00412464747205
0.00420317798853
0.00425789551809
0.00428983615711
0.00430044112727
0.00429113022983
0.00426331209019
0.00421854946762
0.0041585592553
0.00408506393433
0.0039997883141
0.00390452845022
0.00380090577528
0.0036906816531
0.00357560929842
0.00345730246045
0.00333729991689
0.00321695697494
0.00309780542739
0.00298114819452
0.00286803231575
0.00275952951051
0.0026565764565
0.0025600597728
0.00247057108209
0.0023885241244
0.00231446069665
0.0022487307433
0.00219137198292
0.00214233552106
0.00210167304613
0.00206925463863
0.00204463466071
0.00202745059505
0.00201731082052
0.00201368913986
0.00201592617668
0.00202336418442
0.00203531933948
0.00205110339448
0.00206992984749
0.00209103524685
0.00211363332346
0.00213696714491
0.00216032145545
0.00218295725062
0.0022041334305
0.00222319504246
0.00223956513219
0.00225265836343
0.00226192432456
0.0022668663878
0.00226710899733
0.00226232875139
0.00225217710249
0.00223636091687
0.00221479218453
0.00218733912334
0.00215389858931
0.00211440608837
0.00206897314638
0.0020176616963
0.00196059490554
0.00189789105207
0.00182973535266
0.00175641058013
0.00167810276616
0.0015951176174
0.00150772044435
0.0014161443105
0.00132077734452
0.00122187286615
0.00111966836266
0.00101455696858
0.000906805507839
0.000796599080786
0.000684322963934
0.000570186995901
0.00045436018263
0.000337208883138
0.000218861619942
9.95351219899e-05
-2.06436525332e-05
-0.000141355601954
-0.000262501824182
-0.000383933045669
-0.000505522359163
-0.000627000175882
-0.000748271297198
-0.000869170704391
-0.000989520573057
-0.00110923289321
-0.00122798094526
-0.00134562130552
-0.00146195769776
-0.00157679163385
-0.00168984523043
-0.00180084549356
-0.00190959614702
-0.00201569520868
-0.00211885152385
-0.00221874006093
-0.00231501087546
-0.00240728398785
-0.00249517313205
-0.00257827877067
-0.0026561669074
-0.00272843497805
-0.00279465713538
-0.00285439635627
-0.00290721957572
-0.00295270816423
-0.00299046537839
-0.00302011542954
-0.00304124993272
-0.00305351451971
-0.00305663654581
-0.00305033498444
-0.00303434976377
-0.00300846062601
-0.0029725714121
-0.00292664184235
-0.00287056644447
-0.00280437292531
-0.00272822589613
-0.00264233816415
-0.00254693441093
-0.00244221626781
-0.00232869759202
-0.0022068687249
-0.00207725539804
-0.00194041349459
-0.00179711787496
-0.00164825399406
-0.00149445992429
-0.00133666070178
-0.00117586855777
-0.00101311563049
-0.000849536969326
-0.000686009065248
-0.0005237950827
-0.000364056089893
-0.000208022946026
-5.67076676816e-05
8.86417692527e-05
0.000226797928917
0.000356754258974
0.000477291963762
0.00058744137641
0.000686142011546
0.000772513798438
0.000845595030114
0.000904667016584
0.00094913400244
0.00097830768209
0.000991630018689
0.000988879823126
0.000969888817053
0.000934431911446
0.00088246143423
0.000814317667391
0.000730314757675
0.000630882568657
0.000516439904459
0.000387958803913
0.000246258685365
9.24162668525e-05
-7.26492289687e-05
-0.000247392745223
-0.000430524611147
-0.000620421371423
-0.000815748760942
-0.00101449422073
-0.00121506664436
-0.00141542986967
-0.00161392078735
-0.00180837872904
-0.00199699937366
-0.00217761145905
-0.00234835525043
-0.00250740279444
-0.00265266606584
-0.00278242607601
-0.00289471261203
-0.00298801972531
-0.00306081608869
-0.00311151565984
-0.00313870282844
-0.00314137758687
-0.00311858486384
-0.00306937773712
-0.00299292244017
-0.00288904318586
-0.00275751110166
-0.00259815715253
-0.00241089914925
-0.00219649751671
-0.00195558648556
-0.00168883264996
-0.00139695813414
-0.00108169135638
-0.000744439254049
-0.000386756611988
-1.03386892079e-05
0.00038288574433
0.000790229940321
0.00120962224901
0.00163871981204
0.00207483861595
0.00251524243504
0.00295739341527
0.00339807406999
0.00383463571779
0.00426413863897
0.00468366034329
0.00509034143761
0.00548138376325
0.00585403479636
0.00620555784553
0.00653327908367
0.00683483993635
0.00710801687092
0.00735053466633
0.00756023591384
0.0077355382964
0.00787491351366
0.00797688402236
0.00804007891566
0.00806353148073
0.00804697908461
0.00798984616995
0.00789177697152
0.00775308115408
0.00757425557822
0.00735578499734
0.00709831761196
0.00680331885815
0.00647206604481
0.00610616523772
0.00570727605373
0.00527762342244
0.00481962133199
0.00433566514403
0.0038282640744
0.00330062606372
0.00275531364605
0.00219567352906
0.00162480957806
0.00104610144626
0.000463034026325
-0.000120972465083
-0.000702436547726
-0.00127790670376
-0.00184359459672
-0.00239662011154
-0.00293326261453
-0.00345029053278
-0.00394461071119
-0.00441307015717
-0.00485264742747
-0.00526073668152
-0.00563495978713
-0.00597285013646
-0.00627213064581
-0.00653118081391
-0.00674856966361
-0.00692290114239
-0.00705288536847
-0.00713811116293
-0.00717833684757
-0.00717339990661
-0.00712327007204
-0.00702875386924
-0.0068909721449
-0.00671101314947
-0.00649005034938
-0.00623034872115
-0.00593413831666
-0.00560376606882
-0.00524168414995
-0.00485083600506
-0.00443488918245
-0.00399702042341
-0.00354041042738
-0.00306930579245
-0.00258743879385
-0.00209851376712
-0.0016070009442
-0.00111669977196
-0.000631437636912
-0.000155804125825
0.000306653266307
0.000751669227611
0.0011759964982
0.00157573609613
0.00194710807409
0.00228746328503
0.00259367190301
0.00286324881017
0.00309336278588
0.00328220124356
0.00342825241387
0.00352999707684
0.00358617049642
0.00359638780355
0.00356067344546
0.003479068866
0.00335177802481
0.00318003911525
0.00296545354649
0.00270968698896
0.00241447798908
0.00208238861524
0.00171677349135
0.0013205652358
0.000896720099263
0.000449492072221
-1.7152968212e-05
-0.000499310088344
-0.000992322922684
-0.00149212556425
-0.00199351203628
-0.00249229627661
-0.00298351561651
-0.00346229062416
-0.00392447691411
-0.0043652006425
-0.00477991020307
-0.00516453292221
-0.00551514932886
-0.00582790886983
-0.00609901640564
-0.00632558390498
-0.00650504278019
-0.0066348654218
-0.00671263644472
-0.00673712044954
-0.00670751230791
-0.00662304135039
-0.00648306170478
-0.00628833752126
-0.00603989558294
-0.00573902251199
-0.00538725359365
-0.00498683657497
-0.00454100826755
-0.00405286857858
-0.00352565012872
-0.00296382582746
-0.00237115006894
-0.00175310659688
-0.00111408880912
-0.000459356611827
0.000205541058676
0.00087544019334
0.00154412165284
0.0022063148208
0.00285667693242
0.00348921935074
0.00409802142531
0.00467853946611
0.00522548146546
0.0057338909246
0.00619888072833
0.00661652721465
0.00698327925056
0.00729563832283
0.00755018694326
0.00774486642331
0.00787819828838
0.00794850010425
0.0079545294866
0.00789640285075
0.00777482334524
0.00759060261771
0.00734485080466
0.00703971693292
0.00667839869857
0.0062639284879
0.00579953193665
0.00528964959085
0.00473898416385
0.00415303884074
0.00353662646376
0.00289533962496
0.00223568477668
0.00156424404122
0.000886616238859
0.000209656282095
-0.000460029899841
-0.00111581198871
-0.00175114849117
-0.00235983124003
-0.0029358570464
-0.00347323296592
-0.00396628025919
-0.00440964987502
-0.00479929940775
-0.00513054523617
-0.00539899664
-0.00560215488076
-0.00573774799705
-0.00580362789333
-0.0057979314588
-0.00572051061317
-0.00557211507112
-0.0053533972241
-0.0050651342608
-0.00471041165292
-0.00429242942482
-0.00381489121355
-0.00328160147183
-0.00269798538648
-0.00207009911537
-0.00140401162207
-0.000705963233486
1.67006237461e-05
0.000756566994824
0.00150547095109
0.00225518085063
0.00299820885994
0.00372579763643
0.00442953919992
0.00510111358017
0.00573270022869
0.00631661061198
0.006845430471
0.00731117976829
0.00770823657513
0.00803054124117
0.00827282760292
0.00842964742333
0.00849781371653
0.00847491342574
0.0083584934473
0.00814650766551
0.00783975701779
0.00743952393532
0.00694767571986
0.00636583194137
0.00569905014709
0.00495304632932
0.00413359934464
0.00324694789015
0.00230140495114
0.00130749552045
0.000273805431789
-0.00078915595077
-0.00186899129767
-0.00295436684974
-0.00403232034296
-0.00509078847244
-0.00611521815881
-0.00709252851084
-0.00800951104611
-0.00885161105543
-0.0096067301929
-0.0102614350617
-0.010802814737
-0.0112184099853
-0.0114968875423
-0.0116290468723
-0.0116049190983
-0.0114152403548
-0.0110543007031
-0.0105170663446
-0.0097985714674
-0.00889505632222
-0.00780711555853
-0.00653637107462
-0.00508361821994
-0.00345255760476
-0.00165218021721
0.000310265400913
0.00242481427267
0.0046808659099
0.00706409336999
0.00955562852323
0.012141443789
0.0148024195805
0.0175152122974
0.0202596727759
0.0230130497366
0.025748917833
0.0284422151744
0.0310673061758
0.033594828099
0.0360000580549
0.0382540263236
0.0403288789093
0.0421967506409
0.0438312329352
0.0452054701746
0.0462956316769
0.0470759123564
0.0475230664015
0.0476181507111
0.0473427474499
0.0466784648597
0.0456093028188
0.0441266931593
0.0422234982252
0.0398897603154
0.0371208898723
0.033923625946
0.0303016807884
0.0262578949332
0.0218037534505
0.0169601645321
0.0117418337613
0.00616756500676
0.000267089519184
-0.00592951988801
-0.0123920859769
-0.019084321335
-0.0259683746845
-0.0329996980727
-0.0401333011687
-0.0473275482655
-0.0545275732875
-0.0616879612207
-0.0687529146671
-0.0756699293852
-0.0823858603835
-0.0888467729092
-0.0950014740229
-0.100792840123
-0.106166757643
-0.111079446971
-0.115481376648
-0.11931976676
-0.122553914785
-0.12514808774
-0.127064049244
-0.128265365958
-0.128724858165
-0.128423973918
-0.127343699336
-0.12546607852
-0.122786566615
-0.119306646287
-0.115029379725
-0.109963826835
-0.104123257101
-0.0975415483117
-0.0902409031987
-0.0822535231709
-0.0736215636134
-0.0643915385008
-0.0546232424676
-0.0443593412638
-0.0336667820811
-0.022614415735
-0.0112710474059
0.000299452221952
0.0120104849339
0.0237944461405
0.0355668701231
0.0472488328815
0.0587669089437
0.0700307264924
0.0809722170234
0.0915074944496
0.101564720273
0.111074917018
0.119973383844
0.128183975816
0.135660931468
0.142350137234
0.148201778531
0.153169631958
0.157226875424
0.160346999764
0.16250641644
0.163686111569
0.1638866961
0.163074538112
0.161297023296
0.158563017845
0.154904767871
0.150354787707
0.144953712821
0.138735771179
0.131763771176
0.12408927083
0.115774847567
0.106878764927
0.0974833592772
0.0876541212201
0.0774757042527
0.0670147389174
0.0563569776714
0.0455783978105
0.0347706899047
0.0240087118
0.0133652230725
0.00292298267595
-0.00724040810019
-0.0170519426465
-0.0264463350177
-0.0353589132428
-0.0437288321555
-0.0514916740358
-0.0586096420884
-0.0650345310569
-0.0707220360637
-0.0756390541792
-0.0797657519579
-0.0830829292536
-0.0855716988444
-0.08722679317
-0.0880542099476
-0.0880624651909
-0.0872595086694
-0.0856671631336
-0.0833189338446
-0.0802485495806
-0.0764904171228
-0.0720908716321
-0.067105025053
-0.0615853853524
-0.0555930100381
-0.0491866692901
-0.0424421392381
-0.0354227013886
-0.0282016023993
-0.0208559501916
-0.0134540032595
-0.00607457803562
0.00120735506061
0.0083194822073
0.0151906684041
0.0217497907579
0.0279301665723
0.0336648523808
0.0388995446265
0.0435766614974
0.0476435795426
0.051055662334
0.0537804998457
0.0557696074247
0.0569951944053
0.0574503168464
0.0571262091398
0.0560134761035
0.0541106425226
0.051431376487
0.047995980829
0.0438260547817
0.0389431491494
0.0333945713937
0.0272199511528
0.0204702988267
0.0131899407133
0.0054453779012
-0.00269458978437
-0.0111728264019
-0.0199126992375
-0.0288470573723
-0.037891510874
-0.0469785146415
-0.0560230612755
-0.0649565905333
-0.0736936181784
-0.082161359489
-0.0902903750539
-0.0980047434568
-0.10524045676
-0.11193266511
-0.118015751243
-0.123442530632
-0.128162994981
-0.132127508521
-0.13529881835
-0.137650832534
-0.139157786965
-0.139794483781
-0.139551416039
-0.138429388404
-0.13643103838
-0.13355691731
-0.12982788682
-0.125268504024
-0.119911260903
-0.11378352344
-0.106928780675
-0.0993979722261
-0.0912420153618
-0.0825131163001
-0.0732738301158
-0.0635913461447
-0.0535377860069
-0.0431714169681
-0.0325752422214
-0.0218192245811
-0.0109782330692
-0.000126975093735
0.0106609016657
0.0213120821863
0.0317532010376
0.0419072918594
0.0517080537975
0.0610873475671
0.0699896216393
0.0783561393619
0.0861405208707
0.0932989940047
0.0997878238559
0.105565994978
0.110613808036
0.114912874997
0.11843907088
0.121180966496
0.123140722513
0.124325357378
0.124739065766
0.124394491315
0.12331930548
0.121542520821
0.119094483554
0.116008251905
0.112333483994
0.108114644885
0.103403531015
0.0982528924942
0.0927165448666
0.0868559107184
0.0807330235839
0.0744052380323
0.067933768034
0.0613799020648
0.0548079386353
0.0482730083168
0.0418267212808
0.0355323776603
0.0294353216887
0.0235859751701
0.0180271547288
0.012796105817
0.00793251674622
0.00346841407008
-0.00057921820553
-0.00418571382761
-0.00733262114227
-0.0100093111396
-0.012217652984
-0.0139550622553
-0.0152227804065
-0.0160311460495
-0.0163978636265
-0.0163411665708
-0.0158794075251
-0.0150387994945
-0.0138505492359
-0.0123466951773
-0.0105583369732
-0.00852225441486
-0.00627465965226
-0.0038558091037
-0.00130279688165
0.00134493038058
0.00405182735994
0.00677717523649
0.00948466267437
0.0121392961591
0.0147105688229
0.0171666517854
0.0194766521454
0.0216155648232
0.0235635600984
0.0252996142954
0.0268033146858
0.0280643962324
0.0290749687701
0.0298271141946
0.0303141325712
0.0305385515094
0.0305053126067
0.0302195288241
0.0296878516674
0.0289229433984
0.0279407128692
0.0267561487854
0.0253853350878
0.0238491035998
0.0221680868417
0.0203635375947
0.018457710743
0.0164716690779
0.0144283957779
0.0123479319736
0.0102536417544
0.00816401280463
0.00609581451863
0.00406647054479
0.00209388276562
0.000187066063518
-0.00164147850592
-0.00338497804478
-0.00503388000652
-0.00658717565238
-0.00804617069662
-0.00941133126616
-0.0106848496944
-0.0118748638779
-0.0129916351289
-0.0140463700518
-0.0150495190173
-0.0160173531622
-0.0169675834477
-0.0179174076766
-0.0188841484487
-0.0198878608644
-0.0209485813975
-0.0220858417451
-0.0233190599829
-0.0246674511582
-0.0261468477547
-0.0277768597007
-0.0295723918825
-0.031544726342
-0.0337062291801
-0.0360643155873
-0.0386305078864
-0.0414022430778
-0.0443827025592
-0.0475686937571
-0.0509569980204
-0.0545374304056
-0.0582964904606
-0.0622188672423
-0.0662903934717
-0.0704846829176
-0.0747772231698
-0.0791396722198
-0.0835457891226
-0.0879602953792
-0.0923444926739
-0.0966617017984
-0.100866936147
-0.104926750064
-0.10879586637
-0.112434089184
-0.115796513855
-0.118840888143
-0.121528469026
-0.12381143868
-0.125653296709
-0.127014264464
-0.127859503031
-0.128154620528
-0.127865791321
-0.126968637109
-0.125441774726
-0.123264409602
-0.120416738093
-0.116893813014
-0.112692169845
-0.10780954361
-0.102248638868
-0.0960219204426
-0.0891531184316
-0.0816595554352
-0.0735633149743
-0.0649052932858
-0.0557243004441
-0.0460677854717
-0.0359752252698
-0.0255023166537
-0.0147157916799
-0.00367182446644
0.00756763899699
0.0189278870821
0.030341444537
0.0417299084365
0.0530259013176
0.0641552507877
0.0750378519297
0.0856043323874
0.0957801416516
0.105491161346
0.114676401019
0.123269923031
0.131202623248
0.138423591852
0.144886001945
0.15054063499
0.155344575644
0.159263595939
0.162281632423
0.164376348257
0.165529847145
0.165738672018
0.165013611317
0.163366600871
0.160810858011
0.157370343804
0.153085842729
0.147998735309
0.142153650522
0.13559897244
0.128398999572
0.120622701943
0.112331837416
0.103596068919
0.0944932103157
0.0851065143943
0.075509890914
0.0657821074128
0.0560026541352
0.0462560281157
0.0366166643798
0.0271612498909
0.0179594587535
0.00908432062715
0.000599424529355
-0.00743101723492
-0.0149562722072
-0.0219249818474
-0.0282893702388
-0.0340034514666
-0.039044175297
-0.0433876700699
-0.0470169261098
-0.0499094761908
-0.0520668886602
-0.053493693471
-0.0541965775192
-0.0541818924248
-0.0534725673497
-0.052097145468
-0.0500840954483
-0.0474644564092
-0.0442755259573
-0.0405656471848
-0.0363785177469
-0.0317620486021
-0.026762034744
-0.0214340407401
-0.0158342737705
-0.010013576597
-0.00402524275705
0.00207756762393
0.00823875889182
0.0144111877307
0.0205394364893
0.0265834070742
0.0324914045632
0.0382206179202
0.0437278561294
0.0489842668176
0.0539532117546
0.0585986748338
0.0628946498036
0.066822566092
0.0703587532043
0.0734853670001
0.0761870667338
0.0784559100866
0.0802879855037
0.0816754698753
0.0826166421175
0.0831152796745
0.0831772834063
0.0828085467219
0.0820164829493
0.0808144807816
0.0792170912027
0.0772135853767
0.0748411417007
0.0721229538321
0.06908056885
0.0657362788916
0.0621080137789
0.0582227259874
0.0541009865701
0.0497712306678
0.0452559664845
0.0405782647431
0.0357686243951
0.030850674957
0.0258502941579
0.0207929387689
0.0157037172467
0.0106077929959
0.00552785536274
0.000492101884447
-0.00448007090017
-0.00936678145081
-0.01414624881
-0.0187975205481
-0.0233092587441
-0.0276634413749
-0.0318443961442
-0.0358403883874
-0.0396443381906
-0.0432494319975
-0.0466488562524
-0.0498400703073
-0.0528268367052
-0.0556133985519
-0.0582040436566
-0.0606079772115
-0.0628383085132
-0.0649124458432
-0.0668466240168
-0.0686598867178
-0.0703790932894
-0.0720298886299
-0.0736402124166
-0.075239315629
-0.0768597871065
-0.0785346478224
-0.0802706927061
-0.0821306109428
-0.0841530933976
-0.0863732919097
-0.0888276994228
-0.0915520861745
-0.0945782065392
-0.0979364812374
-0.10165720433
-0.105771802366
-0.110295563936
-0.115248247981
-0.120639905334
-0.126489773393
-0.132794693112
-0.139545604587
-0.146733388305
-0.154347911477
-0.162362024188
-0.170740053058
-0.179433941841
-0.188411593437
-0.197611525655
-0.20696105063
-0.216387122869
-0.225816562772
-0.235162913799
-0.244328901172
-0.253207713366
-0.26169282198
-0.269683033228
-0.277053743601
-0.283687055111
-0.289455622435
-0.294243365526
-0.297924339771
-0.300375550985
-0.301473945379
-0.301101863384
-0.299153625965
-0.295522421598
-0.2901045084
-0.282805025578
-0.273555785418
-0.262286067009
-0.248945236206
-0.233464807272
-0.215828984976
-0.195981189609
-0.174001723528
-0.149876952171
-0.12367490679
-0.0954676046968
-0.0653269737959
-0.0333169549704
0.000414849841036
0.0357170477509
0.072438120842
0.110439941287
0.149481222034
0.189397469163
0.229905813932
0.270799040794
0.311838746071
0.352729022503
0.393213689327
0.432976365089
0.471766769886
0.509269118309
0.54520380497
0.579240500927
0.611125826836
0.640578508377
0.667292952538
0.691017985344
0.711493849754
0.728502690792
0.741833090782
0.751259446144
0.756613373756
0.757768809795
0.754607796669
0.747010648251
0.734906196594
0.718300759792
0.697201251984
0.671601891518
0.641573250294
0.607256710529
0.568797945976
0.526321649551
0.4800157547
0.430198580027
0.377101749182
0.321028769016
0.262265145779
0.201221033931
0.138286232948
0.0738184005022
0.00825820118189
-0.0579745471478
-0.12438865751
-0.190525218844
-0.255922079086
-0.320140600204
-0.382706075907
-0.443113237619
-0.50090020895
-0.555637717247
-0.606925487518
-0.654332637787
-0.697411835194
-0.735889494419
-0.769393384457
-0.79763674736
-0.820316493511
-0.837255656719
-0.848287820816
-0.853251159191
-0.85190063715
-0.844354152679
-0.830642282963
-0.810801029205
-0.784883022308
-0.753091096878
-0.715639650822
-0.672774553299
-0.624752998352
-0.571923434734
-0.514688313007
-0.453513205051
-0.388732284307
-0.32095053792
-0.250640958548
-0.178376287222
-0.104666590691
-0.0301353856921
0.0446534268558
0.119060367346
0.192485317588
0.264376759529
0.334113389254
0.401145070791
0.464861631393
0.524754166603
0.580365002155
0.631177306175
0.676744520664
0.716680049896
0.750666260719
0.778398931026
0.799562036991
0.81399846077
0.821609199047
0.822281956673
0.815932929516
0.802630484104
0.782505869865
0.755676329136
0.722301542759
0.682676374912
0.637128770351
0.586027264595
0.529711842537
0.4686883986
0.403484195471
0.334591984749
0.262580990791
0.188058748841
0.111621692777
0.0339410528541
-0.0443456172943
-0.122625038028
-0.200199663639
-0.276448756456
-0.350643664598
-0.422248989344
-0.490666002035
-0.55526226759
-0.615458011627
-0.670795202255
-0.720764458179
-0.764987945557
-0.802962303162
-0.834433376789
-0.859129548073
-0.876810729504
-0.887240409851
-0.890354275703
-0.88613909483
-0.874576091766
-0.855681240559
-0.829618275166
-0.796617090702
-0.75690215826
-0.710728168488
-0.658463001251
-0.600559532642
-0.537420511246
-0.46956384182
-0.397484600544
-0.321755588055
-0.243030026555
-0.161869332194
-0.0789271220565
0.00504312850535
0.0894583985209
0.173608273268
0.256869375706
0.338535249233
0.417941719294
0.494442641735
0.567483723164
0.636449337006
0.700761675835
0.759878396988
0.813384354115
0.860829055309
0.901808798313
0.935915350914
0.962944865227
0.982672870159
0.994867384434
0.999387085438
0.996222794056
0.985391676426
0.966899752617
0.940837144852
0.907432973385
0.866932630539
0.819557845592
0.765637338161
0.705602884293
0.639864504337
0.568928539753
0.493222504854
0.413319855928
0.329881817102
0.24341674149
0.154578045011
0.0640207007527
-0.0276411641389
-0.119706869125
-0.211521521211
-0.302435189486
-0.391839921474
-0.479002773762
-0.563395023346
-0.644445955753
-0.721515476704
-0.794112682343
-0.861711382866
-0.923895657063
-0.98025149107
-1.03039062023
-1.07397770882
-1.11079192162
-1.14062654972
-1.16324102879
-1.1785633564
-1.18657469749
-1.18727004528
-1.18064773083
-1.16683804989
-1.14602565765
-1.11841595173
-1.08419966698
-1.04372286797
-0.997316300869
-0.945366978645
-0.888253331184
-0.826396524906
-0.760340809822
-0.690508246422
-0.617419719696
-0.541598856449
-0.463543325663
-0.383864253759
-0.303018629551
-0.221567854285
-0.139991119504
-0.0588892064989
0.0213088020682
0.100026145577
0.176884204149
0.251401335001
0.323194652796
0.39185911417
0.457143455744
0.518695175648
0.576231300831
0.629566133022
0.67855244875
0.722973525524
0.762744247913
0.797811865807
0.828158140182
0.853764533997
0.874666035175
0.890957415104
0.902750372887
0.910172581673
0.913372159004
0.912561476231
0.907957911491
0.899775803089
0.888259351254
0.873689353466
0.85631942749
0.836447060108
0.814345777035
0.790290534496
0.76458966732
0.737505376339
0.709318637848
0.680285096169
0.650659501553
0.620680212975
0.590592265129
0.560558140278
0.530783236027
0.5014539361
0.472707003355
0.444651007652
0.417394161224
0.391026109457
0.36561948061
0.341173559427
0.317723661661
0.295285105705
0.273824959993
0.25329297781
0.233629897237
0.214796066284
0.196682915092
0.179151818156
0.162138566375
0.14556363225
0.129307389259
0.113247379661
0.0972613096237
0.0812213942409
0.0650306344032
0.0485613308847
0.0317178741097
0.0143829965964
-0.00351270427927
-0.0220436435193
-0.04128414765
-0.0612894557416
-0.0820812284946
-0.103678062558
-0.126108959317
-0.149345964193
-0.173368051648
-0.198108136654
-0.223543763161
-0.249591067433
-0.276146948338
-0.303107410669
-0.330367356539
-0.357799082994
-0.385254353285
-0.412597209215
-0.439653098583
-0.466273248196
-0.492299169302
-0.517536342144
-0.541838347912
-0.565025746822
-0.586922109127
-0.607383191586
-0.626234471798
-0.643331766129
-0.658539652824
-0.671722650528
-0.682750582695
-0.691527545452
-0.697974264622
-0.701995313168
-0.703521847725
-0.702232301235
-0.69840413332
-0.692017912865
-0.683064341545
-0.671599805355
-0.657663166523
-0.64131373167
-0.622630476952
-0.601704955101
-0.578662872314
-0.553633272648
-0.526724398136
-0.498110979795
-0.467973947525
-0.436451673508
-0.403735607862
-0.370020061731
-0.335500955582
-0.300390541553
-0.264854699373
-0.22911016643
-0.193358048797
-0.157815530896
-0.122641228139
-0.0880339518189
-0.0541757829487
-0.0212627593428
0.0105763636529
0.0411833114922
0.0704023092985
0.0981208607554
0.124205179513
0.148591294885
0.171167820692
0.191872254014
0.210638865829
0.22745808959
0.242285445333
0.255107849836
0.265942186117
0.274824291468
0.2817748487
0.286837458611
0.29008102417
0.291474550962
0.2912145257
0.289388656616
0.28611138463
0.281501084566
0.275679498911
0.268762201071
0.260890245438
0.252195388079
0.242812737823
0.232872232795
0.222517848015
0.211878970265
0.201094657183
0.190282598138
0.179564967752
0.169062823057
0.158882513642
0.149136766791
0.139906734228
0.131277516484
0.123333834112
0.116141982377
0.109748564661
0.104201808572
0.0995416939259
0.0957960709929
0.0929675996304
0.0910610035062
0.0900797322392
0.0900062099099
0.0908083021641
0.0924529060721
0.0949065238237
0.0981189459562
0.102032847703
0.106582567096
0.111713856459
0.117355138063
0.123429551721
0.129866451025
0.136592373252
0.143534004688
0.150617957115
0.157766729593
0.164916843176
0.171996995807
0.1788918823
0.185584783554
0.192030578852
0.198181703687
0.204004004598
0.209453463554
0.214496910572
0.2191208601
0.223306447268
0.227040722966
0.230314478278
0.233131796122
0.235498592257
0.237419873476
0.238906830549
0.239976927638
0.240648552775
0.240939885378
0.24087023735
0.24045906961
0.239726051688
0.238691270351
0.237370029092
0.23577286303
0.233909830451
0.231790825725
0.229419231415
0.226787775755
0.223889738321
0.220719650388
0.217259868979
0.21348528564
0.209370627999
0.204892486334
0.200015664101
0.194700717926
0.188908278942
0.182601809502
0.175736442208
0.168268039823
0.160156592727
0.151355028152
0.141824454069
0.13152860105
0.120436750352
0.10850931704
0.0957306027412
0.0820724219084
0.0675320476294
0.0520976111293
0.0357603281736
0.0185504425317
0.000474504806334
-0.0184397641569
-0.0381598584354
-0.0586362369359
-0.0798194259405
-0.101644024253
-0.124032087624
-0.146923065186
-0.170209243894
-0.193814426661
-0.217619329691
-0.241485252976
-0.265320122242
-0.289009153843
-0.312449753284
-0.335483521223
-0.358005732298
-0.379889756441
-0.401008546352
-0.421225786209
-0.44042417407
-0.458479613066
-0.475270658731
-0.49068620801
-0.504627406597
-0.516976118088
-0.527646958828
-0.536561191082
-0.54363411665
-0.54879128933
-0.551982522011
-0.553163766861
-0.552290678024
-0.549329280853
-0.54427421093
-0.537127614021
-0.52788990736
-0.516570150852
-0.503208339214
-0.487855881453
-0.470550090075
-0.451348036528
-0.430343598127
-0.40762501955
-0.383256167173
-0.357370972633
-0.330053091049
-0.301449686289
-0.271684020758
-0.240873143077
-0.209163084626
-0.176716968417
-0.143683031201
-0.1101821661
-0.0764236673713
-0.0425210222602
-0.00868431665003
0.0249727666378
0.0582548603415
0.0909994542599
0.12305957824
0.154261738062
0.184469655156
0.21353200078
0.241284489632
0.267587095499
0.292326062918
0.315374910831
0.336597472429
0.355892926455
0.373161971569
0.388318181038
0.401280999184
0.411978244781
0.420361489058
0.426393568516
0.430030316114
0.431252032518
0.430069118738
0.426491856575
0.420537352562
0.412229388952
0.401639223099
0.388835996389
0.373881280422
0.356868088245
0.337906241417
0.317125111818
0.294634878635
0.270581662655
0.245116457343
0.218416392803
0.190647050738
0.161969333887
0.132591098547
0.102693445981
0.0724864378572
0.0421541668475
0.0119189256802
-0.0180116221309
-0.0474448353052
-0.0761752873659
-0.103975564241
-0.130688562989
-0.156076475978
-0.179975360632
-0.202214092016
-0.222615048289
-0.241013377905
-0.257256269455
-0.271231085062
-0.282821565866
-0.291908442974
-0.298392921686
-0.30222171545
-0.303349435329
-0.301727443933
-0.297259181738
-0.290025025606
-0.280064046383
-0.267403572798
-0.252091258764
-0.234213739634
-0.213888660073
-0.191226527095
-0.166332215071
-0.139379888773
-0.110534369946
-0.0800035446882
-0.0479399971664
-0.0145587362349
0.0198925994337
0.055182736367
0.0910792201757
0.12734939158
0.163715466857
0.199935555458
0.235732257366
0.270846068859
0.305017441511
0.338003396988
0.369529247284
0.399367541075
0.427275240421
0.453025847673
0.476393908262
0.497193038464
0.515245556831
0.530387461185
0.542461335659
0.551331400871
0.556916892529
0.559139966965
0.557922661304
0.553220272064
0.545048892498
0.533423066139
0.518367171288
0.499929696321
0.478209406137
0.453349083662
0.425439059734
0.394608467817
0.361084550619
0.324883520603
0.286363214254
0.245759412646
0.203301906586
0.159275695682
0.113945193589
0.0675777792931
0.0204643812031
-0.0271174777299
-0.074841953814
-0.122406281531
-0.169530078769
-0.21588589251
-0.261169940233
-0.305079311132
-0.347330778837
-0.387679308653
-0.425840973854
-0.461555123329
-0.494593173265
-0.524768173695
-0.551910459995
-0.575824379921
-0.596362173557
-0.613437056541
-0.626974344254
-0.636882662773
-0.643113195896
-0.645671904087
-0.644115149975
-0.638911902905
-0.630080342293
-0.617712438107
-0.601902365685
-0.582748353481
-0.560378611088
-0.534934222698
-0.506619155407
-0.475613176823
-0.442147016525
-0.406421840191
-0.368717342615
-0.329279154539
-0.288392007351
-0.246333166957
-0.203371360898
-0.159838572145
-0.11595185101
-0.0720564946532
-0.0283742379397
0.014833197929
0.0572710521519
0.098667062819
0.138808682561
0.17751377821
0.214492678642
0.249557107687
0.282496541739
0.313151657581
0.341343134642
0.366881340742
0.389636427164
0.409526884556
0.426454782486
0.440345197916
0.45115095377
0.458874642849
0.463532954454
0.465143889189
0.463739514351
0.459401339293
0.451961100101
0.441587805748
0.428520858288
0.4128677845
0.394763827324
0.374328821898
0.351695358753
0.327040761709
0.300540626049
0.272386044264
0.242772698402
0.211924940348
0.180049106479
0.147382244468
0.114108294249
0.0804738402367
0.0466854386032
0.0129062002525
-0.0206313561648
-0.0537602454424
-0.0862751156092
-0.118003413081
-0.148798674345
-0.178445443511
-0.206797078252
-0.233700484037
-0.259001433849
-0.282546937466
-0.304212778807
-0.323894381523
-0.341522276402
-0.356994450092
-0.370260715485
-0.381305009127
-0.390100121498
-0.3966358006
-0.400741130114
-0.402356266975
-0.401732504368
-0.398878872395
-0.393804103136
-0.386550635099
-0.377178013325
-0.365749806166
-0.352335244417
-0.337029963732
-0.319953173399
-0.301227867603
-0.280979633331
-0.259344577789
-0.236461058259
-0.212501972914
-0.187585741282
-0.161881119013
-0.135390326381
-0.10834993422
-0.0809402540326
-0.0533035993576
-0.0255708172917
0.00208034738898
0.0295245740563
0.0565910860896
0.0831305533648
0.109013304114
0.134072184563
0.158193141222
0.181239619851
0.203108787537
0.223712980747
0.242946103215
0.260725826025
0.277003616095
0.291519194841
0.304328858852
0.31544777751
0.324828952551
0.332440704107
0.338249981403
0.342227011919
0.344364881516
0.3446790874
0.343188613653
0.339912801981
0.334897249937
0.328211307526
0.319926798344
0.310111135244
0.298844397068
0.286233216524
0.272379517555
0.257372528315
0.241150647402
0.223926618695
0.205877691507
0.187102660537
0.167721539736
0.14784270525
0.127589300275
0.107097655535
0.0864858329296
0.0658911466599
0.04542908445
0.025235908106
0.00542766740546
-0.0138780586421
-0.0325660035014
-0.0505419261754
-0.067703127861
-0.083948597312
-0.0992143154144
-0.11343010515
-0.126519560814
-0.138348713517
-0.148915395141
-0.158215343952
-0.166196390986
-0.172824546695
-0.178081586957
-0.181966975331
-0.184470966458
-0.185591667891
-0.185346722603
-0.183767780662
-0.180889561772
-0.176745936275
-0.171386241913
-0.164875388145
-0.157279133797
-0.148668259382
-0.139113038778
-0.128698900342
-0.117505818605
-0.105631016195
-0.0931633338332
-0.0801825746894
-0.0667885914445
-0.053082048893
-0.039124533534
-0.0250278264284
-0.0109033733606
0.00316394632682
0.0170893929899
0.0307733565569
0.0441465042531
0.0571112520993
0.069597043097
0.0815190598369
0.0928225368261
0.103429473937
0.113283865154
0.122327171266
0.130512297153
0.137803897262
0.144154861569
0.149535283446
0.15392793715
0.157317340374
0.159683525562
0.161023065448
0.161342605948
0.160651490092
0.158956944942
0.156277552247
0.152642786503
0.148081257939
0.142625689507
0.136312425137
0.129188641906
0.12129855901
0.112694039941
0.103426642716
0.0935496240854
0.0831331908703
0.0722264274955
0.0608898028731
0.0491994805634
0.0372081398964
0.0249871462584
0.0125951580703
0.000102654616057
-0.0124262655154
-0.0249310918152
-0.0373402051628
-0.0496022775769
-0.061646707356
-0.0734347552061
-0.0848908722401
-0.0959838926792
-0.106648117304
-0.116847388446
-0.126534953713
-0.13566750288
-0.144209906459
-0.152131155133
-0.159392759204
-0.165973633528
-0.171850845218
-0.176998242736
-0.181395366788
-0.18503510952
-0.187900558114
-0.189986675978
-0.191285073757
-0.19179546833
-0.191519722342
-0.190461054444
-0.188624337316
-0.186021357775
-0.182630777359
-0.178503647447
-0.173654437065
-0.168111160398
-0.161897078156
-0.155042693019
-0.147573009133
-0.139523968101
-0.130937457085
-0.121846713126
-0.112296551466
-0.102328568697
-0.0919952318072
-0.081339135766
-0.0704101622105
-0.059273738414
-0.0479695312679
-0.0365693829954
-0.0251146964729
-0.0136817311868
-0.0023204293102
0.00890818424523
0.0199378412217
0.0307075772434
0.0411609858274
0.0512317344546
0.0608611032367
0.0699971094728
0.0785791277885
0.0865547731519
0.0938703268766
0.100480772555
0.106343686581
0.111409470439
0.115649186075
0.119033366442
0.121529825032
0.123114712536
0.123773641884
0.12349832058
0.122218675911
0.119971096516
0.116791374981
0.112696327269
0.10769970715
0.101826310158
0.0951179489493
0.0876090750098
0.0793433710933
0.0703703612089
0.0607484541833
0.0505503565073
0.039831455797
0.0286750588566
0.0171533934772
0.00535402121022
-0.00664005987346
-0.018739676103
-0.0308520104736
-0.0428845100105
-0.0547444745898
-0.0663380548358
-0.0775498077273
-0.0882335975766
-0.098335005343
-0.107765264809
-0.116435959935
-0.124257653952
-0.131146162748
-0.137028455734
-0.141830265522
-0.145483896136
-0.1479280442
-0.149118319154
-0.149012997746
-0.147569656372
-0.14476890862
-0.140602260828
-0.135063439608
-0.128141477704
-0.11986040324
-0.110136136413
-0.0991381406784
-0.0869079083204
-0.0734957680106
-0.0589802972972
-0.0434219837189
-0.0269005130976
-0.00951561704278
0.00862300395966
0.0274210944772
0.0467648990452
0.0665223896503
0.0865809395909
0.10682041198
0.127115055919
0.14732632041
0.167182952166
0.186564132571
0.205391332507
0.223526909947
0.240822941065
0.257152289152
0.272383511066
0.286401510239
0.299086481333
0.310333400965
0.32006663084
0.328204751015
0.334679454565
0.339442610741
0.342461943626
0.343410491943
0.342390835285
0.33953204751
0.33482414484
0.328258782625
0.319843620062
0.309613376856
0.297611236572
0.283892154694
0.268533498049
0.251626193523
0.233276382089
0.213584646583
0.192659705877
0.170552626252
0.147405683994
0.123488031328
0.0989411920309
0.0738871693611
0.0484843254089
0.0228502079844
-0.00285944784991
-0.0285103432834
-0.0539463534951
-0.0790314227343
-0.103637173772
-0.12764929235
-0.150923922658
-0.17324244976
-0.194433480501
-0.214480280876
-0.233261570334
-0.250709056854
-0.266729772091
-0.281240254641
-0.294177561998
-0.305503666401
-0.31518676877
-0.323205083609
-0.329553812742
-0.334255129099
-0.33731764555
-0.338296502829
-0.337662160397
-0.335439264774
-0.331647127867
-0.326314747334
-0.31949275732
-0.311238318682
-0.301614999771
-0.290704488754
-0.278603315353
-0.265416324139
-0.251231104136
-0.236159056425
-0.220156267285
-0.203394919634
-0.186107799411
-0.168402031064
-0.150353178382
-0.13207231462
-0.113648675382
-0.095181375742
-0.0767804831266
-0.0585327334702
-0.0405428856611
-0.0229101590812
-0.00571602396667
0.0109533863142
0.0269724968821
0.0422547124326
0.056719776243
0.0703123956919
0.0829819217324
0.0946726351976
0.105339005589
0.114941738546
0.123455606401
0.130854189396
0.137121081352
0.142253011465
0.146252736449
0.149107664824
0.150664284825
0.151108264923
0.150461912155
0.148745656013
0.145985260606
0.142220407724
0.137495681643
0.131853803992
0.125349402428
0.118049696088
0.110019981861
0.101321734488
0.0920254141092
0.0822074338794
0.0718767270446
0.061176057905
0.0502158477902
0.0390572249889
0.0277723427862
0.0164386499673
0.00512823835015
-0.00609106384218
-0.0171411782503
-0.0279580596834
-0.0384719781578
-0.0486190356314
-0.058341562748
-0.0675809532404
-0.0762910544872
-0.0843495726585
-0.0917146354914
-0.0983795076609
-0.104301430285
-0.109449967742
-0.113785006106
-0.117288596928
-0.119938015938
-0.121713526547
-0.122605793178
-0.122614212334
-0.121739886701
-0.119985193014
-0.117362678051
-0.113893814385
-0.109593704343
-0.104447722435
-0.0984636619687
-0.0917532816529
-0.0843460932374
-0.0762821063399
-0.0676077529788
-0.0583709180355
-0.048619993031
-0.0384082198143
-0.0277950000018
-0.0168351233006
-0.00559828709811
0.00586336990818
0.0174755062908
0.0291855279356
0.0409256406128
0.0526288598776
0.0642457529902
0.0757101774216
0.0868882089853
0.0977607741952
0.108280852437
0.118389464915
0.128044441342
0.137197226286
0.14580090344
0.153816774487
0.161211520433
0.167951181531
0.17401316762
0.179371953011
0.184011653066
0.187923505902
0.191104307771
0.193545743823
0.19525411725
0.196240574121
0.196515902877
0.196092054248
0.194990441203
0.193235710263
0.190851688385
0.187742039561
0.184062406421
0.179853960872
0.175147637725
0.169980481267
0.1643846035
0.158403590322
0.152075663209
0.145432904363
0.138519525528
0.131370618939
0.124027706683
0.116523891687
0.108893170953
0.101172871888
0.0933932438493
0.0855879113078
0.0777796506882
0.0699945986271
0.0622621886432
0.0545997470617
0.0470279827714
0.039560329169
0.0322167724371
0.0250052567571
0.0179375335574
0.0110185248777
0.0042592654936
-0.00233992678113
-0.00877437926829
-0.0150456996635
-0.021149713546
-0.027088008821
-0.0328661389649
-0.0384865291417
-0.0439490191638
-0.0492572113872
-0.0544150359929
-0.0594289973378
-0.0643027126789
-0.0690340250731
-0.0736311078072
-0.0780943334103
-0.0824287459254
-0.0866330713034
-0.0907081440091
-0.0946572422981
-0.0984760522842
-0.102168373764
-0.105732768774
-0.109163366258
-0.112463183701
-0.115627422929
-0.118653386831
-0.121540434659
-0.124283723533
-0.126880392432
-0.129327490926
-0.131623759866
-0.133764639497
-0.135749354959
-0.137572735548
-0.139235526323
-0.140735477209
-0.142070218921
-0.143238976598
-0.144241690636
-0.145076826215
-0.145744428039
-0.146245375276
-0.146579414606
-0.146747127175
-0.146748885512
-0.146585524082
-0.146257787943
-0.145766168833
-0.145111352205
-0.14429333806
-0.143312290311
-0.142169579864
-0.140863016248
-0.139393031597
-0.137758970261
-0.135959118605
-0.133991867304
-0.131855025887
-0.129547566175
-0.127067580819
-0.124411523342
-0.121576346457
-0.118559099734
-0.115358524024
-0.111970447004
-0.108391970396
-0.10462230444
-0.100656934083
-0.0964934751391
-0.0921328440309
-0.0875713452697
-0.0828071609139
-0.0778390020132
-0.0726544037461
-0.067235596478
-0.0616174563766
-0.0558005012572
-0.0497887954116
-0.0435876511037
-0.0372058227658
-0.0306429825723
-0.0239164140075
-0.0170361213386
-0.0100157791749
-0.00286949635483
0.00438439194113
0.0117240296677
0.0191275347024
0.0265694353729
0.0340329296887
0.0414870157838
0.0489011593163
0.0562568455935
0.0635202974081
0.0706710368395
0.0776778683066
0.0844979435205
0.091058678925
0.0973885133862
0.103457801044
0.10923294723
0.114688783884
0.119795389473
0.12451942265
0.128835305572
0.13271714747
0.136138990521
0.139087557793
0.141545727849
0.143499627709
0.144942462444
0.145874232054
0.146298572421
0.146217986941
0.145638495684
0.144518703222
0.14283362031
0.140684917569
0.138080403209
0.135040506721
0.131584063172
0.127735316753
0.123516254127
0.118963822722
0.114110276103
0.109003603458
0.103680796921
0.0981898084283
0.0925770178437
0.0868940725923
0.0811886712909
0.075503334403
0.0698273479939
0.0642322227359
0.0587809048593
0.0535220243037
0.0484871603549
0.0437129847705
0.0392396114767
0.0351031571627
0.0313376560807
0.0279671661556
0.0250189248472
0.0225165616721
0.0204795859754
0.0189135894179
0.0178241170943
0.0172151234001
0.0170653257519
0.0173892863095
0.0181739162654
0.0194054283202
0.0210709087551
0.0231425017118
0.0255863592029
0.0283712632954
0.0314605236053
0.0348136126995
0.0383867807686
0.0421300679445
0.0460002534091
0.0499497801065
0.0539211817086
0.0578166246414
0.061640497297
0.0653374120593
0.0688489899039
0.0721213296056
0.0750932469964
0.0777093097568
0.0799186676741
0.0816762372851
0.0829419717193
0.0836749896407
0.0838427990675
0.0834249258041
0.0824008733034
0.0806831046939
0.0782784819603
0.0752059146762
0.0714545026422
0.0670141205192
0.0618772618473
0.0560562089086
0.0495664067566
0.0424344502389
0.0346856489778
0.0263547375798
0.0174884982407
0.00813220907003
-0.00167733570561
-0.0118834897876
-0.0224309638143
-0.0332852825522
-0.0443784445524
-0.0556617379189
-0.06705917418
-0.0784949287772
-0.0898918434978
-0.101172909141
-0.112268485129
-0.123095035553
-0.133595570922
-0.143700391054
-0.153351694345
-0.162504419684
-0.170968979597
-0.178756460547
-0.185870707035
-0.192258685827
-0.197859033942
-0.202624768019
-0.206494882703
-0.209436357021
-0.211425080895
-0.212443947792
-0.212480053306
-0.211532205343
-0.209619879723
-0.206760138273
-0.202971160412
-0.198095738888
-0.192266285419
-0.185565963387
-0.178018286824
-0.169647186995
-0.160488218069
-0.150592058897
-0.140019074082
-0.128828719258
-0.11708433181
-0.104863598943
-0.0922509878874
-0.0793237090111
-0.0661511272192
-0.0528097189963
-0.039378579706
-0.0258821491152
-0.0124430153519
0.000876180129126
0.0140027757734
0.0268543921411
0.0393598712981
0.0514404252172
0.0630391612649
0.074075601995
0.0844826847315
0.0942087322474
0.103209264576
0.111442327499
0.118864119053
0.125447005033
0.131175369024
0.136017769575
0.139856442809
0.142793402076
0.144821569324
0.145943894982
0.146162509918
0.145479381084
0.143912300467
0.141491889954
0.138248294592
0.134213998914
0.129435375333
0.123963132501
0.117855675519
0.111173175275
0.103973388672
0.0963199809194
0.0882889181376
0.0799429267645
0.0713482871652
0.0625129044056
0.0535650253296
0.0445819199085
0.0356276296079
0.0267683696002
0.0180701054633
0.00959985796362
0.00142902019434
-0.00639075087383
-0.0138005288318
-0.0207421444356
-0.0271677300334
-0.033026445657
-0.0382905043662
-0.0429217852652
-0.0468904748559
-0.0501732639968
-0.0527619309723
-0.0546495094895
-0.0558286421001
-0.0562995709479
-0.0560772940516
-0.0551797002554
-0.0536044090986
-0.0513773299754
-0.0485490374267
-0.0451549217105
-0.0412365794182
-0.0368323288858
-0.0319924354553
-0.0267746001482
-0.0212289448828
-0.0154171232134
-0.00939734000713
-0.00323362275958
0.00300661381334
0.00926485098898
0.0154710644856
0.0215621273965
0.0274807140231
0.0331577286124
0.0385372713208
0.0435662195086
0.0481894947588
0.0523568838835
0.0560215674341
0.0591459013522
0.0616975687444
0.0636378377676
0.0649403035641
0.0655880570412
0.0655680596828
0.0648669973016
0.0634752810001
0.0613966956735
0.058618158102
0.0551764443517
0.0510846190155
0.0463653095067
0.0410542376339
0.0351835153997
0.0287835989147
0.0218993183225
0.0145843047649
0.00688517512754
-0.00114303734154
-0.00944555364549
-0.0179596859962
-0.026618251577
-0.0353620760143
-0.0441208742559
-0.052826795727
-0.0614201761782
-0.0698245093226
-0.0779737457633
-0.085807159543
-0.0932563319802
-0.10026025027
-0.106756404042
-0.112694367766
-0.118018046021
-0.122676737607
-0.126622512937
-0.129821479321
-0.132236808538
-0.133834317327
-0.134586304426
-0.134479761124
-0.133501902223
-0.13164049387
-0.12888982892
-0.125261738896
-0.120766371489
-0.115418016911
-0.109235964715
-0.102251067758
-0.0945030897856
-0.0860287547112
-0.0768645778298
-0.0670646354556
-0.0566968657076
-0.0458077713847
-0.0344631001353
-0.022726982832
-0.0106779010966
0.00161130435299
0.0140694705769
0.0266037806869
0.0391538888216
0.0516198351979
0.0639346763492
0.0760125815868
0.0877746343613
0.0991477146745
0.110047504306
0.120402812958
0.130144789815
0.139209091663
0.147523149848
0.155031427741
0.161683365703
0.167431086302
0.172222062945
0.176022872329
0.178807646036
0.180550575256
0.181227356195
0.180829927325
0.179360955954
0.176823139191
0.173220396042
0.168571293354
0.162912249565
0.156269699335
0.148679018021
0.140187993646
0.13085500896
0.120733469725
0.109892144799
0.0983907878399
0.0863192975521
0.0737451389432
0.0607532784343
0.047429099679
0.0338633581996
0.0201468281448
0.00637042056769
-0.00737439934164
-0.0209955926985
-0.0344074703753
-0.047505248338
-0.0602078698575
-0.0724386200309
-0.0841035172343
-0.0951315835118
-0.105438500643
-0.114971093833
-0.123657658696
-0.13144415617
-0.138271436095
-0.14410738647
-0.148918762803
-0.152665615082
-0.155328020453
-0.156897932291
-0.157372787595
-0.156748488545
-0.155031785369
-0.152248099446
-0.148424565792
-0.143588289618
-0.137775048614
-0.131037577987
-0.123434498906
-0.115012668073
-0.105840906501
-0.0959885045886
-0.0855249091983
-0.0745357200503
-0.0630995407701
-0.0512898936868
-0.0391988307238
-0.0269189607352
-0.014530679211
-0.00212135887705
0.0102214645594
0.0224102232605
0.034359049052
0.0459818542004
0.0572057664394
0.0679517015815
0.0781428143382
0.0876918658614
0.0965569093823
0.104676000774
0.111990481615
0.118457116187
0.124033913016
0.128685891628
0.13237722218
0.135088250041
0.136809661984
0.137526705861
0.13723102212
0.135930135846
0.133639350533
0.130374506116
0.1261485219
0.120997108519
0.11495719105
0.108071006835
0.100375562906
0.0919227600098
0.0827755704522
0.0729833990335
0.0626199096441
0.0517369285226
0.0404165349901
0.028730712831
0.0167456567287
0.00453612301499
-0.00781485065818
-0.020236119628
-0.0326506607234
-0.0449765995145
-0.0571450032294
-0.0690753534436
-0.0806988626719
-0.0919398218393
-0.102738283575
-0.113028928638
-0.12274184823
-0.131819054484
-0.140218913555
-0.147879645228
-0.154760032892
-0.160817354918
-0.166017815471
-0.170334264636
-0.173734873533
-0.176197424531
-0.177713289857
-0.178273588419
-0.177869945765
-0.176500320435
-0.174174711108
-0.170907646418
-0.166709810495
-0.161600425839
-0.155605450273
-0.14869633317
-0.140972390771
-0.132463917136
-0.123214818537
-0.113282315433
-0.102699309587
-0.0915300995111
-0.0798203423619
-0.0676291361451
-0.0550220608711
-0.0420593246818
-0.0287987645715
-0.0153068033978
-0.00166352465749
0.0120842847973
0.0258555747569
0.039582233876
0.0532027855515
0.0666425526142
0.0798422694206
0.0927319973707
0.105254754424
0.117341510952
0.128939509392
0.139995396137
0.150451302528
0.160255774856
0.169366717339
0.17774553597
0.185351088643
0.192147299647
0.198105290532
0.203203067183
0.207419067621
0.210735172033
0.21304602921
0.214395150542
0.214815765619
0.214305073023
0.212860688567
0.210491687059
0.207214027643
0.203043043613
0.19799233973
0.192088067532
0.18536259234
0.177852720022
0.169592991471
0.160617485642
0.150984168053
0.140743419528
0.129940643907
0.118630833924
0.106874592602
0.0947387963533
0.0822783485055
0.0695617198944
0.0566471070051
0.0435984916985
0.0304792653769
0.0173586308956
0.00429025013
-0.00866624899209
-0.0214419793338
-0.0339743420482
-0.0462173856795
-0.058113399893
-0.0696169510484
-0.0806764513254
-0.091243326664
-0.101288199425
-0.110760219395
-0.119624309242
-0.127846598625
-0.135408222675
-0.142286062241
-0.148457467556
-0.153909921646
-0.158638805151
-0.162645220757
-0.165928080678
-0.168492928147
-0.170360311866
-0.171547159553
-0.172073766589
-0.171963363886
-0.171249657869
-0.169966235757
-0.168144449592
-0.165738597512
-0.162831142545
-0.15949960053
-0.155785426497
-0.151724383235
-0.147361293435
-0.142736256123
-0.137891530991
-0.132872313261
-0.127714216709
-0.122462138534
-0.117153510451
-0.111828841269
-0.106524005532
-0.101270288229
-0.0960989221931
-0.0910437330604
-0.0861256718636
-0.0813674256206
-0.0767834931612
-0.0723882168531
-0.0681988373399
-0.0642152875662
-0.0604404918849
-0.0568453520536
-0.0534352622926
-0.050220977515
-0.0471899658442
-0.0443254262209
-0.0416157208383
-0.0390371978283
-0.0365686789155
-0.0341852344573
-0.0318620577455
-0.0295750480145
-0.0272945854813
-0.0249923523515
-0.0226401463151
-0.0202089212835
-0.0176737606525
-0.0150062693283
-0.0121791670099
-0.00916736479849
-0.00594964623451
-0.0025050919503
0.00118751113769
0.00514930300415
0.00938791502267
0.0139059629291
0.0187204442918
0.0238413624465
0.0292712748051
0.0350007079542
0.0410315878689
0.0473525114357
0.0539517402649
0.0608126670122
0.0679116472602
0.0752242654562
0.0827296599746
0.0903902128339
0.0981719940901
0.106041237712
0.113960579038
0.121887676418
0.129784435034
0.137601494789
0.145304471254
0.152840971947
0.160173878074
0.167254939675
0.174024537206
0.180335432291
0.186256930232
0.191745445132
0.196747764945
0.201227337122
0.205140039325
0.208444654942
0.211100384593
0.21307528019
0.21433994174
0.214868575335
0.214634239674
0.213620424271
0.211819648743
0.209223970771
0.205829948187
0.201636642218
0.196659460664
0.190913036466
0.184408307076
0.177167624235
0.169222563505
0.160605505109
0.151347979903
0.141437038779
0.130905747414
0.119861736894
0.108349822462
0.0964102223516
0.0841031000018
0.0714866071939
0.0586194358766
0.04555471614
0.0323624946177
0.0191023368388
0.00585385039449
-0.00732906768098
-0.0203738547862
-0.0332217179239
-0.0457951948047
-0.0580420345068
-0.0699015110731
-0.0813129171729
-0.0922225117683
-0.102577038109
-0.112333498895
-0.121449112892
-0.129887744784
-0.137617066503
-0.144601196051
-0.150822103024
-0.156202569604
-0.160749286413
-0.164482802153
-0.167399764061
-0.169504180551
-0.170799896121
-0.171292155981
-0.170998841524
-0.169945254922
-0.16815751791
-0.165661081672
-0.16249486804
-0.158704772592
-0.15433460474
-0.149432957172
-0.144050657749
-0.13825006783
-0.132091537118
-0.125632494688
-0.118935257196
-0.112068772316
-0.105098836124
-0.09808768332
-0.0911033079028
-0.0842043757439
-0.0774562954903
-0.0709173828363
-0.064649939537
-0.0587014965713
-0.053125038743
-0.0479700379074
-0.0432641394436
-0.0390499196947
-0.0353709496558
-0.0322564169765
-0.0297363065183
-0.0278231259435
-0.0265231523663
-0.0258459709585
-0.0257966835052
-0.0263653788716
-0.02753534168
-0.0292872134596
-0.0316049270332
-0.0344542525709
-0.0377936176956
-0.0415833629668
-0.0457819551229
-0.0503360182047
-0.0551884658635
-0.0602774843574
-0.0655459165573
-0.0709296390414
-0.0763571411371
-0.0817620232701
-0.08707241714
-0.0922219827771
-0.0971419066191
-0.101761177182
-0.106013283134
-0.109831087291
-0.113157853484
-0.115934945643
-0.118102759123
-0.119609564543
-0.120414234698
-0.120477326214
-0.119759351015
-0.118226349354
-0.115862548351
-0.112652279437
-0.108583182096
-0.103640809655
-0.0978400036693
-0.0911949425936
-0.0837003365159
-0.0753791406751
-0.0662885829806
-0.056456014514
-0.0459313541651
-0.0347530767322
-0.0229852758348
-0.0106787662953
0.0020910599269
0.0152589101344
0.028763923794
0.0425145067275
0.0564393401146
0.0704596713185
0.0844863280654
0.0984428822994
0.112245567143
0.125810757279
0.139057934284
0.151901856065
0.164269983768
0.176083743572
0.187273532152
0.19776929915
0.20751157403
0.21644026041
0.224491938949
0.231635183096
0.237822204828
0.243008106947
0.247168794274
0.250286489725
0.252343267202
0.253322273493
0.253223180771
0.252055197954
0.249827414751
0.246548056602
0.242246836424
0.236951425672
0.230697348714
0.223522722721
0.215465933084
0.206587582827
0.196936801076
0.186567276716
0.175539508462
0.163918793201
0.151770606637
0.139167010784
0.12616443634
0.112845592201
0.099268309772
0.0855161696672
0.0716452300549
0.0577371641994
0.0438538528979
0.0300636012107
0.0164298713207
0.0030132769607
-0.0101253567263
-0.0229258257896
-0.0353353247046
-0.0473050437868
-0.0587806254625
-0.0697251334786
-0.0800939425826
-0.0898524746299
-0.0989660099149
-0.107397079468
-0.115130357444
-0.122142001987
-0.128412336111
-0.133923351765
-0.138664111495
-0.142635062337
-0.145828440785
-0.1482411623
-0.149878963828
-0.150750562549
-0.150864481926
-0.150181189179
-0.14876896143
-0.146649181843
-0.143841341138
-0.140372425318
-0.136270865798
-0.131568104029
-0.12629263103
-0.12048343569
-0.114176623523
-0.107411704957
-0.100224807858
-0.0926643684506
-0.0847724303603
-0.0765948668122
-0.0681777000427
-0.0595645494759
-0.0508132502437
-0.0419741496444
-0.0330894552171
-0.0242142640054
-0.015400304459
-0.00669947871938
0.00183232466225
0.0101519124582
0.0182014685124
0.0259346403182
0.0333013571799
0.0402548722923
0.0467504188418
0.0527432113886
0.0581891164184
0.0630479082465
0.0672869831324
0.0708725824952
0.073766939342
0.0759402364492
0.0773361101747
0.0779712796211
0.0778286829591
0.0769032910466
0.0751914903522
0.0726910233498
0.0694015920162
0.0653413534164
0.0605254434049
0.0549705065787
0.0487045533955
0.0417590215802
0.0341782234609
0.0260013695806
0.0172690432519
0.0080464174971
-0.00161295675207
-0.0116511685774
-0.0219969600439
-0.032583348453
-0.0433390438557
-0.0541869066656
-0.0650609210134
-0.0758664160967
-0.0865347161889
-0.0969037339091
-0.10695258528
-0.116598062217
-0.125769615173
-0.134377926588
-0.142364874482
-0.149653360248
-0.156176894903
-0.161870330572
-0.166685670614
-0.17057095468
-0.173478975892
-0.17537394166
-0.176232874393
-0.176034152508
-0.17475746572
-0.172401636839
-0.168975576758
-0.164483323693
-0.158940702677
-0.152362033725
-0.144680604339
-0.136058807373
-0.126550912857
-0.11619977653
-0.105074651539
-0.0932356864214
-0.0807438567281
-0.0676826387644
-0.054125469178
-0.0401519834995
-0.0258595384657
-0.0113177038729
0.0033650980331
0.0181205440313
0.0328416712582
0.0474564693868
0.0618801228702
0.0760225281119
0.0897964909673
0.103042148054
0.115737773478
0.127817884088
0.139217063785
0.149876758456
0.159741953015
0.16875641048
0.176886513829
0.184092432261
0.190339758992
0.195610687137
0.199895456433
0.203188672662
0.205488234758
0.20680513978
0.207160040736
0.20657093823
0.204959705472
0.202344805002
0.198881968856
0.194600448012
0.189538151026
0.183737844229
0.17724879086
0.170118972659
0.162401124835
0.154149994254
0.145433038473
0.136299267411
0.126823291183
0.117064058781
0.107079580426
0.0969356745481
0.0866894423962
0.076342895627
0.0659984871745
0.055751286447
0.0456334725022
0.0356868989766
0.0259629301727
0.0164913646877
0.00731283100322
-0.001548529719
-0.0100560057908
-0.0181838832796
-0.0259162355214
-0.0332272201777
-0.040106035769
-0.0465371720493
-0.0525216422975
-0.0580393150449
-0.0630337446928
-0.0675521269441
-0.0716007500887
-0.0751794055104
-0.0782952010632
-0.0809588730335
-0.0831780657172
-0.0849652737379
-0.0863328129053
-0.087297193706
-0.0878769084811
-0.0880898833275
-0.0879568457603
-0.0874996706843
-0.0867398828268
-0.0856987833977
-0.0843022540212
-0.0826694667339
-0.0808189883828
-0.0787689387798
-0.0765376836061
-0.0741438120604
-0.0716075971723
-0.0689467042685
-0.0661829710007
-0.063337944448
-0.060435116291
-0.0574942044914
-0.0545403026044
-0.0515931509435
-0.0486774668097
-0.0458127334714
-0.0429787002504
-0.0402354560792
-0.0376084372401
-0.0351122617722
-0.0327612906694
-0.0305712241679
-0.0285535678267
-0.0267213061452
-0.0250850450248
-0.0236566197127
-0.0224447511137
-0.0214556232095
-0.0206959098577
-0.0201708525419
-0.0198818538338
-0.0198272895068
-0.0199944265187
-0.0203770063818
-0.020977050066
-0.0217816885561
-0.0227787867188
-0.0239536818117
-0.0252863299102
-0.026757625863
-0.0283481776714
-0.0300361085683
-0.0317968465388
-0.0336053445935
-0.0354383140802
-0.0372700616717
-0.0390730686486
-0.0408224910498
-0.0424887873232
-0.0440162755549
-0.0453867986798
-0.0465884432197
-0.047593921423
-0.0483781993389
-0.0489173643291
-0.049187079072
-0.0491662397981
-0.0488383062184
-0.0481871291995
-0.0471975468099
-0.0458592474461
-0.0441665276885
-0.0421147271991
-0.0396980755031
-0.036919798702
-0.0337835922837
-0.0302903428674
-0.0264327581972
-0.0222541950643
-0.0177729800344
-0.0130031509325
-0.00796601641923
-0.00268477597274
0.00281437346712
0.00850239209831
0.0143522275612
0.0203280225396
0.0263992082328
0.0325299911201
0.0386887677014
0.0448374971747
0.0509442165494
0.0569716542959
0.0628893300891
0.0686612352729
0.0742314606905
0.0795342624187
0.0845822989941
0.0893443003297
0.0937929227948
0.0978988111019
0.101642094553
0.104998312891
0.107951045036
0.110480956733
0.112578310072
0.114234745502
0.115440800786
0.116194590926
0.116499431431
0.116358421743
0.115775458515
0.114761143923
0.113329045475
0.111491605639
0.109263062477
0.106606677175
0.103571273386
0.100210405886
0.096542596817
0.0925950929523
0.0883879810572
0.0839450955391
0.0792951658368
0.0744596794248
0.0694643482566
0.064339838922
0.0591070204973
0.0537928231061
0.0484194792807
0.0430164672434
0.0376009382308
0.0321930646896
0.026817895472
0.021489975974
0.0162274613976
0.0110439388081
0.0059529193677
0.000964629522059
-0.00390776619315
-0.0086607914418
-0.0132768126205
-0.017753360793
-0.022084467113
-0.0262731947005
-0.0303162876517
-0.0342134423554
-0.0379666648805
-0.0415798202157
-0.045051638037
-0.0483879595995
-0.0515891127288
-0.0546615421772
-0.0576071627438
-0.0604304224253
-0.0631314814091
-0.0657144337893
-0.068183131516
-0.0705368593335
-0.0727782398462
-0.0749057084322
-0.0769215673208
-0.0788233205676
-0.0806082710624
-0.0822737291455
-0.0838167741895
-0.0852326005697
-0.0865154564381
-0.0876596421003
-0.0886591523886
-0.0895068794489
-0.090195775032
-0.0907170474529
-0.0910637229681
-0.0912282690406
-0.0911681503057
-0.0909119918942
-0.0904530659318
-0.0897862836719
-0.0889062732458
-0.087809599936
-0.0864920467138
-0.084953032434
-0.0831925719976
-0.0812105536461
-0.0790086239576
-0.0765922665596
-0.0739673599601
-0.0711385160685
-0.0681163296103
-0.0649112761021
-0.0615354478359
-0.0579992718995
-0.054320037365
-0.0505131259561
-0.0465957447886
-0.0425831712782
-0.0384975038469
-0.0343549363315
-0.0301794130355
-0.0259870775044
-0.0217998959124
-0.0176398381591
-0.0135229742154
-0.00947114359587
-0.00550288241357
-0.00163505796809
0.00211563962512
0.00573256192729
0.00920169614255
0.0125120738521
0.0156528744847
0.0186147298664
0.021387597546
0.0239706784487
0.0263582598418
0.0285494532436
0.0305435992777
0.0323452353477
0.0339589975774
0.0353896059096
0.036645039916
0.0377367325127
0.038676571101
0.0394752137363
0.0401471704245
0.0407078452408
0.0411738753319
0.0415610410273
0.0418861545622
0.0421667695045
0.0424205176532
0.0426646620035
0.0429160557687
0.0431901440024
0.0435022674501
0.0438681580126
0.0443010926247
0.0448110103607
0.0454083383083
0.0461036264896
0.0469036065042
0.0478111244738
0.0488287806511
0.0499591343105
0.051201377064
0.0525503791869
0.0539994798601
0.0555417686701
0.0571697130799
0.0588693767786
0.0606248117983
0.0624233856797
0.0642469897866
0.066077105701
0.067893050611
0.0696725174785
0.0713949501514
0.073037520051
0.0745756179094
0.0759856030345
0.0772444158792
0.0783279761672
0.0792140066624
0.0798791274428
0.0803013518453
0.0804617106915
0.0803413689137
0.0799002423882
0.079136416316
0.0780446231365
0.0766146108508
0.0748352631927
0.0726978480816
0.0702001973987
0.0673409700394
0.0641230046749
0.0605441220105
0.0566142313182
0.0523427315056
0.0477431602776
0.042830221355
0.0376153029501
0.0321286842227
0.0263877790421
0.0204182527959
0.0142482006922
0.00790943391621
0.00143057410605
-0.00515342690051
-0.0118079679087
-0.0184990856797
-0.0251863822341
-0.0318327993155
-0.0384041145444
-0.0448559597135
-0.0511570684612
-0.0572697333992
-0.0631518736482
-0.0687757208943
-0.074105091393
-0.0791095644236
-0.0837556198239
-0.0880179256201
-0.0918721035123
-0.0952951088548
-0.0982091128826
-0.100645400584
-0.102595582604
-0.104043975472
-0.104978263378
-0.105393275619
-0.10528896749
-0.10466363281
-0.103517860174
-0.101859308779
-0.0997012481093
-0.0970599278808
-0.0939457342029
-0.0903849601746
-0.0864023342729
-0.0820279493928
-0.0772905945778
-0.0722209662199
-0.0668602064252
-0.0612444467843
-0.055415134877
-0.049412664026
-0.0432771593332
-0.0370549671352
-0.0307887904346
-0.02451730147
-0.0182831734419
-0.0121159292758
-0.00607418082654
-0.000198283742066
0.00547772087157
0.0109146442264
0.0160786062479
0.0209305025637
0.0254403240979
0.0295834224671
0.0333307869732
0.0366575978696
0.0395430512726
0.041975133121
0.0439431890845
0.0454348511994
0.0464460477233
0.046980727464
0.0470445565879
0.0466429181397
0.0457846261561
0.0444897562265
0.0427754484117
0.0406357981265
0.0381102897227
0.0352322161198
0.0320321731269
0.0285377372056
0.0247826389968
0.0207963008434
0.016620721668
0.0122945075855
0.0078544607386
0.00334325083531
-0.00119973241817
-0.00573075329885
-0.0102108605206
-0.0145982783288
-0.0188561566174
-0.0229506194592
-0.026846094057
-0.0305076576769
-0.0339095667005
-0.0369931571186
-0.0397608801723
-0.0421873927116
-0.0442525483668
-0.0459377467632
-0.0472255125642
-0.0480991154909
-0.0485492609441
-0.0485726222396
-0.0481667518616
-0.047330159694
-0.0460683740675
-0.0443941093981
-0.0423209480941
-0.0398639142513
-0.0370388031006
-0.0338713862002
-0.0303841773421
-0.0265756640583
-0.0224921368062
-0.018163850531
-0.0136234126985
-0.00890199281275
-0.00402924744412
0.000959330005571
0.00602338509634
0.0111271608621
0.0162296295166
0.0212953872979
0.0262848958373
0.0311646685004
0.0358997136354
0.040455352515
0.0448040142655
0.0489215888083
0.0527245439589
0.0562419593334
0.0594458244741
0.062314953655
0.0648240298033
0.0669496208429
0.0686768293381
0.069992095232
0.0708853006363
0.0713479742408
0.0713772475719
0.0709792301059
0.0701611563563
0.0689309090376
0.0672966837883
0.0652740970254
0.0628104731441
0.0599900558591
0.0568236969411
0.0533318333328
0.0495348125696
0.0454557463527
0.041121609509
0.0365601032972
0.0318074971437
0.026896007359
0.0218601543456
0.0167348850518
0.0115583706647
0.00636194087565
0.00118084449787
-0.00395741453394
-0.00902268942446
-0.0139819979668
-0.0188063085079
-0.0234625581652
-0.027917701751
-0.0321446247399
-0.0361137874424
-0.0397963188589
-0.0431668125093
-0.0462097153068
-0.0489079579711
-0.0512487776577
-0.0532213672996
-0.0548168644309
-0.0559747517109
-0.0567484423518
-0.0571284927428
-0.0571122653782
-0.0567003414035
-0.0558937191963
-0.0546956583858
-0.0531155951321
-0.0511698909104
-0.0488763824105
-0.0462551042438
-0.0433263778687
-0.0401161164045
-0.0366492196918
-0.0329137705266
-0.0289571210742
-0.0248106550425
-0.0205023288727
-0.0160548128188
-0.0115016410127
-0.00687441881746
-0.00220181443729
0.00247778673656
0.00713353930041
0.0117339808494
0.016248004511
0.0206511560827
0.0249181818217
0.028995571658
0.0328889787197
0.0365748517215
0.0400297157466
0.0432268977165
0.0461439006031
0.048760343343
0.0510598421097
0.0530261844397
0.0546491593122
0.0559258535504
0.0568546317518
0.057435374707
0.0576433204114
0.0574575029314
0.056928422302
0.0560557618737
0.0548390001059
0.053283598274
0.0514035373926
0.0492093972862
0.0467173717916
0.0439491420984
0.0409286804497
0.0376811623573
0.0342306531966
0.0306026637554
0.026776894927
0.0228174645454
0.0187452994287
0.0145838968456
0.0103596290573
0.00610121479258
0.00184083241038
-0.00239525735378
-0.00657316017896
-0.0106674982235
-0.0146523984149
-0.0185037851334
-0.0222004149109
-0.0256994441152
-0.0290046930313
-0.0320975333452
-0.0349573045969
-0.0375648289919
-0.0399029627442
-0.0419550947845
-0.04370604828
-0.0451459102333
-0.04627372697
-0.0470876842737
-0.0475887991488
-0.0477795414627
-0.0476172603667
-0.0471404194832
-0.0463651902974
-0.0452916696668
-0.0439270287752
-0.0422823801637
-0.0403716936707
-0.0382078923285
-0.035812754184
-0.0332093760371
-0.0304204206914
-0.0274722836912
-0.0243861731142
-0.0211570113897
-0.0178278889507
-0.0144250318408
-0.0109709948301
-0.00749239511788
-0.00401231832802
-0.000560362532269
0.00283352774568
0.00614602118731
0.00935093685985
0.0124237695709
0.0153464013711
0.0180969573557
0.0206390377134
0.0229809898883
0.0251018293202
0.0269842650741
0.0286107566208
0.029969478026
0.0310483910143
0.0318371206522
0.0323296710849
0.0325277708471
0.0324338153005
0.0320500135422
0.0313739590347
0.0303844008595
0.0291215013713
0.0275894403458
0.025792280212
0.0237429253757
0.0214557293802
0.0189474076033
0.0162344519049
0.0133405895904
0.0102883940563
0.00709921959788
0.00379813835025
0.000401436787797
-0.00306751276366
-0.00659073190764
-0.0101415878162
-0.013699291274
-0.0172343794256
-0.0207240451127
-0.0241399686784
-0.0274546537548
-0.0306486506015
-0.0337012447417
-0.0365953780711
-0.0393153466284
-0.0418201871216
-0.0440964587033
-0.0461580939591
-0.047988936305
-0.0495692938566
-0.0508873462677
-0.0519344955683
-0.0527023337781
-0.0531863868237
-0.0533864833415
-0.0533093325794
-0.0529629737139
-0.0523544065654
-0.0514505915344
-0.0502691976726
-0.0488471277058
-0.0471889562905
-0.0453029870987
-0.043198864907
-0.0408943817019
-0.0384046845138
-0.0357499048114
-0.0329512581229
-0.0300302039832
-0.0270122867078
-0.0239169448614
-0.020744677633
-0.0175157915801
-0.014263077639
-0.0110007049516
-0.00774775072932
-0.00452640419826
-0.00135389098432
0.00175189203583
0.00476989755407
0.00768194766715
0.0104797594249
0.01314746961
0.0156763866544
0.0180517099798
0.0202601328492
0.0223128478974
0.0242014117539
0.0259181912988
0.0274599026889
0.0288234259933
0.0300092548132
0.0310167912394
0.0318498425186
0.0325164720416
0.0330258533359
0.0333868153393
0.0336095616221
0.0336604677141
0.0335935093462
0.0334166847169
0.0331381857395
0.0327671654522
0.0323144681752
0.031791370362
0.0312109272927
0.0305856615305
0.0299292765558
0.0292554851621
0.0285779889673
0.0279089733958
0.0272442493588
0.0265845973045
0.0259602088481
0.0253778528422
0.0248424820602
0.0243581589311
0.023928463459
0.0235588289797
0.0232518296689
0.0230082646012
0.022829439491
0.0227166730911
0.0226699952036
0.0226866491139
0.0227467082441
0.0228480715305
0.0229997057468
0.0231937114149
0.0234210267663
0.023672753945
0.0239402484149
0.0242138504982
0.0244841147214
0.0247418172657
0.0249779429287
0.0251844394952
0.0253532584757
0.0254765301943
0.0255351662636
0.0255099907517
0.0254137087613
0.0252371486276
0.0249714497477
0.024607533589
0.0241392310709
0.0235618427396
0.0228721797466
0.0220663826913
0.0211439430714
0.0201063007116
0.0189560782164
0.0176951289177
0.0163259133697
0.0148381674662
0.0132470559329
0.0115611869842
0.00978522561491
0.00792615488172
0.00599475903437
0.00400042766705
0.00195609754883
-0.000127549981698
-0.00223629618995
-0.00435389298946
-0.0064688292332
-0.00856651645154
-0.0106343170628
-0.0126578705385
-0.0146129205823
-0.016492780298
-0.018289046362
-0.0199864506721
-0.0215703155845
-0.0230264272541
-0.0243408102542
-0.0255017708987
-0.0264984685928
-0.027319541201
-0.027957059443
-0.02840670757
-0.0286641642451
-0.0287257246673
-0.0285889543593
-0.0282508265227
-0.0276908762753
-0.0269350614399
-0.0259835477918
-0.0248407311738
-0.0235129464418
-0.0220061726868
-0.0203276351094
-0.01849045977
-0.016507409513
-0.0143932430074
-0.0121640544385
-0.00983661413193
-0.0074300840497
-0.00496193859726
-0.00245170411654
8.24643793749e-05
0.00262228213251
0.00514818774536
0.00763765675947
0.0100729875267
0.0124322855845
0.0146958027035
0.0168410930783
0.0188478827477
0.0206947810948
0.0223668776453
0.0238444153219
0.0251122210175
0.0261554513127
0.026964277029
0.0275283940136
0.0278381425887
0.0278850905597
0.02764153108
0.0271235443652
0.0263293329626
0.0252539999783
0.0238995328546
0.0222670193762
0.020362528041
0.018188552931
0.0157539285719
0.0130741978064
0.0101586440578
0.00702504022047
0.00368648022413
0.000162371463375
-0.00352411391214
-0.00735978456214
-0.0113192424178
-0.0153848584741
-0.0195208750665
-0.0237117856741
-0.0279382318258
-0.0321779735386
-0.0364031046629
-0.0405874252319
-0.0447063334286
-0.0487334243953
-0.0526407063007
-0.0564024113119
-0.0599948503077
-0.0633930414915
-0.0665766000748
-0.0695272758603
-0.0722255706787
-0.0746533051133
-0.076798222959
-0.078649379313
-0.080193862319
-0.0813933834434
-0.0822238624096
-0.0827223211527
-0.0828811451793
-0.0826923400164
-0.0821537673473
-0.0812659561634
-0.0800289809704
-0.0784446820617
-0.076518625021
-0.0742620974779
-0.0716848745942
-0.068799585104
-0.0656213536859
-0.062167391181
-0.0584565289319
-0.0545095540583
-0.0503469482064
-0.0459894575179
-0.0414596907794
-0.0367824956775
-0.0319763459265
-0.0270455162972
-0.0220395624638
-0.0169794801623
-0.011891759932
-0.00679780822247
-0.00172458018642
0.0033056861721
0.00826542079449
0.0131335789338
0.0178852006793
0.0225000046194
0.0269531328231
0.0312268827111
0.0353021472692
0.0391642339528
0.042794700712
0.0461817830801
0.0493146069348
0.0521860718727
0.0547862239182
0.0571098923683
0.0591547563672
0.0609211474657
0.062398776412
0.0635621100664
0.0644496753812
0.0650680735707
0.0654225796461
0.0655197799206
0.0653701201081
0.0649863183498
0.0643812268972
0.0635676309466
0.0625615343452
0.0613816715777
0.0600459091365
0.0585735291243
0.0569846332073
0.0552989430726
0.0535394884646
0.0517278015614
0.0498844087124
0.0480312630534
0.0461884960532
0.0443771220744
0.0426179692149
0.0409287028015
0.0393249318004
0.0378266684711
0.0364473126829
0.0352005660534
0.0340976379812
0.0331338942051
0.0323304533958
0.0316976197064
0.0312388539314
0.0309575498104
0.0308567974716
0.0309339389205
0.031184380874
0.0316032841802
0.0321860909462
0.0329220443964
0.0337997414172
0.0348053760827
0.0359276533127
0.0371494553983
0.0384520441294
0.0398180484772
0.0412273816764
0.0426595509052
0.0440931171179
0.0455051846802
0.0468749478459
0.0481780208647
0.0493939071894
0.0504988692701
0.051470503211
0.0522878803313
0.0529312305152
0.0533808767796
0.0536170639098
0.0536220632493
0.0533816628158
0.0528818890452
0.0521086640656
0.0510504506528
0.0497007034719
0.0480515211821
0.0460999980569
0.043838083744
0.0412552431226
0.0383695028722
0.0351853705943
0.0317057184875
0.0279407836497
0.0239047948271
0.0196081586182
0.0150662390515
0.0102952709422
0.00531564839184
0.000150432970258
-0.00518185598776
-0.0106537556276
-0.0162414256483
-0.0219183005393
-0.0276547241956
-0.033422075212
-0.0391963534057
-0.0449394993484
-0.050630133599
-0.0562332570553
-0.0617196708918
-0.0670627355576
-0.0722330957651
-0.077201128006
-0.0819414407015
-0.0864308029413
-0.0906435623765
-0.094555824995
-0.0981505438685
-0.1014072299
-0.104308672249
-0.106839098036
-0.108989626169
-0.110749259591
-0.112108893692
-0.113062553108
-0.113610371947
-0.113751985133
-0.113487392664
-0.112820900977
-0.11176161468
-0.110319577157
-0.108504772186
-0.106329470873
-0.103811249137
-0.100969314575
-0.09782204777
-0.0943885073066
-0.0906925275922
-0.0867620483041
-0.0826158151031
-0.0782852619886
-0.0737915784121
-0.0691687390208
-0.0644399821758
-0.059632781893
-0.0547792725265
-0.0498999208212
-0.0450292900205
-0.0401890613139
-0.0354035720229
-0.0306992642581
-0.0261002946645
-0.0216266121715
-0.0172987487167
-0.0131346154958
-0.00915022939444
-0.00536299264058
-0.00178150238935
0.00158258178271
0.00471948832273
0.00762357516214
0.0102918632329
0.012724660337
0.0149198099971
0.016879118979
0.0186096765101
0.0201199129224
0.0214166436344
0.0225101336837
0.0234137978405
0.0241422504187
0.0247102882713
0.0251334048808
0.0254300944507
0.0256191380322
0.0257193781435
0.0257498081774
0.0257300827652
0.0256799869239
0.0256191827357
0.0255668722093
0.0255405101925
0.0255574900657
0.0256351679564
0.0257893484086
0.0260324794799
0.0263765696436
0.0268338378519
0.0274136215448
0.0281215943396
0.0289620943367
0.0299402140081
0.0310570690781
0.0323106236756
0.0336967296898
0.0352124832571
0.0368503667414
0.0386010184884
0.0404523462057
0.0423939265311
0.044410571456
0.0464872866869
0.0486058294773
0.0507488809526
0.0528991259634
0.0550342276692
0.0571358166635
0.0591823719442
0.0611544474959
0.0630298182368
0.0647899955511
0.0664137527347
0.0678819566965
0.0691776350141
0.0702839046717
0.0711843073368
0.0718633681536
0.0723108053207
0.0725155621767
0.0724668875337
0.0721571594477
0.0715831071138
0.0707425102592
0.0696319714189
0.0682524442673
0.0666094943881
0.0647089704871
0.0625556781888
0.0601607225835
0.0575353242457
0.0546955838799
0.0516526550055
0.0484240502119
0.0450293496251
0.0414865724742
0.0378188043833
0.0340456664562
0.0301883090287
0.0262734685093
0.0223205797374
0.0183547437191
0.014401268214
0.0104798572138
0.00661579845473
0.00283125205897
-0.000854670768604
-0.00441774073988
-0.00783904176205
-0.0111003918573
-0.0141875939444
-0.0170822404325
-0.019770398736
-0.0222412999719
-0.0244840923697
-0.0264923926443
-0.0282567739487
-0.0297723840922
-0.0310400668532
-0.0320585146546
-0.0328271016479
-0.0333504080772
-0.0336352922022
-0.0336891338229
-0.033519487828
-0.0331375412643
-0.0325577221811
-0.0317935794592
-0.030859624967
-0.0297729354352
-0.0285531114787
-0.0272180121392
-0.0257872845978
-0.0242821723223
-0.0227226186544
-0.0211315061897
-0.0195286702365
-0.0179367512465
-0.0163751877844
-0.0148663613945
-0.0134302880615
-0.0120857357979
-0.0108498083428
-0.00974132213742
-0.00877694506198
-0.00797049980611
-0.0073338765651
-0.00687912805006
-0.00661724200472
-0.00655522244051
-0.00669731525704
-0.00704806530848
-0.00761089846492
-0.00838491506875
-0.00936544220895
-0.0105488961563
-0.0119306938723
-0.0135012315586
-0.0152477109805
-0.0171600040048
-0.0192237626761
-0.0214244686067
-0.0237415954471
-0.0261579137295
-0.0286547206342
-0.0312108024955
-0.0338038653135
-0.0364102944732
-0.0390091389418
-0.0415788888931
-0.044093824923
-0.0465322621167
-0.0488702356815
-0.0510892532766
-0.0531664118171
-0.0550824962556
-0.0568177700043
-0.0583561249077
-0.0596826598048
-0.0607818439603
-0.0616412460804
-0.0622509047389
-0.0626043751836
-0.0626943558455
-0.0625154078007
-0.0620672255754
-0.0613516308367
-0.0603702515364
-0.0591264553368
-0.0576278343797
-0.0558855719864
-0.0539092049003
-0.051710806787
-0.0493041090667
-0.0467080026865
-0.0439383387566
-0.0410139523447
-0.0379523709416
-0.0347773768008
-0.0315085016191
-0.0281668175012
-0.0247756894678
-0.0213553272188
-0.0179275553674
-0.0145154893398
-0.0111356396228
-0.00781081523746
-0.00456041749567
-0.00139974581543
0.00165274890605
0.00458287540823
0.00737931579351
0.0100259818137
