-1.31147771754e-05
-9.18660498428e-06
-5.72793396714e-06
-2.67616587735e-06
0.0
2.36316395785e-06
4.44462648375e-06
6.32263754596e-06
8.02849717729e-06
9.60915713222e-06
1.11272156573e-05
1.26139757413e-05
1.41320342664e-05
1.5743993572e-05
1.74811539182e-05
1.94070707948e-05
2.15669097088e-05
2.40397821472e-05
2.6841305953e-05
3.00028132187e-05
3.35868899128e-05
3.76091738872e-05
4.20696560468e-05
4.69840051665e-05
5.2367853641e-05
5.82211941946e-05
6.45000982331e-05
7.1183021646e-05
7.82258575782e-05
8.56129699969e-05
9.32660477702e-05
0.000101138139144
0.000109135384264
0.000117226452858
0.000125289676362
0.000133255292894
0.000141048571095
0.000148544364492
0.0001556800853
0.000162361786352
0.000168482234585
0.000173958265805
0.000178698581294
0.000182624979061
0.000185674740351
0.000187738478417
0.000188784280908
0.000188734484254
0.000187557801837
0.000185207274626
0.000181633033208
0.000176840461791
0.000170811457792
0.000163514836458
0.000154976631165
0.000145222540596
0.000134263522341
0.000122130906675
0.000108848478703
9.4509239716e-05
7.91529018898e-05
6.28266425338e-05
4.56150191894e-05
2.7583224437e-05
8.83195662027e-06
-1.05761891973e-05
-3.05419307551e-05
-5.09822348249e-05
-7.17819930287e-05
-9.2889116786e-05
-0.000114157315693
-0.000135518901516
-0.000156874506501
-0.000178109694389
-0.00019915640587
-0.00021989918605
-0.000240255976678
-0.000260126922512
-0.000279442640021
-0.000298107042909
-0.000316035439027
-0.000333172327373
-0.000349409005139
-0.000364706327673
-0.000379006989533
-0.000392221380025
-0.000404324266128
-0.000415256712586
-0.000424979662057
-0.000433468288975
-0.000440686300863
-0.000446636578999
-0.000451288127806
-0.000454655732028
-0.000456740148365
-0.000457571353763
-0.000457183195977
-0.000455587723991
-0.000452884414699
-0.000449113489594
-0.000444361328846
-0.000438718154328
-0.000432272878243
-0.000425177044235
-0.000417544652009
-0.000409497093642
-0.000401211233111
-0.000392870599171
-0.000384626328014
-0.000376676151063
-0.00036920394632
-0.000362433929695
-0.000356563861715
-0.000351804337697
-0.000348382251104
-0.00034651052556
-0.000346412911313
-0.000348274392309
-0.000352314877091
-0.000358691962902
-0.000367606000509
-0.000379218603484
-0.000393646128941
-0.000410993408877
-0.000431340449722
-0.000454781315057
-0.000481263414258
-0.000510778743774
-0.000543269794434
-0.000578669190872
-0.000616741133854
-0.000657315540593
-0.000700121396221
-0.000744928023778
-0.000791292404756
-0.000838786014356
-0.000886995403562
-0.00093539262889
-0.000983453006484
-0.00103047746234
-0.00107587990351
-0.00111897976603
-0.00115900905803
-0.0011952475179
-0.00122686836403
-0.0012531275861
-0.00127320853062
-0.00128630781546
-0.00129161949735
-0.00128835358191
-0.00127576233353
-0.00125316437334
-0.00121982209384
-0.00117507763207
-0.00111845473293
-0.00104943173937
-0.000967554165982
-0.000872521253768
-0.000764046330005
-0.000642200233415
-0.000506774231326
-0.000357837183401
-0.000195811167941
-2.09377030842e-05
0.000166249199538
0.000365168118151
0.000575119454879
0.000795079977252
0.00102393247653
0.00126090890262
0.00150446267799
0.00175303348806
0.0020054189954
0.00225992733613
0.0025146775879
0.00276806228794
0.00301811145619
0.0032628304325
0.00350045366213
0.00372882862575
0.00394593458623
0.00414966559038
0.00433824490756
0.0045096357353
0.00466183992103
0.00479309121147
0.00490170065314
0.00498608453199
0.00504465727136
0.00507601397112
0.00507909618318
0.0050529660657
0.00499678496271
0.00490966346115
0.00479148468003
0.00464228400961
0.00446181697771
0.00425029685721
0.00400852924213
0.00373746850528
0.00343819521368
0.00311153102666
0.00275942287408
0.00238379882649
0.00198681745678
0.00157014420256
0.0011366357794
0.000689081149176
0.000230269302847
-0.000236680949456
-0.000708989507984
-0.00118306907825
-0.00165561109316
-0.00212319707498
-0.0025821859017
-0.00302948756143
-0.0034613981843
-0.00387449166737
-0.00426551699638
-0.00463114632294
-0.00496852910146
-0.00527446484193
-0.00554645154625
-0.00578207615763
-0.00597895914689
-0.00613488769159
-0.00624858867377
-0.00631880015135
-0.00634430069476
-0.00632419250906
-0.00625851098448
-0.00614756299183
-0.00599148264155
-0.00579086085781
-0.00554727530107
-0.0052624642849
-0.00493823271245
-0.00457660714164
-0.00418054452166
-0.00375344301574
-0.00329799368046
-0.00281777139753
-0.00231679854915
-0.0017992296489
-0.00126926146913
-0.000731125473976
-0.000189441925613
0.00035117045627
0.000885787303559
0.00141030398663
0.00191995827481
0.00241025164723
0.00287667172961
0.00331487623043
0.00372108374722
0.00409159529954
0.00442269770429
0.00471097929403
0.0049539427273
0.00514922430739
0.00529449200258
0.005387858022
0.00542844645679
0.0054156947881
0.0053490367718
0.00522826192901
0.00505447294563
0.00482901092619
0.00455319415778
0.00422873813659
0.00385853787884
0.00344572775066
0.00299344165251
0.00250510219485
0.00198506820016
0.00143789907452
0.000868153700139
0.000280565378489
-0.000319604761899
-0.000926965672988
-0.0015361137921
-0.00214165612124
-0.00273810350336
-0.00331994402222
-0.003881694749
-0.00441797589883
-0.00492384890094
-0.00539447320625
-0.00582497613505
-0.00621079560369
-0.00654823658988
-0.00683376425877
-0.00706388102844
-0.0072354148142
-0.00734651228413
-0.00739546166733
-0.00738059310243
-0.00730071868747
-0.00715601770207
-0.00694694556296
-0.00667398842052
-0.00633806083351
-0.00594149436802
-0.00548690278083
-0.00497688585892
-0.0044144494459
-0.0038038410712
-0.00314951944165
-0.00245595420711
-0.00172792596277
-0.000971067813225
-0.000191189770703
0.000605909037404
0.00141424289905
0.00222746119834
0.00303913932294
0.00384280458093
0.00463242968544
0.00540096126497
0.00614249799401
0.0068507893011
0.0075197587721
0.00814398564398
0.00871818419546
0.00923706684262
0.009695680812
0.010090210475
0.0104170497507
0.0106725478545
0.0108535727486
0.0109584508464
0.0109856631607
0.0109337866306
0.0108019476756
0.0105908187106
0.0103013459593
0.00993451476097
0.00949179008603
0.00897622201592
0.0083911139518
0.00773941073567
0.00702555151656
0.00625424692407
0.00543080223724
0.00456046592444
0.00364883500151
0.00270236493088
0.00172767066397
0.000731404870749
-0.000280233041849
-0.00129910407122
-0.00231858599
-0.0033314905595
-0.00433077570051
-0.00530956592411
-0.00626106886193
-0.00717890355736
-0.00805564131588
-0.00888597872108
-0.00966429244727
-0.0103849610314
-0.0110427774489
-0.0116337789223
-0.0121544236317
-0.0126004563645
-0.0129689071327
-0.0132580446079
-0.0134663917124
-0.0135924285278
-0.0136352786794
-0.01359552145
-0.0134741440415
-0.0132720470428
-0.0129906842485
-0.0126329101622
-0.0122018735856
-0.0117003638297
-0.0111324749887
-0.0105026066303
-0.00981561560184
-0.00907633919269
-0.00828986428678
-0.00746156275272
-0.00659817783162
-0.00570515822619
-0.00478851329535
-0.00385437044315
-0.00290839723311
-0.00195775716566
-0.00100802048109
-6.48961213301e-05
0.00086590310093
0.00177917140536
0.00266859005205
0.00352997449227
0.00435876613483
0.00515043037012
0.00590121373534
0.00660723960027
0.00726596778259
0.00787447299808
0.00843023043126
0.00893218349665
0.00937869213521
0.00976887531579
0.0101020550355
0.010378642939
0.0105993356556
0.0107645634562
0.0108753768727
0.0109337316826
0.0109416460618
0.0109011502936
0.0108146276325
0.0106849791482
0.010515271686
0.010308415629
0.010067788884
0.00979670323431
0.0094986287877
0.00917687918991
0.00883520860225
0.00847680587322
0.00810503121465
0.00772318756208
0.0073342830874
0.00694152247161
0.00654741981998
0.00615474954247
0.0057658078149
0.00538290897384
0.00500767910853
0.00464193848893
0.00428707199171
0.00394432246685
0.00361428712495
0.00329775339924
0.00299509800971
0.00270649790764
0.00243161059916
0.00217022770084
0.00192180869635
0.00168570748065
0.00146083382424
0.00124618934933
0.00104061339516
0.000842927314807
0.000651624053717
0.000465302786324
0.000282429740764
0.000101739860838
-7.83233554102e-05
-0.000259191932855
-0.000442366785137
-0.000628833309747
-0.000819835171569
-0.00101660587825
-0.00121996540111
-0.00143057818059
-0.00164904235862
-0.00187601195648
-0.00211161281914
-0.00235581910238
-0.00260846316814
-0.00286947377026
-0.00313818338327
-0.00341385556385
-0.00369567424059
-0.00398244243115
-0.00427316082641
-0.00456632999703
-0.00486055854708
-0.00515400385484
-0.00544512877241
-0.00573221361265
-0.00601308234036
-0.00628595193848
-0.00654891645536
-0.00680012209341
-0.00703741936013
-0.00725897355005
-0.00746302353218
-0.00764768291265
-0.00781141081825
-0.00795255787671
-0.00806966610253
-0.00816149823368
-0.00822705682367
-0.00826523546129
-0.00827513914555
-0.008256402798
-0.00820870697498
-0.00813166238368
-0.00802527181804
-0.00788990501314
-0.00772598199546
-0.00753416307271
-0.00731510296464
-0.00706986058503
-0.0067999586463
-0.00650654034689
-0.00619105342776
-0.00585516449064
-0.00550104957074
-0.00513045769185
-0.00474515929818
-0.00434774998575
-0.00394027959555
-0.00352477841079
-0.00310390768573
-0.00267977407202
-0.00225448654965
-0.00183077529073
-0.0014106676681
-0.000996300950646
-0.00058956281282
-0.000192959749256
0.0001917706104
0.000563093635719
0.000919026555493
0.00125811749604
0.00157905113883
0.00188045855612
0.00216148863547
0.00242127245292
0.00265873642638
0.0028736628592
0.00306585733779
0.00323482858948
0.00338056567125
0.00350342225283
0.00360383698717
0.00368210044689
0.0037388515193
0.00377500685863
0.00379153806716
0.00378943025135
0.0037697639782
0.00373392831534
0.00368327274919
0.00361914769746
0.00354306935333
0.00345655228011
0.0033610817045
0.00325832678936
0.00314980000257
0.00303700729273
0.00292138243094
0.00280456012115
0.00268790381961
0.00257263123058
0.00246008764952
0.00235146237537
0.00224782596342
0.0021501025185
0.0020590769127
0.00197553285398
0.00190019828733
0.00183337798808
0.00177534786053
0.00172645982821
0.00168684800155
0.00165629584808
0.00163464830257
0.00162166217342
0.00161700265016
0.00162006961182
0.0016301946016
0.00164677714929
0.0016690667253
0.00169618625659
0.00172724656295
0.00176136381924
0.00179757981095
0.00183498102706
0.00187262613326
0.00190952571575
0.00194480072241
0.00197768816724
0.00200738641433
0.00203312700614
0.00205425708555
0.00207032286562
0.00208090990782
0.00208559888415
0.00208413647488
0.00207654363476
0.00206283875741
0.00204311520793
0.00201755994931
0.00198666844517
0.00195094780065
0.00191092968453
0.00186725589447
0.00182077952195
0.00177238264587
0.00172296131495
0.00167340878397
0.00162478804123
0.00157811376266
0.00153437175322
0.00149460381363
0.0014597036643
0.00143057026435
0.00140811863821
0.00139312434476
0.00138611660805
0.00138764095027
0.00139817711897
0.0014180559665
0.00144726049621
0.00148569932207
0.00153329712339
0.00158977741376
0.00165440014098
0.00172643025871
0.00180517113768
0.00188961520325
0.00197844649665
0.00207037827931
0.00216397782788
0.00225777784362
0.00235004886054
0.00243907351978
0.00252300337888
0.00260007590987
0.00266843475401
0.00272617070004
0.00277140713297
0.00280236802064
0.00281735765748
0.00281474343501
0.00279284105636
0.00275021605194
0.00268571660854
0.00259823282249
0.00248659285717
0.00235005631112
0.00218821805902
0.00200065900572
0.00178722292185
0.00154782831669
0.00128301116638
0.000993228051811
0.000679322634824
0.000342089741025
-1.71910232893e-05
-0.000396685150918
-0.000795056461357
-0.00121073087212
-0.00164106662851
-0.00208400259726
-0.00253724888898
-0.0029985671863
-0.00346472603269
-0.00393314752728
-0.00440125120804
-0.00486568687484
-0.00532368477434
-0.00577223161235
-0.00620848219842
-0.00662907073274
-0.00703128334135
-0.00741242617369
-0.00776924612001
-0.00809919089079
-0.00839981250465
-0.00866883061826
-0.00890354067087
-0.0091019468382
-0.00926232803613
-0.00938306562603
-0.00946238450706
-0.00949903391302
-0.00949225947261
-0.00944138132036
-0.00934570748359
-0.00920492969453
-0.00901932176203
-0.0087894545868
-0.00851564481854
-0.00819870270789
-0.00783991906792
-0.00744112441316
-0.00700370036066
-0.00652951188385
-0.00602080114186
-0.00548058468848
-0.00491115124896
-0.00431505963206
-0.00369617366232
-0.00305756926537
-0.0024025964085
-0.0017344938824
-0.00105775590055
-0.000375924981199
0.000307093781885
0.000987685634755
0.00166116433684
0.00232380093075
0.00297153834254
0.00360069726594
0.00420685997233
0.0047865184024
0.00533583853394
0.00585124501958
0.00632975064218
0.00676771532744
0.00716220680624
0.00751041388139
0.00781025458127
0.00805929955095
0.00825551152229
0.00839722994715
0.00848357565701
0.00851360522211
0.00848650746047
0.00840200856328
0.00826069060713
0.00806307513267
0.00780997332186
0.00750254886225
0.00714291399345
0.0067330179736
0.00627542845905
0.00577268749475
0.00522830942646
0.00464588450268
0.00402869004756
0.00338132912293
0.00270817195997
0.00201390869915
0.00130324321799
0.000580782245379
-0.000147434388055
-0.000876407953911
-0.00160076818429
-0.00231511704624
-0.00301433354616
-0.00369231286459
-0.00434392085299
-0.00496392138302
-0.00554739963263
-0.00608969060704
-0.00658538239077
-0.00703029334545
-0.00742062460631
-0.00775265926495
-0.00802277214825
-0.00822762958705
-0.008365300484
-0.00843371730298
-0.00843085721135
-0.00835550017655
-0.00820751674473
-0.00798704754561
-0.00769406091422
-0.007329470478
-0.0068954047747
-0.00639407057315
-0.00582739710808
-0.00519896298647
-0.00451273098588
-0.0037729612086
-0.00298393331468
-0.00215060077608
-0.0012784244027
-0.000374185212422
0.000556598766707
0.00150754523929
0.00247170263901
0.00344210467301
0.00441177003086
0.0053740683943
0.00632085651159
0.00724539998919
0.00814046803862
0.00899911019951
0.00981473270804
0.0105807585642
0.0112909683958
0.0119386939332
0.0125191863626
0.0130273457617
0.0134581122547
0.0138073246926
0.0140720168129
0.0142493182793
0.0143363904208
0.0143313203007
0.0142338871956
0.0140438545495
0.0137609802186
0.013386179693
0.0129219219089
0.012370724231
0.0117351217195
0.0110183684155
0.0102261239663
0.00936315301806
0.00843453686684
0.00744617264718
0.00640506669879
0.00531826261431
0.00419280258939
0.00303623056971
0.00185672135558
0.000662456965074
-0.000538368884008
-0.00173803453799
-0.0029270821251
-0.00409772899002
-0.00524162873626
-0.00635082693771
-0.00741780269891
-0.00843510124832
-0.00939527805895
-0.010291621089
-0.0111184138805
-0.0118700088933
-0.0125407427549
-0.0131260119379
-0.0136225782335
-0.0140273040161
-0.0143370050937
-0.0145497340709
-0.0146651687101
-0.0146828554571
-0.0146025810391
-0.0144252972677
-0.0141534591094
-0.0137896062806
-0.013336318545
-0.0127972140908
-0.0121772838756
-0.0114815654233
-0.0107151316479
-0.0098838089034
-0.00899445917457
-0.00805394910276
-0.00706916302443
-0.00604743417352
-0.00499656796455
-0.00392442988232
-0.00283886725083
-0.00174774928018
-0.00065895402804
0.000419683026848
0.00148028985132
0.00251537491567
0.00351797090843
0.00448113912717
0.00539793679491
0.00626213522628
0.00706842914224
0.00781156169251
0.00848628673702
0.00908831227571
0.00961454119533
0.010061965324
0.010427551344
0.0107093406841
0.010906657204
0.0110191283748
0.0110460827127
0.0109880436212
0.0108467768878
0.0106241377071
0.010322005488
0.00994311459363
0.0094913514331
0.00897063594311
0.00838486757129
0.00773865450174
0.00703737512231
0.00628644134849
0.00549131957814
0.0046577770263
0.00379246147349
0.00290081789717
0.00198946986347
0.00106474407949
0.000132991364808
-0.000799432222266
-0.00172618264332
-0.00264115002938
-0.00353850261308
-0.00441248714924
-0.00525728845969
-0.00606723921373
-0.00683842692524
-0.00756578193977
-0.00824463367462
-0.00887097790837
-0.00944165606052
-0.00995349884033
-0.0104033602402
-0.0107886940241
-0.0111084263772
-0.0113609544933
-0.0115448627621
-0.0116595327854
-0.011705304496
-0.0116825485602
-0.0115916961804
-0.0114337615669
-0.011210763827
-0.0109247313812
-0.0105776730925
-0.0101722404361
-0.00971201807261
-0.00919995643198
-0.00863966625184
-0.00803498644382
-0.00739025743678
-0.00670984201133
-0.00599847082049
-0.00526004983112
-0.00449977442622
-0.00372251798399
-0.00293315760791
-0.00213691382669
-0.00133791193366
-0.000541376648471
0.000247848714935
0.00102510675788
0.00178569869604
0.00252600363456
0.00324130384251
0.00392766250297
0.00458135921508
0.00519960233942
0.0057786651887
0.00631571188569
0.00680855568498
0.00725484872237
0.00765286246315
0.00800086557865
0.00829811394215
0.00854378845543
0.00873738434166
0.00887872558087
0.00896850507706
0.00900743249804
0.00899629015476
0.00893636420369
0.00882969517261
0.00867823045701
0.00848403293639
0.00824960507452
0.00797809939831
0.00767229730263
0.00733538763598
0.00697084795684
0.00658201659098
0.00617271242663
0.00574660906568
0.00530767813325
0.00485931942239
0.00440557254478
0.00395049527287
0.00349736609496
0.00304993824102
0.0026119609829
0.00218656845391
0.00177717383485
0.00138681719545
0.00101797422394
0.000673649017699
0.000356358243152
6.76305571687e-05
-0.000190545033547
-0.000416240422055
-0.000608442875091
-0.000766309443861
-0.000889337912668
-0.000976848066784
-0.00102877197787
-0.00104571599513
-0.00102821772452
-0.000976928044111
-0.000892892712727
-0.000777833396569
-0.000633343937807
-0.000461141753476
-0.000263388210442
-4.2418265366e-05
0.000199050467927
0.000458707771031
0.000733700639103
0.00102086865809
0.00131743401289
0.00162012688816
0.00192611978855
0.00223194924183
0.00253476016223
0.00283111166209
0.00311822723597
0.0033930123318
0.00365243665874
0.00389382685535
0.00411427626386
0.00431160861626
0.00448329374194
0.00462712487206
0.00474096136168
0.00482337968424
0.00487272953615
0.00488750077784
0.00486661540344
0.00480943964794
0.00471546733752
0.00458402838558
0.00441515492275
0.00420915614814
0.0039666579105
0.00368790095672
0.00337409600616
0.00302637112327
0.00264649093151
0.00223555532284
0.00179580342956
0.00132910092361
0.000838171690702
0.000324833963532
-0.000207835430047
-0.000757459143642
-0.00132063997444
-0.00189472432248
-0.00247695599683
-0.00306359562092
-0.00365200871602
-0.0042384378612
-0.00482024112716
-0.00539369881153
-0.00595590751618
-0.00650397082791
-0.00703435577452
-0.00754472659901
-0.00803175102919
-0.00849285256118
-0.00892571173608
-0.00932766590267
-0.00969687849283
-0.0100307902321
-0.0103277470917
-0.0105864396319
-0.0108052147552
-0.010982805863
-0.0111182862893
-0.0112110124901
-0.0112606016919
-0.0112665053457
-0.0112287141383
-0.0111476099119
-0.0110236844048
-0.0108573744074
-0.0106494268402
-0.0104013085365
-0.010114246048
-0.00978953856975
-0.0094286641106
-0.00903395842761
-0.00860728882253
-0.00815045181662
-0.00766614079475
-0.0071566994302
-0.0066244113259
-0.00607231399044
-0.00550286797807
-0.0049188900739
-0.00432293722406
-0.0037184113171
-0.00310787535273
-0.0024942390155
-0.00188008195255
-0.00126886018552
-0.000663069600705
-6.54067334835e-05
0.000521733192727
0.0010951270815
0.00165255914908
0.00219178665429
0.00271078385413
0.00320681347512
0.00367817259394
0.0041232034564
0.00454026646912
0.00492789875716
0.00528444163501
0.00560915656388
0.00590113550425
0.00615949509665
0.00638367747888
0.00657361187041
0.00672900537029
0.00684981280938
0.00693627260625
0.00698899431154
0.00700857350603
0.00699561275542
0.00695107458159
0.00687619345263
0.0067722145468
0.00664041982964
0.00648228917271
0.0062995608896
0.00609399331734
0.00586719950661
0.0056213028729
0.00535823125392
0.00508003449067
0.00478875637054
0.00448648119345
0.00417538871989
0.00385760772042
0.00353529909626
0.00321058440022
0.00288553792052
0.00256226351485
0.00224268971942
0.00192907778546
0.0016231489135
0.00132677180227
0.00104180525523
0.000769955920987
0.000512732192874
0.000271662633168
4.82663563162e-05
-0.000156163630891
-0.000340512080584
-0.000503704010043
-0.000644678249955
-0.000762579671573
-0.000856804603245
-0.000926789478399
-0.000971963570919
-0.000992004526779
-0.000986872240901
-0.000956542149652
-0.000900961633306
-0.000820391112939
-0.00071535789175
-0.000586363777984
-0.000434046931332
-0.000259053311311
-6.25353786745e-05
0.000154443376232
0.000390795263229
0.000645166554023
0.000916014658287
0.00120174814947
0.00150076195132
0.00181129749399
0.00213135802187
0.002458950039
0.00279193092138
0.0031284794677
0.00346617610194
0.00380277261138
0.00413601379842
0.00446356739849
0.00478309532627
0.00509211327881
0.00538854580373
0.00566995423287
0.00593411363661
0.00617878464982
0.00640174560249
0.00660086190328
0.0067744217813
0.00692045548931
0.00703709339723
0.00712272850797
0.00717604206875
0.00719577912241
0.00718060880899
0.00712959421799
0.00704219704494
0.00691791810095
0.00675610918552
0.0065567321144
0.00632009794936
0.00604667048901
0.00573654985055
0.00539065618068
0.00501021556556
0.00459669297561
0.00415096059442
0.00367485382594
0.003170466749
0.00264015444554
0.00208548945375
0.00150915235281
0.000914154225029
0.000302683765767
-0.000322220643284
-0.000957340700552
-0.00160013604909
-0.00224719615653
-0.00289505743422
-0.00354117783718
-0.00418207561597
-0.00481426948681
-0.00543514639139
-0.00604136520997
-0.00662974640727
-0.0071979034692
-0.00774269457906
-0.00826121401042
-0.0087516233325
-0.00921114254743
-0.00963784661144
-0.010029588826
-0.0103846648708
-0.0107018714771
-0.0109793851152
-0.0112163685262
-0.0114119704813
-0.0115657411516
-0.0116769904271
-0.0117455245927
-0.0117716593668
-0.0117556937039
-0.0116979293525
-0.0115991011262
-0.0114602381364
-0.011282605119
-0.0110671594739
-0.0108155300841
-0.0105292545632
-0.0102103957906
-0.00986041966826
-0.0094816442579
-0.00907591171563
-0.0086458036676
-0.00819313153625
-0.00772062130272
-0.00723021943122
-0.00672476552427
-0.00620620790869
-0.00567739550024
-0.00514043029398
-0.0045974268578
-0.00405124528334
-0.00350361992605
-0.00295719411224
-0.00241356482729
-0.00187536608428
-0.00134429405443
-0.000821867259219
-0.000310295581585
0.000188898193301
0.000674405950122
0.00114448869135
0.00159828504547
0.00203408743255
0.00245104334317
0.00284852646291
0.00322535797022
0.00358092971146
0.00391480932012
0.00422631623223
0.00451530935243
0.00478155910969
0.00502466177568
0.00524481292814
0.00544209964573
0.00561669282615
0.00576863018796
0.00589841743931
0.00600652908906
0.0060932575725
0.00615918450058
0.00620497530326
0.00623130565509
0.00623879535124
0.00622820062563
0.00620033917949
0.00615600170568
0.00609605712816
0.00602132733911
0.00593268917874
0.00583103019744
0.00571720162407
0.00559218227863
0.00545678054914
0.00531189190224
0.00515839643776
0.00499713793397
0.00482884375378
0.00465448386967
0.00447478611022
0.00429050670937
0.00410236511379
0.00391105469316
0.00371729047038
0.0035216063261
0.00332477688789
0.0031272941269
0.00292974128388
0.00273263128474
0.00253643654287
0.00234162504785
0.00214866106398
0.00195793877356
0.0017698291922
0.00158470333554
0.00140291498974
0.00122470001224
0.00105049333069
0.000880510662682
0.000715016387403
0.000554252183065
0.000398446572945
0.000247807765845
0.000102543352114
-3.71665664716e-05
-0.000171160630998
-0.000299280160107
-0.000421377713792
-0.000537314510439
-0.00064698618371
-0.000750288309064
-0.000847085553687
-0.000937375065405
-0.00102106051054
-0.00109808926936
-0.00116839981638
-0.00123195664492
-0.00128872971982
-0.00133872148581
-0.00138190377038
-0.00141825387254
-0.00144778937101
-0.00147050165106
-0.00148636742961
-0.00149542174768
-0.00149764225353
-0.00149301986676
-0.00148155377246
-0.00146321393549
-0.00143798661884
-0.00140587135684
-0.00136679061688
-0.00132073252462
-0.00126765540335
-0.00120752153452
-0.00114031997509
-0.00106593128294
-0.000984366401099
-0.000895606877748
-0.000799610803369
-0.000696429575328
-0.000586024078075
-0.000468477985123
-0.000343828171026
-0.000212270475458
-7.38670860301e-05
7.11323664291e-05
0.000222512622713
0.000379895063816
0.000542999536265
0.000711321015842
0.000884322857019
0.00106161332224
0.00124239630532
0.00142583821435
0.00161137559917
0.00179807760287
0.00198480999097
0.00217070430517
0.00235466775484
0.00253545399755
0.00271195080131
0.00288280309178
0.00304663553834
0.00320228328928
0.00334817660041
0.00348305655643
0.00360544142313
0.00371388741769
0.00380713678896
0.00388374412432
0.00394242070615
0.00398185709491
0.00400098599494
0.00399867910892
0.00397383095697
0.00392552651465
0.00385314854793
0.00375596899539
0.00363344443031
0.00348508707248
0.00331100611947
0.003111026017
0.00288532115519
0.00263400399126
0.00235799769871
0.0020579402335
0.00173441017978
0.0013887808891
0.00102219590917
0.000636516255327
0.000232892271015
-0.000186532997759
-0.000619755941443
-0.0010648064781
-0.00151908909902
-0.00198062695563
-0.0024463464506
-0.00291379331611
-0.00338053354062
-0.0038433810696
-0.004299916327
-0.00474687805399
-0.00518162781373
-0.00560159096494
-0.00600370345637
-0.00638548471034
-0.0067444476299
-0.00707779452205
-0.00738357566297
-0.00765964528546
-0.00790399964899
-0.00811462756246
-0.00829032994807
-0.00842990539968
-0.00853196159005
-0.00859570130706
-0.00862086936831
-0.00860722735524
-0.00855453871191
-0.00846303161234
-0.0083335340023
-0.00816692318767
-0.00796394143254
-0.00772606115788
-0.00745499087498
-0.0071525927633
-0.00682071782649
-0.00646150158718
-0.00607731286436
-0.00567108904943
-0.00524524552748
-0.00480252085254
-0.00434585520998
-0.0038781973999
-0.00340251601301
-0.00292152818292
-0.00243863719516
-0.00195655669086
-0.00147819332778
-0.00100634957198
-0.000543569796719
-9.2376358225e-05
0.000344699510606
0.000765407574363
0.00116790749598
0.00155037024524
0.00191100605298
0.00224833004177
0.00256138923578
0.00284927804023
0.00311107374728
0.00334621872753
0.0035547032021
0.00373653555289
0.00389171671122
0.00402059592307
0.00412397971377
0.00420268345624
0.00425756908953
0.00428966945037
0.00430042203516
0.00429124198854
0.00426354352385
0.00421888940036
0.00415902771056
0.00408562365919
0.00400042673573
0.00390518712811
0.00380161521025
0.00369143020362
0.00357638578862
0.00345815299079
0.00333810131997
0.00321775604971
0.0030985919293
0.00298191513866
0.00286877341568
0.00276023685001
0.00265724305063
0.00256068189628
0.00247110403143
0.00238904682919
0.00231492798775
0.00224914215505
0.00219170213677
0.00214263494126
0.00210191635415
0.00206943112426
0.00204476341605
0.00202754046768
0.00201735133305
0.0020136910025
0.00201589101925
0.00202330085449
0.00203523016535
0.00205099233426
0.00206980272196
0.00209089578129
0.00211348687299
0.00213681836613
0.00216017500497
0.00218281755224
0.0022040149197
0.00222308188677
0.00223947851919
0.00225258665159
0.00226188194938
0.00226685078815
0.00226712133735
0.00226237135939
0.00225225253962
0.00223646964878
0.00221493444405
0.00218751677312
0.00215411093086
0.00211465428583
0.00206925556995
0.00201797857881
0.00196094531566
0.00189824169502
0.00183014920913
0.00175681733526
0.00167857471388
0.00159561645705
0.00150820065755
0.00141669169534
0.00132129888516
0.00122241280042
0.00112027546857
0.00101512868423
0.000907390785869
0.000797196233179
0.000684930884745
0.000570804229937
0.00045498542022
0.000337840989232
0.000219499474042
0.000100119148556
-1.9997718482e-05
-0.000140707168612
-0.000261910783593
-0.000383341306588
-0.000504871713929
-0.000626350461971
-0.0007476824685
-0.000868584495038
-0.000988937681541
-0.00110859656706
-0.00122740783263
-0.00134505447932
-0.00146139820572
-0.00157624075655
-0.00168935826514
-0.00180036888923
-0.00190907914657
-0.00201519229449
-0.00211836444214
-0.00221827067435
-0.00231460575014
-0.00240689865313
-0.00249480828643
-0.00257793650962
-0.0026558493264
-0.00272814417258
-0.00279439426959
-0.00285416422412
-0.00290701934136
-0.00295254192315
-0.00299034966156
-0.00302003254183
-0.00304120173678
-0.00305350264534
-0.00305666169152
-0.00305039831437
-0.00303445197642
-0.00300860288553
-0.00297275325283
-0.00292686349712
-0.00287082837895
-0.00280467444099
-0.00272856629454
-0.00264271721244
-0.00254729879089
-0.00244261161424
-0.00232918281108
-0.0022073853761
-0.00207780138589
-0.00194098579232
-0.00179771380499
-0.00164879264776
-0.00149501359556
-0.001337226131
-0.00117644143756
-0.00101377512328
-0.00085011444753
-0.000686583050992
-0.000524361326825
-0.000364610692486
-0.000208484838367
-5.72267235839e-05
8.81466767169e-05
0.000226397431106
0.000356381264282
0.000476949498989
0.000587080779951
0.000685869308654
0.00077228032751
0.00084537116345
0.000904518528841
0.000949030858465
0.00097825168632
0.000991622218862
0.000988920917735
0.000969963963144
0.000934571435209
0.000882649852429
0.00081451429287
0.000730597181246
0.000631155504379
0.000516748521477
0.000388300686609
0.000246631214395
9.28169829422e-05
-7.22235854482e-05
-0.000247035291977
-0.000430060405051
-0.000620039179921
-0.000815261504613
-0.00101410085335
-0.00121457467321
-0.00141504011117
-0.00161344313528
-0.0018080084119
-0.00199655629694
-0.00217727664858
-0.00234804372303
-0.00250711874105
-0.00265241321176
-0.0027822079137
-0.00289453309961
-0.00298791611567
-0.00306072132662
-0.00311148026958
-0.00313870469108
-0.00314143067226
-0.00311866472475
-0.00306949787773
-0.00299308425747
-0.00288924644701
-0.00275775557384
-0.00259834807366
-0.00241122627631
-0.00219686422497
-0.00195585656911
-0.00168912671506
-0.00139743450563
-0.00108203024138
-0.000744797987863
-0.000387133157346
-1.07310379462e-05
0.000382480124244
0.000789813464507
0.0012091974495
0.00163828907534
0.00207462161779
0.00251502566971
0.00295696314424
0.0033976493869
0.00383422058076
0.0042639374733
0.00468346616253
0.00509015610442
0.00548120960593
0.00585387181491
0.0062054079026
0.0065331440419
0.00683483993635
0.00710801687092
0.00735053466633
0.00756023591384
0.0077355382964
0.00787491351366
0.00797688402236
0.00804007891566
0.00806353148073
0.00804697908461
0.00798984616995
0.00789177697152
0.00775308115408
0.00757425557822
0.00735578499734
0.00709831761196
0.00680318381637
0.00647191144526
0.00610599340871
0.00570708420128
0.00527741434053
0.00481939734891
0.00433542579412
0.00382801215164
0.0033000994008
0.0027547669597
0.00219510984607
0.0016242323909
0.00104551413096
0.000462440395495
-0.000121568889881
-0.000703032186721
-0.00127849762794
-0.00184446864296
-0.00239747622982
-0.00293409521692
-0.00345109472983
-0.00394538184628
-0.00441380217671
-0.00485333567485
-0.00526137836277
-0.00563554977998
-0.00597338564694
-0.00627260701731
-0.00653159664944
-0.00674892123789
-0.00692318798974
-0.00705310236663
-0.00713831093162
-0.00717844394967
-0.00717341434211
-0.00712319230661
-0.00702858483419
-0.00689071416855
-0.00671058287844
-0.00648962380365
-0.00622984301299
-0.0059335581027
-0.00560295255855
-0.00524079054594
-0.00485006254166
-0.004433860071
-0.00399593496695
-0.00353927863762
-0.00306813744828
-0.00258624437265
-0.00209730234928
-0.00160578323994
-0.00111524329986
-0.000630238559097
-0.000154395180289
0.000308020185912
0.000752982625272
0.00117724505253
0.00157690839842
0.00194819364697
0.00228845351376
0.00259470567107
0.00286415102892
0.00309401610866
0.00328272953629
0.0034286507871
0.00353030511178
0.00358631764539
0.00359637453221
0.00356049882248
0.00347873335704
0.00335128232837
0.00317939068191
0.00296454224735
0.00270861247554
0.00241324841045
0.00208118790761
0.00171527010389
0.00131894298829
0.000895208504517
0.000447675847681
-1.90413884411e-05
-0.000501254573464
-0.000994305708446
-0.00149412837345
-0.00199576676823
-0.002494282322
-0.00298546534032
-0.00346442242153
-0.00392652628943
-0.00436714664102
-0.00478173419833
-0.00516602862626
-0.00551667343825
-0.00582925742492
-0.00610017310828
-0.00632653804496
-0.00650578225031
-0.00663537811488
-0.00671294471249
-0.00673715770245
-0.00670730648562
-0.00662253890187
-0.00648236228153
-0.00628729024902
-0.00603858474642
-0.00573761062697
-0.00538543565199
-0.00498478394002
-0.00453873537481
-0.00405039126053
-0.00352298677899
-0.00296071497723
-0.00236818054691
-0.00175001774915
-0.0011109050829
-0.000455779518234
0.000209162870306
0.000878746504895
0.00154774310067
0.00220989063382
0.00286017614417
0.00349261122756
0.00410127546638
0.00468163006008
0.00522838020697
0.00573657080531
0.00620131799951
0.00661870092154
0.00698517030105
0.0072972276248
0.00755157507956
0.00774589693174
0.00787880737334
0.00794878974557
0.00795444659889
0.00789593718946
0.00777398282662
0.00758949434385
0.00734328152612
0.00703780399635
0.00667616119608
0.00626138271764
0.00579669838771
0.00528630102053
0.00473566446453
0.00414951844141
0.00353262969293
0.00289151770994
0.00223176646978
0.00155993446242
0.000882615859155
0.000205672433367
-0.000463958247565
-0.00111964554526
-0.00175484933425
-0.00236365804449
-0.00293946289457
-0.00347657850944
-0.00396933080629
-0.00441237492487
-0.00480166915804
-0.00513253174722
-0.0054005747661
-0.00560330972075
-0.00573846604675
-0.00580389238894
-0.00579773588106
-0.00571985682473
-0.00557100586593
-0.00535183493048
-0.00506312819198
-0.00470779603347
-0.00428960006684
-0.00381168210879
-0.0032780400943
-0.00269410852343
-0.00206594541669
-0.00139961799141
-0.000701018841937
2.18049808609e-05
0.000761406263337
0.00151036062744
0.00226044515148
0.0030030424241
0.00373052270152
0.00443410174921
0.00510546006262
0.00573678035289
0.00632066465914
0.00684882700443
0.00731439422816
0.00771076884121
0.00803274102509
0.00827445928007
0.0084306737408
0.00849821977317
0.00847467407584
0.00835759099573
0.00814504455775
0.00783751253039
0.00743682542816
0.00694411341101
0.00636163260788
0.00569424871355
0.00494767958298
0.00412770174444
0.00324056716636
0.00229509011842
0.00130033807363
0.000266887393082
-0.000796278007329
-0.0018767954316
-0.00296221999452
-0.00404013693333
-0.00509792752564
-0.00612214813009
-0.00709966756403
-0.00801574718207
-0.00885780714452
-0.00961191020906
-0.0102659538388
-0.0108062205836
-0.0112201310694
-0.0114977303892
-0.011628835462
-0.0116036590189
-0.0114128915593
-0.0110508408397
-0.0105124693364
-0.00979281775653
-0.0088881412521
-0.0077990591526
-0.00652719009668
-0.00507332989946
-0.00344207859598
-0.00163982610684
0.00032355778967
0.00243898411281
0.00469582527876
0.00707853166386
0.00957184657454
0.0121568487957
0.0148181412369
0.0175324492157
0.0202769674361
0.0230289362371
0.025764580816
0.0284575112164
0.0310820788145
0.0336089283228
0.0360133312643
0.038266312331
0.0403400324285
0.0422066003084
0.0438389480114
0.0452123098075
0.0463003255427
0.0470789074898
0.047524265945
0.0476174540818
0.0473400615156
0.0466732680798
0.0456024073064
0.044117629528
0.0422122254968
0.0398762263358
0.03710655123
0.0339072756469
0.0302815102041
0.0262376014143
0.0217815693468
0.0169337913394
0.0117161534727
0.00614027911797
0.000238337102928
-0.00595957925543
-0.012423296459
-0.0191132985055
-0.0259980633855
-0.0330299064517
-0.0401638410985
-0.0473582111299
-0.0545581541955
-0.0617182441056
-0.0687793642282
-0.0756957083941
-0.0824138969183
-0.088873565197
-0.0950240269303
-0.100813917816
-0.106186173856
-0.111096985638
-0.115494944155
-0.119333073497
-0.122564837337
-0.125156536698
-0.127069115639
-0.128268003464
-0.128725007176
-0.128421604633
-0.127338677645
-0.125459522009
-0.122776269913
-0.119293689728
-0.115016035736
-0.109948247671
-0.104108482599
-0.0975217521191
-0.0902191177011
-0.0822337642312
-0.0735960900784
-0.0643689334393
-0.0545993968844
-0.0443343706429
-0.0336460284889
-0.0225930083543
-0.0112491073087
0.000321795843774
0.0120330927894
0.0238171797246
0.0355895794928
0.0472713932395
0.0587836094201
0.0700471028686
0.0809881612659
0.0915177688003
0.101574584842
0.111084289849
0.119982212782
0.128192201257
0.13566853106
0.142353579402
0.148204863071
0.153174996376
0.157229185104
0.160346999764
0.16250641644
0.163686111569
0.1638866961
0.163075879216
0.161297023296
0.158563017845
0.154907315969
0.150357693434
0.144956961274
0.138742923737
0.131767660379
0.124097593129
0.115783654153
0.106892623007
0.0974977612495
0.0876689627767
0.0774908810854
0.0670301616192
0.056372538209
0.0455991774797
0.0347913652658
0.0240291599184
0.0133903147653
0.00294743943959
-0.00721675576642
-0.0170246995986
-0.0264204069972
-0.0353344678879
-0.04370604828
-0.0514706782997
-0.0585873797536
-0.0650146305561
-0.0707046464086
-0.0756220966578
-0.0797518193722
-0.0830720737576
-0.0855640023947
-0.0872222334146
-0.0880527198315
-0.0880642607808
-0.0872646868229
-0.0856765732169
-0.0833318307996
-0.0802647694945
-0.0765097886324
-0.0721131414175
-0.0671299695969
-0.0616154521704
-0.055625423789
-0.0492242127657
-0.0424782074988
-0.0354634821415
-0.0282434318215
-0.0208984203637
-0.0134967081249
-0.00612065847963
0.00116188591346
0.00827504042536
0.0151476785541
0.0217086691409
0.0278853327036
0.0336230434477
0.0388611592352
0.0435421392322
0.0476132743061
0.0510298758745
0.0537581369281
0.0557600520551
0.0569915920496
0.0574527792633
0.0571344457567
0.0560285262764
0.054131872952
0.0514585860074
0.0480309091508
0.0438669249415
0.0389896370471
0.0334462858737
0.0272796396166
0.0205313097686
0.0132585372776
0.00552140222862
-0.0026193021331
-0.0110909445211
-0.0198288504034
-0.0287576913834
-0.0378058254719
-0.0468886904418
-0.0559341162443
-0.0648651123047
-0.0736086815596
-0.082079552114
-0.0902086570859
-0.0979277193546
-0.105168811977
-0.111864119768
-0.117954052985
-0.123388305306
-0.128116741776
-0.132088035345
-0.135268464684
-0.137629911304
-0.139146521688
-0.139793142676
-0.139559999108
-0.138448625803
-0.136459365487
-0.133596628904
-0.129877477884
-0.125330045819
-0.119982436299
-0.113863945007
-0.107017874718
-0.0994951575994
-0.0913467630744
-0.0826248154044
-0.0733962729573
-0.0637194812298
-0.0536708757281
-0.0433086827397
-0.0327158644795
-0.0219623651356
-0.0111230621114
-0.000272674195003
0.0105097591877
0.0211617387831
0.0316045247018
0.0417611226439
0.0515723526478
0.0609600096941
0.0698745250702
0.078245587647
0.0860390067101
0.0932069644332
0.0997028797865
0.105494052172
0.110552176833
0.114859938622
0.118397146463
0.121149994433
0.123120598495
0.124315924942
0.124740228057
0.124406248331
0.123341239989
0.121574163437
0.119134120643
0.116057880223
0.112389266491
0.108179606497
0.103475145996
0.0983278527856
0.0927990302444
0.0869425758719
0.0808230340481
0.0744977295399
0.0680278912187
0.061474762857
0.0549026727676
0.0483668260276
0.0419188439846
0.0356220304966
0.0295217279345
0.0236685369164
0.0181052871048
0.0128692276776
0.00800008326769
0.00353009114042
-0.000523741997313
-0.0041367453523
-0.00729042291641
-0.0099750617519
-0.0121890855953
-0.0139333307743
-0.0152078503743
-0.0160227846354
-0.0163958854973
-0.0163450594991
-0.0158888865262
-0.015053447336
-0.0138705773279
-0.0123703833669
-0.0105858715251
-0.00855310820043
-0.0063083069399
-0.00389171717688
-0.00134043337312
0.00130739249289
0.00401233229786
0.00673755630851
0.00944542698562
0.0121021782979
0.014674698934
0.0171324722469
0.0194445587695
0.0215868707746
0.0235374569893
0.025276388973
0.0267831999809
0.0280481148511
0.0290619228035
0.0298170614988
0.0303078517318
0.0305356346071
0.0305057112128
0.0302232243121
0.0296944826841
0.0289324652404
0.0279524903744
0.0267703831196
0.0254018306732
0.0238676182926
0.022188378498
0.0203853603452
0.0184798948467
0.0164948329329
0.0144513007253
0.0123723167926
0.0102772498503
0.0081876674667
0.00611829292029
0.00408888794482
0.00211487477645
0.000208208482945
-0.00162234192248
-0.00336697581224
-0.00501704541966
-0.0065722358413
-0.00803300179541
-0.00939917005599
-0.0106736309826
-0.0118644852191
-0.0129830045626
-0.0140378279611
-0.0150418905541
-0.0160104446113
-0.016960805282
-0.0179106146097
-0.0188776291907
-0.0198810379952
-0.0209413077682
-0.0220784917474
-0.0233115963638
-0.0246592368931
-0.0261384714395
-0.0277675855905
-0.0295629967004
-0.0315353311598
-0.033694896847
-0.0360541939735
-0.0386182889342
-0.0413917079568
-0.0443714112043
-0.0475566610694
-0.0509458594024
-0.0545273981988
-0.0582860261202
-0.0622098185122
-0.0662810876966
-0.0704770982265
-0.0747714489698
-0.0791358202696
-0.0835419520736
-0.0879565104842
-0.0923426672816
-0.0966617017984
-0.100869521499
-0.104929253459
-0.108800649643
-0.112438604236
-0.115802809596
-0.118850469589
-0.121537029743
-0.123820334673
-0.125660687685
-0.127020984888
-0.127864837646
-0.128157839179
-0.127866089344
-0.126965597272
-0.125434607267
-0.123252272606
-0.12039886415
-0.116869442165
-0.112660609186
-0.107772521675
-0.102203436196
-0.0959680378437
-0.0890901014209
-0.0815869942307
-0.0734850391746
-0.0648173838854
-0.0556267239153
-0.0459605753422
-0.0358585603535
-0.0253765862435
-0.014581495896
-0.00352954119444
0.00771165732294
0.0190782397985
0.0304971691221
0.0418899357319
0.0531890802085
0.0643202960491
0.0752034112811
0.0857689678669
0.0959375649691
0.105649448931
0.114824958146
0.123411692679
0.131335988641
0.138547122478
0.144998162985
0.150639921427
0.155429452658
0.159332871437
0.16233406961
0.164409950376
0.165544986725
0.165733903646
0.164988562465
0.163320586085
0.160741820931
0.157279089093
0.152974590659
0.147865742445
0.141999021173
0.135423257947
0.128202989697
0.12040732801
0.112098090351
0.103345394135
0.0942272692919
0.0848270878196
0.075218975544
0.0654819086194
0.0556955859065
0.0459446310997
0.0363037586212
0.0268496163189
0.0176565740258
0.00878833793104
0.000313495082082
-0.00770398508757
-0.0152135705575
-0.0221638306975
-0.0285107251257
-0.0342109575868
-0.0392320342362
-0.0435500517488
-0.04715212062
-0.0500162392855
-0.0521436668932
-0.0535420700908
-0.0542149581015
-0.0541708096862
-0.0534325502813
-0.0520298406482
-0.0499898940325
-0.0473444871604
-0.0441314317286
-0.0403991118073
-0.0361934378743
-0.031555891037
-0.0265390276909
-0.0211989600211
-0.0155866676942
-0.00975552853197
-0.00375884119421
0.00235021323897
0.00851549766958
0.0146869169548
0.0208181384951
0.0268572513014
0.0327612906694
0.0384817570448
0.0439839102328
0.0492282398045
0.0541858114302
0.0588179156184
0.0630989149213
0.0670084282756
0.0705265179276
0.0736332684755
0.0763124525547
0.0785599127412
0.0803673043847
0.0817296877503
0.0826447680593
0.0831165462732
0.0831512361765
0.0827549621463
0.0819348469377
0.0807048454881
0.0790796428919
0.0770752355456
0.0747064054012
0.0719815865159
0.0689165070653
0.0655497759581
0.0619025416672
0.0579965300858
0.0538598038256
0.0495171584189
0.0449888259172
0.0403022877872
0.0354833975434
0.0305579919368
0.0255544036627
0.0204929988831
0.0154012981802
0.0103069236502
0.00522989826277
0.000198244379135
-0.00477111712098
-0.00965150725096
-0.0144259408116
-0.0190713312477
-0.023574212566
-0.0279208701104
-0.0320914499462
-0.0360766984522
-0.0398713536561
-0.0434648431838
-0.0468522123992
-0.0500328317285
-0.0530074462295
-0.0557818263769
-0.0583614371717
-0.0607522763312
-0.0629723444581
-0.0650356188416
-0.0669603422284
-0.0687641203403
-0.0704751312733
-0.0721189007163
-0.0737241059542
-0.0753183737397
-0.0769370570779
-0.0786143019795
-0.080384247005
-0.082283385098
-0.0843396186829
-0.0865691006184
-0.0890351459384
-0.0917733460665
-0.0948152393103
-0.0981912314892
-0.101933844388
-0.106067731977
-0.110613837838
-0.115590043366
-0.12100623548
-0.126881450415
-0.133211418986
-0.139983713627
-0.147195935249
-0.154834389687
-0.162874504924
-0.171268701553
-0.17998085916
-0.188974544406
-0.198182344437
-0.207540079951
-0.216970399022
-0.226395204663
-0.235735684633
-0.244889527559
-0.253745526075
-0.262205660343
-0.270163118839
-0.27749273181
-0.284070432186
-0.289781659842
-0.294503211975
-0.298107266426
-0.300473719835
-0.301479399204
-0.301006108522
-0.298948556185
-0.295202553272
-0.28966397047
-0.282239705324
-0.272857457399
-0.261457592249
-0.247976481915
-0.23236399889
-0.214610248804
-0.19470064342
-0.172654107213
-0.148446187377
-0.122128263116
-0.0937998518348
-0.0635616034269
-0.0314650274813
0.00233995402232
0.0377025231719
0.0744717568159
0.112509131432
0.151591092348
0.191494837403
0.231997430325
0.272871911526
0.313879370689
0.354724407196
0.395132005215
0.434845030308
0.473535954952
0.510946929455
0.546763062477
0.580704748631
0.612469494343
0.641766488552
0.668358623981
0.691929936409
0.712258756161
0.729115724564
0.742283761501
0.751550734043
0.756742119789
0.757737636566
0.754418373108
0.74666172266
0.734407544136
0.717660069466
0.696415245533
0.670700550079
0.640541553497
0.60611987114
0.567548215389
0.524988234043
0.478612840176
0.428741037846
0.375603735447
0.319475710392
0.260728508234
0.199656948447
0.136738270521
0.0722999051213
0.00678232964128
-0.0593622475863
-0.125710070133
-0.191770792007
-0.257083564997
-0.321210950613
-0.383649587631
-0.443957716227
-0.501644194126
-0.556281268597
-0.607470393181
-0.65476077795
-0.697751998901
-0.736132919788
-0.76956731081
-0.797740221024
-0.820374071598
-0.837279438972
-0.848289132118
-0.853251159191
-0.851898252964
-0.844365060329
-0.830686748028
-0.810898900032
-0.785041511059
-0.753336668015
-0.71598893404
-0.673242807388
-0.625329554081
-0.572640001774
-0.515582084656
-0.454532951117
-0.389943122864
-0.322286844254
-0.25213265419
-0.180018037558
-0.106449984014
-0.0320483930409
0.0425879955292
0.116897821426
0.190246149898
0.262083411217
0.331791371107
0.39878898859
0.46253567934
0.522487878799
0.578189849854
0.629127264023
0.674830973148
0.71493947506
0.749152898788
0.777145981789
0.798601031303
0.81335490942
0.821305990219
0.822351634502
0.816401720047
0.803511440754
0.783812224865
0.757434785366
0.724508404732
0.685328960419
0.640245854855
0.589582741261
0.533722579479
0.473137259483
0.408318698406
0.339820057154
0.268138200045
0.193905368447
0.117753170431
0.0402749478817
-0.0378586612642
-0.115999512374
-0.193530425429
-0.26975774765
-0.344030708075
-0.41577321291
-0.48435652256
-0.54918885231
-0.609718024731
-0.66541916132
-0.715866625309
-0.760560870171
-0.799112319946
-0.83120572567
-0.856572389603
-0.874964594841
-0.886153817177
-0.890061616898
-0.886667370796
-0.875952005386
-0.857922136784
-0.832736968994
-0.800620615482
-0.76177662611
-0.716461896896
-0.665027141571
-0.607925057411
-0.545587539673
-0.478461951017
-0.407058745623
-0.331994563341
-0.253815233707
-0.17315094173
-0.0906474217772
-0.00696902163327
0.0772623792291
0.161340713501
0.244604378939
0.326433986425
0.406125545502
0.483067780733
0.55658698082
0.626183688641
0.691275715828
0.751238107681
0.805685400963
0.854161679745
0.896268248558
0.931586146355
0.959813654423
0.980688810349
0.994087696075
0.999829888344
0.997891247272
0.988299310207
0.971056342125
0.946214497089
0.914019346237
0.87467956543
0.828431785107
0.775615215302
0.716593265533
0.651835262775
0.581747233868
0.506878077984
0.427722513676
0.344860285521
0.258958697319
0.170537665486
0.0802886039019
-0.0111772809178
-0.10315965116
-0.195004418492
-0.286063402891
-0.375731647015
-0.463316500187
-0.548197865486
-0.629808247089
-0.707621276379
-0.781033813953
-0.849568843842
-0.912741661072
-0.97019892931
-1.02149713039
-1.06632065773
-1.10441863537
-1.13557207584
-1.15956377983
-1.17627596855
-1.18568503857
-1.18778538704
-1.18257427216
-1.17013764381
-1.15067219734
-1.12437725067
-1.09143817425
-1.0521749258
-1.00691795349
-0.956028699875
-0.899927914143
-0.838998913765
-0.773752510548
-0.704640567303
-0.632216632366
-0.556929409504
-0.479349523783
-0.39997535944
-0.319418013096
-0.238126829267
-0.15666012466
-0.0754989311099
0.00480299349874
0.0837797820568
0.160988345742
0.235985696316
0.308376163244
0.377771317959
0.443850725889
0.50632494688
0.564827919006
0.619217634201
0.669316649437
0.714896976948
0.755669474602
0.791666865349
0.822929561138
0.84944152832
0.871222317219
0.888361334801
0.900977194309
0.909190237522
0.913138389587
0.913032829762
0.909090638161
0.901526033878
0.890583336353
0.876523256302
0.859627008438
0.84016084671
0.818422853947
0.794679224491
0.769226372242
0.742350876331
0.714326739311
0.685396552086
0.65582805872
0.625876009464
0.595751881599
0.565675795078
0.535810887814
0.506361424923
0.47747451067
0.449246913195
0.421813905239
0.39525577426
0.369643807411
0.344990611076
0.321343004704
0.298698335886
0.277043014765
0.256327211857
0.236491516232
0.217500269413
0.199248939753
0.181645482779
0.16458876431
0.147967144847
0.131678506732
0.115584723651
0.0995704606175
0.0834951996803
0.067258246243
0.0507611781359
0.0338991321623
0.0165667235851
-0.00131658755708
-0.0198354795575
-0.0390475317836
-0.0590317994356
-0.0798035040498
-0.101392202079
-0.123796492815
-0.147035434842
-0.171057343483
-0.195817053318
-0.221269205213
-0.247344568372
-0.273952513933
-0.300975769758
-0.328308463097
-0.355823993683
-0.383372843266
-0.41081738472
-0.437994122505
-0.464740723372
-0.490884959698
-0.516254782677
-0.540689647198
-0.563997924328
-0.586033880711
-0.606619656086
-0.625590026379
-0.642807543278
-0.658118784428
-0.671403110027
-0.682521283627
-0.691375851631
-0.697882354259
-0.701959252357
-0.703521847725
-0.702197134495
-0.698313713074
-0.691854476929
-0.682817280293
-0.67123913765
-0.657186508179
-0.640696585178
-0.621847033501
-0.600749850273
-0.577522099018
-0.552281618118
-0.525163173676
-0.496319055557
-0.465929806232
-0.434179276228
-0.401220053434
-0.36726424098
-0.332510769367
-0.297158718109
-0.261409968138
-0.225452139974
-0.189522564411
-0.153808429837
-0.118486098945
-0.0837572216988
-0.0498223379254
-0.0168317835778
0.015040830709
0.045651242137
0.0748415440321
0.102501109242
0.128512382507
0.15278595686
0.17523214221
0.195769995451
0.21430452168
0.230788126588
0.245245501399
0.257663547993
0.268068909645
0.276495397091
0.282976359129
0.287560403347
0.290322780609
0.29134953022
0.290723651648
0.288541048765
0.284919172525
0.279977142811
0.273834437132
0.266618251801
0.258465617895
0.249514237046
0.239901915193
0.22976616025
0.2192491889
0.208478406072
0.197600409389
0.186731651425
0.176001504064
0.165519222617
0.155411824584
0.145772084594
0.136687502265
0.128245592117
0.120529897511
0.113598011434
0.107497446239
0.102277845144
0.0979763418436
0.0945747569203
0.0920966118574
0.0905633270741
0.0899704173207
0.0902883633971
0.0914828777313
0.0935187265277
0.0963560864329
0.0999329984188
0.104188978672
0.109062485397
0.11448712647
0.120385020971
0.126686051488
0.133308768272
0.140180587769
0.147226318717
0.154367476702
0.161535724998
0.168656006455
0.175669565797
0.182514667511
0.189130246639
0.195464402437
0.201480314136
0.207138344646
0.212400227785
0.217242315412
0.221647769213
0.22560416162
0.229098439217
0.232129454613
0.234707161784
0.23683488369
0.238520815969
0.239784061909
0.240641057491
0.241112053394
0.241131260991
0.240780502558
0.240102797747
0.239118307829
0.23784480989
0.236294820905
0.234477326274
0.232403546572
0.230076238513
0.22749222815
0.224644437432
0.221522763371
0.218116655946
0.21440140903
0.210347443819
0.205932348967
0.201125010848
0.195881068707
0.190165087581
0.183937430382
0.177153289318
0.169767975807
0.161736741662
0.153019100428
0.14357098937
0.133360624313
0.122347153723
0.110494546592
0.0977842584252
0.0841949284077
0.069717682898
0.0543317236006
0.0380483791232
0.0208668392152
0.00282680103555
-0.0160800591111
-0.0357967913151
-0.056271918118
-0.0774646475911
-0.0993219763041
-0.121757283807
-0.14468473196
-0.168042734265
-0.191707700491
-0.215609535575
-0.239611193538
-0.26359975338
-0.287473231554
-0.31109341979
-0.33434510231
-0.35700905323
-0.379014998674
-0.400244325399
-0.420578420162
-0.439888745546
-0.458042234182
-0.474924534559
-0.490430086851
-0.504439413548
-0.51685243845
-0.52758038044
-0.536531150341
-0.543631613255
-0.548800826073
-0.551991224289
-0.553158521652
-0.552257716656
-0.549255073071
-0.544148445129
-0.536938428879
-0.527620732784
-0.51620811224
-0.502755403519
-0.487296074629
-0.469874083996
-0.450557470322
-0.429433137178
-0.406578958035
-0.382093042135
-0.356064766645
-0.328628212214
-0.299907356501
-0.270011782646
-0.239088565111
-0.207286387682
-0.174738958478
-0.141610130668
-0.108038634062
-0.0742026418447
-0.0402648374438
-0.0063714645803
0.0272985287011
0.0605816952884
0.0933150574565
0.125351086259
0.156531184912
0.186674892902
0.215660750866
0.243324428797
0.269539237022
0.294166445732
0.317081660032
0.33816125989
0.357306063175
0.374417722225
0.389416366816
0.402201354504
0.412718772888
0.420921057463
0.426770925522
0.430223435163
0.431265324354
0.429906368256
0.426158219576
0.420034617186
0.411572366953
0.400838822126
0.387902766466
0.372825741768
0.355703026056
0.336654216051
0.315800368786
0.293251365423
0.269166201353
0.243685245514
0.216971293092
0.189214602113
0.160577788949
0.131239756942
0.101408831775
0.0712791234255
0.0410336144269
0.0109076108783
-0.0189228076488
-0.0482231453061
-0.0768202543259
-0.104502938688
-0.131088882685
-0.156356960535
-0.180145993829
-0.202266395092
-0.222577303648
-0.240905225277
-0.257099658251
-0.271044105291
-0.282632797956
-0.291745454073
-0.298292011023
-0.302168816328
-0.303328335285
-0.301774889231
-0.297476649284
-0.290452182293
-0.280734032393
-0.268354356289
-0.253344923258
-0.23580981791
-0.215839639306
-0.193561375141
-0.169064715505
-0.142528787255
-0.11410266161
-0.0839741751552
-0.0523364730179
-0.0193665809929
0.0146928355098
0.0496145561337
0.0851708874106
0.121118634939
0.157202199101
0.193166583776
0.228757202625
0.263719975948
0.297801613808
0.33075016737
0.36231520772
0.392259210348
0.420363605022
0.44641289115
0.470182210207
0.491500407457
0.510198295116
0.5261246562
0.539129137993
0.54907810688
0.555808782578
0.55905687809
0.559011280537
0.555607974529
0.548840463161
0.538714110851
0.525248408318
0.508454620838
0.488396555185
0.465200901031
0.438965946436
0.409803062677
0.377889156342
0.343392193317
0.306529045105
0.267522782087
0.226567104459
0.183968737721
0.139973819256
0.0948453396559
0.0488525666296
0.00228119641542
-0.0445617213845
-0.0914496332407
-0.138005778193
-0.183972686529
-0.229124516249
-0.273186802864
-0.315882503986
-0.356931567192
-0.39612185955
-0.433156043291
-0.467797249556
-0.499825119972
-0.529037356377
-0.55528062582
-0.578353226185
-0.598138868809
-0.614565432072
-0.627571463585
-0.63709706068
-0.64312005043
-0.645671904087
-0.644101142883
-0.639087021351
-0.630633175373
-0.618795156479
-0.603650271893
-0.585279583931
-0.563773930073
-0.539292693138
-0.512002468109
-0.482132941484
-0.449864387512
-0.415465414524
-0.379187017679
-0.34129062295
-0.302002370358
-0.26149892807
-0.219870567322
-0.177572309971
-0.134812474251
-0.0918780788779
-0.0489763170481
-0.00641320366412
0.0355839841068
0.0767191722989
0.116737440228
0.155411496758
0.19252833724
0.227890878916
0.261349618435
0.292683452368
0.321579039097
0.348187148571
0.372319400311
0.393876343966
0.412732452154
0.428785264492
0.441924780607
0.452105760574
0.45934394002
0.463663876057
0.465109795332
0.46374809742
0.459628880024
0.452324777842
0.442442029715
0.430024683475
0.415133088827
0.397862970829
0.378338038921
0.356694251299
0.333093315363
0.307739883661
0.280857235193
0.252635210752
0.223283722997
0.192803010345
0.161370828748
0.129291057587
0.0967109575868
0.0638117045164
0.0308082140982
-0.00210622954182
-0.0347160100937
-0.0668186619878
-0.0982185453176
-0.128770649433
-0.158331498504
-0.186692982912
-0.213669106364
-0.239338442683
-0.263528078794
-0.286095440388
-0.306905418634
-0.325834989548
-0.34280243516
-0.357714921236
-0.370523929596
-0.381248652935
-0.389898061752
-0.396309137344
-0.400256872177
-0.402122765779
-0.401886671782
-0.399523735046
-0.395017027855
-0.388396173716
-0.379730463028
-0.369108051062
-0.356631338596
-0.342420041561
-0.3266017735
-0.309196949005
-0.290056049824
-0.269591510296
-0.247886553407
-0.225029438734
-0.201160773635
-0.176389157772
-0.150879502296
-0.12478338182
-0.0982784256339
-0.071521922946
-0.0446571446955
-0.0177925471216
0.00899265613407
0.0355315990746
0.0617285780609
0.0874526873231
0.112552762032
0.136885195971
0.160317599773
0.182712048292
0.203978925943
0.224019259214
0.242768004537
0.260157376528
0.275971919298
0.290181308985
0.302882045507
0.313993513584
0.323463261127
0.331230968237
0.337256252766
0.341513067484
0.343997210264
0.344744950533
0.343801170588
0.341209918261
0.337032586336
0.331163138151
0.323561310768
0.314526945353
0.304090291262
0.292304933071
0.27924066782
0.264984488487
0.249618947506
0.233243376017
0.21599753201
0.19799901545
0.179372102022
0.160249501467
0.140730276704
0.120889849961
0.100773520768
0.080593816936
0.0604638755322
0.0404702611268
0.0207376182079
0.00138474092819
-0.017476061359
-0.0357384681702
-0.0533054731786
-0.0700556710362
-0.0859087333083
-0.100802749395
-0.114664137363
-0.127430394292
-0.139047726989
-0.149396657944
-0.158467337489
-0.166283771396
-0.172799572349
-0.177997887135
-0.181864902377
-0.184391230345
-0.185569822788
-0.185414105654
-0.183954358101
-0.181224122643
-0.17725686729
-0.172099292278
-0.165821865201
-0.158484444022
-0.150150731206
-0.140893757343
-0.130793988705
-0.119925484061
-0.108279779553
-0.0960254073143
-0.0832493975759
-0.0700452998281
-0.056501917541
-0.0426954329014
-0.0287305861712
-0.0146992569789
-0.000687471067067
0.0132107986137
0.0269068740308
0.04030989483
0.0533421076834
0.0659128502011
0.0779524669051
0.0893948599696
0.100174307823
0.11022515595
0.119485631585
0.127917841077
0.13547962904
0.142128616571
0.147828936577
0.152559056878
0.156305715442
0.159047603607
0.160773217678
0.161485373974
0.161139965057
0.159780740738
0.157432377338
0.154119029641
0.149869278073
0.144711837173
0.138677731156
0.131809473038
0.124154239893
0.115755096078
0.106669038534
0.0969485044479
0.0866480693221
0.0758326798677
0.0645633414388
0.0529042854905
0.0409214608371
0.0286812111735
0.0162441227585
0.00368198147044
-0.00893961824477
-0.0215547066182
-0.034103423357
-0.0465178228915
-0.058738257736
-0.070710465312
-0.0823632180691
-0.0936601087451
-0.104534886777
-0.114948101342
-0.124849818647
-0.134193688631
-0.142942547798
-0.151062890887
-0.158513918519
-0.165271297097
-0.171307519078
-0.176601499319
-0.181127384305
-0.184873849154
-0.187827914953
-0.189980775118
-0.191321745515
-0.191851750016
-0.191481202841
-0.190300315619
-0.188313484192
-0.1855340451
-0.181981220841
-0.177664071321
-0.172604903579
-0.166826739907
-0.160358995199
-0.153228640556
-0.145463019609
-0.13710321486
-0.1281837672
-0.118747480214
-0.108834005892
-0.098497338593
-0.0877879187465
-0.0767516568303
-0.0654491335154
-0.0539393872023
-0.0422814078629
-0.0305288210511
-0.0187487397343
-0.00700392946601
0.00464683678001
0.0161080192775
0.0273025333881
0.0381774753332
0.0486679263413
0.0587007328868
0.068220205605
0.0771691948175
0.0854781121016
0.0930983871222
0.0999770313501
0.106065861881
0.111316286027
0.115698501468
0.119182169437
0.121737331152
0.12327721715
0.123752214015
0.123243190348
0.121738165617
0.119229823351
0.115730449557
0.111251600087
0.105807483196
0.099430501461
0.0921589285135
0.0840442031622
0.0751295983791
0.0654803663492
0.0551265738904
0.044162068516
0.0327173471451
0.0208794996142
0.00872804224491
-0.00365060614422
-0.0161635708064
-0.0287057943642
-0.0411786437035
-0.0534967668355
-0.0655486732721
-0.0772565603256
-0.0883721262217
-0.0988420248032
-0.108587749302
-0.117502696812
-0.125486910343
-0.132443606853
-0.138298481703
-0.142978012562
-0.146418690681
-0.148578479886
-0.149323508143
-0.148532092571
-0.146318942308
-0.142655700445
-0.137514099479
-0.13087695837
-0.122744396329
-0.113147191703
-0.102128624916
-0.089714422822
-0.0759013742208
-0.0608539693058
-0.0447112396359
-0.0275448728353
-0.00944435689598
0.00948145613074
0.0291235428303
0.0493901222944
0.0701627060771
0.0912862196565
0.112423554063
0.133507475257
0.154369413853
0.174865707755
0.194835111499
0.214145958424
0.232689529657
0.25036790967
0.266936898232
0.281973958015
0.2956610322
0.307834476233
0.318357288837
0.327119648457
0.33404737711
0.339135736227
0.342400431633
0.343339174986
0.342164695263
0.339034408331
0.333878695965
0.326650500298
0.317372858524
0.306126773357
0.293021708727
0.277990341187
0.260965555906
0.242479458451
0.222551777959
0.201247617602
0.178664520383
0.15494568646
0.130227223039
0.104666389525
0.0783255547285
0.0516861900687
0.0248508416116
-0.00204343325458
-0.0288614500314
-0.0554796233773
-0.081769131124
-0.107639193535
-0.132632106543
-0.15666629374
-0.179633155465
-0.201410844922
-0.221871569753
-0.240946501493
-0.258616387844
-0.27488425374
-0.289111763239
-0.301609933376
-0.312357634306
-0.321258038282
-0.328265368938
-0.333408981562
-0.336756616831
-0.338402986526
-0.337751626968
-0.335396587849
-0.331381142139
-0.325678169727
-0.318324893713
-0.309402793646
-0.299044638872
-0.287411510944
-0.274090945721
-0.259755253792
-0.244475737214
-0.228288993239
-0.211267367005
-0.193521946669
-0.175192952156
-0.156434237957
-0.137126132846
-0.117753274739
-0.0984036922455
-0.0791402831674
-0.0600536726415
-0.0412282980978
-0.0227656718343
-0.00474973162636
0.0126784108579
0.0293297246099
0.045135576278
0.0600379221141
0.0739729180932
0.0869064629078
0.098801702261
0.109640292823
0.119217187166
0.127532154322
0.134615004063
0.140435546637
0.144983574748
0.148262962699
0.150302141905
0.15114814043
0.150720104575
0.149002209306
0.146192491055
0.142307311296
0.137373447418
0.131438285112
0.124565646052
0.116839855909
0.108351252973
0.0989888310432
0.0890745893121
0.0786691531539
0.0678283795714
0.0566186606884
0.0451123267412
0.0333957709372
0.0215499326587
0.00964763201773
-0.00217484869063
-0.0137998498976
-0.025160163641
-0.0361906439066
-0.0468252934515
-0.0570006296039
-0.0666653439403
-0.0757815763354
-0.0842538848519
-0.0919159278274
-0.0988175794482
-0.104917615652
-0.11016420275
-0.114519439638
-0.117968946695
-0.120499692857
-0.122109286487
-0.122806020081
-0.122405305505
-0.121060520411
-0.118796356022
-0.115615554154
-0.11152766645
-0.106543287635
-0.100699983537
-0.0940340533853
-0.0865950360894
-0.0784223824739
-0.069471731782
-0.0599357411265
-0.0498722493649
-0.0393235981464
-0.0283462647349
-0.0170049704611
-0.00535629922524
0.00653075333685
0.0185972489417
0.0307762473822
0.0429999493062
0.0551073327661
0.0670689865947
0.078808054328
0.0902743861079
0.101391144097
0.112108521163
0.122369602323
0.132120460272
0.141334548593
0.149974793196
0.158014595509
0.165333375335
0.171828478575
0.177606016397
0.182637304068
0.186906680465
0.190395414829
0.193094313145
0.195001497865
0.196130394936
0.196497797966
0.1961235255
0.195037201047
0.193273797631
0.190864786506
0.18765757978
0.183834299445
0.179475978017
0.174609750509
0.16926677525
0.16348272562
0.157295316458
0.150743812323
0.143869310617
0.136717364192
0.129324525595
0.121740542352
0.11400219053
0.106147319078
0.0982130020857
0.0902381911874
0.0822483897209
0.0742216557264
0.0662398263812
0.0583363249898
0.0505346991122
0.0428494699299
0.0352921560407
0.0278757568449
0.0206081233919
0.013500184752
0.00655962899327
-0.000211708887946
-0.0068123517558
-0.0132380323485
-0.019490480423
-0.025567876175
-0.0314760021865
-0.0372151471674
-0.0427884757519
-0.048202522099
-0.0534616298974
-0.058567725122
-0.0635251104832
-0.0683375746012
-0.073010802269
-0.0775457918644
-0.0819478183985
-0.0862138867378
-0.0903495624661
-0.0943557620049
-0.098228611052
-0.101971626282
-0.105581223965
-0.109056003392
-0.11239439249
-0.115593783557
-0.118653386831
-0.121568337083
-0.124330513179
-0.126945331693
-0.129410102963
-0.131722301245
-0.133870884776
-0.135858416557
-0.137682929635
-0.139343947172
-0.140837013721
-0.142162919044
-0.14332228899
-0.14431348443
-0.145136341453
-0.145791530609
-0.146279886365
-0.146602645516
-0.146759837866
-0.146753251553
-0.146583765745
-0.146252423525
-0.145760133862
-0.145107731223
-0.14429564774
-0.143323868513
-0.142193049192
-0.140902191401
-0.139451175928
-0.137839302421
-0.136065110564
-0.134128391743
-0.132026612759
-0.129759609699
-0.127325415611
-0.124724291265
-0.121953822672
-0.11901460588
-0.115904487669
-0.112624712288
-0.109172664583
-0.1055470258
-0.101706057787
-0.0976338610053
-0.0933792665601
-0.0889398604631
-0.0843087136745
-0.0794838145375
-0.0744581595063
-0.069236651063
-0.0638176128268
-0.0582059770823
-0.0524018071592
-0.0464198961854
-0.040266957134
-0.0339523814619
-0.0274903737009
-0.0208873227239
-0.0141582638025
-0.00730783725157
-0.0003452875535
0.00671553844586
0.0138510735705
0.0210468564183
0.0282821469009
0.0355309471488
0.0427677929401
0.0499567352235
0.0570747517049
0.0641007050872
0.0710044279695
0.0777742564678
0.0843472257257
0.0906716510653
0.0968003198504
0.102701358497
0.108341664076
0.113677822053
0.118681691587
0.123323261738
0.127582371235
0.131448641419
0.134915307164
0.137993276119
0.140508264303
0.142568960786
0.144201442599
0.145381420851
0.146089076996
0.146310523152
0.146042898297
0.145300775766
0.144115313888
0.142523407936
0.140484318137
0.137904956937
0.1349645257
0.131663367152
0.12800526619
0.124000221491
0.119687430561
0.115109778941
0.110328257084
0.1053988114
0.100242935121
0.0949203819036
0.0895222127438
0.0840742960572
0.0786039829254
0.0731532275677
0.0677760988474
0.0625216811895
0.0574477910995
0.0525451339781
0.0478037707508
0.043312959373
0.0390910245478
0.0351728945971
0.0315867885947
0.0283610615879
0.0255230981857
0.0230976622552
0.0210557840765
0.0194178447127
0.0182043500245
0.0174178425223
0.0170640591532
0.0171396266669
0.0176331382245
0.018533475697
0.0198168437928
0.0214493051171
0.0234498884529
0.0257883500308
0.0284279119223
0.031335208565
0.0344758778811
0.0378126315773
0.0413073413074
0.0448635295033
0.0485348366201
0.0522673204541
0.0559963844717
0.0596659108996
0.0632256418467
0.0666484087706
0.0698902979493
0.0728217065334
0.0755266398191
0.0779358074069
0.0799869075418
0.0816326513886
0.0828484073281
0.083625420928
0.0839010998607
0.0835990384221
0.0827948749065
0.0814354121685
0.0794806182384
0.0769243836403
0.0737897083163
0.0701024085283
0.0657824203372
0.0608434975147
0.0553153380752
0.0491968952119
0.0425098463893
0.0352976359427
0.0276068858802
0.0194888971746
0.0109074516222
0.00188905047253
-0.0075386473909
-0.0173161067069
-0.0273608695716
-0.0376073159277
-0.0480065718293
-0.0584739372134
-0.0690196081996
-0.0796546265483
-0.0902816802263
-0.100813381374
-0.111157357693
-0.121273949742
-0.131158605218
-0.140506744385
-0.149590104818
-0.15830796957
-0.166552767158
-0.174231156707
-0.181311294436
-0.187811374664
-0.193553775549
-0.198524236679
-0.202863588929
-0.206457614899
-0.209231719375
-0.211174309254
-0.212328404188
-0.212762951851
-0.212047711015
-0.210581108928
-0.208311676979
-0.205185517669
-0.201194792986
-0.19639763236
-0.190902292728
-0.184636101127
-0.177477896214
-0.169665321708
-0.161167547107
-0.1520088166
-0.142265200615
-0.132037639618
-0.121422678232
-0.110295921564
-0.0987460911274
-0.086867429316
-0.0746930390596
-0.0623065084219
-0.0498007871211
-0.0372728928924
-0.0248040128499
-0.0123576102778
2.78964289464e-05
0.0122739672661
0.0243204366416
0.0360619202256
0.0474247299135
0.0583567284048
0.0688216388226
0.0786945596337
0.088089376688
0.0969379916787
0.105161502957
0.112699612975
0.11951149255
0.125592514873
0.130969733
0.13540533185
0.139132559299
0.14210319519
0.1442745924
0.145628914237
0.146177440882
0.145956993103
0.145023435354
0.143247798085
0.140713855624
0.137518286705
0.13364893198
0.12912298739
0.123986139894
0.118312127888
0.112171038985
0.105642072856
0.0985486283898
0.0911263152957
0.0834005847573
0.0754113867879
0.0672130733728
0.0588872767985
0.0505027547479
0.0421371385455
0.0338557176292
0.0256127752364
0.0175119787455
0.00959568377584
0.00192959990818
-0.00543261831626
-0.0124395098537
-0.0190359316766
-0.025175023824
-0.0308331400156
-0.0359632596374
-0.0405621789396
-0.0446217767894
-0.0481051653624
-0.0509864427149
-0.0532516688108
-0.0548899210989
-0.0559010580182
-0.0562959760427
-0.05609960109
-0.0552714802325
-0.0538542568684
-0.0518816113472
-0.0493672601879
-0.0463375672698
-0.0428239069879
-0.0388632081449
-0.0345013849437
-0.0297919139266
-0.0247858762741
-0.0195216368884
-0.0140187880024
-0.00834262371063
-0.00254072062671
0.00333422399126
0.00922530982643
0.0150741133839
0.02082307823
0.0264172088355
0.0318053625524
0.0369430631399
0.0417836867273
0.0462541654706
0.0503632202744
0.0540629588068
0.0573117397726
0.0600718185306
0.0623072758317
0.0639856234193
0.0650865659118
0.0656033977866
0.0655321851373
0.0648699775338
0.0635782256722
0.0616432875395
0.0591199025512
0.056004229933
0.0523008815944
0.0480215623975
0.0431967005134
0.0378535240889
0.0320236459374
0.0257419589907
0.0190610252321
0.012021722272
0.00466882344335
-0.00296818348579
-0.0108424518257
-0.0189022012055
-0.0271050743759
-0.0353876128793
-0.043694306165
-0.0519624650478
-0.0601294338703
-0.0681341066957
-0.075919277966
-0.0834327787161
-0.0906220078468
-0.0974479094148
-0.103838577867
-0.109671853483
-0.115010112524
-0.119802646339
-0.123997084796
-0.127547904849
-0.130420267582
-0.132574751973
-0.133979395032
-0.134612932801
-0.134467244148
-0.133537396789
-0.131818145514
-0.129313334823
-0.126036077738
-0.12195173651
-0.117025010288
-0.111355550587
-0.104954786599
-0.0978519916534
-0.0900688320398
-0.081633284688
-0.0725910291076
-0.0629885196686
-0.0528731271625
-0.0423139967024
-0.0313545688987
-0.0200655329973
-0.00851727556437
0.00323371193372
0.0151259629056
0.0270889569074
0.0390419028699
0.0509337820113
0.0627045556903
0.0742795914412
0.0856002122164
0.0965820550919
0.10715726018
0.117251813412
0.126810476184
0.135759413242
0.144036620855
0.151596218348
0.158386930823
0.164371207356
0.169508576393
0.173763304949
0.177118375897
0.179554760456
0.180924877524
0.181296467781
0.180700570345
0.179132521152
0.176589012146
0.173066601157
0.168578907847
0.163152351975
0.156809717417
0.149577841163
0.141497030854
0.132624536753
0.123015061021
0.112713247538
0.10179065913
0.0903137326241
0.0783602446318
0.065995015204
0.0532899796963
0.0403299592435
0.0271858237684
0.0139170419425
0.000633395276964
-0.012593225576
-0.0256824307144
-0.0385459288955
-0.0511081777513
-0.06328497082
-0.0750064179301
-0.086195461452
-0.0967699587345
-0.10666809231
-0.115825816989
-0.124189019203
-0.131698995829
-0.138305440545
-0.143978968263
-0.148687317967
-0.152397021651
-0.155087321997
-0.156756222248
-0.157399296761
-0.157014459372
-0.155605122447
-0.153193771839
-0.149736434221
-0.145290538669
-0.139917358756
-0.13365958631
-0.126557469368
-0.118668608367
-0.110030241311
-0.100711852312
-0.0907817259431
-0.080303221941
-0.0693452954292
-0.0579950064421
-0.0463163740933
-0.0344017520547
-0.0223268251866
-0.0101798996329
0.00195594318211
0.0140036353841
0.0258801709861
0.0374999828637
0.0487938672304
0.0596817880869
0.0700898393989
0.079954110086
0.0892150625587
0.0978102385998
0.105685994029
0.112785294652
0.119069941342
0.124500982463
0.128982067108
0.132541507483
0.135159596801
0.136824831367
0.137522682548
0.137242481112
0.135989531875
0.133775249124
0.130612671375
0.126515865326
0.121510639787
0.115635499358
0.108923718333
0.101415663958
0.0931554734707
0.0842031314969
0.0746153518558
0.064444065094
0.0537572205067
0.0426189862192
0.0311042945832
0.0192772559822
0.0072215795517
-0.00500541133806
-0.0173107981682
-0.0296315867454
-0.0418935529888
-0.0540117099881
-0.0659254938364
-0.0775620862842
-0.0888455584645
-0.0997118502855
-0.11010274291
-0.119949400425
-0.129191830754
-0.137783661485
-0.145671546459
-0.152806803584
-0.15908293426
-0.164522707462
-0.16909584403
-0.172774016857
-0.175525948405
-0.177337288857
-0.178198739886
-0.178098887205
-0.177028909326
-0.174993902445
-0.172005444765
-0.168074920774
-0.163212314248
-0.15744420886
-0.150798693299
-0.143310084939
-0.135010778904
-0.125938296318
-0.116145268083
-0.105680599809
-0.0945880189538
-0.0829284191132
-0.0707632526755
-0.0581479407847
-0.0451499447227
-0.0318345241249
-0.0182636994869
-0.00451256288216
0.00935008842498
0.0232616644353
0.0371455587447
0.0509385094047
0.0645572245121
0.077953286469
0.0910415127873
0.103769429028
0.116065315902
0.127873018384
0.139130547643
0.149782642722
0.159778818488
0.16906259954
0.177592143416
0.185330152512
0.192231342196
0.198259368539
0.203391447663
0.207601502538
0.210867196321
0.213167637587
0.214497029781
0.214851841331
0.214227244258
0.212621793151
0.210052505136
0.206517159939
0.202013716102
0.196600139141
0.190305233002
0.183163434267
0.175213366747
0.166493296623
0.157052189112
0.146937325597
0.136205255985
0.124903984368
0.113099589944
0.100856006145
0.0882307142019
0.07529399544
0.0621136538684
0.0487522035837
0.0352853275836
0.0217821151018
0.00830390956253
-0.00507513806224
-0.018293980509
-0.0312789678574
-0.0439686104655
-0.0563102513552
-0.0682388916612
-0.0796966254711
-0.0906399562955
-0.101019613445
-0.110792078078
-0.119918875396
-0.128364041448
-0.136107161641
-0.143120005727
-0.149379521608
-0.154877349734
-0.15960803628
-0.163569241762
-0.166760519147
-0.169189915061
-0.170875683427
-0.171836480498
-0.172090232372
-0.171664729714
-0.170595064759
-0.168916553259
-0.1666636765
-0.163878649473
-0.160607531667
-0.156894788146
-0.152788236737
-0.14833368361
-0.14358265698
-0.138584718108
-0.133386850357
-0.128038689494
-0.122585378587
-0.117069385946
-0.11153832823
-0.106031559408
-0.100580587983
-0.0952221229672
-0.0899875238538
-0.0849053710699
-0.0799942687154
-0.0752704888582
-0.070754610002
-0.0664562731981
-0.062374997884
-0.0585141070187
-0.0548729263246
-0.0514464564621
-0.0482202135026
-0.0451781861484
-0.0423071049154
-0.0395850092173
-0.0369881168008
-0.0344863310456
-0.0320566184819
-0.0296671520919
-0.0272855926305
-0.0248817317188
-0.0224208943546
-0.0198709499091
-0.0172014627606
-0.0143808871508
-0.0113778058439
-0.00816298741847
-0.00471200188622
-0.00100231159013
0.00298994220793
0.00728197023273
0.0118871992454
0.0168147664517
0.0220779720694
0.0276769008487
0.0336063914001
0.0398641489446
0.0464417785406
0.0533277951181
0.0604966841638
0.0679258257151
0.07559581846
0.0834718123078
0.091515623033
0.0996928736567
0.107961170375
0.116279453039
0.12459409982
0.132855191827
0.141016617417
0.149021163583
0.156817153096
0.164341852069
0.171550318599
0.17837767303
0.184776559472
0.190692439675
0.196068778634
0.200857445598
0.205013468862
0.208493500948
0.211252570152
0.213254109025
0.21446877718
0.214867159724
0.214420869946
0.213113442063
0.210937023163
0.207880809903
0.203936383128
0.19911248982
0.193423211575
0.186882540584
0.179499521852
0.171314716339
0.162357419729
0.152668014169
0.142280489206
0.131251171231
0.119636535645
0.107487022877
0.0948664024472
0.0818421915174
0.0684782192111
0.0548443384469
0.0410224460065
0.0270754210651
0.0130897918716
-0.000850349082612
-0.0146686164662
-0.0282970629632
-0.0416543744504
-0.054666236043
-0.0672668069601
-0.0793908759952
-0.0909635126591
-0.101932577789
-0.112238705158
-0.121830128133
-0.130662173033
-0.138690143824
-0.14587983489
-0.152207717299
-0.157649442554
-0.162184298038
-0.165802359581
-0.168505862355
-0.170300751925
-0.171193301678
-0.1711987257
-0.170347511768
-0.168671503663
-0.166202962399
-0.162982210517
-0.159063979983
-0.154500260949
-0.1493473351
-0.143667295575
-0.137526556849
-0.130997478962
-0.124146662652
-0.117050483823
-0.109784975648
-0.102422744036
-0.0950431749225
-0.0877166241407
-0.0805189236999
-0.0735224112868
-0.0667954906821
-0.0604044906795
-0.054405272007
-0.0488596111536
-0.0438219569623
-0.0393393076956
-0.0354423262179
-0.0321735478938
-0.029563035816
-0.027626439929
-0.0263741202652
-0.0258018989116
-0.0259261466563
-0.0267307348549
-0.0281938519329
-0.0302949212492
-0.0330054834485
-0.036281529814
-0.0400732606649
-0.0443341992795
-0.0490079373121
-0.0540269389749
-0.0593246817589
-0.0648297592998
-0.0704718008637
-0.0761687383056
-0.0818407684565
-0.0874105319381
-0.0927956476808
-0.0979191958904
-0.102699391544
-0.10705716908
-0.110921390355
-0.114222861826
-0.11689569056
-0.118872098625
-0.120098911226
-0.120530225337
-0.120121270418
-0.118828199804
-0.116626061499
-0.11349889636
-0.109428599477
-0.104400895536
-0.0984283387661
-0.0915176346898
-0.0836927443743
-0.0749392285943
-0.0653243884444
-0.0549139939249
-0.0437555164099
-0.0318962745368
-0.0194114837795
-0.00637372862548
0.00715081719682
0.0210848152637
0.0353270955384
0.0498083680868
0.0644191354513
0.0790811032057
0.0936993807554
0.108172081411
0.122404202819
0.136310011148
0.149794071913
0.16276781261
0.175148904324
0.186858206987
0.197813615203
0.207958579063
0.217208996415
0.225519731641
0.232843548059
0.239129468799
0.244334042072
0.248435750604
0.251332819462
0.252994060516
0.253494650126
0.252842694521
0.251048356295
0.248123437166
0.244084060192
0.238967210054
0.232807442546
0.225644618273
0.217524811625
0.208502084017
0.198639437556
0.187991961837
0.176630675793
0.164629176259
0.152055352926
0.138982594013
0.125499919057
0.111666955054
0.0975811257958
0.0833071470261
0.0689203366637
0.0545018166304
0.0401257090271
0.0258509460837
0.011766362004
-0.00204739277251
-0.0155195398256
-0.0285895485431
-0.0412111096084
-0.0533323101699
-0.0648953989148
-0.075853921473
-0.0861706733704
-0.0958132296801
-0.104743920267
-0.112929396331
-0.120349563658
-0.12698751688
-0.132821023464
-0.137842953205
-0.142047911882
-0.145434841514
-0.148000448942
-0.149752765894
-0.150704205036
-0.150864481926
-0.150118589401
-0.148616179824
-0.146380588412
-0.143432736397
-0.139796972275
-0.135508418083
-0.130593255162
-0.12509046495
-0.119031608105
-0.112457625568
-0.105413682759
-0.0979428514838
-0.0900917947292
-0.0819065198302
-0.0734364315867
-0.0647393539548
-0.0558553151786
-0.0468496568501
-0.0377667546272
-0.0286633446813
-0.0195777472109
-0.0105982609093
-0.00177472259384
0.00682798260823
0.0151671171188
0.0231910608709
0.0308408234268
0.0380736105144
0.0448392480612
0.0510939508677
0.0567881464958
0.0618807151914
0.0663374587893
0.0701201930642
0.0731940492988
0.0755332037807
0.0771172791719
0.077923387289
0.0779317393899
0.0770894065499
0.0754124894738
0.0729261562228
0.0696323886514
0.0655447095633
0.0606820620596
0.055062033236
0.0487075559795
0.0416600070894
0.0339594185352
0.0256462618709
0.0167713109404
0.00738974148408
-0.00243534357287
-0.012644411996
-0.0231741666794
-0.0339423269033
-0.0448872670531
-0.0559004656971
-0.0668786764145
-0.0777523592114
-0.0884490758181
-0.0988811030984
-0.108966201544
-0.118621833622
-0.127769336104
-0.136322692037
-0.144218668342
-0.151383534074
-0.157751515508
-0.163261145353
-0.167870506644
-0.171528980136
-0.174196064472
-0.175842747092
-0.176447495818
-0.175814315677
-0.174091205001
-0.171287193894
-0.167408466339
-0.16246175766
-0.15645673871
-0.149425119162
-0.141408622265
-0.132441088557
-0.122567869723
-0.111861288548
-0.100375711918
-0.0881806910038
-0.0753516405821
-0.0619693249464
-0.0481133125722
-0.0338632464409
-0.0192951839417
-0.00454182503745
0.0102879377082
0.0251211002469
0.0398572348058
0.0544223599136
0.0687213689089
0.0826637819409
0.0961839184165
0.109198026359
0.121629849076
0.13341461122
0.144496828318
0.154821902514
0.164338096976
0.173009097576
0.180804401636
0.187521487474
0.193245097995
0.197994634509
0.201759517193
0.204528823495
0.206295788288
0.207072764635
0.206872984767
0.205710962415
0.203612923622
0.200616762042
0.19676207006
0.19208997488
0.186651021242
0.180500656366
0.17369325459
0.166282877326
0.158175289631
0.149592518806
0.140604481101
0.131270229816
0.121636167169
0.111767105758
0.10171096772
0.0915327072144
0.0812775567174
0.0710097104311
0.0607801042497
0.0506390966475
0.0406329855323
0.0308076869696
0.0212075337768
0.0118681658059
0.00282577006146
-0.00588827347383
-0.0142156789079
-0.0221419110894
-0.029650028795
-0.0367221906781
-0.0433439575136
-0.0495079308748
-0.0552070476115
-0.0604320280254
-0.0651835948229
-0.0694671794772
-0.0732831284404
-0.076637044549
-0.079542092979
-0.0820097327232
-0.0840518996119
-0.0856831222773
-0.0868662893772
-0.0876306518912
-0.0880282372236
-0.0880749598145
-0.0877881273627
-0.0871849581599
-0.0862827003002
-0.0850994214416
-0.08365444839
-0.0819685682654
-0.0800616964698
-0.0779552236199
-0.0756722837687
-0.0732330828905
-0.0706622004509
-0.0679809078574
-0.0652124807239
-0.0623763538897
-0.0594469495118
-0.0564897656441
-0.0535349622369
-0.0506025031209
-0.047709107399
-0.0448722988367
-0.0421098209918
-0.0394409075379
-0.0368804596364
-0.0344480201602
-0.0321565680206
-0.0300247613341
-0.0280657149851
-0.0262918695807
-0.0247164554894
-0.0233506448567
-0.0222023390234
-0.0212777107954
-0.0205756444484
-0.020094268024
-0.0198463015258
-0.0198277123272
-0.0200349241495
-0.0204620696604
-0.0210977178067
-0.0219304971397
-0.0229489952326
-0.0241381134838
-0.0254797991365
-0.0269548799843
-0.0285455100238
-0.0302302241325
-0.0319844633341
-0.0337854251266
-0.0356094166636
-0.0374298319221
-0.0392210073769
-0.0409562550485
-0.0425762571394
-0.044074665755
-0.045431137085
-0.0466190837324
-0.0476122014225
-0.0483864508569
-0.0489187389612
-0.0491862259805
-0.0491682849824
-0.0488491840661
-0.0482133179903
-0.0472452566028
-0.0459353961051
-0.0442776381969
-0.0422673411667
-0.0398986972868
-0.0371745675802
-0.0340990200639
-0.0306768696755
-0.0269157662988
-0.0228291396052
-0.0184224266559
-0.0137242078781
-0.00876114983112
-0.00355535605922
0.00186503189616
0.00747683178633
0.0132495267317
0.0191536229104
0.0251537412405
0.0312198791653
0.0373153164983
0.043404545635
0.0494575873017
0.0554309561849
0.0612956769764
0.0670180246234
0.0725619643927
0.0778971016407
0.0829914137721
0.0878173336387
0.0923495739698
0.096561267972
0.100426860154
0.103933423758
0.106985732913
0.109627611935
0.111852131784
0.113652065396
0.115017898381
0.115942321718
0.116426974535
0.116472803056
0.116081260145
0.115258149803
0.114014275372
0.112361937761
0.110312350094
0.10788217932
0.105090156198
0.101957581937
0.0985049158335
0.0947552472353
0.0907317176461
0.0864590406418
0.081964045763
0.0772726088762
0.0724108740687
0.0674024894834
0.0622753575444
0.0570514723659
0.0517594665289
0.0464157126844
0.0410453341901
0.0356557145715
0.0302894543856
0.0249626692384
0.0196981877089
0.0145018650219
0.00939433090389
0.00438362266868
-0.000516544329002
-0.00529883569106
-0.00995849631727
-0.014486300759
-0.0188771933317
-0.0231312513351
-0.0272428207099
-0.0312140770257
-0.0350447036326
-0.0387330390513
-0.0422844327986
-0.0456991195679
-0.0489812865853
-0.0521313361824
-0.0551556013525
-0.058057308197
-0.060836892575
-0.0634996294975
-0.0660458058119
-0.068481579423
-0.0708046853542
-0.0730166807771
-0.0751189664006
-0.0771106034517
-0.0789897814393
-0.0807546079159
-0.0824004039168
-0.0839259102941
-0.0853251963854
-0.0865924954414
-0.0877227634192
-0.0887085646391
-0.0895441621542
-0.0902213454247
-0.090732626617
-0.09107106179
-0.0912282690406
-0.0911743193865
-0.0909265801311
-0.0904775708914
-0.0898227542639
-0.0889568701386
-0.0878767818213
-0.0865773409605
-0.0850587487221
-0.0833210200071
-0.0813641995192
-0.0791896805167
-0.076801404357
-0.0742078721523
-0.0714122056961
-0.0684231817722
-0.0652505904436
-0.0619095899165
-0.0584087558091
-0.0547631122172
-0.0509892329574
-0.047104075551
-0.0431226044893
-0.0390664897859
-0.0349513553083
-0.030798971653
-0.0266270563006
-0.0224593803287
-0.018311612308
-0.0142054837197
-0.0101606231183
-0.00619375612587
-0.00232548732311
0.00143146282062
0.00505872257054
0.00854167249054
0.011870839633
0.0150337927043
0.0180198773742
0.0208208188415
0.0234329327941
0.0258541218936
0.0280798710883
0.0301094632596
0.0319478437304
0.0335978455842
0.0350656658411
0.0363571979105
0.0374839007854
0.0384565331042
0.0392864868045
0.0399865657091
0.0405723899603
0.0410601310432
0.0414654538035
0.0418046936393
0.0420952923596
0.0423545055091
0.0425997078419
0.0428477674723
0.043114349246
0.0434146858752
0.0437644533813
0.0441774539649
0.0446647033095
0.0452362746
0.0459023676813
0.0466717779636
0.0475478544831
0.0485332645476
0.0496306270361
0.0508414283395
0.0521605089307
0.0535824634135
0.0550931841135
0.0566860474646
0.0583551898599
0.0600842162967
0.0618611462414
0.0636698752642
0.0654922053218
0.0673064887524
0.0690922141075
0.0708285942674
0.0724935606122
0.0740622878075
0.075511790812
0.0768175199628
0.0779560804367
0.0789042636752
0.079639211297
0.0801374837756
0.0803789868951
0.0803448110819
0.0800163373351
0.0793748348951
0.0784066990018
0.0771014913917
0.0754488110542
0.0734373778105
0.071062117815
0.0683256089687
0.0652255043387
0.0617635324597
0.0579437948763
0.0537798292935
0.0492837429047
0.0444653294981
0.0393433608115
0.0339380130172
0.0282777417451
0.022377057001
0.0162705406547
0.0099835107103
0.00354728964157
-0.0030001392588
-0.0096326386556
-0.0163142215461
-0.0230051223189
-0.0296692010015
-0.0362736210227
-0.0427777729928
-0.0491212382913
-0.0552901811898
-0.0612446479499
-0.0669534876943
-0.0723797082901
-0.0774922668934
-0.0822526067495
-0.0866395905614
-0.0906200259924
-0.0941717028618
-0.0972681343555
-0.0998885780573
-0.102018408477
-0.103643782437
-0.104749388993
-0.105328761041
-0.105381175876
-0.104906879365
-0.103905797005
-0.102385178208
-0.100359261036
-0.0978443771601
-0.0948546752334
-0.0914117917418
-0.087544284761
-0.0832788571715
-0.0786436274648
-0.0736718326807
-0.0684009194374
-0.0628655999899
-0.0570855289698
-0.0511028803885
-0.0449751242995
-0.0387440547347
-0.0324548669159
-0.026149764657
-0.01986804232
-0.0136525509879
-0.00754945678636
-0.00160172872711
0.00415357062593
0.0096756760031
0.0149293486029
0.0198741592467
0.0244800932705
0.0287179704756
0.0325615443289
0.0359866060317
0.0389724299312
0.0415057577193
0.0435770191252
0.0451745279133
0.0462925285101
0.046934209764
0.0471050329506
0.046785697341
0.04599481076
0.0447590239346
0.0430957376957
0.0410234704614
0.038561206311
0.0357341393828
0.0325724296272
0.0291083343327
0.0253713633865
0.0213992279023
0.0172294490039
0.0129037136212
0.00845960527658
0.00394000299275
-0.000615644152276
-0.00516370777041
-0.00966560840607
-0.0140796685591
-0.0183714982122
-0.0225051101297
-0.0264428146183
-0.0301293041557
-0.0335552878678
-0.0366940610111
-0.0395151302218
-0.0419916585088
-0.0441013276577
-0.0458275750279
-0.0471518263221
-0.0480575226247
-0.0485352128744
-0.0485821552575
-0.0481964461505
-0.0473768897355
-0.0461287423968
-0.0444637276232
-0.0423969812691
-0.0399425327778
-0.0371156819165
-0.0339400023222
-0.0304370336235
-0.0266105867922
-0.0225097499788
-0.0181615352631
-0.0135969948024
-0.00885026995093
-0.00395407527685
0.00106067536399
0.00615090085194
0.0112780928612
0.016406096518
0.0214965548366
0.026509270072
0.0314097553492
0.0361617021263
0.0407291166484
0.0450828969479
0.0491990894079
0.0530456118286
0.056551579386
0.0597312822938
0.0625718384981
0.0650488883257
0.0671410039067
0.0688320919871
0.0701093152165
0.0709616616368
0.0713780745864
0.0713551789522
0.0708969756961
0.0700088143349
0.0686962530017
0.0669696554542
0.0648482218385
0.062349319458
0.0594902448356
0.0562570765615
0.0526781901717
0.0488028675318
0.0446554645896
0.0402571931481
0.0356387980282
0.0308295693249
0.025862082839
0.0207699146122
0.0155912991613
0.0103607783094
0.00511789042503
-0.00010371888493
-0.00526933092624
-0.0103465039283
-0.0153014650568
-0.0201044976711
-0.0247072149068
-0.0291064400226
-0.0332705453038
-0.0371720641851
-0.0407864823937
-0.0440846793354
-0.0470511093736
-0.0496635399759
-0.0519012883306
-0.0537515208125
-0.0552097484469
-0.0562694109976
-0.056927215308
-0.0571827664971
-0.0570430792868
-0.0564953647554
-0.0555215328932
-0.0541674010456
-0.0524433739483
-0.0503605268896
-0.047932382673
-0.045171353966
-0.0420970991254
-0.0387341231108
-0.0351099520922
-0.0312472414225
-0.027180865407
-0.0229363627732
-0.0185491088778
-0.0140465488657
-0.00945642311126
-0.00479759741575
-0.000111707107862
0.0045748250559
0.00923170428723
0.0138260526583
0.0183314308524
0.0227113887668
0.0269362721592
0.0309750810266
0.0348046310246
0.0384009666741
0.0417415164411
0.0448074787855
0.0475847758353
0.0500488914549
0.0521557629108
0.0539346374571
0.0553738437593
0.0564647987485
0.0571975074708
0.05756264925
0.0575579814613
0.0571870096028
0.056455206126
0.0553696602583
0.0539405494928
0.0521857105196
0.050123848021
0.0477704741061
0.0450962893665
0.0421524830163
0.0389680564404
0.0355588421226
0.0319474376738
0.0281576607376
0.0242124684155
0.0201439894736
0.0159770995378
0.0117459734902
0.00748115265742
0.00320761650801
-0.00104446650948
-0.00524682877585
-0.00937344692647
-0.0134030384943
-0.0173142179847
-0.021079197526
-0.0246778279543
-0.0280826631933
-0.0312715470791
-0.0342207029462
-0.036910995841
-0.0393272638321
-0.0414596647024
-0.0432950630784
-0.0448273941875
-0.046055585146
-0.0469386875629
-0.047493327409
-0.0477325841784
-0.0476550385356
-0.0472622402012
-0.0465561039746
-0.0455399788916
-0.0442234240472
-0.0426217205822
-0.0407524257898
-0.0386309251189
-0.0362790226936
-0.0337188653648
-0.0309726372361
-0.0280222706497
-0.0249234940857
-0.0216955114156
-0.0183624662459
-0.0149500276893
-0.0114818206057
-0.00798493530601
-0.00448755500838
-0.00101797957905
0.00239598122425
0.00572840869427
0.0089545333758
0.0120562575758
0.0150032043457
0.0177734103054
0.0203607603908
0.0227436516434
0.0249036606401
0.0268205273896
0.028477711603
0.0298649296165
0.0309704337269
0.0317843072116
0.0323025994003
0.0325263515115
0.0324579775333
0.032099571079
0.0314152166247
0.0304445121437
0.0291952416301
0.0276722349226
0.0258813742548
0.0238344166428
0.0215474832803
0.019039247185
0.0163253322244
0.0134293325245
0.0103719253093
0.00717922020704
0.00386921619065
0.000464537210064
-0.00301768351346
-0.00655084941536
-0.0101135605946
-0.0136809656397
-0.0172271933407
-0.0207275711
-0.0241520758718
-0.0274766180664
-0.0306781120598
-0.0337371788919
-0.0366361811757
-0.0393587984145
-0.0418752729893
-0.0441502705216
-0.0462089404464
-0.0480347573757
-0.0496104173362
-0.0509233511984
-0.0519638508558
-0.0527250431478
-0.0532002449036
-0.0533890612423
-0.0532974265516
-0.052932806313
-0.0523021295667
-0.0514137931168
-0.0502119250596
-0.0487699359655
-0.0470941700041
-0.0451917685568
-0.0430739484727
-0.0407566651702
-0.0382539890707
-0.035585179925
-0.0327709950507
-0.029834439978
-0.0267983675003
-0.023684643209
-0.0205137077719
-0.0172874424607
-0.0140291769058
-0.0107659576461
-0.00751417968422
-0.00429504644126
-0.00112506945152
0.00197663530707
0.00499058840796
0.00789987575263
0.0106924073771
0.0133529147133
0.0158717427403
0.018241642043
0.0204468723387
0.0224799197167
0.0243483483791
0.0260474849492
0.0275728367269
0.0289220064878
0.0300948303193
0.0310898087919
0.0319100618362
0.0325627587736
0.0330561883748
0.0333993509412
0.0336026027799
0.0336785763502
0.0335937552154
0.0334024243057
0.0331128798425
0.0327340885997
0.0322762392461
0.0317500792444
0.0311672147363
0.0305399373174
0.0298810824752
0.0292040556669
0.0285225622356
0.0278490148485
0.0271950233728
0.0265497341752
0.0259241741151
0.0253431536257
0.0248103756458
0.0243295896798
0.0239044427872
0.023539621383
0.0232369638979
0.0229973234236
0.0228214133531
0.0227106027305
0.0226648617536
0.0226814597845
0.0227572731674
0.0228593554348
0.0230099111795
0.0232031159103
0.0234299078584
0.023681525141
0.0239489953965
0.0242224317044
0.0244920495898
0.0247486494482
0.0249833073467
0.0251877978444
0.0253543648869
0.025475403294
0.0255382433534
0.0255107395351
0.0254130288959
0.0252359770238
0.0249704495072
0.024607533589
0.0241405721754
0.0235653463751
0.0228781402111
0.0220759399235
0.0211580768228
0.020126760006
0.0189836453646
0.0177311468869
0.0163686983287
0.014885914512
0.0133035555482
0.0116262864321
0.00985869765282
0.00800873339176
0.00608642026782
0.00410135136917
0.0020665936172
-7.25058998796e-06
-0.00210614642128
-0.0042141797021
-0.00632039783522
-0.00841095205396
-0.0104729160666
-0.0124834282324
-0.0144361210987
-0.0163212269545
-0.0181233733892
-0.0198287051171
-0.0214204527438
-0.0228852238506
-0.0242091119289
-0.0253816395998
-0.0263917334378
-0.0272297617048
-0.0278885383159
-0.0283643882722
-0.0286540910602
-0.0287472028285
-0.028619479388
-0.0282966103405
-0.0277776475996
-0.0270615629852
-0.026147864759
-0.0250399932265
-0.0237455330789
-0.0222723819315
-0.0206282138824
-0.0188253838569
-0.0168790370226
-0.0148042822257
-0.0126146255061
-0.0103262541816
-0.00795543286949
-0.0055107716471
-0.00301842810586
-0.000495537417009
0.0020400765352
0.00456662103534
0.00706302281469
0.00950900278986
0.0118819084018
0.0141607504338
0.0163259468973
0.01835616678
0.020233117044
0.0219411402941
0.0234659835696
0.0247919578105
0.0258927512914
0.0267551895231
0.0273819547147
0.0277609396726
0.0278796255589
0.0277305152267
0.0273083150387
0.0266085416079
0.0256273709238
0.0243648961186
0.0228268709034
0.0210180934519
0.0189451929182
0.0166165009141
0.0140432845801
0.0112393461168
0.00821532681584
0.00497685791925
0.00154803565238
-0.00205602962524
-0.0058158216998
-0.00971264299005
-0.0137264449149
-0.0178310126066
-0.0220037661493
-0.0262156296521
-0.0304473526776
-0.0346686393023
-0.0388539806008
-0.0429786369205
-0.0470211878419
-0.0509594902396
-0.0547700598836
-0.0584319196641
-0.0618666596711
-0.0651113390923
-0.068142555654
-0.070942260325
-0.0734869763255
-0.0757595300674
-0.0777423083782
-0.0794201269746
-0.0807766094804
-0.0818016752601
-0.0824885815382
-0.08283226192
-0.0828282386065
-0.0824752673507
-0.0817784070969
-0.0807410925627
-0.0793697535992
-0.0776671394706
-0.0756045952439
-0.0732023790479
-0.0704984068871
-0.0675023645163
-0.0642257779837
-0.0606855079532
-0.0568974614143
-0.0528763197362
-0.0486419759691
-0.0442191809416
-0.039631202817
-0.0348993204534
-0.0300481729209
-0.0251086149365
-0.02009899728
-0.0150497648865
-0.00998582039028
-0.00492853950709
9.86363229458e-05
0.00506996409968
0.00995938014239
0.0147484187037
0.0194162093103
0.0239445120096
0.0283122584224
0.0324992090464
0.0364906303585
0.0402673557401
0.0438124574721
0.0471160560846
0.0501630455256
0.0529466420412
0.0554569773376
0.0576880127192
0.0596364326775
0.0613043084741
0.0626891106367
0.0637932121754
0.064624145627
0.065189152956
0.0654954537749
0.0655516311526
0.0653568655252
0.0649026110768
0.0642371624708
0.0633732676506
0.0623267665505
0.0611154064536
0.0597559548914
0.0582667328417
0.0566663295031
0.0549759380519
0.0532152429223
0.0514050349593
0.0495669357479
0.0477206781507
0.0458870157599
0.0440876707435
0.0423420146108
0.0406667366624
0.0390793122351
0.0375971831381
0.0362365655601
0.0350091196597
0.0339249335229
0.0329971387982
0.032233633101
0.0316399745643
0.0312194265425
0.0309555344284
0.0308710113168
0.0309631153941
0.0312270801514
0.0316584482789
0.0322516150773
0.0329970866442
0.0338812954724
0.0348932109773
0.0360191501677
0.0372433327138
0.0385466367006
0.0399111621082
0.0413182377815
0.0427467189729
0.0441752746701
0.0455818772316
0.0469438135624
0.0482395589352
0.0494468174875
0.0505427196622
0.0515055507421
0.0523140691221
0.0529484786093
0.0533898100257
0.0536185950041
0.0536170564592
0.0533712990582
0.0528679937124
0.0520925968885
0.0510340444744
0.0496850311756
0.0480394102633
0.046092286706
0.043838083744
0.0412616021931
0.038385476917
0.0352113693953
0.031743299216
0.0279912967235
0.0239694304764
0.019687961787
0.0151620348915
0.0104076210409
0.00544493598863
0.000294251134619
-0.00502096908167
-0.0104788159952
-0.0160502009094
-0.0217141900212
-0.0274357814342
-0.0331949442625
-0.0389566123486
-0.0446940585971
-0.0503749288619
-0.0559726171196
-0.0614579357207
-0.0667990893126
-0.0719694942236
-0.0769395306706
-0.0816861540079
-0.086183808744
-0.0904049873352
-0.0943296030164
-0.0979386344552
-0.101211622357
-0.104130171239
-0.106682091951
-0.108853571117
-0.110637888312
-0.112023077905
-0.113003633916
-0.113579653203
-0.113750763237
-0.113516740501
-0.112881548703
-0.111853539944
-0.110443674028
-0.108659639955
-0.106515415013
-0.104028865695
-0.101216770709
-0.0980985611677
-0.0946927890182
-0.0910230353475
-0.0871172994375
-0.0829940140247
-0.0786823555827
-0.0742096602917
-0.069601111114
-0.064884133637
-0.060090996325
-0.0552418529987
-0.0503689236939
-0.0454997085035
-0.0406582802534
-0.0358714461327
-0.0311608668417
-0.0265530701727
-0.0220705326647
-0.0177295040339
-0.0135481040925
-0.00954648014158
-0.00574047211558
-0.00213889079168
0.00124654662795
0.00440760469064
0.007334924303
0.0100267874077
0.0124835297465
0.0147029459476
0.0166871882975
0.0184418577701
0.0199747029692
0.0212939977646
0.0224087461829
0.0233317185193
0.0240783691406
0.0246630124748
0.0251007266343
0.0254101902246
0.0256100092083
0.0257188957185
0.0257558953017
0.0257406588644
0.0256928484887
0.0256323050708
0.0255782008171
0.0255482476205
0.0255598239601
0.0256302710623
0.0257758442312
0.0260091032833
0.026342086494
0.0267869867384
0.0273539777845
0.0280484743416
0.0288754496723
0.0298392437398
0.0309424456209
0.0321828499436
0.0335563458502
0.0350592508912
0.0366859920323
0.0384267680347
0.0402694530785
0.0422026738524
0.0442144311965
0.0462860912085
0.0484022796154
0.0505456738174
0.0526961199939
0.0548353865743
0.0569420158863
0.0589954815805
0.0609753541648
0.0628621354699
0.0646337717772
0.0662715509534
0.0677559226751
0.0690683797002
0.0701932311058
0.0711129158735
0.0718124061823
0.072280600667
0.0725067704916
0.0724801719189
0.0721927061677
0.0716408491135
0.0708215087652
0.069732837379
0.0683745965362
0.066751383245
0.0648705512285
0.0627362579107
0.060357902199
0.0577475763857
0.0549214668572
0.0518921539187
0.0486740209162
0.0452896095812
0.0417554937303
0.038093034178
0.0343233309686
0.0304694063962
0.02655255422
0.0225996375084
0.018632106483
0.0146715957671
0.01074345503
0.00687300181016
0.00307894707657
-0.000615981465671
-0.00419095251709
-0.00762521009892
-0.0109002618119
-0.0140004195273
-0.0169101227075
-0.0196138676256
-0.0221005305648
-0.0243591535836
-0.0263824593276
-0.0281628351659
-0.0296940486878
-0.0309769045562
-0.0320096760988
-0.0327929072082
-0.0333294421434
-0.0336270108819
-0.0336927250028
-0.0335341021419
-0.0331623181701
-0.0325911268592
-0.0318352095783
-0.030908131972
-0.0298271365464
-0.0286118742079
-0.0272809155285
-0.0258526653051
-0.0243489425629
-0.0227897632867
-0.0211980491877
-0.0195944812149
-0.0179994665086
-0.0164355449378
-0.0149228814989
-0.0134823312983
-0.012132816948
-0.0108920484781
-0.00977770145983
-0.00880759116262
-0.00799479149282
-0.00735172303393
-0.00689047761261
-0.00662213563919
-0.00655386783183
-0.00668987911195
-0.0070345713757
-0.00759180774912
-0.00836028624326
-0.00933609157801
-0.0105153014883
-0.011892660521
-0.0134600382298
-0.015203980729
-0.0171133205295
-0.0191756561399
-0.0213744528592
-0.0236913654953
-0.026108039543
-0.0286044664681
-0.0311606433243
-0.033754248172
-0.0363630019128
-0.0389645509422
-0.0415360219777
-0.0440529882908
-0.0464937575161
-0.0488355644047
-0.0510572902858
-0.0531384460628
-0.055057477206
-0.056795746088
-0.0583371035755
-0.0596666261554
-0.0607694163918
-0.0616309978068
-0.062243361026
-0.062599375844
-0.0626918822527
-0.0625149086118
-0.0620686262846
-0.0613546557724
-0.0603746436536
-0.0591319277883
-0.0576340854168
-0.0558923222125
-0.0539170354605
-0.0517177022994
-0.0493117570877
-0.0467151589692
-0.0439460575581
-0.041019435972
-0.0379581525922
-0.0347834117711
-0.0315131917596
-0.0281716454774
-0.0247789733112
-0.0213586632162
-0.0179309118539
-0.0145171713084
-0.0111373122782
-0.00781246926636
-0.00456041749567
-0.00140133488458
0.00165120465681
0.00458287540823
0.00737931579351
0.0100259818137
