0.0
0.0
0.0
0.000122003249999
0.0
0.000122236087918
0.000122003249999
0.0
0.000122003249999
0.000122003249999
0.000244239345193
0.000122003249999
0.000122236087918
0.000244006499997
0.000122003249999
0.000244239345193
0.000122003249999
0.000244239345193
0.000244006499997
0.000244239345193
0.000366242573364
0.000244006499997
0.000244239345193
0.000366242573364
0.000244239345193
0.00036600974272
0.000366242573364
0.000366242573364
0.000366242573364
0.000366242573364
0.000366242573364
0.000366242573364
0.000488245830638
0.000366242573364
0.000488245830638
0.000488245830638
0.000488245830638
0.000488245830638
0.000488245830638
0.000488245830638
0.000488478690386
0.000488245830638
0.000610249117017
0.000488245830638
0.00061048194766
0.000610249117017
0.00061048194766
0.000488245830638
0.000732485146727
0.000610249117017
0.000610249117017
0.00061048194766
0.000732485146727
0.000610249117017
0.000732485146727
0.000732485146727
0.000732252316084
0.00061048194766
0.000854488404002
0.000732252316084
0.000732485146727
0.000732485146727
0.000854488404002
0.000732485146727
0.000854488404002
0.000854488404002
0.000732252316084
0.000854488404002
0.000854488404002
0.000854488404002
0.000976724550128
0.000854488404002
0.000854488404002
0.000976491661277
0.000854488404002
0.000976491661277
0.000976724550128
0.000976491661277
0.000976491661277
0.000976724550128
0.000976491661277
0.000976491661277
0.0010987278074
0.000976491661277
0.0010987278074
0.000976491661277
0.00109861139208
0.00109861139208
0.0010987278074
0.00109861139208
0.00109861139208
0.00109861139208
0.00109861139208
0.00122073106468
0.00109861139208
0.00122073106468
0.00122073106468
0.00109861139208
0.00122073106468
0.00122073106468
0.00122061464936
0.00122073106468
0.00134273420554
0.00122073106468
0.00122073106468
0.00134273420554
0.00122073106468
0.00134273420554
0.00134285062086
0.00134273420554
0.00134273420554
0.00134285062086
0.00134273420554
0.00134273420554
0.00134285062086
0.00146485387813
0.00134273420554
0.00146485387813
0.00134273420554
0.00146485387813
0.00146485387813
0.00146485387813
0.00146485387813
0.00146485387813
0.00146485387813
0.00146485387813
0.00158685713541
0.00146485387813
0.00158685713541
0.00146485387813
0.00158697355073
0.00158685713541
0.00158697355073
0.00158685713541
0.00158697355073
0.00158685713541
0.00158697355073
0.001708976808
0.00158685713541
0.00158697355073
0.001708976808
0.001708976808
0.00158685713541
0.00170909322333
0.001708976808
0.001708976808
0.001708976808
0.001708976808
0.00183098006528
0.001708976808
0.00170909322333
0.00183098006528
0.001708976808
0.0018310964806
0.0018310964806
0.00183098006528
0.0018310964806
0.00183098006528
0.0018310964806
0.0018310964806
0.00183098006528
0.0018310964806
0.00195309973788
0.0018310964806
0.00195309973788
0.0018310964806
0.00195309973788
0.00195309973788
0.00195309973788
0.00195321626961
0.00195309973788
0.00195309973788
0.00195309973788
0.00207521952689
0.00195309973788
0.00195309973788
0.00207521952689
0.00207521952689
0.00195309973788
0.00207521952689
0.00207521952689
0.00207521952689
0.00207510311157
0.00207521952689
0.00207521952689
0.00207521952689
0.00219722278416
0.00207521952689
0.00207521952689
0.00219722278416
0.00219733919948
0.00207510311157
0.00219733919948
0.00219722278416
0.00219722278416
0.00219733919948
0.00219722278416
0.00219733919948
0.00219722278416
0.00231934245676
0.00219722278416
0.00231934245676
0.00219733919948
0.00231922604144
0.00219733919948
0.00231934245676
0.00231934245676
0.00231934245676
0.00231934245676
0.00231934245676
0.00231934245676
0.00231922604144
0.00244146212935
0.00231934245676
0.00231934245676
0.00244134571403
0.00231934245676
0.00244146212935
0.00244134571403
0.00231934245676
0.00244146212935
0.00244134571403
0.00244146212935
0.00244134571403
0.0025634651538
0.00244146212935
0.00244146212935
0.00244134571403
0.0025634651538
0.00244146212935
0.0025634651538
0.0025634651538
0.00244134571403
0.0025634651538
0.00256358156912
0.0025634651538
0.0025634651538
0.0025634651538
0.0025634651538
0.0025634651538
0.0025634651538
0.00268558482639
0.0025634651538
0.00268558482639
0.0025634651538
0.00268546841107
0.00268558482639
0.0025634651538
0.00268558482639
0.00268546841107
0.00268558482639
0.00268558482639
0.00268558482639
0.00268546841107
0.00268558482639
0.00280758808367
0.00268558482639
0.00268546841107
0.00280770449899
0.00268546841107
0.00280770449899
0.00280758808367
0.00268558482639
0.00280758808367
0.00280758808367
0.00280758808367
0.00280770449899
0.00280758808367
0.00280758808367
0.00280758808367
0.00292970775627
0.00280758808367
0.00280770449899
0.00292959134094
0.00280770449899
0.00292970775627
0.00292959134094
0.00280770449899
0.00292959134094
0.00292970775627
0.00292970775627
0.00292970775627
0.00292970775627
0.00292970775627
0.00292959134094
0.00292970775627
0.00292970775627
0.00305171101354
0.00292970775627
0.00305182742886
0.00292959134094
0.00305182742886
0.00292970775627
0.00305171101354
0.00305182742886
0.00305171101354
0.00292970775627
0.00305171101354
0.00305182742886
0.00305171101354
0.00305171101354
0.00317383068614
0.00305182742886
0.00305171101354
0.00305182742886
0.00317371427082
0.00305182742886
0.00317383068614
0.00305171101354
0.00317383068614
0.00317383068614
0.00305182742886
0.00317383068614
0.00317383068614
0.00317383068614
0.00317383068614
0.00317383068614
0.00317371427082
0.00317383068614
0.00317383068614
0.00329595035873
0.00317383068614
0.00317383068614
0.00329595035873
0.00317371427082
0.00329595035873
0.00317383068614
0.00329595035873
0.00329583394341
0.00317383068614
0.00329595035873
0.00329583394341
0.00329595035873
0.00329583394341
0.00329595035873
0.00329583394341
0.00329595035873
0.00329595035873
0.00341795361601
0.00329583394341
0.00329595035873
0.00341795361601
0.00329583394341
0.00341807003133
0.00329583394341
0.00341795361601
0.00329595035873
0.00341795361601
0.00341795361601
0.00341795361601
0.00329595035873
0.00341795361601
0.00341795361601
0.00341795361601
0.00341795361601
0.00341795361601
0.0035400732886
0.00341795361601
0.00341795361601
0.00341795361601
0.0035400732886
0.00341795361601
0.0035400732886
0.00341795361601
0.0035400732886
0.00341795361601
0.0035400732886
0.00341795361601
0.0035400732886
0.00353995687328
0.0035400732886
0.0035400732886
0.00353995687328
0.0035400732886
0.0035400732886
0.00353995687328
0.0035400732886
0.0035400732886
0.0035400732886
0.00353995687328
0.0036621929612
0.00353995687328
0.0036621929612
0.00353995687328
0.0035400732886
0.00366207654588
0.0036621929612
0.00353995687328
0.0036621929612
0.00366207654588
0.0035400732886
0.00366207654588
0.00366207654588
0.00366207654588
0.0036621929612
0.00366207654588
0.00366207654588
0.00366207654588
0.0036621929612
0.00366207654588
0.00366207654588
0.0036621929612
0.00378407980315
0.0036621929612
0.00366207654588
0.00378419621848
0.00366207654588
0.00378419621848
0.00366207654588
0.00378419621848
0.00366207654588
0.00378419621848
0.00378419621848
0.00366207654588
0.00378419621848
0.00378419621848
0.00378419621848
0.00378419621848
0.00378419621848
0.00378419621848
0.00378407980315
0.00378419621848
0.00378419621848
0.00378419621848
0.00378419621848
0.00378419621848
0.00390619947575
0.00378419621848
0.00378419621848
0.00390619947575
0.00378419621848
0.00378419621848
0.00390619947575
0.00378419621848
0.0039063161239
0.00378419621848
0.00390619947575
0.00390619947575
0.00378419621848
0.0039063161239
0.00390619947575
0.0039063161239
0.00390619947575
0.00378419621848
0.00390619947575
0.0039063161239
0.00390619947575
0.00390625791624
0.00390625791624
0.00390625791624
0.00402831938118
0.00390625791624
0.00390625791624
0.00390625791624
0.00390625791624
0.00402831938118
0.00390619947575
0.00390625791624
0.00402831938118
0.00390625791624
0.00402831938118
0.00390625791624
0.00402831938118
0.00390625791624
0.00402831938118
0.00390625791624
0.00402831938118
0.00402831938118
0.00390625791624
0.00402831938118
0.00402831938118
0.00402831938118
0.00402831938118
0.00390625791624
0.00402831938118
0.00402831938118
0.00402831938118
0.00402831938118
0.00402831938118
0.00402831938118
0.00402831938118
0.00415038084611
0.00402831938118
0.00402831938118
0.00402831938118
0.00402831938118
0.00415038084611
0.00402831938118
0.00402831938118
0.00402831938118
0.00415038084611
0.00402837758884
0.00415038084611
0.00402831938118
0.00415038084611
0.00402831938118
0.00415038084611
0.00402831938118
0.00415038084611
0.00402831938118
0.00415038084611
0.00415043905377
0.00402831938118
0.00415038084611
0.00415038084611
0.00415038084611
0.00402831938118
0.00415038084611
0.00415043905377
0.00415038084611
0.00415038084611
0.00415038084611
0.00415038084611
0.00415038084611
0.00415043905377
0.00415038084611
0.00415038084611
0.00415038084611
0.00415038084611
0.00415038084611
0.00415043905377
0.00415038084611
0.00415038084611
0.00427244231105
0.00415038084611
0.00415043905377
0.00415038084611
0.00427244231105
0.00415038084611
0.00415038084611
0.00427250051871
0.00415038084611
0.00427244231105
0.00415038084611
0.00415043905377
0.00427244231105
0.00415038084611
0.00427244231105
0.00415043905377
0.00427244231105
0.00415038084611
0.00427244231105
0.00427250051871
0.00415038084611
0.00427244231105
0.00427250051871
0.00415038084611
0.00427244231105
0.00427244231105
0.00415043905377
0.00427244231105
0.00427244231105
0.00427244231105
0.00427250051871
0.00415038084611
0.00427244231105
0.00427250051871
0.00427244231105
0.00427244231105
0.00427250051871
0.00427244231105
0.00427244231105
0.00427250051871
0.00427244231105
0.00427244231105
0.00427250051871
0.00427244231105
0.00427244231105
0.00427247118205
0.00427247118205
0.00427244231105
0.00427247118205
0.00427247118205
0.00427244231105
0.00427247118205
0.00439453264698
0.00427244231105
0.00427247118205
0.00427247118205
0.00427244231105
0.00439453264698
0.00427247118205
0.00427247118205
0.00427244231105
0.00439453264698
0.00427247118205
0.00427247118205
0.00427244231105
0.00439453264698
0.00427247118205
0.00427244231105
0.00439453264698
0.00427247118205
0.00439453264698
0.00427247118205
0.00427244231105
0.00439453264698
0.00427247118205
0.00439453264698
0.00427247118205
0.00439450377598
0.00427247118205
0.00439453264698
0.00427247118205
0.00439453264698
0.00427244231105
0.00439453264698
0.00427247118205
0.00439453264698
0.00427244231105
0.00439453264698
0.00427247118205
0.00439453264698
0.00427247118205
0.00439453264698
0.00439453264698
0.00427244231105
0.00439453264698
0.00427247118205
0.00439453264698
0.00439453264698
0.00427244231105
0.00439454708248
0.00439453264698
0.00427245674655
0.00439453264698
0.00439453264698
0.00427245674655
0.00439453264698
0.00439453264698
0.00427245674655
0.00439453264698
0.00439453264698
0.00427245674655
0.00439453264698
0.00439453264698
0.00439453264698
0.00427245674655
0.00439453264698
0.00439453264698
0.00427245674655
0.00439453264698
0.00439453264698
0.00439453264698
0.00427245674655
0.00439453264698
0.00439453264698
0.00439453264698
0.00427245674655
0.00439453264698
0.00439453264698
0.00439453264698
0.00427246373147
0.0043945251964
0.00439453264698
0.00439453264698
0.00439453264698
0.00427245674655
0.00439453264698
0.00439453264698
0.00439453264698
0.00427245674655
0.00439453264698
0.00439453264698
0.00439453264698
0.00427246047184
0.00439452892169
0.00439453264698
0.00439453264698
0.00439452892169
0.00427246047184
0.00439453264698
0.00439453078434
0.00439453078434
0.00427246233448
0.00439453078434
0.00439453078434
0.00439453171566
0.0042724609375
0.00439453125
0.00439453078434
0.00439453171566
0.00427246140316
0.00439453078434
0.00439453078434
0.00439453078434
0.00427246047184
0.00439453264698
0.00439453264698
0.00427246047184
0.00439452892169
0.00439453264698
0.00427246373147
0.0043945251964
0.00439453264698
0.00439453264698
0.00427246373147
0.0043945251964
0.00439453264698
0.00427246373147
0.00439453264698
0.00427245674655
0.00439453264698
0.00439453264698
0.00427245674655
0.00439453264698
0.0043945251964
0.00427247118205
0.00439453264698
0.00427245674655
0.00439453264698
0.00427245674655
0.00439453264698
0.00439453264698
0.00427245674655
0.00439453264698
0.00427245674655
0.00439453264698
0.00427247118205
0.00439453264698
0.00427245674655
0.00439453264698
0.00427245674655
0.00439453264698
0.00427245674655
0.00439453264698
0.00427245674655
0.00427247118205
0.00439453264698
0.00427245674655
0.00439453264698
0.00427245674655
0.00427245674655
0.00439453264698
0.00427245674655
0.00427247118205
0.00439453264698
0.00427247118205
0.00427244231105
0.00439453264698
0.00427247118205
0.00427244231105
0.00427247118205
0.00439453264698
0.00427247118205
0.00427244231105
0.00427247118205
0.00427247118205
0.00427244231105
0.00439453264698
0.00427247118205
0.00427247118205
0.00427244231105
0.00427247118205
0.00427244231105
0.00427247118205
0.00427247118205
0.00427244231105
0.00427247118205
0.00427247118205
0.00427244231105
0.00427247118205
0.00427247118205
0.00427244231105
0.00427247118205
0.00427247118205
0.00427244231105
0.00427247118205
0.00415038084611
0.00427247118205
0.00427247118205
0.00427244231105
0.00427247118205
0.00415038084611
0.00427247118205
0.00427244231105
0.00427247118205
0.00415038084611
0.00427247118205
0.00427247118205
0.00415038084611
0.00427247118205
0.00415038084611
0.00427247118205
0.00415038084611
0.00427247118205
0.00415038084611
0.00427247118205
0.00415038084611
0.00427247118205
0.00415038084611
0.00427247118205
0.00415040971711
0.00415038084611
0.00427244231105
0.00415038084611
0.00415038084611
0.00427250051871
0.00415038084611
0.00415038084611
0.00415038084611
0.00427250051871
0.00415038084611
0.00415038084611
0.00415038084611
0.00415038084611
0.00415038084611
0.00415043905377
0.00415038084611
0.00415038084611
0.00415038084611
0.00415038084611
0.00415038084611
0.00415043905377
0.00415038084611
0.00415038084611
0.00402831938118
0.00415038084611
0.00415038084611
0.00415038084611
0.00402831938118
0.00415043905377
0.00415038084611
0.00402831938118
0.00415038084611
0.00415038084611
0.00402831938118
0.00415038084611
0.00402831938118
0.00415043905377
0.00402831938118
0.00415038084611
0.00402831938118
0.00402831938118
0.00415038084611
0.00402831938118
0.00402831938118
0.00415038084611
0.00402831938118
0.00402831938118
0.00402831938118
0.00402831938118
0.00402831938118
0.00402831938118
0.00415038084611
0.00402831938118
0.00402831938118
0.00402831938118
0.00390625791624
0.00402831938118
0.00402831938118
0.00402831938118
0.00402831938118
0.00402831938118
0.00390625791624
0.00402831938118
0.00402831938118
0.00390625791624
0.00402831938118
0.00402831938118
0.00390625791624
0.00402831938118
0.00390625791624
0.00402831938118
0.00390625791624
0.00390625791624
0.00402831938118
0.00390625791624
0.00390625791624
0.00402831938118
0.00390619947575
0.00390625791624
0.00390625791624
0.00390625791624
0.00390625791624
0.00402831938118
0.00390625791624
0.00390625791624
0.00378413801081
0.00390625791624
0.00390625791624
0.00390625791624
0.00390625791624
0.00390625791624
0.00378413801081
0.00390625791624
0.00390625791624
0.00378419621848
0.00390625791624
0.00378413801081
0.00390625791624
0.00378419621848
0.00390625791624
0.00378419621848
0.00390619947575
0.00378419621848
0.00378419621848
0.00378419621848
0.00390619947575
0.00378419621848
0.00378419621848
0.00378419621848
0.00378413801081
0.00378419621848
0.00378419621848
0.00378413801081
0.00378419621848
0.00378419621848
0.00378419621848
0.00366207654588
0.00378419621848
0.00378419621848
0.00366207654588
0.00378419621848
0.00378413801081
0.0036621929612
0.00378407980315
0.0036621929612
0.00366207654588
0.00378419621848
0.00366207654588
0.00366207654588
0.00378419621848
0.0036621929612
0.00366207654588
0.00366207654588
0.00366207654588
0.0036621929612
0.00366207654588
0.00366207654588
0.0036621929612
0.00366207654588
0.00366207654588
0.0035400732886
0.00366207654588
0.00366207654588
0.0035400732886
0.00366207654588
0.0035400732886
0.00366207654588
0.0035400732886
0.00366207654588
0.0035400732886
0.0035400732886
0.00366207654588
0.0035400732886
0.00353995687328
0.0035400732886
0.0035400732886
0.0035400732886
0.00353995687328
0.0035400732886
0.0035400732886
0.00353995687328
0.0035400732886
0.00341795361601
0.0035400732886
0.0035400732886
0.00341795361601
0.00353995687328
0.00341807003133
0.00353995687328
0.00341795361601
0.0035400732886
0.00341795361601
0.00341795361601
0.00341807003133
0.00341795361601
0.00353995687328
0.00341795361601
0.00341807003133
0.00341795361601
0.00329583394341
0.00341795361601
0.00341807003133
0.00341795361601
0.00341795361601
0.00329583394341
0.00341795361601
0.00329595035873
0.00341795361601
0.00329595035873
0.00341795361601
0.00329583394341
0.00329595035873
0.00329595035873
0.00341795361601
0.00329583394341
0.00329595035873
0.00329583394341
0.00329595035873
0.00329583394341
0.00329595035873
0.00317383068614
0.00329583394341
0.00329595035873
0.00317383068614
0.00329595035873
0.00329583394341
0.00317383068614
0.00317383068614
0.00329595035873
0.00317383068614
0.00317383068614
0.00329583394341
0.00317383068614
0.00317383068614
0.00317383068614
0.00317383068614
0.00317383068614
0.00317383068614
0.00305171101354
0.00317383068614
0.00317383068614
0.00305182742886
0.00317383068614
0.00305171101354
0.00317383068614
0.00305182742886
0.00317383068614
0.00305171101354
0.00305171101354
0.00305182742886
0.00305171101354
0.00305182742886
0.00305171101354
0.00305171101354
0.00305182742886
0.00305171101354
0.00305182742886
0.00292959134094
0.00305182742886
0.00305171101354
0.00292970775627
0.00305171101354
0.00292970775627
0.00292970775627
0.00305171101354
0.00292970775627
0.00292970775627
0.00292970775627
0.00292970775627
0.00292970775627
0.00292959134094
0.00292970775627
0.00280758808367
0.00292970775627
0.00292970775627
0.00280758808367
0.00292970775627
0.00280758808367
0.00292970775627
0.00280758808367
0.00280770449899
0.00292970775627
0.00280758808367
0.00280758808367
0.00280758808367
0.00280770449899
0.00280758808367
0.00268546841107
0.00280770449899
0.00280758808367
0.00268558482639
0.00280758808367
0.00268558482639
0.00280758808367
0.00268558482639
0.00268546841107
0.00280758808367
0.00268558482639
0.00268558482639
0.00268546841107
0.00268558482639
0.00268558482639
0.00268546841107
0.00256358156912
0.00268546841107
0.00268558482639
0.0025634651538
0.00268558482639
0.0025634651538
0.0025634651538
0.00268558482639
0.0025634651538
0.0025634651538
0.0025634651538
0.0025634651538
0.0025634651538
0.0025634651538
0.0025634651538
0.00244146212935
0.0025634651538
0.00244134571403
0.0025634651538
0.00244146212935
0.0025634651538
0.00244146212935
0.00244134571403
0.00244146212935
0.0025634651538
0.00244134571403
0.00231934245676
0.00244146212935
0.00244134571403
0.00244146212935
0.00231934245676
0.00244134571403
0.00244146212935
0.00231934245676
0.00231934245676
0.00244134571403
0.00231934245676
0.00231934245676
0.00231934245676
0.00231934245676
0.00231934245676
0.00231934245676
0.00219722278416
0.00231934245676
0.00231934245676
0.00219722278416
0.00231934245676
0.00219733919948
0.00219722278416
0.00231934245676
0.00219722278416
0.00219733919948
0.00219722278416
0.00219733919948
0.00219722278416
0.00219722278416
0.00207521952689
0.00219722278416
0.00207521952689
0.00219733919948
0.00207510311157
0.00219733919948
0.00207521952689
0.00207510311157
0.00207521952689
0.00207521952689
0.00207521952689
0.00207521952689
0.00207510311157
0.00195321626961
0.00207510311157
0.00195321626961
0.00207510311157
0.00195321626961
0.00207510311157
0.00195321626961
0.00195309973788
0.00195309973788
0.00195309973788
0.00195309973788
0.00195321626961
0.00183098006528
0.00195321626961
0.00195309973788
0.00183098006528
0.0018310964806
0.00195309973788
0.0018310964806
0.0018310964806
0.00183098006528
0.0018310964806
0.00183098006528
0.0018310964806
0.0018310964806
0.001708976808
0.00183098006528
0.001708976808
0.0018310964806
0.001708976808
0.001708976808
0.0018310964806
0.001708976808
0.001708976808
0.001708976808
0.00158697355073
0.001708976808
0.001708976808
0.00158685713541
0.001708976808
0.00158697355073
0.001708976808
0.00158685713541
0.00158697355073
0.00158685713541
0.00158697355073
0.00158685713541
0.00158697355073
0.00146485387813
0.00158685713541
0.00158697355073
0.00146485387813
0.00146473746281
0.00158697355073
0.00146485387813
0.00146485387813
0.00146485387813
0.00146485387813
0.00146485387813
0.00146473746281
0.00134285062086
0.00146485387813
0.00134273420554
0.00146485387813
0.00134273420554
0.00134285062086
0.00134273420554
0.00134273420554
0.00134285062086
0.00134273420554
0.00134273420554
0.00134285062086
0.00122061464936
0.00134285062086
0.00122061464936
0.00122073106468
0.00134285062086
0.00122061464936
0.00122073106468
0.00122073106468
0.00109861139208
0.00122073106468
0.00122073106468
0.00109861139208
0.00122073106468
0.00109861139208
0.00122061464936
0.0010987278074
0.00109861139208
0.00109861139208
0.00109861139208
0.00109861139208
0.000976608134806
0.00109861139208
0.00109861139208
0.000976608134806
0.000976608134806
0.00109861139208
0.000976491661277
0.000976608134806
0.000976608134806
0.000976491661277
0.000976608134806
0.000854488404002
0.000976491661277
0.000854488404002
0.000976608134806
0.000854488404002
0.000854488404002
0.000976608134806
0.000854488404002
0.000732368731406
0.000854488404002
0.000854488404002
0.000854488404002
0.000732485146727
0.000854488404002
0.000732368731406
0.000732485146727
0.000732368731406
0.000732485146727
0.000732368731406
0.000732485146727
0.000732368731406
0.000732368731406
0.000610365532339
0.000732485146727
0.000610365532339
0.000610365532339
0.000610249117017
0.000610365532339
0.000610365532339
0.000610365532339
0.000610365532339
0.000610365532339
0.000488245830638
0.000610365532339
0.000488245830638
0.000488362275064
0.000488245830638
0.000488245830638
0.000488362275064
0.000488245830638
0.000488245830638
0.000366242573364
0.000488245830638
0.000366242573364
0.000488245830638
0.000366242573364
0.000366242573364
0.000366126158042
0.000366242573364
0.000366242573364
0.000244122915319
0.000366242573364
0.000366126158042
0.000244239345193
0.000244122915319
0.000244122915319
0.000244122915319
0.000244122915319
0.000244122915319
0.000244239345193
0.000244122915319
0.000122003249999
0.000244122915319
0.000122119672596
0.000122119672596
0.000122003249999
0.000122119672596
0.000122003249999
0.000122119672596
0.000122003249999
0.0
0.000122119672596
0.0
0.000122119672596
0.0
0.0
0.0
0.0
-0.000122119672596
0.0
-0.000122119672596
0.0
-0.000122003249999
-0.000122119672596
-0.000122003249999
-0.000122119672596
-0.000122003249999
-0.000122119672596
-0.000122119672596
-0.000244122915319
-0.000122003249999
-0.000244122915319
-0.000244239345193
-0.000244122915319
-0.000244122915319
-0.000244122915319
-0.000244122915319
-0.000366242573364
-0.000244122915319
-0.000366242573364
-0.000244122915319
-0.000366242573364
-0.000366126158042
-0.000366242573364
-0.000366242573364
-0.000488245830638
-0.000366242573364
-0.000366242573364
-0.000488245830638
-0.000488245830638
-0.000488362275064
-0.000366126158042
-0.000610365532339
-0.000488245830638
-0.000488362275064
-0.000488245830638
-0.000610365532339
-0.000610365532339
-0.000488245830638
-0.000610365532339
-0.000610365532339
-0.000610365532339
-0.000610365532339
-0.000732368731406
-0.000610365532339
-0.000732368731406
-0.000610365532339
-0.000732485146727
-0.000732368731406
-0.000732485146727
-0.000732368731406
-0.000732485146727
-0.000854488404002
-0.000732368731406
-0.000854488404002
-0.000854488404002
-0.000732485146727
-0.000854488404002
-0.000854488404002
-0.000976491661277
-0.000854488404002
-0.000854488404002
-0.000976608134806
-0.000976608134806
-0.000854488404002
-0.000976491661277
-0.000976608134806
-0.000976491661277
-0.0010987278074
-0.000976491661277
-0.00109861139208
-0.000976608134806
-0.00109861139208
-0.00109861139208
-0.0010987278074
-0.00109861139208
-0.00109861139208
-0.00122073106468
-0.00109861139208
-0.00122073106468
-0.00109861139208
-0.00122073106468
-0.00122061464936
-0.00122073106468
-0.00122073106468
-0.00134273420554
-0.00122073106468
-0.00134273420554
-0.00122073106468
-0.00134273420554
-0.00134285062086
-0.00134273420554
-0.00134273420554
-0.00146485387813
-0.00134285062086
-0.00146485387813
-0.00134273420554
-0.00146485387813
-0.00146485387813
-0.00146485387813
-0.00146485387813
-0.00158685713541
-0.00146485387813
-0.00158685713541
-0.00146485387813
-0.00158697355073
-0.00158685713541
-0.00158697355073
-0.00158685713541
-0.001708976808
-0.00158697355073
-0.001708976808
-0.00158685713541
-0.001708976808
-0.00170909322333
-0.001708976808
-0.001708976808
-0.00183098006528
-0.001708976808
-0.0018310964806
-0.0018310964806
-0.001708976808
-0.00183098006528
-0.00195321626961
-0.00183098006528
-0.0018310964806
-0.00195309973788
-0.0018310964806
-0.00195309973788
-0.00195309973788
-0.00195309973788
-0.00195321626961
-0.00195309973788
-0.00207521952689
-0.00195309973788
-0.00207521952689
-0.00207510311157
-0.00207521952689
-0.00207521952689
-0.00207521952689
-0.00207521952689
-0.00219722278416
-0.00207521952689
-0.00219722278416
-0.00219722278416
-0.00219733919948
-0.00219722278416
-0.00219733919948
-0.00219722278416
-0.00231934245676
-0.00231934245676
-0.00219722278416
-0.00231934245676
-0.00231934245676
-0.00244146212935
-0.00231934245676
-0.00231934245676
-0.00244134571403
-0.00244146212935
-0.00231934245676
-0.00244134571403
-0.0025634651538
-0.00244146212935
-0.00244134571403
-0.0025634651538
-0.00244146212935
-0.0025634651538
-0.0025634651538
-0.0025634651538
-0.0025634651538
-0.00268558482639
-0.0025634651538
-0.00268558482639
-0.00268546841107
-0.0025634651538
-0.00280770449899
-0.00268546841107
-0.00268558482639
-0.00268558482639
-0.00280758808367
-0.00280758808367
-0.00280758808367
-0.00280770449899
-0.00280758808367
-0.00280758808367
-0.00280758808367
-0.00292970775627
-0.00292970775627
-0.00280758808367
-0.00292970775627
-0.00305182742886
-0.00292959134094
-0.00292970775627
-0.00305182742886
-0.00292959134094
-0.00305182742886
-0.00305171101354
-0.00305182742886
-0.00305171101354
-0.00317383068614
-0.00305171101354
-0.00317383068614
-0.00317383068614
-0.00317383068614
-0.00317383068614
-0.00317383068614
-0.00317383068614
-0.00329595035873
-0.00329583394341
-0.00317383068614
-0.00329595035873
-0.00329583394341
-0.00341807003133
-0.00329583394341
-0.00329595035873
-0.00341795361601
-0.00341795361601
-0.00341795361601
-0.00341795361601
-0.00341795361601
-0.0035400732886
-0.00341795361601
-0.0035400732886
-0.00341795361601
-0.0035400732886
-0.00366207654588
-0.0035400732886
-0.00353995687328
-0.0036621929612
-0.00353995687328
-0.0036621929612
-0.00366207654588
-0.00366207654588
-0.00378419621848
-0.00366207654588
-0.00378419621848
-0.00366207654588
-0.00378419621848
-0.00378419621848
-0.00378419621848
-0.0039063161239
-0.00378407980315
-0.0039063161239
-0.00378419621848
-0.00390619947575
-0.0039063161239
-0.00402831938118
-0.00390619947575
-0.00390619947575
-0.00402831938118
-0.00402831938118
-0.00402831938118
-0.00402831938118
-0.00402831938118
-0.00402831938118
-0.00415043905377
-0.00415043905377
-0.00415032263845
-0.00415043905377
-0.00415032263845
-0.00415043905377
-0.00415043905377
-0.00427244231105
-0.00427244231105
-0.00427244231105
-0.00427244231105
-0.00427244231105
-0.00427255872637
-0.00439444556832
-0.00427244231105
-0.00439456198364
-0.00439456198364
-0.00439456198364
-0.00451656524092
-0.00439456198364
-0.00451656524092
-0.00439456198364
-0.00451656524092
-0.00451656524092
-0.00451668165624
-0.00463868491352
-0.00451656524092
-0.00463868491352
-0.00463868491352
-0.00463868491352
-0.00463856849819
-0.00463868491352
-0.00476080458611
-0.00463868491352
-0.00476068817079
-0.00476080458611
-0.00476068817079
-0.00476080458611
-0.00488280784339
-0.00476068817079
-0.00488280784339
-0.00488280784339
-0.00488280784339
-0.00488280784339
-0.00488280784339
-0.00500492705032
-0.00488280784339
-0.00500492705032
-0.005004810635
-0.00500492705032
-0.005004810635
-0.00512704672292
-0.005004810635
-0.0051269303076
-0.00512704672292
-0.0051269303076
-0.0051269303076
-0.00524904998019
-0.0051269303076
-0.00524904998019
-0.00524893356487
-0.00524904998019
-0.00524904998019
-0.00524904998019
-0.00537105323747
-0.00524904998019
-0.00537105323747
-0.00537116965279
-0.00537105323747
-0.00549317291006
-0.00537105323747
-0.00549317291006
-0.00549317291006
-0.00537105323747
-0.00561529258266
-0.00549317291006
-0.00549317291006
-0.00561517616734
-0.00561529258266
-0.005615234375
-0.005615234375
-0.005615234375
-0.005615234375
-0.00573729583994
-0.00573729583994
-0.00573729583994
-0.00573729583994
-0.00573729583994
-0.00573729583994
-0.00585941551253
-0.00585935730487
-0.00585935730487
-0.00585941551253
-0.00585935730487
-0.00585935730487
-0.00598147697747
-0.00598141876981
-0.00598147697747
-0.00598141876981
-0.00598141876981
-0.00598147697747
-0.0061035384424
-0.00610348023474
-0.00598147697747
-0.00610348023474
-0.00622559990734
-0.0061035384424
-0.00622554169968
-0.0061035384424
-0.00622559990734
-0.00622554169968
-0.00634766137227
-0.00622559990734
-0.00634766137227
-0.00622559990734
-0.00634766137227
-0.00634766137227
-0.00646972283721
-0.00634766137227
-0.00646972283721
-0.00634766137227
-0.00646972283721
-0.00646972283721
-0.00659178430215
-0.00646972283721
-0.00659178430215
-0.00659178430215
-0.00659184250981
-0.00659178430215
-0.00659178430215
-0.00659178430215
-0.00671390397474
-0.00671384576708
-0.00671384576708
-0.00671390397474
-0.00671384576708
-0.00683596543968
-0.00683590723202
-0.00671384576708
-0.00683596543968
-0.00695802690461
-0.00683590723202
-0.00695802690461
-0.00683590723202
-0.00695802690461
-0.00695802690461
-0.00708003016189
-0.00695802690461
-0.00708008836955
-0.00695802690461
-0.00708003016189
-0.00708008836955
-0.00720214983448
-0.00708008836955
-0.00720214983448
-0.00720214983448
-0.00720214983448
-0.00720214983448
-0.00720214983448
-0.00732421129942
-0.00720214983448
-0.00732421129942
-0.00732424063608
-0.00732421129942
-0.00744627276435
-0.00732424063608
-0.00744627276435
-0.00744630210102
-0.00744627276435
-0.00756836356595
-0.00744630210102
-0.00756836356595
-0.00744627276435
-0.00756836356595
-0.00769042503089
-0.00756836356595
-0.00769042503089
-0.00756836356595
-0.00769042503089
-0.00769042503089
-0.00781251583248
-0.00769042503089
-0.00781251583248
-0.00769042503089
-0.00781248649582
-0.00793457683176
-0.00781248649582
-0.00781251583248
-0.0079345619306
-0.00793457683176
-0.0079345619306
-0.00793457683176
-0.00805663876235
-0.00793457683176
-0.00805663876235
-0.00805663876235
-0.00805663876235
-0.00817871466279
-0.00805663876235
-0.00817871466279
-0.00817871466279
-0.00817869976163
-0.00817871466279
-0.00830078311265
-0.00817870721221
-0.00830078311265
-0.00830078311265
-0.00830078311265
-0.00830077566206
-0.00842285528779
-0.00842284783721
-0.0084228515625
-0.0084228515625
-0.0084228515625
-0.00854492280632
-0.0084228515625
-0.008544921875
-0.008544921875
-0.00854492280632
-0.00866699311882
-0.00854492280632
-0.00866698939353
-0.00866699311882
-0.00866699311882
-0.00866699311882
-0.00878905784339
-0.00878906529397
-0.00878906529397
-0.00878905784339
-0.00878906529397
-0.00878906529397
-0.00891113374382
-0.00891112722456
-0.0089111411944
-0.00891112722456
-0.00891112722456
-0.009033203125
-0.009033203125
-0.009033203125
-0.009033203125
-0.009033203125
-0.00915527902544
-0.00915527902544
-0.009033203125
-0.00927732605487
-0.00915527902544
-0.00915527902544
-0.00927734002471
-0.00927734002471
-0.00927734002471
-0.00927736982703
-0.00939940195531
-0.00927734002471
-0.00939943082631
-0.00939940195531
-0.00939940195531
-0.0095214927569
-0.00939943082631
-0.00952146295458
-0.0095214927569
-0.0095214927569
-0.00964355375618
-0.00952146295458
-0.00964358262718
-0.00964355375618
-0.00964355375618
-0.00964355375618
-0.00976561568677
-0.00964355375618
-0.00976561568677
-0.00988767668605
-0.00976567342877
-0.00976561568677
-0.00988767668605
-0.00988767668605
-0.00988773442805
-0.00988767668605
-0.0100097963586
-0.00988767668605
-0.0100097376853
-0.0100097963586
-0.0101317996159
-0.0100097963586
-0.0101318573579
-0.0100097376853
-0.0102539192885
-0.0101317996159
-0.0101318573579
-0.0102539192885
-0.0102539192885
-0.0102538606152
-0.0102539192885
-0.0102539192885
-0.0103759802878
-0.0103759802878
-0.0103759802878
-0.0103759802878
-0.0103759802878
-0.0104980422184
-0.0104980422184
-0.0104980422184
-0.0104980422184
-0.0104980422184
-0.0106201032177
-0.0106201032177
-0.010620161891
-0.0106201032177
-0.0107421651483
-0.010620161891
-0.0107421651483
-0.0107421651483
-0.0107422228903
-0.0108642261475
-0.0107422228903
-0.0108642261475
-0.0108642848209
-0.0108642261475
-0.0109863458201
-0.0108642261475
-0.0109863458201
-0.0109863458201
-0.0109863458201
-0.0111083490774
-0.0111084654927
-0.0109862294048
-0.0111084654927
-0.01123046875
-0.0111083490774
-0.01123046875
-0.01123046875
-0.01123046875
-0.01123046875
-0.0113525884226
-0.01123046875
-0.0113524720073
-0.0113525884226
-0.0113525884226
-0.0114745916799
-0.0114745916799
-0.0114745916799
-0.0114745916799
-0.0114745916799
-0.0115967113525
-0.0114745916799
-0.0115967113525
-0.0115967113525
-0.0117187146097
-0.0115967113525
-0.0117187146097
-0.0117187146097
-0.0117188310251
-0.011840717867
-0.0117188310251
-0.0118408342823
-0.011840717867
-0.0118408342823
-0.0119629539549
-0.0118408342823
-0.0119628375396
-0.0119629539549
-0.0120849572122
-0.0119628375396
-0.0120849572122
-0.0120849572122
-0.0120849572122
-0.0120849572122
-0.0122070768848
-0.0120849572122
-0.0122069604695
-0.0122070768848
-0.0123290801421
-0.0122070768848
-0.0123290801421
-0.0123290801421
-0.0123290801421
-0.0124511998147
-0.0124511998147
-0.0123290801421
-0.0124511998147
-0.012573203072
-0.0124511998147
-0.012573203072
-0.0125733194873
-0.012573203072
-0.012573203072
-0.0126953227445
-0.0126953227445
-0.0126953227445
-0.0126953227445
-0.0126953227445
-0.0128173260018
-0.0128174424171
-0.0128173260018
-0.0128174424171
-0.0128173260018
-0.0129394456744
-0.0129394456744
-0.0129394456744
-0.0129394456744
-0.0130616817623
-0.0130613325164
-0.013061565347
-0.013061565347
-0.013061565347
-0.0129393292591
-0.0125733194873
-0.0118408342823
-0.0112303523347
-0.0102540934458
-0.00903313048184
-0.00756839243695
-0.00610342202708
-0.00427244231105
-0.00231945887208
-0.000122003249999
0.00219722278416
0.00476068817079
0.00769062852487
0.0104978671297
0.013794050552
0.0172117725015
0.0206299573183
0.0245361570269
0.0284423567355
0.0321045517921
0.0356445088983
0.0389404594898
0.0418700501323
0.0446777530015
0.0471190996468
0.0494385585189
0.0515136606991
0.0532226376235
0.0548096112907
0.0561523474753
0.0571288391948
0.057983443141
0.0584716871381
0.0588378123939
0.0589600503445
0.0587158128619
0.0583495683968
0.0576171986759
0.0567627102137
0.0559081658721
0.0551757961512
0.054199244827
0.0534667596221
0.0527343936265
0.0518799051642
0.0512695387006
0.0505370534956
0.049804713577
0.0493164099753
0.0485839806497
0.0480957068503
0.0474853403866
0.0468750037253
0.0465087927878
0.0460205040872
0.0455322265625
0.0451660193503
0.044677734375
0.04443359375
0.0440673790872
0.0440673865378
0.0440673753619
0.0443115271628
0.0445556789637
0.0451660007238
0.0455322414637
0.0463867001235
0.0472412183881
0.0482177995145
0.0494384430349
0.0506591722369
0.0521240271628
0.0535888820887
0.0552978590131
0.0571288950741
0.0590820536017
0.0611572153866
0.0634765550494
0.0656738355756
0.0675048157573
0.0687256678939
0.0693359151483
0.0694580376148
0.0688476711512
0.0678710639477
0.0661620870233
0.0639648586512
0.0612792745233
0.0577393211424
0.0538330040872
0.0493163205683
0.0441895090044
0.0385742150247
0.0323486737907
0.0253906454891
0.0181884970516
0.01000962127
0.00158697355073
-0.00744638917968
-0.0161132775247
-0.024413920939
-0.0322265550494
-0.0396729409695
-0.0467528551817
-0.0533447563648
-0.0594482943416
-0.0653075948358
-0.0706786513329
-0.0755615755916
-0.0800781399012
-0.0841064602137
-0.087890535593
-0.0910644829273
-0.0938720703125
-0.0963134765625
-0.0983886942267
-0.0998534932733
-0.10107421875
-0.101684585214
-0.102172836661
-0.101928710938
-0.101440437138
-0.100463874638
-0.09912109375
-0.0974121168256
-0.0950927734375
-0.092529296875
-0.0894775390625
-0.0859374925494
-0.0821533277631
-0.0778808295727
-0.072998046875
-0.0679931789637
-0.0623779445887
-0.0563964694738
-0.0500488057733
-0.043090838939
-0.0360107496381
-0.0283202957362
-0.0201416537166
-0.0117187146097
-0.00292970775627
0.00549317291006
0.0134276915342
0.0209961421788
0.0279541108757
0.0345458947122
0.0405273139477
0.0461426079273
0.0511474758387
0.0557861030102
0.059936542064
0.0637206807733
0.0667724460363
0.0694580376148
0.0717773512006
0.073486328125
0.0747070237994
0.0755615308881
0.0758056640625
0.07568359375
0.0750732421875
0.074462890625
0.0737304762006
0.0728759765625
0.0720214694738
0.0711670145392
0.0703124925494
0.0693359151483
0.0683594197035
0.067260697484
0.066040083766
0.0650634691119
0.0638427436352
0.0625000074506
0.0612792745233
0.059936542064
0.0585938096046
0.057250957936
0.0556639842689
0.054199244827
0.0526122711599
0.051025416702
0.0493164397776
0.0477294661105
0.0458984859288
0.0440673865378
0.0423584096134
0.0404051952064
0.0385742150247
0.0364991128445
0.0345458947122
0.0323485583067
0.0303955730051
0.0281982347369
0.0260010119528
0.0236815530807
0.0214843302965
0.0191652216017
0.0167235266417
0.0142822964117
0.0119628375396
0.0096436124295
0.00732415309176
0.00500492705032
0.00280747166835
0.000732485146727
-0.00146473746281
-0.00341795361601
-0.00561540899798
-0.00744615634903
-0.00952160917222
-0.011352355592
-0.0131838014349
-0.015014548786
-0.0168457627296
-0.0185546223074
-0.0201415959746
-0.021850572899
-0.0233154259622
-0.0250244028866
-0.0264892578125
-0.0278321076185
-0.0292968451977
-0.0307617001235
-0.0319824293256
-0.0333251655102
-0.0344238914549
-0.0357666276395
-0.0368651226163
-0.0379639677703
-0.0389403402805
-0.0400390699506
-0.0410156771541
-0.0419921688735
-0.0427246540785
-0.043701145798
-0.0444336310029
-0.0451660007238
-0.0458983667195
-0.0465088486671
-0.0471190996468
-0.0477294661105
-0.0483398884535
-0.048706073314
-0.049194317311
-0.0495605617762
-0.0499267466366
-0.0501708686352
-0.050537109375
-0.0506592318416
-0.0509032942355
-0.051025416702
-0.0511474460363
-0.0510253868997
-0.0511474460363
-0.0511474758387
-0.0509032942355
-0.050903338939
-0.0506591722369
-0.050537109375
-0.0501708984375
-0.0498046875
-0.049560546875
-0.0490722693503
-0.0487060584128
-0.0480956919491
-0.0477294921875
-0.0469970814884
-0.0465087927878
-0.0457763634622
-0.0450439378619
-0.0443115122616
-0.0434570536017
-0.0427245944738
-0.041748046875
-0.0407714955509
-0.0399170070887
-0.0388183370233
-0.0378417894244
-0.0366211161017
-0.0355224460363
-0.0343017727137
-0.0330810435116
-0.031860370189
-0.0303955152631
-0.0291747264564
-0.0275879856199
-0.0262450184673
-0.0247802808881
-0.0230713039637
-0.0216064490378
-0.0198974721134
-0.0181884970516
-0.0166015233845
-0.0146484225988
-0.0129395620897
-0.0111083490774
-0.00915525015444
-0.00720214983448
-0.00524904998019
-0.00317383068614
-0.00109861139208
0.00109861139208
0.00317383068614
0.00537105323747
0.00769051210955
0.0100097376853
0.0123290801421
0.0146484225988
0.0172120053321
0.0196532327682
0.0220948122442
0.0247801635414
0.0273437462747
0.0299073271453
0.0327147990465
0.0354003831744
0.037963848561
0.0404053106904
0.0426025353372
0.0445556342602
0.0466308519244
0.0482178255916
0.0498046837747
0.0511474199593
0.0522460862994
0.0533447563648
0.0541992150247
0.0549316443503
0.0554199181497
0.0556640699506
0.0559081919491
0.0557861328125
0.0556640550494
0.0552978552878
0.0548095703125
0.0540771484375
0.053466796875
0.0528564378619
0.0521240271628
0.0517578274012
0.0511474460363
0.0506591722369
0.0502929873765
0.0498046837747
0.0495605617762
0.049194317311
0.0489501953125
0.048706073314
0.0484618917108
0.0483398288488
0.0482177697122
0.0480957068503
0.0480957068503
0.0480957068503
0.0480957068503
0.0482178255916
0.0482177101076
0.0484619513154
0.0484618321061
0.048706073314
0.0488281920552
0.0489501953125
0.049194317311
0.0494384430349
0.0495605617762
0.0498046837747
0.0501709282398
0.0502929314971
0.0506591722369
0.051025416702
0.0512695387006
0.0516357794404
0.0520019084215
0.0523681491613
0.0527343936265
0.0531005188823
0.0534667596221
0.0535889975727
0.0537110008299
0.0537107661366
0.0535889975727
0.0533447563648
0.052978515625
0.0526122711599
0.0520020239055
0.0515135452151
0.0506592877209
0.0498045682907
0.0488280765712
0.0477295815945
0.0466308519244
0.0454101227224
0.0439453832805
0.0424804128706
0.0408934392035
0.0391846969724
0.0375977233052
0.0358885154128
0.0341797694564
0.032470792532
0.0308835860342
0.0291748419404
0.027465865016
0.0258788913488
0.0241699144244
0.0224609375
0.0208739638329
0.019287224859
0.0175780151039
0.0158692710102
0.0142822964117
0.0126953227445
0.0109861129895
0.00939960591495
0.00769039569423
0.00610342202708
0.00451668165624
0.00292970775627
0.00134273420554
-0.000366242573364
-0.00195321626961
-0.00353995687328
-0.0051269303076
-0.00671390397474
-0.0083006452769
-0.0100098541006
-0.0114745916799
-0.013061565347
-0.0147705422714
-0.016235280782
-0.0178222544491
-0.0194092281163
-0.0209959670901
-0.0224609375
-0.0241701472551
-0.0256346520036
-0.0272216256708
-0.0286865960807
-0.0302733369172
-0.0318605452776
-0.0334470532835
-0.0349122546613
-0.0364989973605
-0.0379639677703
-0.0395507067442
-0.0410156771541
-0.0424804128706
-0.0438231490552
-0.0452881194651
-0.0467528551817
-0.047973819077
-0.049194317311
-0.0505370534956
-0.0517577826977
-0.052978515625
-0.0540772415698
-0.0552977398038
-0.0562744662166
-0.0573729611933
-0.0584716871381
-0.0593261756003
-0.0603026673198
-0.0612793937325
-0.062255885452
-0.0629882514477
-0.0638427436352
-0.0645752251148
-0.0653075948358
-0.066162198782
-0.0667724460363
-0.0673828125
-0.0681151822209
-0.0686035454273
-0.0692137926817
-0.0697021558881
-0.0701905190945
-0.0705566480756
-0.0710448920727
-0.0714111328125
-0.0717773213983
-0.0721435621381
-0.0723876804113
-0.0726318657398
-0.0727538689971
-0.0731201097369
-0.0731201395392
-0.0732422024012
-0.0733642354608
-0.0734863355756
-0.0733642652631
-0.0733642578125
-0.0733642578125
-0.0732421875
-0.0727539137006
-0.072021484375
-0.0709228441119
-0.0694580078125
-0.0676269680262
-0.0656738355756
-0.0631103143096
-0.0604248456657
-0.057250957936
-0.0538330040872
-0.0500488057733
-0.0458984859288
-0.0415038652718
-0.0366211161017
-0.0314941257238
-0.026123072952
-0.0202635992318
-0.0140381734818
-0.00769039569423
-0.00109861139208
0.00488280784339
0.00964349601418
0.0136719308794
0.0166015233845
0.0186768006533
0.0196532923728
0.0198974721134
0.0189209226519
0.0172118879855
0.014404299669
0.0107421651483
0.00598147697747
0.000366184365703
-0.00622554169968
-0.0136719308794
-0.0223388187587
-0.0316162444651
-0.0422362908721
-0.0534668192267
-0.0654297173023
-0.0765380635858
-0.0863036811352
-0.094848677516
-0.102050714195
-0.108032248914
-0.11267093569
-0.116088889539
-0.118163987994
-0.11901859194
-0.118652351201
-0.116943374276
-0.113891668618
-0.109741225839
-0.1041258201
-0.0974121466279
-0.0892335027456
-0.0799558982253
-0.0693360343575
-0.0573729611933
-0.0441893897951
-0.0301515664905
-0.0164795201272
-0.00378396338783
0.00817864201963
0.0190429855138
0.0292968451977
0.0385742150247
0.0469970963895
0.0545654892921
0.0614011622965
0.0670168027282
0.0721435025334
0.0762939453125
0.0794676542282
0.0819093510509
0.08349609375
0.0841063410044
0.0839843377471
0.082885839045
0.0810546278954
0.0783691629767
0.0758056938648
0.0732421129942
0.0708007663488
0.0684814229608
0.0662842020392
0.064208984375
0.0621337629855
0.0603027828038
0.0585938096046
0.0568847134709
0.0554198622704
0.0539551228285
0.0526122711599
0.0513916574419
0.0502929314971
0.0494384989142
0.0484618917108
0.0476074628532
0.0471190996468
0.0465087927878
0.0461426079273
0.0457763634622
0.0455322414637
0.0455321855843
0.0455322414637
0.0456543043256
0.0457763634622
0.0462646409869
0.0467529445887
0.0472412183881
0.0479736179113
0.0487060584128
0.0496826209128
0.0506591796875
0.0517578087747
0.0531005859375
0.0543212890625
0.0556640587747
0.0567626953125
0.0578613243997
0.0587158240378
0.0595702975988
0.0603027567267
0.0609130933881
0.0614013671875
0.0618896409869
0.0621337629855
0.0623779445887
0.0625000074506
0.0625000074506
0.0623779445887
0.0621337629855
0.0618896409869
0.0614013969898
0.0609130337834
0.0603027828038
0.0594481788576
0.0587158128619
0.0578613243997
0.0566407069564
0.0556639842689
0.0543213672936
0.052978515625
0.0515136606991
0.049926687032
0.0482178255916
0.0465087331831
0.0446777530015
0.0426025353372
0.0405274294317
0.0384520962834
0.0360107496381
0.033691290766
0.0313722975552
0.0289306025952
0.026733379811
0.0242919176817
0.0222169309855
0.0198974721134
0.0178222544491
0.015624797903
0.0134278079495
0.0113525884226
0.00939937308431
0.00720214983448
0.00537116965279
0.00329595035873
0.00134273420554
-0.000488245830638
-0.00244146212935
-0.00427244231105
-0.00610365485772
-0.0078123989515
-0.0096436124295
-0.0113525884226
-0.0130613325164
-0.0146485390142
-0.0163575168699
-0.0179442577064
-0.0195312313735
-0.0209961999208
-0.0225829407573
-0.0240479111671
-0.0255126487464
-0.0268553830683
-0.0283203534782
-0.0296630878001
-0.0308838188648
-0.0319824293256
-0.0329589210451
-0.0339355319738
-0.0346680171788
-0.0352782644331
-0.0358887463808
-0.0362548716366
-0.0364989973605
-0.036743119359
-0.036743234843
-0.036743119359
-0.0364989973605
-0.0362549908459
-0.0357665121555
-0.0352783799171
-0.0345458947122
-0.0338134095073
-0.0329590402544
-0.0319824293256
-0.0307617001235
-0.0295409690589
-0.0281983502209
-0.026733379811
-0.0251464061439
-0.0233154259622
-0.0216064490378
-0.0195312313735
-0.0175781305879
-0.0152587881312
-0.013061565347
-0.0104980999604
-0.00805663876235
-0.00537105323747
-0.0025634651538
0.0
0.00268558482639
0.00524893356487
0.00756839243695
0.0100097376853
0.0120849572122
0.0142822964117
0.0163573995233
0.0181884970516
0.0201415959746
0.0217284522951
0.0235596653074
0.0250244028866
0.0266112610698
0.0278321076185
0.0291747264564
0.0303955730051
0.0314940698445
0.032470677048
0.0333252809942
0.0341796539724
0.0349121391773
0.0355223864317
0.0360107496381
0.0364991128445
0.0368652381003
0.0369872413576
0.0372314825654
0.0372313633561
0.0372314825654
0.0371093600988
0.0368652381003
0.0366211161017
0.0361328683794
0.0356445088983
0.0350341424346
0.0343017727137
0.0335692875087
0.0332032777369
0.0332030467689
0.0333252809942
0.0340575352311
0.0350342579186
0.0364989973605
0.0380859710276
0.0402831919491
0.0426024161279
0.0455323569477
0.0485838353634
0.0522460304201
0.056030459702
0.0601806640625
0.0649413540959
0.0698242783546
0.0750732123852
0.0809326246381
0.086791805923
0.0930176973343
0.0986328795552
0.103271327913
0.10705576092
0.109985232353
0.112060688436
0.113403186202
0.113647662103
0.113159179688
0.11193844676
0.109618991613
0.106567509472
0.102661080658
0.097900621593
0.0921627432108
0.0856933146715
0.0783693939447
0.0700680539012
0.0610351525247
0.051025763154
0.0401609539986
0.0285645928234
0.016235280782
0.00463845208287
-0.00646943179891
-0.0164797529578
-0.0260006617755
-0.0344240106642
-0.0422364063561
-0.049194317311
-0.0554197430611
-0.0609131492674
-0.0653075948358
-0.0692140311003
-0.0722655057907
-0.0743409618735
-0.0759274661541
-0.0764159485698
-0.0762939453125
-0.0753174498677
-0.0736084729433
-0.071045011282
-0.0678710639477
-0.0646973475814
-0.0617676377296
-0.0590819381177
-0.0566407069564
-0.054199013859
-0.0522462613881
-0.0502928122878
-0.0485840700567
-0.0472413338721
-0.0458983667195
-0.044921875
-0.0440673865378
-0.0433349013329
-0.0430908948183
-0.0427246540785
-0.0428466573358
-0.042968660593
-0.0434571392834
-0.0440673865378
-0.044921644032
-0.0456543602049
-0.0463868454099
-0.0471190996468
-0.0477293469012
-0.0484620667994
-0.0489500798285
-0.0495605617762
-0.0500488057733
-0.0505372844636
-0.0509032942355
-0.0512695387006
-0.0516355484724
-0.0518800206482
-0.0521240271628
-0.0523680336773
-0.0524902679026
-0.0526122711599
-0.0526125058532
-0.0527342744172
-0.0527343936265
-0.0526122711599
-0.0524902679026
-0.0524902679026
-0.0522460304201
-0.0520019084215
-0.0518799051642
-0.0515136606991
-0.0511475354433
-0.0509032942355
-0.0504150502384
-0.049926687032
-0.0495605617762
-0.0490723140538
-0.0484619513154
-0.0478514693677
-0.0472412183881
-0.0465088486671
-0.0458983667195
-0.0450439974666
-0.0443115122616
-0.0438232645392
-0.0433349609375
-0.0432128980756
-0.0432128421962
-0.0433349609375
-0.0438232645392
-0.0443115122616
-0.0451660566032
-0.0461425483227
-0.04736328125
-0.048706073314
-0.0502929575741
-0.0521240271628
-0.0540771558881
-0.056152317673
-0.0585937649012
-0.0611572302878
-0.0639648362994
-0.06689453125
-0.0699462890625
-0.0728759840131
-0.075439453125
-0.077880859375
-0.079833984375
-0.0817871168256
-0.0832519382238
-0.0845947638154
-0.0855712518096
-0.0863037407398
-0.0867919847369
-0.0870361104608
-0.0870361104608
-0.0865479186177
-0.0860595554113
-0.0852050706744
-0.0841064602137
-0.0826416015625
-0.0809326246381
-0.0791015326977
-0.0769043043256
-0.0744628459215
-0.0716552585363
-0.0686035454273
-0.0654297173023
-0.0620116442442
-0.0587159283459
-0.0559082217515
-0.0532225221395
-0.0511475354433
-0.0490723140538
-0.0476073436439
-0.0462646111846
-0.0454101227224
-0.0447998717427
-0.0444336310029
-0.0445556342602
-0.044921875
-0.0456543602049
-0.0465088486671
-0.047973588109
-0.0496825650334
-0.0516357794404
-0.0538330040872
-0.0566404759884
-0.0594484135509
-0.062255885452
-0.0648193508387
-0.0671385750175
-0.0694580376148
-0.0712890177965
-0.0731202289462
-0.0748289749026
-0.076049938798
-0.0772704333067
-0.0783691629767
-0.0791016444564
-0.0795898884535
-0.0800779014826
-0.0803223773837
-0.0803223773837
-0.0800779014826
-0.0795898884535
-0.0791014134884
-0.0783693939447
-0.0772704333067
-0.0761719420552
-0.0747069716454
-0.0732420012355
-0.0714114829898
-0.069335564971
-0.0672610476613
-0.0649411231279
-0.0626221299171
-0.0605471394956
-0.0584716871381
-0.0565182380378
-0.0548097267747
-0.0531007498503
-0.0515133105218
-0.0500488057733
-0.048706304282
-0.0474853403866
-0.0463868454099
-0.0454098880291
-0.0444338619709
-0.043822914362
-0.0430908948183
-0.0424804128706
-0.0421144030988
-0.041869930923
-0.0416259244084
-0.0415039211512
-0.0416263900697
-0.041869930923
-0.0421144030988
-0.0426024161279
-0.0432128980756
-0.0440673865378
-0.0447998717427
-0.0458983667195
-0.0471188649535
-0.0483402945101
-0.0498043335974
-0.0513917729259
-0.0531007498503
-0.055053267628
-0.0568851791322
-0.0592037066817
-0.0612796247005
-0.0638426244259
-0.0662840902805
-0.0689700245857
-0.0714110210538
-0.0736084729433
-0.0756834596395
-0.077392436564
-0.0789794102311
-0.0802003741264
-0.0814208686352
-0.0822753608227
-0.082885839045
-0.0832518488169
-0.0834958553314
-0.0833747833967
-0.0832518488169
-0.0826409012079
-0.0819098129869
-0.0809319242835
-0.0798348262906
-0.0783689320087
-0.0767819583416
-0.0748289749026
-0.0727539882064
-0.0705569982529
-0.0678710639477
-0.0651851296425
-0.0621341131628
-0.0589601658285
-0.056152228266
-0.0535882972181
-0.0512702353299
-0.0493163205683
-0.0477293469012
-0.0465083830059
-0.0455323569477
-0.0449223406613
-0.0445553995669
-0.0446774028242
-0.0449223406613
-0.0456543602049
-0.0467523895204
-0.0479742847383
-0.0496823303401
-0.0516353137791
-0.0539552383125
-0.0566411726177
-0.0595701821148
-0.0627441331744
-0.0653071328998
-0.0672610476613
-0.0686030834913
-0.0692140311003
-0.0692140311003
-0.0684810802341
-0.0672610476613
-0.0651860609651
-0.0626221299171
-0.0592032410204
-0.0552982054651
-0.0505372844636
-0.0454103536904
-0.0393064655364
-0.0327145680785
-0.0255126487464
-0.0175787135959
-0.00891089439392
0.00036600974272
0.0100098541006
0.0195316970348
0.0283205863088
0.036864541471
0.0446783341467
0.0520013235509
0.0589601658285
0.0651860609651
0.0711660832167
0.0765388831496
0.0812988653779
0.0856928452849
0.0894777402282
0.0927736908197
0.0955806970596
0.0980226248503
0.0996095985174
0.101073637605
0.101684585214
0.102050594985
0.101806588471
0.101074568927
0.099853605032
0.0980226248503
0.0957027003169
0.0930176973343
0.08984375
0.0865477994084
0.0836178585887
0.0805668458343
0.0778809189796
0.0750729814172
0.0723879784346
0.0700680539012
0.0675050541759
0.0654300674796
0.0631101429462
0.061157155782
0.0593261756003
0.0573731921613
0.0557862184942
0.0540772415698
0.0527342744172
0.0513913072646
0.0500488057733
0.0489503107965
0.047973819077
0.0471188649535
0.0462648421526
0.0456543602049
0.0450438782573
0.0445553995669
0.0443118587136
0.0440673865378
0.0439449176192
0.0440673865378
0.0440673865378
0.0444338619709
0.0446774028242
0.0451663471758
0.0457763634622
0.0463863797486
0.0471193306148
0.0477293469012
0.0482178255916
0.0488283075392
0.049194317311
0.0496827960014
0.0500488057733
0.0502928122878
0.0506592877209
0.0509032942355
0.0510252974927
0.0512693040073
0.0512697696686
0.0513917729259
0.0513913072646
0.0512697696686
0.0512693040073
0.05114730075
0.0509037598968
0.0507808253169
0.0504152812064
0.0504148155451
0.0501712746918
0.0500488057733
0.0499263368547
0.0498047992587
0.0498047992587
0.0496827960014
0.0496823303401
0.0495607927442
0.0496823303401
0.0496827960014
0.0498047992587
0.0498043335974
0.0498047992587
0.0500488057733
0.0501708090305
0.0502932779491
0.0504148155451
0.0506592877209
0.0507812909782
0.0510252974927
0.0512697696686
0.0513913072646
0.0515137761831
0.0516357794404
0.051879785955
0.051879785955
0.0521242581308
0.0522457957268
0.0523682646453
0.0524902679026
0.0524902679026
0.0527342744172
0.0527347400784
0.0528562776744
0.0529782809317
0.052978746593
0.0531007498503
0.053100284189
0.0532227531075
0.0532227531075
0.0532225221395
0.0533447563648
0.0533447563648
0.0533447563648
0.0533447563648
0.0533445253968
0.0533447563648
0.0533447563648
0.0533447563648
0.0533447563648
0.0532225221395
0.0533447563648
0.0531007498503
0.0532225221395
0.0531007498503
0.0531005188823
0.052978515625
0.0528565123677
0.0528562776744
0.0528565123677
0.0528565123677
0.0527342744172
0.0526122711599
0.0527345091105
0.0526122711599
0.0526122711599
0.0524902679026
0.0526122711599
0.0524902679026
0.0524902679026
0.0524900369346
0.0524902679026
0.0523682646453
0.0524902679026
0.0524901524186
0.0523681491613
0.0524902679026
0.0524902679026
0.0523681491613
0.0524902679026
0.0524901524186
0.0524902679026
0.0526122711599
0.0524902679026
0.0526122711599
0.0526122711599
0.0526123903692
0.0526122711599
0.0527343936265
0.0527343936265
0.0528563968837
0.0528565123677
0.0528563968837
0.052978515625
0.052978515625
0.052978515625
0.0531005747616
0.0531005747616
0.0532226972282
0.0531005747616
0.0532226376235
0.0531005747616
0.0532226674259
0.0532226674259
0.0531005747616
0.0532226674259
0.0531005747616
0.0532226674259
0.0531005747616
0.0529785230756
0.0531005822122
0.052978515625
0.052978515625
0.0528564453125
0.0527343712747
0.0528564527631
0.052612286061
0.0526123307645
0.0524902120233
0.0524902418256
0.0523681789637
0.0522460862994
0.0521240271628
0.0520019643009
0.0518798455596
0.0517578423023
0.051635723561
0.0516357794404
0.0513915978372
0.0511474199593
0.0511474758387
0.0509032942355
0.0509032942355
0.0506591722369
0.0504150502384
0.0504150502384
0.0502930469811
0.0502929314971
0.0500488057733
0.049926802516
0.049926687032
0.049926802516
0.0496825650334
0.0496826805174
0.0496825650334
0.0495605617762
0.0496826805174
0.0494384430349
0.0495605617762
0.0495605617762
0.0494384430349
0.0494385585189
0.0495605617762
0.0495605617762
0.0495603270829
0.0495605617762
0.0495605617762
0.0496827960014
0.0496825650334
0.0498045682907
0.0498047992587
0.049926802516
0.0500488057733
0.0500488057733
0.0501708090305
0.0502930469811
0.0504150502384
0.0505370534956
0.0506592877209
0.0507810600102
0.0509032942355
0.051025532186
0.0512695387006
0.0511475354433
0.0513915419579
0.0512695387006
0.0512695387006
0.05114730075
0.051025532186
0.0509032942355
0.0507812909782
0.0504150502384
0.0502928122878
0.049926802516
0.0496825650334
0.049194317311
0.0488283075392
0.0483398288488
0.0478515848517
0.0474853403866
0.0467528551817
0.0462648421526
0.0457763634622
0.0454098880291
0.0454103536904
0.0451658815145
0.0454103536904
0.0456538945436
0.046020835638
0.0466308519244
0.0472408682108
0.0480958223343
0.0489503107965
0.0501708090305
0.0513917729259
0.0527342744172
0.0543212480843
0.0560302250087
0.0577392019331
0.0596926510334
0.0618896409869
0.0639646276832
0.066040083766
0.0678710639477
0.0694580376148
0.0706790015101
0.0718990340829
0.0728759914637
0.073486469686
0.0739744827151
0.0742189586163
0.0742184892297
0.074096955359
0.0736084729433
0.0731199979782
0.0721435025334
0.0711670145392
0.0697020441294
0.0683595389128
0.0665280967951
0.0646975785494
0.062377654016
0.0600586608052
0.0573731921613
0.0546872578561
0.0515137761831
0.0482178255916
0.0447998717427
0.0410154424608
0.0371094793081
0.0328370369971
0.0285641271621
0.0239261407405
0.0191647559404
0.0140382898971
0.00891089439392
0.00329595035873
-0.00231899321079
-0.00769086135551
-0.0129393292591
-0.0177002511919
-0.0223387014121
-0.0267336126417
-0.0307615827769
-0.0346680171788
-0.0380859710276
-0.0412594489753
-0.0443118587136
-0.0469968616962
-0.0494383238256
-0.0515137761831
-0.0533447563648
-0.0550537332892
-0.0563967004418
-0.0573727265
-0.0581056773663
-0.0587156936526
-0.0589601658285
-0.0588376969099
-0.0584716871381
-0.057983674109
-0.0571287199855
-0.0562742315233
-0.0554202087224
-0.0546872578561
-0.0538332350552
-0.0529782809317
-0.0522462613881
-0.0516357794404
-0.0507812909782
-0.0500488057733
-0.0493163205683
-0.0487058386207
-0.0480958223343
-0.0473633371294
-0.0467528551817
-0.0461428388953
-0.0454098880291
-0.0450438782573
-0.0443118587136
-0.043822914362
-0.0433349013329
-0.042968891561
-0.0427244193852
-0.0427248850465
-0.042968891561
-0.0433349013329
-0.043822914362
-0.0445558652282
-0.0454103536904
-0.0463863797486
-0.0477298125625
-0.0490718483925
-0.0507812909782
-0.0523682646453
-0.0544432513416
-0.0565187036991
-0.0588376969099
-0.0612796247005
-0.0639646276832
-0.0667725652456
-0.0697020441294
-0.0725099816918
-0.0750732123852
-0.077392436564
-0.0795898884535
-0.0814208686352
-0.0831298455596
-0.0847168192267
-0.0858155488968
-0.0869140475988
-0.0877685323358
-0.0883787795901
-0.0887452587485
-0.0888670310378
-0.0888672620058
-0.088501021266
-0.0881347730756
-0.0874022915959
-0.0864257961512
-0.0853270739317
-0.0838623344898
-0.082397595048
-0.0805663838983
-0.078491166234
-0.0762939453125
-0.0742187201977
-0.0721436217427
-0.0700682848692
-0.0681153014302
-0.0661620870233
-0.0644531100988
-0.0627441331744
-0.061157271266
-0.0594481788576
-0.0581055618823
-0.0565184727311
-0.0551758557558
-0.0539550073445
-0.0527343936265
-0.0516357794404
-0.050537109375
-0.0495605021715
-0.048584010452
-0.0478515848517
-0.0469970367849
-0.0463867299259
-0.0456543043256
-0.0451660007238
-0.0447998158634
-0.0443115122616
-0.0439453274012
-0.0437011756003
-0.043579082936
-0.0434570237994
-0.0433349609375
-0.0434570536017
-0.0435790978372
-0.0438232347369
-0.0439453125
-0.04443359375
-0.044677734375
-0.0452880859375
-0.0457763671875
-0.04638671875
-0.046875
-0.04736328125
-0.0478515699506
-0.0483398288488
-0.048706073314
-0.049316380173
-0.0496826209128
-0.0500488355756
-0.050415020436
-0.0509033538401
-0.0511474199593
-0.0515137203038
-0.0518798455596
-0.0522460862994
-0.0524902679026
-0.0527343936265
-0.0531005747616
-0.0532226376235
-0.0534667596221
-0.0537110008299
-0.0535888820887
-0.0537108853459
-0.0535888820887
-0.0533447563648
-0.0531005188823
-0.0527343936265
-0.0522461459041
-0.0516356639564
-0.0511475354433
-0.0504150502384
-0.0495605617762
-0.04870595783
-0.0477295815945
-0.0467528551817
-0.0455322414637
-0.0443115122616
-0.0430908948183
-0.0416259244084
-0.0402831919491
-0.0390624627471
-0.0383302085102
-0.037963733077
-0.0379639677703
-0.0382079742849
-0.0389404594898
-0.039916947484
-0.0412596836686
-0.0430908948183
-0.0451661162078
-0.0476073436439
-0.0504150502384
-0.0535887628794
-0.0571289546788
-0.0610351525247
-0.0651855915785
-0.0698242783546
-0.0748289749026
-0.0802001431584
-0.0856935456395
-0.0905760079622
-0.094848677516
-0.0983886346221
-0.101318344474
-0.103393562138
-0.104736298323
-0.105591021478
-0.105468548834
-0.104858532548
-0.103393562138
-0.101318113506
-0.0983891040087
-0.0949706807733
-0.0905757695436
-0.0856937766075
-0.0799558982253
-0.0737304762006
-0.0665280967951
-0.0587161593139
-0.0501708090305
-0.0410154424608
-0.03112805821
-0.0203857179731
-0.00915536656976
0.00268546841107
0.0136722801253
0.023803671822
0.0327145680785
0.0407714359462
0.0478518158197
0.0537107661366
0.0588381625712
0.0627441331744
0.0656736046076
0.0676270574331
0.0686035454273
0.06848154217
0.0675045847893
0.0653075948358
0.06225611642
0.058105211705
0.0531007498503
0.046874858439
0.0396729409695
0.0318605452776
0.0242916848511
0.0174562446773
0.0112303523347
0.00561540899798
0.000610016286373
-0.00378396338783
-0.00744638917968
-0.010619870387
-0.0129397949204
-0.0147703094408
-0.0159912742674
-0.0164792872965
-0.0163577497005
-0.0157468020916
-0.0142822964117
-0.0123293129727
-0.00964337959886
-0.00646989746019
-0.00244146212935
0.00207545235753
0.00720191700384
0.0129397949204
0.0195312313735
0.0264891404659
0.0340575352311
0.0407714359462
0.0468750931323
0.0520020239055
0.056152228266
0.0596924200654
0.0621338821948
0.0638426244259
0.0646973475814
0.0646973475814
0.0637206211686
0.0620116442442
0.0594484135509
0.0557859875262
0.0516357794404
0.0463868454099
0.0402831919491
0.0333250500262
0.0255126487464
0.0169679988176
0.00769039569423
-0.00146497029345
-0.00988761801273
-0.0179442577064
-0.0253906454891
-0.0325927957892
-0.0390624627471
-0.0451661162078
-0.0506592877209
-0.0559079907835
-0.0603029020131
-0.0645751133561
-0.0681153014302
-0.0711670145392
-0.0739744827151
-0.0759276971221
-0.0776369124651
-0.0788574069738
-0.0794676542282
-0.0795898884535
-0.0793458819389
-0.0791014134884
-0.0788574069738
-0.078491397202
-0.0782469287515
-0.0780029222369
-0.0777589157224
-0.0775144398212
-0.0772704333067
-0.0771484300494
-0.0769044235349
-0.0767824202776
-0.0766599550843
-0.0764159485698
-0.0762939453125
-0.0762939453125
-0.076049938798
-0.076049938798
-0.0760494694114
-0.0758059322834
-0.0759274661541
-0.0758059322834
-0.0758054628968
-0.0758059322834
-0.0758054628968
-0.0758054628968
-0.0758059322834
-0.075439453125
-0.0747069716454
-0.073486469686
-0.0720214992762
-0.0700680539012
-0.0677490606904
-0.0650635883212
-0.0620116442442
-0.0583496838808
-0.0545652545989
-0.0502932779491
-0.0455318912864
-0.0405274294317
-0.0350344926119
-0.0291746091098
-0.0228271801025
-0.0163572840393
-0.00915536656976
-0.00183098006528
0.00585941551253
0.0133053390309
0.0201417114586
0.0266116093844
0.0327145680785
0.0382079742849
0.0432128980756
0.047973819077
0.0521237924695
0.0559082217515
0.0590821690857
0.0620116442442
0.0643311068416
0.0662840902805
0.0676270574331
0.0687255486846
0.0693360343575
0.0693360343575
0.0689695551991
0.0682375356555
0.0670165717602
0.0657956078649
0.0645751133561
0.0634766146541
0.0623781196773
0.0614011622965
0.0603026673198
0.0593261756003
0.0584716871381
0.0576171986759
0.0566407069564
0.0559082217515
0.0552977398038
0.0544437170029
0.0538327693939
0.0531007498503
0.0527342744172
0.0520017892122
0.0516357794404
0.0511477664113
0.0507812909782
0.0502928122878
0.0501708090305
0.0496827960014
0.0495603270829
0.0494383238256
0.049194317311
0.0491947829723
0.0489498451352
0.0490723140538
0.0490723140538
0.049194317311
0.049194317311
0.0494383238256
0.0496827960014
0.0498047992587
0.0501708090305
0.0504148155451
0.0507815256715
0.0509032942355
0.0511475354433
0.0512695387006
0.0512695387006
0.0512693040073
0.0512695387006
0.0511475354433
0.051025532186
0.0507810600102
0.0505372844636
0.0501708090305
0.0498045682907
0.0494385585189
0.0489503107965
0.0483398288488
0.0478515848517
0.0471190996468
0.0465088486671
0.0457763634622
0.0451658815145
0.0447998717427
0.0445556342602
0.0444336310029
0.0445556342602
0.044921875
0.0452881194651
0.0458983667195
0.0466308519244
0.0477295815945
0.0488280765712
0.0500488057733
0.0515137761831
0.0532225221395
0.0550537332892
0.0570069514215
0.0590819381177
0.0615234002471
0.0639648586512
0.0665283277631
0.0690917894244
0.0712890177965
0.0733643472195
0.0751952156425
0.0767823010683
0.0782470405102
0.0795898884535
0.0804442614317
0.0814208686352
0.0820313543081
0.08239736408
0.0826416015625
0.0826416611671
0.0823974236846
0.0820312947035
0.0815429314971
0.0805664435029
0.0797118917108
0.0783691331744
0.0770263671875
0.075439453125
0.0734863355756
0.0716552734375
0.0692138597369
0.06689453125
0.0643310546875
0.0617675743997
0.0594482533634
0.057373046875
0.0552978441119
0.0535888820887
0.0518798753619
0.0502929575741
0.0489502251148
0.0478515252471
0.0468750335276
0.0458984263241
0.0452880598605
0.0446777530015
0.0444335713983
0.0441894493997
0.0440673865378
0.044311568141
0.0445556342602
0.044921875
0.0455322414637
0.0461426079273
0.0467528551817
0.0472412183881
0.0478515848517
0.0482178255916
0.0488280765712
0.049194317311
0.0498046837747
0.0500488057733
0.0505371689796
0.0509032942355
0.0513916574419
0.0516356639564
0.0518799051642
0.0523681491613
0.0524902679026
0.0528563968837
0.052978515625
0.0533447563648
0.0534667596221
0.0537110008299
0.0538330040872
0.0540770106018
0.054199244827
0.0543214827776
0.0544432513416
0.0544432513416
0.0546877235174
0.0546874925494
0.0548094958067
0.0548094958067
0.054931730032
0.054931499064
0.054931730032
0.054931730032
0.0548094958067
0.054931730032
0.0548094958067
0.0548094958067
0.0546874925494
0.0546874925494
0.0544434860349
0.0544432513416
0.0543212480843
0.054199244827
0.0539552383125
0.0538330040872
0.0537107661366
0.0534667596221
0.0532227531075
0.052978515625
0.0528565123677
0.0526122711599
0.0522460304201
0.0520020239055
0.0517577826977
0.0513917729259
0.05114730075
0.0509032942355
0.0506592877209
0.0505368188024
0.0501712746918
0.0501708090305
0.049926802516
0.0496823303401
0.0496827960014
0.0496827960014
0.0495603270829
0.0494383238256
0.0494387894869
0.0495603270829
0.0494383238256
0.0495607927442
0.0495603270829
0.0496827960014
0.0498047992587
0.049926802516
0.0500488057733
0.0500488057733
0.0502928122878
0.0501708090305
0.0502932779491
0.0504148155451
0.0502928122878
0.0502932779491
0.0504148155451
0.0501708090305
0.0502932779491
0.0500488057733
0.0500488057733
0.049926802516
0.0498043335974
0.0496827960014
0.0494383238256
0.0493167862296
0.0490718483925
0.0489503107965
0.048706304282
0.0484618321061
0.0484618321061
0.0482178255916
0.0482178255916
0.0482178255916
0.048095356673
0.0480958223343
0.0480958223343
0.0480958223343
0.0482178255916
0.0483398288488
0.0484618321061
0.0485838353634
0.048706304282
0.0489498451352
0.0490723140538
0.0494387894869
0.0496823303401
0.049926802516
0.0502928122878
0.0506592877209
0.0509032942355
0.0515137761831
0.0517577826977
0.0522462613881
0.0527342744172
0.0533447563648
0.0537107661366
0.0543212480843
0.054931730032
0.0555422119796
0.0560302250087
0.0568847134709
0.0573731921613
0.0582272149622
0.0588381625712
0.0596921853721
0.0604251362383
0.0609131492674
0.0610351525247
0.061157155782
0.0609131492674
0.0601801984012
0.0594481788576
0.0583501495421
0.0570062510669
0.0554202087224
0.0534662939608
0.0512702353299
0.0489503107965
0.046142373234
0.0432124324143
0.0399174131453
0.0364985316992
0.0327154994011
0.0286865960807
0.0242916848511
0.019897704944
0.0152587881312
0.0111078834161
0.00671390397474
0.00256393081509
-0.00134296703618
-0.00537093682215
-0.00927783548832
-0.0128168603405
-0.0166017562151
-0.0200197082013
-0.0234376620501
-0.0267336126417
-0.0299066286534
-0.0329595059156
-0.0360105186701
-0.0388184562325
-0.0415034554899
-0.0441893897951
-0.0468753241003
-0.049194317311
-0.0515133105218
-0.0538332350552
-0.0557862184942
-0.0579832084477
-0.0596921853721
-0.0616461001337
-0.0632321462035
-0.0649411231279
-0.0662850216031
-0.0677481293678
-0.0689700245857
-0.0700689852238
-0.0712885484099
-0.0720214992762
-0.0729979947209
-0.0737304762006
-0.0742189586163
-0.0748289749026
-0.0751954466105
-0.0755614563823
-0.0756834596395
-0.0758059322834
-0.0758054628968
-0.0756834596395
-0.075439453125
-0.0750734433532
-0.0745849683881
-0.0740964859724
-0.0733644664288
-0.0726319849491
-0.0717770308256
-0.0708010047674
-0.0697020441294
-0.0686035454273
-0.0671385750175
-0.0657960772514
-0.0643311068416
-0.0626221299171
-0.0609126836061
-0.0593261756003
-0.0577392019331
-0.0562746971846
-0.054931730032
-0.0534667596221
-0.0523682646453
-0.05114730075
-0.0500488057733
-0.0490723140538
-0.0482178255916
-0.0473633371294
-0.0466308519244
-0.0458983667195
-0.0454098880291
-0.044921875
-0.0444338619709
-0.0441893897951
-0.0439453832805
-0.0437009111047
-0.043701376766
-0.0435789078474
-0.0435793735087
-0.0435789078474
-0.043701376766
-0.043822914362
-0.0438233800232
-0.0440673865378
-0.0443113930523
-0.0445558652282
-0.0447998717427
-0.0451658815145
-0.0455323569477
-0.0457763634622
-0.0463863797486
-0.046753320843
-0.0472408682108
-0.0478518158197
-0.0483398288488
-0.0489503107965
-0.0496823303401
-0.0502928122878
-0.051025763154
-0.0517575517297
-0.0524902679026
-0.0534667596221
-0.054199244827
-0.0551759712398
-0.0560302250087
-0.0571289546788
-0.0581054463983
-0.0590819381177
-0.0601806640625
-0.0612793937325
-0.0624998919666
-0.0635986179113
-0.0649413540959
-0.0661623179913
-0.0673828125
-0.0687255486846
-0.0699462816119
-0.0709227696061
-0.0716552585363
-0.072387740016
-0.0728759914637
-0.0732422322035
-0.0732420012355
-0.0733644664288
-0.0731199979782
-0.0727539882064
-0.0722655057907
-0.0715332552791
-0.0706787630916
-0.0695800408721
-0.0683594197035
-0.0670165717602
-0.0655517205596
-0.0637207403779
-0.0618896409869
-0.0598144233227
-0.0576171986759
-0.0551757365465
-0.0526123903692
-0.0498046837747
-0.0469970963895
-0.0439452677965
-0.040649432689
-0.0372313633561
-0.0335694029927
-0.0299072116613
-0.0260010119528
-0.021850572899
-0.0175781305879
-0.0131835686043
-0.0085448846221
-0.00378419621848
0.00109861139208
0.00622554169968
0.0111084654927
0.0158691536635
0.0203857179731
0.0246581602842
0.0289307199419
0.0327147990465
0.0366211161017
0.0401610732079
0.0434571392834
0.0466308519244
0.0496825650334
0.0524902679026
0.0550537332892
0.0573729611933
0.0596924200654
0.0616455189884
0.0634764954448
0.0650634691119
0.0665283277631
0.0677490606904
0.0688477829099
0.0697020441294
0.0703125223517
0.0708007663488
0.071045011282
0.0710447728634
0.071045011282
0.0706787630916
0.0701902881265
0.0694580376148
0.0686035454273
0.0675048157573
0.0661620870233
0.0648193508387
0.0631103739142
0.061157155782
0.059204172343
0.057250957936
0.0555419810116
0.0537110008299
0.0522460304201
0.0507812909782
0.0494385585189
0.0482178255916
0.0471190996468
0.0462646111846
0.0454101227224
0.0446776375175
0.0441896244884
0.0435791425407
0.0433349013329
0.0430906638503
0.0430908948183
0.0430908948183
0.0432128980756
0.0434569045901
0.0438233800232
0.0444333963096
0.0451663471758
0.0457763634622
0.0467528551817
0.0477293469012
0.0489503107965
0.0501708090305
0.0515137761831
0.0529782809317
0.0546877235174
0.0565182380378
0.0583496838808
0.0603026673198
0.0623781196773
0.0646971166134
0.067139044404
0.0695800408721
0.0721435025334
0.0748289749026
0.077392436564
0.0795898884535
0.0816653445363
0.0833738520741
0.0849608257413
0.0863037928939
0.0872802883387
0.0881347730756
0.0887452587485
0.0889892652631
0.0891112685204
0.0889892652631
0.0886227861047
0.0880127698183
0.0870362818241
0.0860593244433
0.0845948159695
0.0831298455596
0.0812988653779
0.0791014134884
0.0769044235349
0.0743409618735
0.0715330243111
0.0686035454273
0.0656740739942
0.062988139689
0.060424670577
0.057983674109
0.0557857528329
0.0535892285407
0.0516357794404
0.049926802516
0.0482173599303
0.0466308519244
0.0454103536904
0.0441893897951
0.0432128980756
0.0422364063561
0.0415034554899
0.0410163737833
0.0405274294317
0.0402824915946
0.0401614196599
0.0401614196599
0.0404054261744
0.040649432689
0.0412594489753
0.0417474620044
0.0424813441932
0.0433344356716
0.0444333963096
0.0456543602049
0.0468753241003
0.0484613664448
0.0499272681773
0.0517573170364
0.0535892285407
0.0556642152369
0.0578612051904
0.0600581951439
0.0626221299171
0.0651860609651
0.0678710639477
0.0706790015101
0.0733640044928
0.0758059322834
0.0778799876571
0.0798348262906
0.0815428718925
0.082885839045
0.0841058716178
0.0849608257413
0.0856937766075
0.0861817896366
0.0863037928939
0.0864257961512
0.0859368517995
0.0855717733502
0.0847168192267
0.083739861846
0.0825198292732
0.0809328556061
0.0793449506164
0.0772709026933
0.0749509781599
0.0726319849491
0.0698240473866
0.0668950378895
0.0637201592326
0.0609131492674
0.058105211705
0.0556642152369
0.0534672252834
0.0515133105218
0.04980526492
0.0484613664448
0.0471193306148
0.0462643764913
0.0455323569477
0.0450443439186
0.0449214093387
0.0449223406613
0.0451654158533
0.0457763634622
0.0466313175857
0.0476073436439
0.0489503107965
0.0504143498838
0.0522462613881
0.0539552383125
0.0555422119796
0.057251188904
0.0587152279913
0.0600591264665
0.0616451688111
0.0627441331744
0.064087100327
0.0653071328998
0.0662850216031
0.067382119596
0.0683600082994
0.0690910965204
0.0700689852238
0.0708000734448
0.0714119523764
0.0720210373402
0.0725099816918
0.0729979947209
0.07348600775
0.0737309455872
0.0739740207791
0.074096955359
0.0743409618735
0.0742189586163
0.0743409618735
0.0740960240364
0.0739749521017
0.0738520175219
0.0733649358153
0.0731199979782
0.0725099816918
0.0721430405974
0.0714110210538
0.0708010047674
0.0700680539012
0.0693360343575
0.0683600082994
0.067382119596
0.0665290281177
0.0653071328998
0.064087100327
0.062988139689
0.0616451688111
0.0604251362383
0.0590821690857
0.0577392019331
0.0565182380378
0.0554202087224
0.0540772415698
0.0527342744172
0.0516362451017
0.0504143498838
0.0493163205683
0.0479742847383
0.0468753241003
0.0457763634622
0.0445544682443
0.0433362983167
0.0423584096134
0.0411365143955
0.0400394164026
0.0389404594898
0.0379644334316
0.0371094793081
0.0367425382137
0.036621466279
0.0369865447283
0.0374764204025
0.0385735183954
0.0396724753082
0.0413823835552
0.0432133637369
0.0456534288824
0.0482182912529
0.0511482320726
0.0544432513416
0.058105211705
0.0620111785829
0.0664070248604
0.0709220767021
0.076049938798
0.0812988653779
0.086791805923
0.091796733439
0.0959467068315
0.0994875952601
0.1022946015
0.104248516262
0.105835489929
0.106323502958
0.106323502958
0.105589620769
0.104004509747
0.101806588471
0.0988766476512
0.0953376218677
0.0909417793155
0.0858157798648
0.08007697016
0.0736098736525
0.0662840902805
0.0584702901542
0.04980526492
0.040406357497
0.0303946416825
0.0195316970348
0.00829994678497
-0.00244006514549
-0.0123307099566
-0.0216048192233
-0.0301524978131
-0.0377185642719
-0.0445563308895
-0.0507812909782
-0.0561531595886
-0.0606682114303
-0.0645760446787
-0.0676270574331
-0.0699460506439
-0.0715330243111
-0.0722650438547
-0.0722650438547
-0.0714119523764
-0.0699460506439
-0.067749992013
-0.0645741820335
-0.06091408059
-0.0573731921613
-0.0539533756673
-0.050904225558
-0.048095356673
-0.0452883504331
-0.043090429157
-0.0407714359462
-0.0389404594898
-0.037232413888
-0.0357665121555
-0.0346675515175
-0.0335685908794
-0.0329595059156
-0.0324714928865
-0.0322256237268
-0.0321045517921
-0.0324714928865
-0.0329576432705
-0.0335704535246
-0.0345464795828
-0.0357665121555
-0.0372305512428
-0.03881752491
-0.0407732985914
-0.0429674945772
-0.0452883504331
-0.0479742847383
-0.0507812909782
-0.0539552383125
-0.0572502575815
-0.0607911460102
-0.0646971166134
-0.0687260180712
-0.0731199979782
-0.0775139778852
-0.0823978260159
-0.0872798189521
-0.0926516875625
-0.0981446281075
-0.103637568653
-0.108521424234
-0.112425528467
-0.115601338446
-0.117553390563
-0.118896357715
-0.119262367487
-0.11877528578
-0.117187380791
-0.114989459515
-0.111694440246
-0.107544466853
-0.102416604757
-0.0966796576977
-0.0897217467427
-0.0820318162441
-0.07348600775
-0.0638430938125
-0.0535882972181
-0.0421144030988
-0.0300295632333
-0.0172117725015
-0.00488292425871
0.00646989746019
0.0169677659869
0.0266116093844
0.0354005023837
0.0433344356716
0.0505372844636
0.0565182380378
0.0620121099055
0.0665280967951
0.0700680539012
0.0728759914637
0.0747079029679
0.0758050009608
0.0759279355407
0.0753169879317
0.0737309455872
0.0712890177965
0.067993067205
0.064087100327
0.0603022016585
0.0570071823895
0.0539552383125
0.0513913072646
0.0490723140538
0.0472413338721
0.0457763634622
0.0446774028242
0.0438233800232
0.0435793735087
0.043701376766
0.0439453832805
0.044800337404
0.0460203699768
0.0474844090641
0.0494383238256
0.0517573170364
0.0544451139867
0.057494264096
0.0607911460102
0.0640861690044
0.0670179724693
0.0697020441294
0.0721421092749
0.0744629651308
0.0764168798923
0.078247860074
0.0797118917108
0.0810529962182
0.0821538195014
0.082885839045
0.0833738520741
0.0838618651032
0.0838637277484
0.0837389305234
0.0833738520741
0.0826418325305
0.0819098129869
0.080687917769
0.0794678851962
0.0777598470449
0.076049938798
0.0738520175219
0.0716540962458
0.0690929591656
0.0664051622152
0.0637210905552
0.0612791590393
0.0589601658285
0.0567622445524
0.0546891205013
0.0528562776744
0.0511463694274
0.0495612584054
0.048095356673
0.0468753241003
0.0457763634622
0.044800337404
0.0439453832805
0.0433344356716
0.0428464226425
0.0423584096134
0.0422354750335
0.0421144030988
0.0422373376787
0.0424794815481
0.0427253507078
0.0432133637369
0.0435784421861
0.0443123243749
0.0447984747589
0.0455323569477
0.0463873110712
0.0472404025495
0.0480972193182
0.049194317311
0.0504143498838
0.0515133105218
0.0527352057397
0.0540763102472
0.0555422119796
0.0571291856468
0.0585932247341
0.0604242049158
0.0620130412281
0.0638421624899
0.0650640577078
0.066040083766
0.0665280967951
0.0664051622152
0.0659190118313
0.0649411231279
0.0634770840406
0.0615231655538
0.059204172343
0.0562742315233
0.0529792122543
0.049194317311
0.0449214093387
0.0401604883373
0.0349134206772
0.0292956810445
0.0231936555356
0.0166017562151
0.00952184200287
0.00207498669624
-0.00512786163017
-0.0120848407969
-0.018797814846
-0.0251475702971
-0.031249595806
-0.0369865447283
-0.0424813441932
-0.0476073436439
-0.05248933658
-0.0572521202266
-0.061400230974
-0.0654309988022
-0.0692140311003
-0.0726319849491
-0.0758040696383
-0.078491859138
-0.0811759307981
-0.0833757147193
-0.0853259041905
-0.0870358124375
-0.0883787795901
-0.0897217467427
-0.0908207073808
-0.0915527269244
-0.0921636745334
-0.0925287529826
-0.092895694077
-0.0927727594972
-0.0925306156278
-0.0921618118882
-0.0915527269244
-0.0906996354461
-0.0897217467427
-0.0883787795901
-0.0869128778577
-0.0853277668357
-0.0833738520741
-0.0812988653779
-0.0789798721671
-0.076537951827
-0.0737309455872
-0.0709220767021
-0.0678710639477
-0.0648200511932
-0.0621341131628
-0.0594481788576
-0.0571273230016
-0.054810192436
-0.0528562776744
-0.050904225558
-0.0493153892457
-0.0477302782238
-0.0463873110712
-0.0451654158533
-0.0441893897951
-0.0434573702514
-0.0428464226425
-0.0423584096134
-0.0421144030988
-0.041991468519
-0.0421144030988
-0.0423584096134
-0.0428464226425
-0.0432133637369
-0.0438224487007
-0.0444333963096
-0.0450443439186
-0.0456552915275
-0.046385448426
-0.0472422651947
-0.0479724220932
-0.0488292388618
-0.0496823303401
-0.0506583563983
-0.0516362451017
-0.0526122711599
-0.0537112317979
-0.054810192436
-0.0560302250087
-0.0572502575815
-0.0584721527994
-0.0596921853721
-0.0610351525247
-0.0622551850975
-0.0634770840406
-0.0645760446787
-0.065429136157
-0.0664060935378
-0.067139044404
-0.0677490606904
-0.0684810802341
-0.0689700245857
-0.0693360343575
-0.0697020441294
-0.0699460506439
-0.0700680539012
-0.0700689852238
-0.0700680539012
-0.0699460506439
-0.0697020441294
-0.0694580376148
-0.0689700245857
-0.0684810802341
-0.0678710639477
-0.0672610476613
-0.0664060935378
-0.0655520707369
-0.0646971166134
-0.0634770840406
-0.062499191612
-0.061157155782
-0.059815119952
-0.0584712214768
-0.0570071823895
-0.0556642152369
-0.0544432513416
-0.0529782809317
-0.051758248359
-0.0505363531411
-0.0493163205683
-0.0480962879956
-0.0469973273575
-0.0457763634622
-0.0446774028242
-0.0435793735087
-0.0424804128706
-0.0415034554899
-0.0405274294317
-0.0395504720509
-0.038574449718
-0.0375974923372
-0.0367434695363
-0.0358885154128
-0.0351564958692
-0.0341795384884
-0.033569522202
-0.0327145680785
-0.0319825485349
-0.0312505289912
-0.0306395795196
-0.0300286319107
-0.0294195469469
-0.0288085993379
-0.028197651729
-0.0277105700225
-0.0272216256708
-0.0267326813191
-0.0263676028699
-0.0258786585182
-0.0255126487464
-0.0251466389745
-0.0247806292027
-0.0244136881083
-0.0241696815938
-0.0240486096591
-0.0236816685647
-0.0235587339848
-0.0233156587929
-0.0233156587929
-0.0230716522783
-0.0230707209557
-0.022949649021
-0.0229487176985
-0.022949649021
-0.0229487176985
-0.0230716522783
-0.0230716522783
-0.0233147274703
-0.0233156587929
-0.0235596653074
-0.0236816685647
-0.0239256750792
-0.0241696815938
-0.0245366226882
-0.0247796978801
-0.0251466389745
-0.0253906454891
-0.0258786585182
-0.0262455996126
-0.0267336126417
-0.0272216256708
-0.0277096386999
-0.0281985830516
-0.0288085993379
-0.029296612367
-0.0300295632333
-0.0306395795196
-0.031249595806
-0.0319825485349
-0.0327145680785
-0.0334475189447
-0.0341795384884
-0.0350344926119
-0.0358885154128
-0.0367434695363
-0.0375974923372
-0.0384524464607
-0.0395504720509
-0.0404054261744
-0.0415034554899
-0.0424804128706
-0.0434573702514
-0.0446774028242
-0.0456543602049
-0.046753320843
-0.0477293469012
-0.0484622977674
-0.049194317311
-0.0498043335974
-0.0504152812064
-0.0509032942355
-0.0512693040073
-0.0513913072646
-0.0516362451017
-0.0517573170364
-0.0516362451017
-0.0516353137791
-0.0513922385871
-0.0510252974927
-0.0506592877209
-0.0501703433692
-0.0495603270829
-0.0489503107965
-0.0482182912529
-0.0474853403866
-0.046996396035
-0.046753320843
-0.0463863797486
-0.0463873110712
-0.0463863797486
-0.0466313175857
-0.046996396035
-0.0473633371294
-0.0479742847383
-0.0488273762167
-0.0496832616627
-0.0506592877209
-0.0517573170364
-0.0532222874463
-0.0545661859214
-0.056152228266
-0.0578612051904
-0.0596921853721
-0.0616451688111
-0.0635990872979
-0.0653080642223
-0.0670161098242
-0.0684810802341
-0.0699469819665
-0.0712890177965
-0.0725099816918
-0.0736080110073
-0.0745849683881
-0.075438991189
-0.0762939453125
-0.0769048929214
-0.077391974628
-0.0778809189796
-0.078247860074
-0.0783689320087
-0.0786129310727
-0.078491397202
-0.0783689320087
-0.0781253874302
-0.0778804495931
-0.0773929059505
-0.0767819583416
-0.076049938798
-0.0753174498677
-0.0744629651308
-0.0733640044928
-0.0722659751773
-0.0706785321236
-0.0692140311003
-0.0672605782747
-0.0651855915785
-0.062988139689
-0.0605471394956
-0.0578612051904
-0.054931730032
-0.051879785955
-0.0485838353634
-0.0450438782573
-0.0413819178939
-0.03747548908
-0.0333255156875
-0.0290526058525
-0.0244141537696
-0.0197752360255
-0.0147707751021
-0.00964337959886
-0.00463845208287
0.00036600974272
0.00500492705032
0.00976584851742
0.014404299669
0.0187987461686
0.023071186617
0.0272216256708
0.0313720665872
0.0354005023837
0.0390624627471
0.0428464226425
0.0465088486671
0.049926802516
0.0533447563648
0.0563967004418
0.0596921853721
0.0626221299171
0.065429598093
0.0682375356555
0.0708005353808
0.0733644664288
0.0758054628968
0.0780029222369
0.0800783708692
0.0821533575654
0.0841063410044
0.0858153179288
0.0875242948532
0.0891112685204
0.090454235673
0.091796733439
0.092895694077
0.0939941927791
0.0949706807733
0.0957027003169
0.0964356511831
0.0970465987921
0.0975336804986
0.0977786183357
0.0980226248503
0.098143696785
0.0980226248503
0.097900621593
0.0976566150784
0.0972896739841
0.096801660955
0.0960696414113
0.0953366905451
0.0944826677442
0.0935057103634
0.0924067497253
0.0911867171526
0.0897217467427
0.0883787795901
0.0866698026657
0.0849617570639
0.0831298455596
0.0811759307981
0.0791018754244
0.0769039615989
0.0745849683881
0.07214397192
0.0695800408721
0.0668950378895
0.0640861690044
0.061157155782
0.0581061430275
0.0549312643707
0.0516362451017
0.0482173599303
0.0446774028242
0.0410163737833
0.0373534858227
0.0333245843649
0.0294195469469
0.025145707652
0.0209966655821
0.0166017562151
0.0120848407969
0.00756792677566
0.00268593407236
-0.00207498669624
-0.00708084506914
-0.0122068440542
-0.017455779016
-0.0227056425065
-0.028197651729
-0.0338135287166
-0.0395504720509
-0.0452883504331
-0.0512693040073
-0.057251188904
-0.0628661364317
-0.0681150704622
-0.0729979947209
-0.0772709026933
-0.0812988653779
-0.084838822484
-0.087890766561
-0.0905757695436
-0.0930176973343
-0.0947266742587
-0.0961916446686
-0.0972896739841
-0.0977786183357
-0.0980226248503
-0.0977776870131
-0.0970465987921
-0.0960687100887
-0.0944826677442
-0.0925296843052
-0.0902097597718
-0.0875238254666
-0.0842288061976
-0.0806888490915
-0.0772699713707
-0.0736089423299
-0.0701900571585
-0.0668950378895
-0.0634761527181
-0.0601811297238
-0.0570062510669
-0.0537112317979
-0.0506592877209
-0.0476073436439
-0.0445553995669
-0.0416263900697
-0.0386955216527
-0.0357674434781
-0.0329585745931
-0.0302735697478
-0.0275876354426
-0.02490263246
-0.0223387014121
-0.0197757016867
-0.0172117725015
-0.0148927783594
-0.0123288473114
-0.00988785084337
-0.00756792677566
-0.0051269303076
-0.00280793732964
-0.000488012999995
0.001708976808
0.00402797013521
0.00622589094564
0.00842288136482
0.010619870387
0.0126957884058
0.0147698437795
0.0168457627296
0.0189207494259
0.0209966655821
0.0229487176985
0.02490263246
0.0267336126417
0.0286865960807
0.0306395795196
0.032470561564
0.0341795384884
0.0360105186701
0.0377204269171
0.0395504720509
0.041137445718
0.042847353965
0.0445553995669
0.0460203699768
0.0477293469012
0.049194317311
0.0507812909782
0.0522462613881
0.0535882972181
0.0551762022078
0.0565182380378
0.0579841397703
0.0592032410204
0.0605471394956
0.0618901066482
0.0631101429462
0.0643311068416
0.0655520707369
0.0667721033096
0.0677490606904
0.0689700245857
0.0700680539012
0.0711670145392
0.0721430405974
0.0731209293008
0.0740960240364
0.0750739127398
0.0759270042181
0.0767828896642
0.0777589157224
0.0784909278154
0.0792238786817
0.0800779014826
0.0808099210262
0.081543803215
0.0821528881788
0.0827638357878
0.0834958553314
0.0839847996831
0.0845948159695
0.0852048322558
0.0855708420277
0.0860597863793
0.0865477994084
0.0870358124375
0.0872807502747
0.0877687633038
0.0880127698183
0.0882567763329
0.0886227861047
0.0888667926192
0.0889897271991
0.0892328023911
0.0893557369709
0.0895997434855
0.0895997434855
0.0895997434855
0.0897217467427
0.0897217467427
0.0897217467427
0.0895988121629
0.0895997434855
0.0893557369709
0.0893557369709
0.0891107991338
0.0889897271991
0.088744789362
0.0885007828474
0.0881347730756
0.087890766561
0.0875247567892
0.0871578156948
0.086791805923
0.0863037928939
0.0859377831221
0.0853268355131
0.0849608257413
0.0845948159695
0.0841068029404
0.0836178585887
0.0831298455596
0.0827638357878
0.0822758227587
0.0819088816643
0.0814208686352
0.0809328556061
0.0805659145117
0.0800779014826
0.0797118917108
0.0793458819389
0.0788578689098
0.0783689320087
0.0780029222369
0.0776369124651
0.077148899436
0.0767819583416
0.0764150172472
0.0759288668633
0.0755619257689
0.0751949846745
0.0747069716454
0.074340030551
0.0739749521017
0.0736080110073
0.0731199979782
0.072754919529
0.0725090503693
0.0718999654055
0.0716540962458
0.0712890177965
0.0709239393473
0.070434063673
0.0700689852238
0.0698231160641
0.0693369656801
0.0690910965204
0.0686030834913
0.0682380050421
0.0679939985275
0.0675041228533
0.0672601163387
0.0668950378895
0.0664070248604
0.0661611557007
0.0657960772514
0.0655520707369
0.0650640577078
0.0648181885481
0.0644531100988
0.0640880316496
0.06371922791
0.0634770840406
0.0631101429462
0.062745064497
0.062499191612
0.0621341131628
0.0617671720684
0.0615231655538
0.0611580871046
0.0609122179449
0.0605471394956
0.0601820610464
0.0599361918867
0.0596921853721
0.0593252442777
0.0590831004083
0.0587161593139
0.0583492182195
0.0582262836397
0.0577401332557
0.0576171986759
0.0572502575815
0.0570081137121
0.0566393099725
0.056520100683
0.0561512969434
0.0557862184942
0.0556651465595
0.0552963428199
0.0550541989505
0.054810192436
0.0544432513416
0.0543203167617
0.0539552383125
0.0537112317979
0.0534672252834
0.0532232187688
0.0529773496091
0.0527352057397
0.05248933658
0.0522471927106
0.0520013235509
0.0517573170364
0.0513922385871
0.0512693040073
0.0511482320726
0.0507812909782
0.0505354218185
0.0502932779491
0.0501722060144
0.0499263368547
0.0496823303401
0.0494383238256
0.049194317311
0.0490732453763
0.0488273762167
0.0485833697021
0.0483393631876
0.0482182912529
0.0479742847383
0.0478513501585
0.0474844090641
0.0474862717092
0.0471193306148
0.046996396035
0.0468753241003
0.0466313175857
0.0463873110712
0.0462643764913
0.0461414419115
0.0458992980421
0.0456534288824
0.0455323569477
0.045411285013
0.0451654158533
0.0450443439186
0.0449214093387
0.0446774028242
0.0445563308895
0.0443104617298
0.0443123243749
0.0440664552152
0.0438243113458
0.0438224487007
0.0435803048313
0.0435784421861
0.0433344356716
0.043090429157
0.0430922918022
0.0429674945772
0.0427253507078
0.0426024161279
0.0426024161279
0.0423584096134
0.0422373376787
0.0421125404537
0.0421144030988
0.0418703965843
0.0417493246496
0.0416245274246
0.0416263900697
0.0413823835552
0.04138052091
0.0412613116205
0.0411365143955
0.0410154424608
0.0408943705261
0.0407714359462
0.0407714359462
0.0406485013664
0.0405274294317
0.0405274294317
0.0402834229171
0.0402834229171
0.0402834229171
0.0401604883373
0.0400394164026
0.0399164818227
0.0399183444679
0.0397935472429
0.039795409888
0.0396724753082
0.0396743379533
0.0395495407283
0.0395514033735
0.0394284687936
0.0394284687936
0.0393073968589
0.0393055342138
0.0393073968589
0.0391844660044
0.0391844660044
0.0390633940697
0.0391844660044
0.0389404594898
0.0390615314245
0.0389404594898
0.0389404594898
0.0389404594898
0.0389404594898
0.0388193875551
0.03881752491
0.03881752491
0.0388193875551
0.03881752491
0.0388193875551
0.0386964529753
0.03881752491
0.0386964529753
0.0386964529753
0.03881752491
0.0386964529753
0.0388193875551
0.0386964529753
0.03881752491
0.0386964529753
0.0388193875551
0.03881752491
0.03881752491
0.0388193875551
0.03881752491
0.0388193875551
0.0389404594898
0.0389404594898
0.0389404594898
0.0389404594898
0.0390615314245
0.0390633940697
0.0390615314245
0.0391844660044
0.0390633940697
0.0393055342138
0.0391844660044
0.0393073968589
0.0394284687936
0.0394284687936
0.0394284687936
0.0395514033735
0.0395514033735
0.0396724753082
0.0396724753082
0.039795409888
0.0399164818227
0.0399164818227
0.0399183444679
0.0401604883373
0.0401604883373
0.0401623509824
0.0402834229171
0.0404044948518
0.0405274294317
0.0405274294317
0.0406485013664
0.0407732985914
0.0408925078809
0.0408943705261
0.0411365143955
0.0411383770406
0.0412594489753
0.0413823835552
0.04138052091
0.0416263900697
0.0417493246496
0.0417474620044
0.0418703965843
0.0421144030988
0.0421144030988
0.0423584096134
0.0423584096134
0.0426024161279
0.0426024161279
0.0428464226425
0.0429693572223
0.043090429157
0.0432115010917
0.0433362983167
0.0435784421861
0.0435784421861
0.0438243113458
0.0439453832805
0.0441893897951
0.0441893897951
0.0444333963096
0.0445563308895
0.0447984747589
0.0449232719839
0.0450424812734
0.0452883504331
0.045411285013
0.0455323569477
0.0457763634622
0.0458974353969
0.0461433045566
0.0462643764913
0.0465083830059
0.0466313175857
0.0468753241003
0.0471193306148
0.0472404025495
0.0473633371294
0.0477302782238
0.0477284155786
0.048095356673
0.0482182912529
0.0484622977674
0.0485833697021
0.0489503107965
0.0490732453763
0.0493153892457
0.0494383238256
0.04980526492
0.0499263368547
0.0501703433692
0.0504162125289
0.0505372844636
0.0509023629129
0.0510252974927
0.0513922385871
0.0515133105218
0.0518802516162
0.0520013235509
0.0522471927106
0.0526122711599
0.0527333430946
0.053100284189
0.0532232187688
0.0535882972181
0.0537112317979
0.0540781728923
0.0543203167617
0.0545661859214
0.0548083297908
0.0551771335304
0.0554192773998
0.0556632839143
0.055909153074
0.0561531595886
0.0565182380378
0.0567622445524
0.0570062510669
0.0573731921613
0.0576171986759
0.0579822771251
0.05823000893
0.0584721527994
0.0587142966688
0.0592023096979
0.059328969568
0.059690322727
0.0600591264665
0.0603049956262
0.0606663487852
0.0609122179449
0.0612810216844
0.0615231655538
0.0618882440031
0.0622570477426
0.062499191612
0.0628679990768
0.0632330775261
0.0634752213955
0.063844025135
0.0642091035843
0.0644512474537
0.0649429857731
0.0651851296425
0.0655502080917
0.0659190118313
0.0661611557007
0.0666528940201
0.0668913125992
0.067263841629
0.067625194788
0.0679939985275
0.0682361423969
0.0684820115566
0.068724155426
0.0689700245857
0.0692158937454
0.069335103035
0.0695809721947
0.0697001814842
0.0698268413544
0.0698231160641
0.0700689852238
0.0700689852238
0.0700652599335
0.0701919198036
0.0700689852238
0.0700689852238
0.0700689852238
0.0700652599335
0.0698268413544
0.0698231160641
0.0697001814842
0.0695809721947
0.069335103035
0.0692158937454
0.0689700245857
0.068724155426
0.0684820115566
0.0682361423969
0.0678710639477
0.0676289200783
0.0672601163387
0.0670179724693
0.0665262341499
0.0661611557007
0.0656768679619
0.0653080642223
0.0648163259029
0.064454972744
0.063844025135
0.0633522868156
0.062745064497
0.0622570477426
0.0616423748434
0.0611580871046
0.0605471394956
0.0601820610464
0.0595711134374
0.0589564405382
0.0585950873792
0.0581070743501
0.0576153360307
0.0571310482919
0.0567622445524
0.0561512969434
0.055909153074
0.0552982054651
0.0550523363054
0.0545643232763
0.054199244827
0.0537112317979
0.0534690879285
0.053100284189
0.0526122711599
0.0523664020002
0.0521242581308
0.0516362451017
0.051390375942
0.0511482320726
0.0507831536233
0.0504143498838
0.0502914153039
0.0499263368547
0.0496841929853
0.0495612584054
0.0491924546659
0.0490732453763
0.0487044416368
0.0485852323472
0.0484622977674
0.0482164286077
0.0479742847383
0.0478513501585
0.0477284155786
0.0476092062891
0.0474862717092
0.0472404025495
0.0472404025495
0.04712119326
0.0469945333898
0.0468753241003
0.0468753241003
0.0467523895204
0.0467523895204
0.0466331802309
0.0466294549406
0.0466331802309
0.0466294549406
0.0466294549406
0.0466331802309
0.0466294549406
0.0466294549406
0.0466331802309
0.0467523895204
0.0467523895204
0.0468753241003
0.0468753241003
0.0469982586801
0.0471174679697
0.0472404025495
0.0473633371294
0.0473633371294
0.0476092062891
0.0477284155786
0.0478513501585
0.0480972193182
0.0482164286077
0.0483393631876
0.0487081669271
0.0487044416368
0.0490732453763
0.0491924546659
0.0494383238256
0.0496841929853
0.0498034022748
0.0499263368547
0.0500492714345
0.0501722060144
0.0501722060144
0.0502914153039
0.0504143498838
0.0502951405942
0.0504143498838
0.0502914153039
0.0502951405942
0.0501684807241
0.0501722060144
0.0500492714345
0.0498034022748
0.0498034022748
0.0495612584054
0.0494383238256
0.0491961799562
0.0491924546659
0.0489503107965
0.0490732453763
0.0489503107965
0.0490732453763
0.0490695200861
0.0491961799562
0.0493153892457
0.0494383238256
0.0498071275651
0.0499263368547
0.0501684807241
0.0505372844636
0.0509060882032
0.0512674413621
0.0516362451017
0.0522471927106
0.0526122711599
0.0532232187688
0.0535882972181
0.054199244827
0.0546872578561
0.0550523363054
0.0555440746248
0.0559054277837
0.0563971661031
0.0566393099725
0.0571310482919
0.0573731921613
0.0577382706106
0.0579841397703
0.0582262836397
0.0585950873792
0.0587142966688
0.0589601658285
0.0592060349882
0.0593252442777
0.0595711134374
0.059690322727
0.0596940480173
0.0599361918867
0.0599361918867
0.0599361918867
0.0600591264665
0.0600591264665
0.0600591264665
0.0600591264665
0.0599361918867
0.0599361918867
0.0599361918867
0.059690322727
0.0596940480173
0.0594481788576
0.0593252442777
0.0592060349882
0.0589601658285
0.0587142966688
0.0585950873792
0.0582262836397
0.0579841397703
0.0576153360307
0.0573731921613
0.0571310482919
0.0566393099725
0.0562742315233
0.055909153074
0.0555403493345
0.0550560615957
0.0545643232763
0.054199244827
0.0535882972181
0.053100284189
0.0526122711599
0.0520013235509
0.0515133105218
0.0509060882032
0.0502914153039
0.0495612584054
0.0490732453763
0.0482164286077
0.0477284155786
0.0468753241003
0.0461451672018
0.0455304943025
0.0446774028242
0.0438243113458
0.043090429157
0.0422373376787
0.04138052091
0.0405274294317
0.0396743379533
0.0386945903301
0.0378414988518
0.0369884073734
0.0361315906048
0.0351555645466
0.0343024730682
0.0335685908794
0.0325925648212
0.0317394733429
0.0310055892915
0.0300295632333
0.0292956810445
0.028565524146
0.0275894980878
0.0269748251885
0.0260025244206
0.0253915768117
0.024534760043
0.0238046031445
0.0229477863759
0.0223405640572
0.0214837472886
0.0207535903901
0.0201389174908
0.0192895531654
0.0186748802662
0.0179447233677
0.0172108411789
0.0166036188602
0.0158697366714
0.0151358535513
0.0146478405222
0.0137947490439
0.0133030107245
0.0125765791163
0.011961906217
0.0113509586081
0.0107437362894
0.0101327886805
0.00951811671257
0.00903382897377
0.00830367207527
0.00781193329021
0.00720098568127
0.00659003807232
0.00610575033352
0.00561401201412
0.00500678969547
0.00439211726189
0.00403076410294
0.00341609097086
0.00293180323206
0.00244006514549
0.00195205199998
0.00146403897088
0.00109896063805
0.000488012999995
0.000122934579849
-0.000365078420145
-0.00085309142014
-0.0012218952179
-0.00170990813058
-0.00207498669624
-0.00256299949251
-0.00293180323206
-0.00329315639101
-0.00366196013056
-0.00414997339249
-0.00439584255219
-0.00476092100143
-0.00524893356487
-0.00549480272457
-0.00585615588352
-0.00622868491337
-0.00646710349247
-0.00683590723202
-0.00708177639171
-0.00744685484096
-0.00781193329021
-0.00793486833572
-0.00829994678497
-0.00866875052452
-0.00878795981407
-0.00903382897377
-0.00939890742302
-0.00952184200287
-0.00976398587227
-0.0101327886805
-0.0101327886805
-0.0104978671297
-0.0106208017096
-0.010862945579
-0.0109858801588
-0.0112317493185
-0.0113509586081
-0.0114738931879
-0.0117197623476
-0.0118389716372
-0.0119656315073
-0.0120848407969
-0.0120848407969
-0.0123269846663
-0.0124536445364
-0.012572853826
-0.012572853826
-0.0126957884058
-0.0126957884058
-0.0128149976954
-0.0129416575655
-0.0129379322752
-0.0129416575655
-0.0130608668551
-0.0129379322752
-0.0130608668551
-0.0130608668551
-0.0130645921454
-0.0130608668551
-0.0130608668551
-0.0130608668551
-0.0129416575655
-0.0130608668551
-0.0128149976954
-0.0129416575655
-0.0128149976954
-0.0126957884058
-0.0126957884058
-0.012572853826
-0.0124536445364
-0.0124499192461
-0.0122077753767
-0.0122077753767
-0.011961906217
-0.011961906217
-0.0117197623476
-0.0117197623476
-0.0113509586081
-0.0113509586081
-0.0111088147387
-0.0109858801588
-0.0107437362894
-0.0106208017096
-0.0103749325499
-0.0101327886805
-0.0100098541006
-0.00964105129242
-0.00952184200287
-0.00927969813347
-0.00903382897377
-0.00866502523422
-0.00854581594467
-0.00817701220512
-0.00793486833572
-0.00756978942081
-0.00744685484096
-0.00695511652157
-0.00671669794247
-0.00646710349247
-0.00610575033352
-0.00573694659397
-0.00537186814472
-0.00500306440517
-0.00476092100143
-0.00427290797234
-0.00390782952309
-0.00366196013056
-0.00317394710146
-0.00268593407236
-0.00244006514549
-0.00195205199998
-0.00158697355073
-0.00109896063805
-0.000610947608948
-0.000242143854848
-0.000242143854848
