-0.000806095660664
-0.000806095660664
-0.0024024033919
-0.00397488614544
-0.0055235424079
-0.00704837357625
-0.0085493773222
-0.0100265638903
-0.0114799141884
-0.0129094431177
-0.0143151404336
-0.0156970340759
-0.0170550700277
-0.018389320001
-0.0196996983141
-0.0209862906486
-0.0222490187734
-0.0234879683703
-0.0247030686587
-0.0258943457156
-0.0270617585629
-0.0282053947449
-0.0293251927942
-0.0304212141782
-0.0314933098853
-0.0325416624546
-0.0335660874844
-0.0345668494701
-0.0355436317623
-0.0364967249334
-0.0374258346856
-0.0383312553167
-0.0392127521336
-0.0400705598295
-0.0409043841064
-0.041714400053
-0.0425007306039
-0.0432630740106
-0.0440017879009
-0.0447164624929
-0.0454073287547
-0.0460745058954
-0.0467178151011
-0.0473372600973
-0.047932960093
-0.0485047921538
-0.0490525253117
-0.0495769754052
-0.0500772111118
-0.050553701818
-0.0510064400733
-0.0514351986349
-0.0518402047455
-0.0522217005491
-0.0525788627565
-0.0529122762382
-0.0532224066556
-0.0535080879927
-0.0537701398134
-0.0540084429085
-0.0542227625847
-0.0544132180512
-0.0545803904533
-0.0547231137753
-0.0548423230648
-0.0549375526607
-0.0550094954669
-0.055056527257
-0.0550802759826
-0.0550807416439
-0.055056527257
-0.0550092644989
-0.0549373179674
-0.0548425577581
-0.0547231137753
-0.05458015576
-0.0544136837125
-0.0542229935527
-0.0540080927312
-0.0537701398134
-0.0535082034767
-0.053221590817
-0.0529128573835
-0.0525789782405
-0.0522213503718
-0.0518404394388
-0.0514350794256
-0.0510066710413
-0.0505535826087
-0.0500772111118
-0.0495768599212
-0.0490527562797
-0.0485044419765
-0.047933075577
-0.0473372600973
-0.0467179305851
-0.0460743866861
-0.0454070940614
-0.0447165183723
-0.0440017282963
-0.0432636551559
-0.042500436306
-0.0417139343917
-0.0409046150744
-0.0400706157088
-0.0392133370042
-0.0383309088647
-0.0374256633222
-0.036496669054
-0.0355434603989
-0.0345669686794
-0.033566262573
-0.0325422734022
-0.0314931385219
-0.0304207187146
-0.0293254833668
-0.0282046366483
-0.0270628351718
-0.0258940253407
-0.0247023981065
-0.0234879534692
-0.0222492944449
-0.0209859553725
-0.0197002645582
-0.0183889642358
-0.0170553103089
-0.0156969763339
-0.0143153583631
-0.0129090612754
-0.0114799467847
-0.0100261522457
-0.00855047255754
-0.00704778311774
-0.00552367372438
-0.00397441908717
-0.00240234658122
-0.000806525291409
0.000814441533294
0.00245729438029
0.00412622466683
0.00581797165796
0.00753207085654
0.00927224755287
0.0110352402553
0.0128219826147
0.0146334050223
0.0164667144418
0.0183256343007
0.0202083010226
0.0221142526716
0.0240439530462
0.0259969364852
0.0279755312949
0.0299764778465
0.0320016406476
0.0340510159731
0.036122277379
0.0382205471396
0.0403406992555
0.0424855351448
0.0446527227759
0.046844124794
0.0490606725216
0.0513005033135
0.0535640828311
0.0558495484293
0.0581624880433
0.0604973137379
0.0628558918834
0.0652386769652
0.0676431208849
0.0700750350952
0.0725293010473
0.0750068575144
0.0775088518858
0.0800320357084
0.0825833976269
0.0851571038365
0.0877534002066
0.0903746038675
0.0930170044303
0.0956875681877
0.0983795598149
0.101095989347
0.10383617878
0.106597311795
0.10938732326
0.112198755145
0.115033701062
0.117893092334
0.120773673058
0.123682424426
0.1266130656
0.129567459226
0.13254570961
0.135545268655
0.13857357204
0.141623184085
0.144696608186
0.147793903947
0.150912776589
0.154060095549
0.157228842378
0.16042150557
0.163635522127
0.166867733002
0.170072093606
0.173240572214
0.17637321353
0.179469808936
0.182530716062
0.185555651784
0.188544616103
0.191497609019
0.194414973259
0.197296366096
0.200141683221
0.202951475978
0.205725193024
0.208462804556
0.211164340377
0.213830724359
0.216461002827
0.219054743648
0.221613317728
0.224135801196
0.226621970534
0.229073211551
0.2314876616
0.233866259456
0.236209467053
0.238516822457
0.240787386894
0.243023484945
0.245222806931
0.247384876013
0.249513879418
0.251605153084
0.253660589457
0.255681574345
0.257665276527
0.259612679482
0.261525601149
0.263402223587
0.265242516994
0.267046481371
0.268815994263
0.270548254251
0.272245138884
0.273905694485
0.275531768799
0.277120620012
0.278674066067
0.28019118309
0.281673848629
0.283119261265
0.284527420998
0.28590297699
0.287240356207
0.288542360067
0.289808005095
0.291040152311
0.292232245207
0.293392688036
0.294514000416
0.295600831509
0.296652317047
0.297667443752
0.298646271229
0.299589693546
0.300494939089
0.301368534565
0.302204847336
0.30300205946
0.303767621517
0.304494053125
0.305185079575
0.305844455957
0.306462854147
0.30704587698
0.307595342398
0.308109432459
0.308584421873
0.309024006128
0.309431910515
0.309796988964
0.310132265091
0.310428440571
0.310691058636
0.310914576054
0.311108291149
0.311255455017
0.311378389597
0.311454743147
0.311506897211
0.311512500048
0.31148827076
0.311424940825
0.311328083277
0.311195850372
0.311026334763
0.310819596052
0.310581177473
0.310299903154
0.309988856316
0.309638679028
0.309254974127
0.308832138777
0.308375805616
0.307887792587
0.307356923819
0.30679255724
0.306190907955
0.305557608604
0.304881483316
0.30417740345
0.303434193134
0.302651882172
0.301836043596
0.300986677408
0.300098210573
0.299174338579
0.298216938972
0.297218561172
0.29619410634
0.295121222734
0.294018536806
0.292886048555
0.291705131531
0.290501862764
0.289250165224
0.287964940071
0.286653637886
0.285297632217
0.283904373646
0.282485038042
0.281017273664
0.279523432255
0.277992337942
0.276420265436
0.274814665318
0.273171812296
0.271499156952
0.269781798124
0.268034636974
0.266250222921
0.264432281256
0.262573361397
0.260680913925
0.258754938841
0.256787985563
0.254791229963
0.25275349617
0.250682234764
0.248569980264
0.246431663632
0.244252368808
0.24203582108
0.23978202045
0.237498417497
0.23517383635
0.232815727592
0.23042036593
0.227991476655
0.225525334477
0.223014488816
0.220488741994
0.217903390527
0.215303137898
0.212647005916
0.209975972772
0.207249060273
0.204496070743
0.201709553599
0.198885783553
0.196021035314
0.193126484752
0.190190955997
0.187221899629
0.184215590358
0.181179478765
0.178102388978
0.174988046288
0.171836450696
0.168658778071
0.165436401963
0.162176772952
0.158879891038
0.155560672283
0.152196735144
0.148791819811
0.145360827446
0.141885131598
0.138387084007
0.134833157063
0.131260603666
0.127639621496
0.123992554843
0.120300792158
0.11658295244
0.112820409238
0.109031789005
0.105198465288
0.101331613958
0.0974275097251
0.0935047790408
0.0895820483565
0.0856928452849
0.0818259939551
0.0779777765274
0.0741481781006
0.0703558325768
0.0665746629238
0.0628158450127
0.0590868256986
0.055372711271
0.0516883991659
0.0480264388025
0.0443831048906
0.0407621227205
0.0371709465981
0.0335946679115
0.0300444643945
0.0265203397721
0.0230148416013
0.0195354223251
0.0160709023476
0.0126436343417
0.00922381877899
0.00583380414173
0.00246986723505
-0.000879168452229
-0.00419467687607
-0.00749900890514
-0.0107735386118
-0.0140219917521
-0.0172592699528
-0.0204592924565
-0.0236518662423
-0.0268109124154
-0.0299476068467
-0.0330619513988
-0.0361613929272
-0.0392310284078
-0.0422745905817
-0.0453032515943
-0.0483021102846
-0.0512823425233
-0.05423649773
-0.0571757517755
-0.0600814782083
-0.0629685819149
-0.065840780735
-0.0686757266521
-0.0714957714081
-0.0742971897125
-0.0770688056946
-0.079814337194
-0.0825449749827
-0.08525698632
-0.0879317447543
-0.0905916020274
-0.0932291075587
-0.0958442613482
-0.098437063396
-0.101000063121
-0.103551886976
-0.106070183218
-0.108569853008
-0.111047171056
-0.113502137363
-0.115931026638
-0.118341289461
-0.120725475252
-0.123091034591
-0.125426799059
-0.127743929625
-0.130042433739
-0.13231113553
-0.134561210871
-0.136781483889
-0.138990581036
-0.14116615057
-0.143326818943
-0.145461410284
-0.147566199303
-0.149663537741
-0.151723623276
-0.15376880765
-0.155787914991
-0.15778838098
-0.159759059548
-0.161711111665
-0.16364453733
-0.165544435382
-0.167433157563
-0.169288352132
-0.171124920249
-0.172942861915
-0.174738451838
-0.17650423944
-0.1782476753
-0.179976209998
-0.181671217084
-0.183347597718
-0.185009077191
-0.186640754342
-0.188246354461
-0.189829602838
-0.191397950053
-0.192940220237
-0.194456413388
-0.195950254798
-0.197425469756
-0.198867157102
-0.200301393867
-0.201702103019
-0.203084185719
-0.204440191388
-0.205777570605
-0.2070851475
-0.208377823234
-0.209648147225
-0.210884943604
-0.212114289403
-0.213306382298
-0.214483574033
-0.215634688735
-0.216767176986
-0.217869862914
-0.218957647681
-0.220019355416
-0.221051260829
-0.222075715661
-0.2230591923
-0.224038943648
-0.224977716804
-0.225909039378
-0.22680310905
-0.227686002851
-0.228539094329
-0.229373559356
-0.230185672641
-0.230967983603
-0.231735393405
-0.232476726174
-0.233195707202
-0.233892336488
-0.234562888741
-0.235211089253
-0.235844388604
-0.236447885633
-0.237029030919
-0.237587824464
-0.238120540977
-0.238630905747
-0.239130094647
-0.239592030644
-0.24003906548
-0.240463748574
-0.240854904056
-0.241233021021
-0.241592511535
-0.241916611791
-0.242231398821
-0.242508932948
-0.242775291204
-0.243009984493
-0.243233501911
-0.243421629071
-0.243596717715
-0.243738278747
-0.243868663907
-0.2439673841
-0.244049340487
-0.244103357196
-0.244140610099
-0.244146198034
-0.244138747454
-0.244099631906
-0.244045615196
-0.243965521455
-0.243861213326
-0.243732690811
-0.24358740449
-0.243412315845
-0.243220463395
-0.243002533913
-0.242762252688
-0.242497757077
-0.242214635015
-0.241903573275
-0.241572022438
-0.24121811986
-0.240840002894
-0.240439534187
-0.240018576384
-0.239569678903
-0.23909842968
-0.238616004586
-0.238094463944
-0.237565472722
-0.236993640661
-0.236423671246
-0.235805273056
-0.235186874866
-0.234527498484
-0.233864396811
-0.233154729009
-0.232443198562
-0.231698140502
-0.230936318636
-0.230139106512
-0.229336306453
-0.228494390845
-0.227645024657
-0.226762130857
-0.225862473249
-0.22493301332
-0.223988652229
-0.223018214107
-0.222019836307
-0.2210046947
-0.219965338707
-0.218907356262
-0.217819571495
-0.216713160276
-0.21557508409
-0.214424908161
-0.213252365589
-0.212051898241
-0.210830926895
-0.209579229355
-0.208308905363
-0.207034856081
-0.205704003572
-0.204384312034
-0.203009679914
-0.201641574502
-0.200218513608
-0.198814079165
-0.197345376015
-0.195881336927
-0.194381907582
-0.192862927914
-0.191318795085
-0.18976534903
-0.188156947494
-0.186572775245
-0.184916883707
-0.183274030685
-0.18158274889
-0.179894253612
-0.178161069751
-0.176418557763
-0.17465184629
-0.172851592302
-0.171043902636
-0.16919708252
-0.167335376143
-0.165458753705
-0.16354303062
-0.161621704698
-0.159667789936
-0.157687798142
-0.155692920089
-0.153668224812
-0.151622101665
-0.149562954903
-0.147468402982
-0.145355701447
-0.143218785524
-0.141059979796
-0.138885334134
-0.136672973633
-0.134456902742
-0.132205888629
-0.129964202642
-0.127730414271
-0.125504553318
-0.123286612332
-0.121076583862
-0.118874005973
-0.116680279374
-0.114493995905
-0.11231470108
-0.110145188868
-0.107981257141
-0.105827577412
-0.103679947555
-0.101541630924
-0.099410764873
-0.0972868800163
-0.0951718464494
-0.093064263463
-0.0909655317664
-0.0888737812638
-0.0867899432778
-0.0847144946456
-0.0826464891434
-0.0805864036083
-0.0785346999764
-0.0764909163117
-0.0744541138411
-0.0724261626601
-0.0704056546092
-0.0683930665255
-0.0663888603449
-0.0643918737769
-0.0624030344188
-0.0604225769639
-0.0584495700896
-0.0564840137959
-0.0545273050666
-0.0525778122246
-0.0506369359791
-0.0487028136849
-0.0467780008912
-0.0448601767421
-0.0429500341415
-0.0410482734442
-0.03915489465
-0.0372682698071
-0.0353909544647
-0.0335199274123
-0.0316582135856
-0.0298032518476
-0.0279573705047
-0.0261177755892
-0.0242886580527
-0.0224648956209
-0.0206502135843
-0.0188432168216
-0.017044134438
-0.0152529673651
-0.0134697174653
-0.0116943838075
-0.0099269663915
-0.00816723331809
-0.00641588075086
-0.00467197969556
-0.00293645984493
-0.00120862387121
0.000511528924108
0.00222399830818
0.00392831861973
0.00562425656244
0.00731321005151
0.00899215228856
0.0106664365157
0.0123304771259
0.0139870671555
0.0156364403665
0.017276732251
0.0189105048776
0.020535428077
0.0221519712359
0.0237622279674
0.0253634043038
0.0269566643983
0.0285429395735
0.0301196686924
0.0316905789077
0.0332524068654
0.0348053872585
0.036352545023
0.0378906242549
0.0394200868905
0.0409437306225
0.0424578301609
0.0439633131027
0.0454641394317
0.046952392906
0.0484371520579
0.0499121360481
0.0513780377805
0.0528381168842
0.0542893521488
0.0557315051556
0.0571685358882
0.0585964843631
0.0600141920149
0.0614272393286
0.0628293454647
0.0642272606492
0.0656149312854
0.0669942200184
0.0683674588799
0.0697318464518
0.0710869207978
0.0724368691444
0.0737770423293
0.0751093029976
0.0764350369573
0.0777514651418
0.0790595039725
0.0803619548678
0.0816541686654
0.0829389244318
0.0842176303267
0.0854870229959
0.0867485031486
0.0880006626248
0.0892477035522
0.0904859006405
0.091715708375
0.0929371416569
0.0941506549716
0.0953581109643
0.0965557917953
0.0977478846908
0.0989283397794
0.100104130805
0.101270616055
0.102429181337
0.103579364717
0.104722559452
0.105858772993
0.106986142695
0.108102329075
0.109217591584
0.110318876803
0.111413650215
0.112505622208
0.113580837846
0.114653721452
0.115720547736
0.116772942245
0.117823474109
0.118860967457
0.119894735515
0.120921984315
0.121935263276
0.122942954302
0.123945988715
0.124939709902
0.125922262669
0.126899212599
0.127867788076
0.128831714392
0.129783526063
0.130729749799
0.131666660309
0.132595181465
0.133519053459
0.134431749582
0.13533513248
0.13623572886
0.137124210596
0.138008967042
0.138883471489
0.139745876193
0.14060549438
0.141460448503
0.142298638821
0.143133103848
0.143962904811
0.144779682159
0.145590856671
0.146393656731
0.147189006209
0.147977843881
0.148756429553
0.149528488517
0.150290310383
0.151045620441
0.151796266437
0.152535736561
0.153264030814
0.15399324894
0.154706642032
0.155413523316
0.15611666441
0.156804919243
0.157493159175
0.158171162009
0.1588370502
0.159497365355
0.160154879093
0.160790964961
0.161436378956
0.162061288953
0.162683412433
0.163299947977
0.16390158236
0.164501354098
0.165091812611
0.165669232607
0.166248515248
0.166812896729
0.167366102338
0.167923033237
0.168463200331
0.168995916843
0.169523045421
0.170042723417
0.170551225543
0.171056002378
0.171545878053
0.172037616372
0.172516316175
0.172989428043
0.173449501395
0.173905849457
0.174351021647
0.174796193838
0.175222739577
0.175647422671
0.17606651783
0.176466986537
0.17687304318
0.177264198661
0.177646040916
0.178026020527
0.178392961621
0.17875058949
0.179106354713
0.179450944066
0.179786220193
0.180115908384
0.18043255806
0.180752933025
0.18105468154
0.181352704763
0.181639552116
0.181922674179
0.182198345661
0.182464703918
0.182712435722
0.182971343398
0.183211624622
0.183444455266
0.183673560619
0.183889627457
0.184096381068
0.184304997325
0.184496849775
0.184681251645
0.18486379087
0.185029566288
0.185199066997
0.185349941254
0.18549709022
0.185638651252
0.185763448477
0.185891970992
0.186011180282
0.186113625765
0.186212345958
0.186305478215
0.186389297247
0.186465665698
0.186530858278
0.186584874988
0.186633303761
0.186666831374
0.186691045761
0.186707809567
0.186711534858
0.186707809567
0.186691045761
0.186666831374
0.186631441116
0.186584874988
0.186528995633
0.186461940408
0.186389297247
0.18629989028
0.186204895377
0.186096861959
0.185981377959
0.185854718089
0.185720607638
0.185567870736
0.185415133834
0.18524377048
0.185068681836
0.184882417321
0.184681251645
0.184476360679
0.184256568551
0.184029325843
0.183790907264
0.183541312814
0.183284267783
0.183019772172
0.182732924819
0.182449802756
0.182148054242
0.181838855147
0.181518480182
0.181190654635
0.180851653218
0.180505201221
0.180140122771
0.179771319032
0.179391339421
0.17900018394
0.178601577878
0.178188070655
0.177770838141
0.177338704467
0.176895394921
0.176448360085
0.175982698798
0.175513312221
0.175036475062
0.174537286162
0.174041822553
0.173524007201
0.17300619185
0.172473475337
0.171929582953
0.171378239989
0.170819446445
0.170242026448
0.169657155871
0.169068560004
0.168465062976
0.167850390077
0.167224541306
0.166594967246
0.165950492024
0.165294840932
0.164635464549
0.163957461715
0.1632720083
0.162582829595
0.161875024438
0.161163493991
0.160433337092
0.159703180194
0.158958122134
0.158198162913
0.157438203692
0.156659632921
0.155873596668
0.155080109835
0.15427172184
0.153459608555
0.152632594109
0.151794403791
0.150948762894
0.150091946125
0.149231404066
0.148344784975
0.147461891174
0.146567821503
0.14566257596
0.144738703966
0.143811106682
0.142879784107
0.141926109791
0.140972435474
0.140003859997
0.139020383358
0.13804063201
0.137038528919
0.136028975248
0.135008245707
0.133983790874
0.132940709591
0.131897628307
0.130835920572
0.129766762257
0.12868270278
0.127598643303
0.126495957375
0.125389546156
0.124268226326
0.123139463365
0.121995799243
0.120844684541
0.119686119258
0.118520103395
0.11733173579
0.116147093475
0.114940099418
0.113733105361
0.112507484853
0.111285589635
0.110037617385
0.108782194555
0.107526771724
0.106248997152
0.104971222579
0.103678546846
0.102374695241
0.101063393056
0.0997409150004
0.0984072610736
0.0970624312758
0.0957138761878
0.0943466946483
0.0929757878184
0.0915899798274
0.0902004465461
0.0887922868133
0.0873804017901
0.0859573408961
0.0845231041312
0.0830776914954
0.081624828279
0.0801570639014
0.0786855742335
0.077199190855
0.0757053494453
0.0742003321648
0.072680413723
0.0711604952812
0.0696256756783
0.0680759549141
0.0665225088596
0.0649578869343
0.0633783638477
0.0617951117456
0.0602006874979
0.0585876367986
0.0569783113897
0.0553503595293
0.0537112317979
0.052064653486
0.0504068993032
0.0487342439592
0.0470653139055
0.0453814826906
0.0436752997339
0.0419728420675
0.0402517579496
0.0385195016861
0.0367909669876
0.0350326299667
0.0332817435265
0.0315085053444
0.0297315400094
0.0279471259564
0.026144085452
0.0243335943669
0.0225193779916
0.0206865351647
0.0188462436199
0.0169947743416
0.0151433041319
0.0132620325312
0.0113882115111
0.00949949026108
0.0075995917432
0.00568479252979
0.00376626825891
0.00183656800073
-0.000104308121081
-0.00205636024475
-0.00401586294174
-0.00599026633427
-0.00796839594841
-0.00996142532676
-0.011961906217
-0.0139772882685
-0.0160001218319
-0.0180266797543
-0.0200681369752
-0.0221207719296
-0.0241920333356
-0.0262558441609
-0.0283420067281
-0.0304356198758
-0.0325329601765
-0.034648925066
-0.0367760658264
-0.0389069318771
-0.0410489700735
-0.043202187866
-0.0453703068197
-0.0475421510637
-0.0497251711786
-0.0519230924547
-0.0541210137308
-0.0563412867486
-0.0585578344762
-0.0607967339456
-0.0630468130112
-0.0652968883514
-0.0675655901432
-0.0698380172253
-0.0721216201782
-0.0744163990021
-0.0767298042774
-0.0790394768119
-0.0813677832484
-0.0837035402656
-0.0860504731536
-0.0884011313319
-0.0907778665423
-0.0931471511722
-0.0955350622535
-0.0979304239154
-0.100340686738
-0.102754674852
-0.105183564126
-0.107619903982
-0.110067419708
-0.112529836595
-0.114992253482
-0.117469571531
-0.11996179074
-0.122461460531
-0.124961130321
-0.12744218111
-0.129900872707
-0.132329761982
-0.134736299515
-0.137116760015
-0.139467418194
-0.14179572463
-0.144097954035
-0.146377831697
-0.148624181747
-0.150848180056
-0.153046101332
-0.155221670866
-0.157367423177
-0.159487113357
-0.161584451795
-0.163655713201
-0.165697172284
-0.167716279626
-0.169701859355
-0.171676263213
-0.173613414168
-0.175528213382
-0.177416935563
-0.179279580712
-0.18111987412
-0.182930365205
-0.184714779258
-0.186473116279
-0.188209101558
-0.189915284514
-0.191599115729
-0.193253144622
-0.194888547063
-0.196494147182
-0.198066219687
-0.199627116323
-0.201147034764
-0.202652052045
-0.204127267003
-0.205580130219
-0.207003191113
-0.208400174975
-0.209774807096
-0.211115911603
-0.21244584024
-0.213734790683
-0.215005114675
-0.216249361634
-0.217463806272
-0.218663349748
-0.21982191503
-0.220965579152
-0.222075715661
-0.223167225718
-0.224232658744
-0.225268289447
-0.226277843118
-0.227265045047
-0.228222444654
-0.229157492518
-0.230066463351
-0.230945631862
-0.23180244863
-0.232636913657
-0.233437851071
-0.234220162034
-0.234968945384
-0.235695376992
-0.236399456859
-0.237077459693
-0.237725660205
-0.238344058394
-0.238951280713
-0.239513799548
-0.240068867803
-0.240586683154
-0.241078421474
-0.241551533341
-0.241994842887
-0.2424120754
-0.242799505591
-0.243168309331
-0.243511036038
-0.243823960423
-0.244110807776
-0.244367852807
-0.244613721967
-0.244822338223
-0.245004877448
-0.245165064931
-0.245301038027
-0.245405346155
-0.245489165187
-0.245545044541
-0.245574846864
-0.245578572154
-0.245558083057
-0.245511516929
-0.245438873768
-0.245340153575
-0.24521163106
-0.245066344738
-0.244887530804
-0.244684502482
-0.244457259774
-0.244203940034
-0.243924543262
-0.243620932102
-0.243285655975
-0.242931753397
-0.242548048496
-0.242141991854
-0.241704270244
-0.241246059537
-0.240759909153
-0.240243956447
-0.239709377289
-0.239146858454
-0.238556399941
-0.237941727042
-0.237300977111
-0.236636012793
-0.235941246152
-0.235222265124
-0.234480932355
-0.233706071973
-0.232912585139
-0.232093021274
-0.231243655086
-0.230371937156
-0.229472279549
-0.228546544909
-0.227594733238
-0.22662243247
-0.22561660409
-0.224590286613
-0.223534166813
-0.222453832626
-0.221353009343
-0.220218658447
-0.219060093164
-0.21787917614
-0.216668456793
-0.215437248349
-0.214174374938
-0.212889149785
-0.211575984955
-0.210238605738
-0.208875149488
-0.207483753562
-0.206066280603
-0.204632043839
-0.203162416816
-0.201668575406
-0.200150519609
-0.198608249426
-0.19703617692
-0.195438027382
-0.193817526102
-0.192169085145
-0.190498292446
-0.188796773553
-0.187072888017
-0.185322001576
-0.183544114232
-0.181743860245
-0.179911956191
-0.178062349558
-0.176178276539
-0.174274653196
-0.172340303659
-0.17038731277
-0.168399870396
-0.166392877698
-0.164359793067
-0.162296921015
-0.160209819674
-0.15809944272
-0.155960202217
-0.153797671199
-0.151603475213
-0.149394378066
-0.147148966789
-0.144882127643
-0.142589211464
-0.140270218253
-0.137927934527
-0.13555586338
-0.133159562945
-0.130737200379
-0.128287822008
-0.125817015767
-0.123313620687
-0.120792530477
-0.1182397753
-0.115661874413
-0.11305975914
-0.110435292125
-0.107777297497
-0.105095088482
-0.102389596403
-0.0996589586139
-0.0969013124704
-0.0941203832626
-0.091304063797
-0.0884784311056
-0.0856127515435
-0.0827256515622
-0.0798115432262
-0.0768778845668
-0.0739134848118
-0.0709183514118
-0.0679017975926
-0.0648656859994
-0.061794180423
-0.0587040521204
-0.0555925033987
-0.0524995811284
-0.0494318045676
-0.0463896393776
-0.043374016881
-0.0403844714165
-0.0374191440642
-0.0344812870026
-0.0315676443279
-0.0286805424839
-0.025819985196
-0.022983642295
-0.0201738420874
-0.0173901207745
-0.0146320080385
-0.0118995076045
-0.00919215381145
-0.00651134131476
-0.00385660654865
-0.00122701737564
0.00137696031015
0.00395439565182
0.00650715036318
0.00903336331248
0.0115334978327
0.0140084875748
0.016457401216
0.0188811682165
0.0212788563222
0.0236500035971
0.0259964708239
0.028315929696
0.0306107085198
0.0328794121742
0.0351225025952
0.0373395159841
0.0395309142768
0.0416967049241
0.0438364185393
0.0459505207837
0.048038545996
0.0501014254987
0.0521372966468
0.0541498847306
0.0561345331371
0.0580931045115
0.0600265301764
0.0619357414544
0.063817948103
0.0656740739942
0.0675041228533
0.0693090260029
0.071088783443
0.0728415325284
0.0745682045817
0.0762715935707
0.0779470428824
0.0795973390341
0.0812215656042
0.0828206464648
0.0843927189708
0.0859405770898
0.0874623581767
0.0889561995864
0.0904276892543
0.0918712392449
0.0932896435261
0.0946819707751
0.0960500836372
0.097388394177
0.0987071469426
0.0999942347407
0.101258039474
0.102495767176
0.103709280491
0.104893922806
0.106055282056
0.107191495597
0.108298838139
0.109382897615
0.11044088006
0.11147185415
0.112477682531
0.113459296525
0.114412970841
0.115339636803
0.116245813668
0.117121256888
0.117972485721
0.11880043149
0.119597643614
0.120372503996
0.121120356023
0.121844924986
0.12254062295
0.123212106526
0.123855650425
0.124474979937
0.125071033835
0.125639140606
0.126178368926
0.126697123051
0.127187922597
0.127651721239
0.128089442849
0.128503888845
0.128893181682
0.129254534841
0.129589810967
0.129899933934
0.13018399477
0.130443826318
0.130676656961
0.130882486701
0.131066888571
0.131219625473
0.131350010633
0.131454318762
0.131532549858
0.131586566567
0.1316126436
0.1316126436
0.131588429213
0.131538137794
0.131461769342
0.131359323859
0.131232663989
0.131079927087
0.130899250507
0.130692496896
0.130465254188
0.130206346512
0.129923224449
0.129615888
0.129282474518
0.128921121359
0.128537416458
0.12812204659
0.127689912915
0.127227976918
0.126736238599
0.126224011183
0.125680118799
0.125119462609
0.124525271356
0.123906873167
0.123266123235
0.122595570982
0.121898941696
0.121181823313
0.120433039963
0.119663767517
0.118866555393
0.118037678301
0.117192037404
0.116316594183
0.115415073931
0.114489339292
0.113537527621
0.112555913627
0.111557535827
0.11052749306
0.109465785325
0.108391039073
0.107280902565
0.106146551669
0.104989849031
0.103805206716
0.102596350014
0.101359553635
0.100098542869
0.0988095924258
0.0974982902408
0.0961609110236
0.0947900041938
0.0934041962028
0.0919885858893
0.0905468985438
0.0890754088759
0.0875834301114
0.0860635116696
0.0845193788409
0.0829510316253
0.0813510194421
0.0797323808074
0.0780783593655
0.0764075666666
0.0747088342905
0.0729858875275
0.0712275505066
0.0694543123245
0.0676531344652
0.0658240169287
0.06396882236
0.062087547034
0.0601820610464
0.0582523606718
0.0562928579748
0.0543128661811
0.05230120942
0.0502634756267
0.0482089780271
0.0461172275245
0.0440105758607
0.0418741218746
0.0397060029209
0.0375173985958
0.0353045761585
0.0330600887537
0.030800698325
0.0285115074366
0.0262334924191
0.0239759664983
0.0217314790934
0.0195056200027
0.0172946602106
0.0151004632935
0.0129248937592
0.0107642253861
0.00861845910549
0.00649131787941
0.00437907874584
0.00228360295296
0.000204890951863
-0.00185519445222
-0.00390224135481
-0.00593252433464
-0.00794604420662
-0.00994093623012
-0.0119209280238
-0.0138860186562
-0.0158306211233
-0.0177640467882
-0.0196769814938
-0.0215750169009
-0.0234562885016
-0.025320796296
-0.0271704029292
-0.0290013831109
-0.0308193247765
-0.0326167792082
-0.034399330616
-0.0361651182175
-0.0379160046577
-0.0396501235664
-0.041367482394
-0.0430680774152
-0.0447519086301
-0.0464189760387
-0.0480692796409
-0.0497046820819
-0.0513251833618
-0.052925195545
-0.0545121692121
-0.0560805164278
-0.0576320998371
-0.0591687820852
-0.0606905631721
-0.0621918551624
-0.0636801123619
-0.0651497393847
-0.0666044652462
-0.0680405646563
-0.0694636255503
-0.0708680599928
-0.072255730629
-0.0736266374588
-0.0749845057726
-0.0763200223446
-0.0776462256908
-0.0789500698447
-0.0802408829331
-0.0815130695701
-0.0827703550458
-0.0840108767152
-0.0852364972234
-0.0864416286349
-0.0876318588853
-0.0888109132648
-0.0899657532573
-0.0911056920886
-0.092234455049
-0.0933427289128
-0.0944342389703
-0.0955108478665
-0.0965706929564
-0.09761377424
-0.0986382290721
-0.0996515080333
-0.100642435253
-0.101622186601
-0.102583311498
-0.103525809944
-0.104455269873
-0.105367965996
-0.106260173023
-0.107141204178
-0.108001746237
-0.108847387135
-0.109681852162
-0.110488377512
-0.111287452281
-0.112067900598
-0.112831585109
-0.113578505814
-0.114310525358
-0.11502391845
-0.115722410381
-0.11640227586
-0.117069102824
-0.117715440691
-0.118350602686
-0.118963412941
-0.119566909969
-0.120144329965
-0.120714299381
-0.1212637797
-0.121798358858
-0.122314311564
-0.122815363109
-0.123299650848
-0.12376717478
-0.124217934906
-0.124653793871
-0.125071033835
-0.125473365188
-0.125860795379
-0.126227736473
-0.126581639051
-0.126918777823
-0.127239152789
-0.127540901303
-0.127825886011
-0.128099694848
-0.128353014588
-0.128591433167
-0.128811225295
-0.129016116261
-0.129206106067
-0.129376530647
-0.12953299284
-0.129670828581
-0.129795625806
-0.129899933934
-0.129989340901
-0.13006478548
-0.130119726062
-0.130161643028
-0.13018399477
-0.130194231868
-0.130181193352
-0.130160704255
-0.130114138126
-0.130059197545
-0.129984691739
-0.129892483354
-0.129785388708
-0.129662454128
-0.129519030452
-0.129365354776
-0.129191204906
-0.1290012151
-0.128795385361
-0.128571867943
-0.128333449364
-0.128077343106
-0.12780725956
-0.127517610788
-0.127214938402
-0.126890838146
-0.126555562019
-0.126199796796
-0.125831916928
-0.125440761447
-0.125041231513
-0.124619334936
-0.124183475971
-0.1237308532
-0.123263329268
-0.122774384916
-0.122274264693
-0.121757380664
-0.121220938861
-0.12067052722
-0.120101489127
-0.119518481195
-0.118915915489
-0.11830124259
-0.117667943239
-0.117016017437
-0.116351984441
-0.115664668381
-0.114968970418
-0.114252783358
-0.113520763814
-0.112771980464
-0.112007364631
-0.111226916313
-0.110427841544
-0.109613865614
-0.108783125877
-0.107935622334
-0.107072755694
-0.106191255152
-0.105297185481
-0.104383558035
-0.103452704847
-0.102508343756
-0.101545356214
-0.100561410189
-0.0995751395822
-0.0985842123628
-0.0975988730788
-0.0966167971492
-0.0956393703818
-0.0946670696139
-0.0936989635229
-0.0927359759808
-0.0917762443423
-0.0908216387033
-0.0898716896772
-0.088925935328
-0.0879852995276
-0.087047919631
-0.0861165970564
-0.0851885378361
-0.0842651277781
-0.0833468437195
-0.0824332162738
-0.081523783505
-0.0806176066399
-0.0797179490328
-0.0788215473294
-0.0779298096895
-0.0770427286625
-0.0761602967978
-0.0752820596099
-0.0744084790349
-0.0735400244594
-0.0726748257875
-0.0718142837286
-0.0709597915411
-0.0701076313853
-0.0692615285516
-0.0684196129441
-0.0675823539495
-0.0667483508587
-0.0659204050899
-0.0650959536433
-0.0642763897777
-0.0634612515569
-0.062651000917
-0.0618451721966
-0.0610428377986
-0.060246322304
-0.0594533011317
-0.0586654022336
-0.0578821599483
-0.0571026429534
-0.0563277825713
-0.0555582791567
-0.0547924973071
-0.0540316067636
-0.053275141865
-0.0525221675634
-0.0517754778266
-0.0510320514441
-0.0502935126424
-0.0495591647923
-0.0488299392164
-0.0481053702533
-0.047383826226
-0.0466678738594
-0.0459565743804
-0.0452494695783
-0.044547252357
-0.043848991394
-0.0431546904147
-0.042466212064
-0.0417812243104
-0.0411020554602
-0.040425684303
-0.039754897356
-0.0390883050859
-0.0384263694286
-0.0377683900297
-0.0371150672436
-0.0364675633609
-0.0358228571713
-0.0351835042238
-0.0345482230186
-0.0339174866676
-0.0332912877202
-0.0326705612242
-0.0320529788733
-0.0314401686192
-0.0308323632926
-0.0302290990949
-0.0296296775341
-0.0290351435542
-0.0284446850419
-0.027859698981
-0.0272789020091
-0.0267014820129
-0.0261296499521
-0.0255623590201
-0.0249991416931
-0.024440696463
-0.0238862112164
-0.0233369637281
-0.0227917898446
-0.0222516227514
-0.0217151809484
-0.0211835131049
-0.0206566173583
-0.0201343782246
-0.0196156315506
-0.0191025901586
-0.0185933895409
-0.0180887281895
-0.0175890736282
-0.0170927960426
-0.016602454707
-0.0161151979119
-0.0156335867941
-0.0151558192447
-0.0146827651188
-0.0142150083557
-0.0137500455603
-0.0132903801277
-0.0128355454654
-0.0123849017546
-0.0119394967332
-0.011497002095
-0.0110607352108
-0.0106277288869
-0.0102000189945
-0.00977615080774
-0.00935693923384
-0.00894261710346
-0.00853254459798
-0.00812718644738
-0.0077257277444
-0.0073294499889
-0.00693707214668
-0.00654981657863
-0.00616692658514
-0.00578834395856
-0.00541447615251
-0.0050439843908
-0.00468012876809
-0.0043177860789
-0.00396347604692
-0.00361155229621
-0.00326492567547
-0.00292062736116
-0.00258441991173
-0.00224972609431
-0.00192073627841
-0.00159692706075
-0.0012769595487
-0.000960833800491
-0.000649422814604
-0.000343308754964
-4.1036397306e-05
0.000255589839071
0.00054930569604
0.000837841012981
0.00112247653306
0.00140094186645
0.00167608947959
0.00194786104839
0.00221253139898
0.00247429101728
0.00273180170916
0.00298453937285
0.00323198013939
0.00347662693821
0.00371504551731
0.00394869130105
0.00417896080762
0.00440503936261
0.00462628668174
0.00484369229525
0.00505353044719
0.00526284519583
0.00546459294856
0.005662440788
0.00585836777464
0.0060472516343
0.00623369077221
0.00641250470653
0.00658846646547
0.00676064472646
0.00692700222135
0.00708957621828
0.00724988011643
0.00740098720416
0.00755023164675
0.00769423739985
0.00783585663885
0.00797078199685
0.00810198206455
0.0082292240113
0.00835041236132
0.00846671126783
0.00858021620661
0.00868935603648
0.00879430398345
0.00889401417226
0.00898790266365
0.00907754246145
0.0091657275334
0.00924448203295
0.0093235867098
0.00939704477787
0.00946375075728
0.00952772051096
0.00958581175655
0.00963924638927
0.00969180837274
0.00973744317889
0.00977818854153
0.00981835089624
0.00985851418227
0.00989774614573
0.00993627961725
0.00997446384281
0.0100120659918
0.0100490860641
0.0100854076445
0.010121030733
0.0101564209908
0.0101909963414
0.0102249896154
0.0102586336434
0.0102913463488
0.010323593393
0.0103554911911
0.0103864576668
0.0104170748964
0.0104469936341
0.0104765631258
0.0105053177103
0.0105333738029
0.0105611970648
0.0105880890042
0.0106145152822
0.0106405923143
0.0106659708545
0.010690418072
0.0107147488743
0.0107383811846
0.010761315003
0.0107836667448
0.01080543641
0.0108267404139
0.0108474623412
0.0108674857765
0.0108869271353
0.0109057864174
0.0109242964536
0.0109418751672
0.0109591046348
0.0109757520258
0.0109915845096
0.0110071841627
0.0110218524933
0.0110361715779
0.0110499085858
0.0110629471019
0.0110755199566
0.0110873943195
0.0110986866057
0.0111093968153
0.0111197577789
0.01112918742
0.0111383842304
0.011146533303
0.0111546823755
0.0111617837101
0.0111685357988
0.0111745893955
0.0111800609156
0.0111850667745
0.0111894905567
0.011193215847
0.0111963590607
0.0111990366131
0.0112010156736
0.0112025290728
0.0112032275647
0.0112038096413
0.0112032275647
0.0112024126574
0.0112010156736
0.0111988037825
0.0111963590607
0.0111930994317
0.0111894905567
0.0111848339438
0.0111799445003
0.0111744729802
0.0111681865528
0.0111617837101
0.0111542167142
0.011146533303
0.0111380349845
0.011128838174
0.0111195249483
0.0111092804
0.0110983373597
0.0110869286582
0.0110750542954
0.0110627142712
0.0110494429246
0.0110359387472
0.0110212704167
0.0110066020861
0.0109912352636
0.0109751699492
0.0109586389735
0.0109416423365
0.0109232487157
0.0109055535868
0.010886461474
0.0108669036999
0.0108468802646
0.0108261583373
0.0108045050874
0.0107833174989
0.0107605000958
0.0107376826927
0.0107139339671
0.0106897195801
0.0106652723625
0.0106398938224
0.0106140496209
0.0105870412663
0.0105602657422
0.0105327917263
0.0105041535571
0.010475515388
0.0104464115575
0.0104163764045
0.0103854099289
0.0103544434533
0.0103227784857
0.0102904150262
0.0102575859055
0.0102240582928
0.0101900650188
0.0101551404223
0.0101204486564
0.010084127076
0.0100478054956
0.0100107854232
0.00997353252023
0.00993534829468
0.00989623274654
0.00985781569034
0.0098170703277
0.00977702438831
0.00973558053374
0.00969436950982
0.00965199433267
0.00960915349424
0.00956584699452
0.00952184200287
0.00947737134993
0.00943243503571
0.00938633456826
0.00934023410082
0.00929343514144
0.00924593769014
0.0091977417469
0.00914954580367
0.00909995287657
0.00905035994947
0.0089998356998
0.00894907861948
0.00889762304723
0.00884523615241
0.00879261642694
0.00873953104019
0.00868551433086
0.00863103196025
0.00857608392835
0.00852043740451
0.00846432521939
0.00840751454234
0.00835047103465
0.00829226337373
0.00823405571282
0.0081742182374
0.00811531208456
0.00805477611721
0.00799377448857
0.00793254002929
0.00787060707808
0.00780797516927
0.0077446452342
0.00768084963784
0.00761658838019
0.0075520942919
0.00748620321974
0.00742031214759
0.00735348975286
0.00728643452749
0.0072182151489
0.00714999577031
0.00708131073043
0.00701146153733
0.00694114668295
0.00687083182856
0.00679911999032
0.00672764098272
0.00665476499125
0.00658188899979
0.0065083145164
0.00643404154107
0.00635907007381
0.00628409860656
0.00620749732479
0.00613136170432
0.00605406193063
0.00597652932629
0.00589806539938
0.00581936864182
0.00573974056169
0.00565987965092
0.00557885458693
0.00549806235358
0.00541610596702
0.00533368391916
0.00525079621002
0.00516721000895
0.00508315814659
0.0049984077923
0.00491295894608
0.00482727773488
0.00474089756608
0.00465381890535
0.0045660417527
0.00447803176939
0.00438909046352
0.004299916327
0.00420981086791
0.00411923974752
0.0040284357965
0.00393646769226
0.00384426652454
0.00375136709772
0.00365823484026
0.00356370559894
0.0034696420189
0.003374181455
0.00327825522982
0.00318232900463
0.00308500579558
0.00298768258654
0.00288966088556
0.00279094069265
0.00269175483845
0.00259187049232
0.00249128765427
0.00239000655711
0.00228895805776
0.0021867454052
0.00208360143006
0.00198092311621
0.00187638204079
0.00177230674308
0.00166706729215
0.00156136217993
0.00145519140642
0.00134832214098
0.00124098721426
0.00113295391202
0.00102445483208
0.000915024371352
0.000805593968835
0.000695232243743
0.000583939254284
0.000473111838801
0.000360654637916
0.000248197466135
0.000135041773319
2.09547561099e-05
-9.33650808292e-05
-0.000208150580875
-0.000324333057506
-0.000439584226115
-0.000556698068976
-0.00067404465517
-0.000792089791503
-0.000910367758479
-0.00102934427559
-0.00114901922643
-0.00126939255279
-0.0013899988262
-0.00151153642219
-0.00163307401817
-0.00175600859802
-0.00187894317787
-0.00200280919671
-0.00212690792978
-0.00225193798542
-0.00237743370235
-0.00250339484774
-0.00262982188724
-0.00275718024932
-0.00288500427268
-0.00301329395734
-0.00314228213392
-0.00327173597179
-0.00340212113224
-0.00353250629269
-0.00366382277571
-0.00379583775066
-0.00392808578908
-0.00406126491725
-0.00419467687607
-0.00432902015746
-0.00446359626949
-0.00459910370409
-0.00473484396935
-0.00487174838781
-0.00500841950998
-0.00514625525102
-0.00528432382271
-0.00542332371697
-0.00556278927252
-0.00570295332
-0.00584335019812
-0.00598444556817
-0.00612623943016
-0.00626849895343
-0.00641192262992
-0.00655464781448
-0.00669946847484
-0.00684359064326
-0.0069888769649
-0.00713486177847
-0.00728154508397
-0.00742776272818
-0.00757584301755
-0.00772392330691
-0.00787223689258
-0.00801961869001
-0.00816583633423
-0.00831065699458
-0.00845361500978
-0.00859587453306
-0.00873673707247
-0.00887550413609
-0.00901380553842
-0.00915047712624
-0.0092857517302
-0.00941939651966
-0.00955234281719
-0.00968365930021
-0.0098133450374
-0.0099418675527
-0.0100692259148
-0.0101949544623
-0.0103195188567
-0.0104426862672
-0.0105646895245
-0.0106848301366
-0.0108042722568
-0.0109218517318
-0.011038732715
-0.0111532853916
-0.011267372407
-0.0113798296079
-0.0114906569943
-0.0116003202274
-0.011709052138
-0.0118161542341
-0.0119216265157
-0.0120257018134
-0.0121290786192
-0.0122305927798
-0.0123311756179
-0.0124296629801
-0.0125276846811
-0.0126238437369
-0.0127186058089
-0.0128124365583
-0.0129044046625
-0.0129954414442
-0.0130848484114
-0.013173324056
-0.0132601698861
-0.0133453859016
-0.0134299034253
-0.0135125583038
-0.0135940490291
-0.0136741427705
-0.0137530723587
-0.0138303721324
-0.0139065077528
-0.0139812463894
-0.0140548208728
-0.0141267655417
-0.0141973132268
-0.0142669295892
-0.0143349161372
-0.0144015057012
-0.0144669311121
-0.0145307267085
-0.0145935909823
-0.0146550582722
-0.0147148957476
-0.0147733362392
-0.0148306125775
-0.014886491932
-0.0149412071332
-0.0149945253506
-0.0150462137535
-0.0150969708338
-0.0151460980996
-0.0151938283816
-0.0152403945103
-0.0152855636552
-0.0153293358162
-0.0153717109933
-0.0154133876786
-0.0154527360573
-0.0154911531135
-0.0155282896012
-0.0155641455203
-0.0155983716249
-0.015631550923
-0.0156632158905
-0.0156934838742
-0.0157225877047
-0.0157502945513
-0.015776719898
-0.0158016327769
-0.0158252660185
-0.0158473849297
-0.0158685725182
-0.0158881302923
-0.0159062910825
-0.0159234032035
-0.0159388873726
-0.0159530900419
-0.0159658957273
-0.0159775372595
-0.0159876644611
-0.0159965120256
-0.0160040799528
-0.0160102490336
-0.0160150229931
-0.0160183981061
-0.0160203780979
-0.0160215422511
-0.0160206109285
-0.016019096598
-0.0160153713077
-0.0160110648721
-0.0160051267594
-0.0159976761788
-0.0159891787916
-0.015979167074
-0.0159678738564
-0.015955068171
-0.0159410983324
-0.0159258488566
-0.0159089677036
-0.015891039744
-0.01587148197
-0.0158507600427
-0.0158288739622
-0.0158052425832
-0.0157804451883
-0.0157544855028
-0.0157268941402
-0.0156982559711
-0.0156677551568
-0.0156364403665
-0.0156036103144
-0.0155693842098
-0.0155337611213
-0.0154969738796
-0.0154589060694
-0.0154190920293
-0.0153782302514
-0.0153360879049
-0.0152921993285
-0.015247495845
-0.0152011048049
-0.0151534322649
-0.0151042472571
-0.0150542464107
-0.0150022674352
-0.0149495312944
-0.0148949902505
-0.0148394024
-0.0147821838036
-0.0147238019854
-0.0146641386673
-0.014602904208
-0.0145406806841
-0.0144765358418
-0.0144116925076
-0.0143451606855
-0.0142772328109
-0.0142083149403
-0.0141374757513
-0.0140659967437
-0.0139925386757
-0.0139179164544
-0.0138421300799
-0.0137648303062
-0.0136864250526
-0.0136063313112
-0.0135252475739
-0.0134422434494
-0.0133585995063
-0.0132730342448
-0.013186654076
-0.0130985276774
-0.0130092948675
-0.0129184909165
-0.0128266392276
-0.0127330124378
-0.0126383090392
-0.0125424992293
-0.01244473923
-0.0123460190371
-0.0122459018603
-0.0121447946876
-0.0120415640995
-0.0119378669187
-0.0118319867179
-0.0117254378274
-0.0116171715781
-0.0115075083449
-0.0113966520876
-0.0112848347053
-0.0111706312746
-0.0110561661422
-0.0109401000664
-0.01082205493
-0.0107035441324
-0.0105827050284
-0.0104613127187
-0.0103385532275
-0.0102140903473
-0.0100884344429
-0.00996161531657
-0.00983285997063
-0.0097033912316
-0.00957251153886
-0.0094396956265
-0.00930619705468
-0.00917100906372
-0.00903510954231
-0.00889683701098
-0.00875782221556
-0.00861740391701
-0.00847577676177
-0.00833201874048
-0.00818800553679
-0.00804233364761
-0.00789475534111
-0.00774622056633
-0.0075967325829
-0.00744533445686
-0.00729274656624
-0.00713896937668
-0.00698328018188
-0.00682687712833
-0.00666928337887
-0.00650978088379
-0.00634942436591
-0.00618940079585
-0.00602998491377
-0.00587118277326
-0.00571298692375
-0.00555540621281
-0.00539842573926
-0.00524206878617
-0.00508630881086
-0.00493117095903
-0.00477663706988
-0.00462271412835
-0.0044693951495
-0.00431670155376
-0.0041646049358
-0.00401311228052
-0.00386224547401
-0.00371198239736
-0.00356233050115
-0.00341328256764
-0.00326486025006
-0.00311704189517
-0.00296981283464
-0.00282323150896
-0.00267721759155
-0.00253184395842
-0.00238707428798
-0.00224290112965
-0.00209937570617
-0.00195640302263
-0.00181407073978
-0.0016723787412
-0.00153126881924
-0.00139074097387
-0.00125085341278
-0.00111159170046
-0.00097291189013
-0.000834828766529
-0.000697385927197
-0.000560554326512
-0.000424348370871
-0.000288695446216
-0.00015369731409
-1.92812858586e-05
0.000114494461741
0.000247673597187
0.000380241515813
0.000512227416039
0.000643543840852
0.000774292799179
0.000904430577066
0.00103394268081
0.00116287264973
0.00129114766605
0.0014188552741
0.00154590804596
0.00167242239695
0.00179820915218
0.00192350847647
0.00204813829623
0.00217216438614
0.00229560816661
0.0024183972273
0.00254059699364
0.00266217812896
0.00278314086609
0.00290353619494
0.00302328402176
0.00314244953915
0.00326098222286
0.00337891094387
0.00349620659836
0.00361294206232
0.00372903002426
0.0038444774691
0.00395937217399
0.00407367013395
0.00418732082471
0.00430038524792
0.00441278098151
0.00452463421971
0.00463583972305
0.00474647432566
0.00485638855025
0.00496583525091
0.00507464166731
0.00518275704235
0.00529034296051
0.00539727788419
0.00550364470109
0.0056093162857
0.00571446307003
0.00581891322508
0.00592288468033
0.00602611154318
0.00612882059067
0.00623092241585
0.00633236020803
0.00643314654008
0.0065334639512
0.00663302838802
0.00673198467121
0.00683047203347
0.00692829024047
0.00702543137595
0.00712203420699
0.00721797533333
0.00731337023899
0.00740811042488
0.00750222476199
0.00759563362226
0.00768867880106
0.00778096681461
0.00787265878171
0.00796378217638
0.00805417913944
0.00814409554005
0.00823337119073
0.0083219492808
0.00840991549194
0.00849737226963
0.00858423300087
0.00867046695203
0.00875611975789
0.00884103029966
0.00892541650683
0.00900911912322
0.00909232720733
0.00917477812618
0.00925676431507
0.0093381088227
0.00941875576973
0.00949902459979
0.00957844872028
0.00965723302215
0.00973555073142
0.0098132872954
0.00989009253681
0.00996672268957
0.0100425966084
0.010117742233
0.0101923933253
0.0102664632723
0.0103397462517
0.0104125933722
0.0104847997427
0.010556133464
0.0106272632256
0.010697549209
0.0107673108578
0.0108364615589
0.0109049137682
0.0109729003161
0.0110400132835
0.0111068943515
0.0111727854237
0.0112382685766
0.0113032869995
0.0113675482571
0.0114309359342
0.0114940917119
0.0115565480664
0.0116181317717
0.0116795990616
0.0117399608716
0.0117999725044
0.0118594029918
0.0119182504714
0.0119762839749
0.0120337931439
0.012090603821
0.0121468901634
0.0122029446065
0.0122576011345
0.0123124327511
0.0123660424724
0.0124195935205
0.0124720968306
0.0125240180641
0.0125756477937
0.0126259978861
0.0126768713817
0.0127259399742
0.0127751836553
0.0128234382719
0.0128713427112
0.0129184909165
0.0129649406299
0.0130110997707
0.0130559774116
0.0131009137258
0.0131451515481
0.0131885744631
0.0132315317169
0.0132737904787
0.0133152343333
0.0133564453572
0.0133968414739
0.0134368883446
0.0134757710621
0.0135147701949
0.0135523723438
0.0135900909081
0.0136268781498
0.0136628504843
0.0136985899881
0.0137333981693
0.0137677406892
0.0138013847172
0.0138349123299
0.0138671593741
0.0138989407569
0.0139304893091
0.0139611065388
0.0139912581071
0.0140203619376
0.014049465768
0.0140775218606
0.0141053451225
0.0141324698925
0.0141587797552
0.014184740372
0.0142096532509
0.0142342168838
0.0142584312707
0.0142817143351
0.0143041824922
0.0143266506493
0.0143481874838
0.0143691422418
0.0143893985078
0.0144089562818
0.0144281648099
0.0144466748461
0.014464369975
0.0144815994427
0.0144985960796
0.0145143121481
0.0145299118012
0.0145448129624
0.0145588992164
0.0145724033937
0.0145856747404
0.0145976655185
0.014609772712
0.0146209485829
0.0146314259619
0.0146414376795
0.01465063449
0.0146593656391
0.0146673982963
0.0146748488769
0.0146817173809
0.0146882366389
0.0146939409897
0.0146989468485
0.0147034870461
0.0147072123364
0.0147103555501
0.0147128002718
0.0147151285782
0.0147162927315
0.014717224054
0.0147174568847
0.0147167583928
0.0147158270702
0.0147141972557
0.0147116361186
0.0147088421509
0.0147051168606
0.0147006930783
0.0146958036348
0.0146906813607
0.0146841621026
0.014677410014
0.0146699594334
0.0146620431915
0.0146534284577
0.0146441152319
0.0146338706836
0.0146236261353
0.0146124502644
0.0146003430709
0.0145882358775
0.0145749645308
0.0145612275228
0.0145467920229
0.0145318908617
0.0145162912086
0.0144999930635
0.0144832292572
0.0144655341282
0.014447373338
0.0144287468866
0.0144094219431
0.0143891656771
0.0143686765805
0.0143472561613
0.0143256029114
0.0143027855083
0.014279502444
0.0142557537183
0.0142315393314
0.0142061607912
0.0141805494204
0.0141542395577
0.014127231203
0.0140999900177
0.0140711190179
0.0140427136794
0.014012911357
0.0139831090346
0.0139519097283
0.0139209432527
0.0138885797933
0.0138562163338
0.0138226887211
0.0137889282778
0.0137544693425
0.0137190790847
0.0136832231656
0.0136469015852
0.0136098815128
0.0135721629485
0.0135337458923
0.0134948631749
0.0134552819654
0.0134150022641
0.0133740240708
0.0133325802162
0.0132906707004
0.0132478298619
0.0132045233622
0.0131602855399
0.013115814887
0.0130706457421
0.013024312444
0.0129779791459
0.0129309473559
0.012883217074
0.0128345554695
0.0127854282036
0.0127358352765
0.0126857766882
0.0126343211159
0.0125830983743
0.0125307114795
0.012478091754
0.0124243078753
0.012370291166
0.0123155759647
0.0122603951022
0.0122042829171
0.0121477050707
0.0120904287323
0.0120322210714
0.0119740134105
0.011914874427
0.011854804121
0.0117945009843
0.0117334993556
0.011671799235
0.0116096334532
0.0115465363488
0.011482973583
0.0114187123254
0.0113539854065
0.0112885599956
0.0112224360928
0.0111556136981
0.011088325642
0.0110201062635
0.0109518868849
0.0108825033531
0.0108124213293
0.0107421064749
0.0106706274673
0.0105991484597
0.0105267381296
0.0104536293074
0.0103800548241
0.0103055490181
0.0102305775508
0.0101551404223
0.0100792376325
0.0100021706894
0.00992463808507
0.00984663981944
0.00976771116257
0.00968878157437
0.00960845500231
0.0095278955996
0.00944663770497
0.00936514697969
0.00928202643991
0.00919913873076
0.00911555252969
0.00903103500605
0.00894581899047
0.0088601373136
0.0087742228061
0.00868714414537
0.00859936699271
0.00851135700941
0.00842264853418
0.00833300873637
0.00824313610792
0.0081523321569
0.00806106254458
0.0079688616097
0.00787642784417
0.0077830622904
0.00768923154101
0.00759493513033
0.00749970739707
0.00740401400253
0.00730738928542
0.00721053173766
0.00711297569796
0.00701425550506
0.00691600097343
0.00681588379666
0.00671576661989
0.00661518378183
0.00651413528249
0.00641122413799
0.00630924431607
0.006205401849
0.00610155938193
0.00599725125358
0.00589201180264
0.00578584102914
0.00567967025563
0.00557210249826
0.0054645347409
0.00535650132224
0.00524707091972
0.00513810617849
0.00502681313083
0.00491598574445
0.00480562448502
0.0046924687922
0.00458024442196
0.00446615740657
0.00435253605247
0.00423798337579
0.00412203371525
0.004006549716
0.00389013416134
0.00377278751694
0.00365497521125
0.00353623158298
0.00341702229343
0.00329781300388
0.00317720673047
0.00305566913448
0.00293459719978
0.00281259394251
0.00268919370137
0.00256579346023
0.00244192779064
0.00231666490436
0.00219140201807
0.0020656734705
0.00193901348393
0.00181142229121
0.0016833654372
0.00155484292191
0.00142585474532
0.00129593524616
0.00116555020213
0.00103423371911
0.000902917177882
0.000770203710999
0.000637490244117
0.00050337985158
0.000369735033019
0.000234227612964
9.91858469206e-05
-3.67872416973e-05
-0.000173691645614
-0.000311993033392
-0.000448897451861
-0.000587664544582
-0.000727828533854
-0.000867061258759
-0.00100769102573
-0.00114925205708
-0.001290812972
-0.00143330532592
-0.00157579767983
-0.00172061834019
-0.00186450767796
-0.00200932845473
-0.00215461477637
-0.00230083242059
-0.00244844704866
-0.00259559578262
-0.00274367607199
-0.00289268768393
-0.00304169929586
-0.00319210789166
-0.00334251648746
-0.00349385640584
-0.0036456619855
-0.00379839888774
-0.00395113602281
-0.00410573557019
-0.00425986945629
-0.00441446900368
-0.00457093119621
-0.00472646206617
-0.00488385558128
-0.00504171429202
-0.0052000391297
-0.0053578983061
-0.00551808578894
-0.00567827327177
-0.00583892641589
-0.00600051088259
-0.00616209534928
-0.00632507679984
-0.0064880582504
-0.00665243668482
-0.00681634945795
-0.00698212487623
-0.00714743463323
-0.00731414137408
-0.00748131377622
-0.00764848617837
-0.00781705603004
-0.00798609107733
-0.00815559178591
-0.00832602381706
-0.0084969215095
-0.00866851769388
-0.00884011387825
-0.00901310704648
-0.00918656587601
-0.00936049036682
-0.00953511334956
-0.00971043482423
-0.00988622102886
-0.0100627066568
-0.0102401236072
-0.0104175405577
-0.0105965873227
-0.0107751684263
-0.0109549136832
-0.0111351246014
-0.0113160340115
-0.0114976419136
-0.0116801811382
-0.0118631860241
-0.01204619091
-0.0122301271185
-0.0124147618189
-0.0126007935032
-0.0127861266956
-0.0129733225331
-0.0131607512012
-0.0133481798694
-0.0135363070294
-0.0137258311734
-0.0139160538092
-0.0141062764451
-0.0142969647422
-0.0144890500233
-0.0146809024736
-0.0148741519079
-0.0150674013421
-0.0152622805908
-0.015456228517
-0.0156520400196
-0.0158485490829
-0.0160448253155
-0.0162422657013
-0.016440404579
-0.0166390091181
-0.0168378464878
-0.0170380808413
-0.0172385480255
-0.0174397137016
-0.0176411122084
-0.0178441405296
-0.0180469360203
-0.0182501971722
-0.0184550881386
-0.0186597462744
-0.0188653357327
-0.019070925191
-0.0192786101252
-0.0194855965674
-0.0196942109615
-0.0199025943875
-0.0201119091362
-0.0203219223768
-0.0205324012786
-0.0207431130111
-0.0209517292678
-0.0211577843875
-0.0213615112007
-0.0215619783849
-0.0217605829239
-0.0219559278339
-0.0221491772681
-0.022339399904
-0.0225275270641
-0.0227126274258
-0.0228953994811
-0.0230756103992
-0.0232530273497
-0.0234278831631
-0.0236001778394
-0.023769678548
-0.0239370837808
-0.0241014622152
-0.0242632795125
-0.0244225356728
-0.024579230696
-0.0247335974127
-0.0248851701617
-0.025033948943
-0.0251801665872
-0.025324055925
-0.0254649184644
-0.0256039183587
-0.0257396586239
-0.0258728377521
-0.0260036885738
-0.0261317454278
-0.0262574739754
-0.0263804085553
-0.026500781998
-0.0266183614731
-0.0267336126417
-0.0268465355039
-0.026956198737
-0.0270635336637
-0.027168540284
-0.027270520106
-0.0273701716214
-0.0274672619998
-0.0275615584105
-0.0276532936841
-0.0277425851673
-0.0278293136507
-0.0279132500291
-0.0279946234077
-0.0280735529959
-0.0281496886164
-0.0282232630998
-0.0282943937927
-0.028362846002
-0.0284286197275
-0.0284918341786
-0.0285527184606
-0.0286104604602
-0.0286659915
-0.0287189595401
-0.0287692509592
-0.0288168657571
-0.0288618020713
-0.0289044100791
-0.0289443396032
-0.0289814770222
-0.0290161687881
-0.0290485322475
-0.029077751562
-0.0291046444327
-0.0291292071342
-0.0291507449001
-0.0291697196662
-0.0291863679886
-0.0292002204806
-0.0292115136981
-0.0292203612626
-0.0292265303433
-0.0292299073189
-0.0292308386415
-0.0292293839157
-0.0292251333594
-0.0292179156095
-0.0292086619884
-0.0291967280209
-0.0291820019484
-0.0291645396501
-0.029144981876
-0.0291226301342
-0.0290973093361
-0.0290698949248
-0.0290396269411
-0.029006710276
-0.0289714355022
-0.0289332810789
-0.0288927685469
-0.0288495775312
-0.0288038272411
-0.0287551935762
-0.0287044085562
-0.0286507550627
-0.0285944975913
-0.0285358391702
-0.028474342078
-0.0284104309976
-0.0283441543579
-0.0282745379955
-0.0282030105591
-0.0281286239624
-0.0280516147614
-0.0279719810933
-0.0278899669647
-0.0278050918132
-0.0277180727571
-0.0276279449463
-0.0275351908058
-0.0274405460805
-0.0273423343897
-0.0272421743721
-0.0271394364536
-0.0270335581154
-0.0269258152694
-0.026814930141
-0.0267016869038
-0.026585591957
-0.02646731399
-0.0263461824507
-0.0262224916369
-0.0260961223394
-0.0259673092514
-0.0258359927684
-0.025701534003
-0.0255651529878
-0.0254256874323
-0.0252843014896
-0.02513907291
-0.0249924473464
-0.0248430278152
-0.0246905833483
-0.0245356913656
-0.0243780650198
-0.0242185182869
-0.0240554790944
-0.023890517652
-0.0237221810967
-0.0235521569848
-0.0233790483326
-0.0232034344226
-0.0230249706656
-0.0228448752314
-0.0226611718535
-0.0224747918546
-0.0222868975252
-0.0220951605588
-0.0219010971487
-0.0217051692307
-0.0215058661997
-0.0213045850396
-0.0211005080491
-0.0208936389536
-0.0206842068583
-0.0204720981419
-0.0202578939497
-0.0200405474752
-0.019820638001
-0.0195985194296
-0.0193733721972
-0.0191460121423
-0.018916092813
-0.0186824463308
-0.0184484515339
-0.0182094518095
-0.0179690532386
-0.0177264437079
-0.0174803417176
-0.0172320287675
-0.0169810373336
-0.016727950424
-0.0164713710546
-0.0162135101855
-0.0159515757114
-0.0156878959388
-0.0154209546745
-0.0151525009423
-0.0148802055046
-0.0146063966677
-0.0143289789557
-0.0140505135059
-0.0137671586126
-0.0134835708886
-0.0131955593824
-0.0129060344771
-0.0126137156039
-0.0123187191784
-0.0120210452005
-0.0117205772549
-0.0114174317569
-0.0111126564443
-0.0108041558415
-0.0104937925935
-0.0101805189624
-0.00986480060965
-0.00954628922045
-0.00922533217818
-0.00890216324478
-0.00857491977513
-0.00824686139822
-0.00791507773101
-0.00758119812235
-0.00724499067292
-0.00690552359447
-0.00656372820958
-0.00621983734891
-0.00587175553665
-0.0055232080631
-0.00517046963796
-0.00481610186398
-0.00445824116468
-0.00409898348153
-0.00373553461395
-0.00337115465663
-0.00300328223966
-0.00263308151625
-0.00225962139666
-0.00188453111332
-0.00150571565609
-0.00112596899271
-0.000741798372474
-0.000356230855687
3.18977981806e-05
0.000423518911703
0.00081676983973
0.00121351331472
0.00161165359896
0.00201421789825
0.00241748057306
0.00282493396662
0.00323378457688
0.00364589481615
0.00405986793339
0.00447756610811
0.00489642843604
0.00531971408054
0.00574346585199
0.00617210706696
0.00660144677386
0.00703427894041
0.00746920658275
0.00790739431977
0.00834790989757
0.00879098661244
0.00923639163375
0.00968459062278
0.0101351169869
0.0105886710808
0.0110450191423
0.0115036955103
0.0119647001848
0.012427800335
0.0128956735134
0.0133637795225
0.0138359600678
0.0143089555204
0.0147871896625
0.0152654238045
0.0157479662448
0.016232021153
0.0167203824967
0.0172089785337
0.017702113837
0.0181961804628
0.0186947863549
0.0191942080855
0.0196971222758
0.0202021319419
0.0207109823823
0.0212211143225
0.0217342730612
0.0222497601062
0.022767925635
0.0232892334461
0.0238122865558
0.0243382509798
0.024868523702
0.0253986790776
0.0259323269129
0.0264692343771
0.0270085856318
0.0275496840477
0.0280942749232
0.0286408457905
0.0291914902627
0.0297427158803
0.0302967373282
0.0308542493731
0.0314159542322
0.0319767259061
0.0325416885316
0.0331096798182
0.0336809307337
0.0342526473105
0.0348276793957
0.0354061461985
0.035988047719
0.0365698337555
0.0371556356549
0.0377445220947
0.038334865123
0.0389301553369
0.0395250357687
0.0401239357889
0.0407249890268
0.0413308441639
0.0419361442327
0.0425448492169
0.0431568734348
0.0437726825476
0.0443883016706
0.0450079366565
0.0456297397614
0.0462560690939
0.046882390976
0.0475120544434
0.0481445789337
0.0487813912332
0.0494174957275
0.0500581339002
0.050700891763
0.0513479746878
0.0519943386316
0.0526454225183
0.0532984808087
0.0539546273649
0.0546147339046
0.0552745163441
0.0559375025332
0.056604385376
0.0572748221457
0.0579450242221
0.0586185455322
0.0592956766486
0.059976298362
0.0606568045914
0.0613412074745
0.0620282925665
0.0627194494009
0.0634106099606
0.0641051381826
0.064802236855
0.065504334867
0.066205509007
0.0669102817774
0.0676184371114
0.0683311372995
0.0690414980054
0.0697578042746
0.0704745724797
0.0711963474751
0.0719143971801
0.0726298838854
0.0733428150415
0.074053414166
0.0747605189681
0.0754657611251
0.0761679783463
0.0768678709865
0.0775647312403
0.0782594978809
0.0789507701993
0.0796401798725
0.0803268030286
0.0810103937984
0.0816914215684
0.0823703557253
0.0830460265279
0.0837193727493
0.0843899250031
0.0850579217076
0.0857231169939
0.086386218667
0.0870458260179
0.0877035707235
0.0883578285575
0.0890106856823
0.0896593481302
0.0903066173196
0.0909510925412
0.0915918424726
0.0922311991453
0.0928672924638
0.0935010537505
0.0941320285201
0.0947602018714
0.0953855887055
0.0960095748305
0.0966289043427
0.0972473025322
0.0978619754314
0.0984752476215
0.0990843325853
0.099691554904
0.100296914577
0.100897617638
0.10149692744
0.102094367146
0.102688089013
0.103279009461
0.103868536651
0.104453407228
0.105037815869
0.105617560446
0.106196381152
0.106771469116
0.107343770564
0.107915133238
0.108482308686
0.109047159553
0.109608277678
0.110168933868
0.110725864768
0.111280471087
0.111831344664
0.112380824983
0.112926580012
0.113471403718
0.114011570811
0.114550806582
0.115086317062
0.115619033575
0.116149887443
0.11667701602
0.117203213274
0.117725685239
0.118245363235
0.118763178587
0.119277268648
0.119789496064
0.120298929513
0.120805568993
0.121309414506
0.121811397374
0.122309654951
0.122806049883
0.123299650848
0.123790457845
0.124278470874
0.124764621258
0.125246122479
0.125726684928
0.126205384731
0.126681283116
0.127150669694
0.12762285769
0.128089442849
0.128553241491
0.129015177488
0.129474326968
0.129931598902
0.130384221673
0.130835920572
0.131284818053
0.131730914116
0.132173299789
0.132613807917
0.133053392172
0.133487388492
0.133920460939
0.134350731969
0.13477820158
0.135203823447
0.135623842478
0.136044800282
0.136461108923
0.136875540018
0.137286260724
0.137696042657
0.138103023171
0.138505354524
0.138905823231
0.139306291938
0.139701172709
0.140093266964
0.140484422445
0.140871852636
0.141257420182
0.141639262438
0.142021104693
0.142395496368
0.142771750689
0.143142417073
0.143513083458
0.143880024552
0.144243240356
0.14460273087
0.144964084029
0.145319849253
0.145671889186
0.146022066474
0.146372243762
0.146716833115
0.147061422467
0.147396698594
0.147739425302
0.148070976138
0.148406252265
0.148732215166
0.149061903358
0.149386003613
0.149706378579
0.1500248909
0.150345265865
0.150656327605
0.1509655267
0.15127658844
0.151582062244
0.151883810759
0.152185559273
0.152485445142
0.15277788043
0.153070315719
0.153360888362
0.153647735715
0.153934583068
0.154215842485
0.154495239258
0.154769048095
0.155046582222
0.155318528414
0.155583024025
0.155851244926
0.156117603183
0.156378373504
0.156631693244
0.156892448664
0.157140180469
0.157393500209
0.157643094659
0.157887101173
0.158127382398
0.158367663622
0.158606082201
0.158838912845
0.159071743488
0.159300848842
0.15952809155
0.159749746323
0.159971401095
0.160191193223
0.16040726006
0.160619601607
0.160830080509
0.161040559411
0.161243587732
0.161444753408
0.16164778173
0.161847084761
0.162038937211
0.162228927016
0.162424504757
0.162603318691
0.162791445851
0.162975847721
0.16315279901
0.163327887654
0.163504838943
0.163672477007
0.163841977715
0.164005890489
0.164171665907
0.16433185339
0.164490178227
0.16464291513
0.164795652032
0.164944663644
0.165093675256
0.165242686868
0.165376797318
0.165520220995
0.165658056736
0.165788441896
0.165920689702
0.166047349572
0.166168421507
0.16627086699
0.166367724538
0.166457131505
0.16652418673
0.166591241956
0.16664339602
0.166680648923
0.166710451245
0.166729077697
0.166740253568
0.166732802987
0.166721627116
0.166695550084
0.166662022471
0.166609868407
0.166550263762
0.166483208537
0.166404977441
0.166308119893
0.166211262345
0.166095778346
0.165969118476
0.165838733315
0.165685996413
0.165536984801
0.165361896157
0.165183082223
0.164993092418
0.164791926742
0.164575859904
0.164356067777
0.164125099778
0.163875505328
0.163618460298
0.163350239396
0.163074567914
0.162783995271
0.162485972047
0.162169322371
0.161848947406
0.161513671279
0.161170944571
0.160817041993
0.160451963544
0.160068258643
0.159680828452
0.15928222239
0.158876165748
0.158451482654
0.158015623689
0.157572314143
0.157121554017
0.156652182341
0.156179070473
0.155691057444
0.155191868544
0.154681503773
0.154159963131
0.153630971909
0.153087079525
0.15252828598
0.151969492435
0.151392072439
0.150807201862
0.150207430124
0.149596482515
0.148978084326
0.148352235556
0.147707760334
0.147052109241
0.146389007568
0.145718455315
0.145029276609
0.144332647324
0.143624842167
0.142905861139
0.142179429531
0.141434371471
0.140685588121
0.13991817832
0.139147043228
0.138364732265
0.137563794851
0.136762857437
0.135939568281
0.135112553835
0.134274363518
0.133421272039
0.13256072998
0.131689012051
0.13080611825
0.129904597998
0.129006803036
0.128079205751
0.127159059048
0.126224011183
0.125266611576
0.124305479228
0.123336903751
0.122349701822
0.121362499893
0.120352946222
0.119339667261
0.118307761848
0.117275856435
0.116221599281
0.115167342126
0.11409445852
0.113010399044
0.111915163696
0.110816203058
0.109698615968
0.108569853008
0.107437364757
0.106289975345
0.105127684772
0.103957943618
0.102777026594
0.101584933698
0.100385390222
0.0991672202945
0.0979453250766
0.0967048034072
0.0954605564475
0.0942014083266
0.0929310843349
0.0916533097625
0.0903606340289
0.0890605077147
0.0877454802394
0.0864230021834
0.0850856229663
0.0837407931685
0.0823847874999
0.0810138806701
0.0796355232596
0.0782459974289
0.0768415629864
0.0754371285439
0.0740103423595
0.072568655014
0.0711344182491
0.0696741044521
0.0682026147842
0.0667311251163
0.0652335584164
0.0637397170067
0.0622272454202
0.0607073269784
0.0591687820852
0.0576302371919
0.0560656152666
0.0545084439218
0.0529289208353
0.0513382218778
0.0497400723398
0.0481307469308
0.046510245651
0.04487484321
0.0432357154787
0.0415779612958
0.0399127565324
0.0382326543331
0.0365488231182
0.0348538160324
0.0331401824951
0.0314265489578
0.0296868365258
0.0279434006661
0.0261962395161
0.024434177205
0.022649763152
0.0208690743893
0.0190697610378
0.0172592699528
0.0154413273558
0.0136122098193
0.0117719164118
0.00992044713348
0.00805407762527
0.00618025613949
0.00429153442383
0.00239908695221
0.000488012999995
-0.0014267860679
-0.00335648632608
-0.00530108762905
-0.00724941445515
-0.0092126429081
-0.011187045835
-0.0131689002737
-0.0151656558737
-0.0171735882759
-0.0191889703274
-0.0212192516774
-0.023260710761
-0.0253096204251
-0.0273697059602
-0.0294446926564
-0.0315234065056
-0.0336244702339
-0.0357255339622
-0.0378452241421
-0.0399723611772
-0.0421106778085
-0.0442564450204
-0.0464245639741
-0.0485926829278
-0.0507757030427
-0.0529698990285
-0.0551715455949
-0.0573918186128
-0.059615816921
-0.0618509911001
-0.0641047954559
-0.0663585960865
-0.0686347484589
-0.0709146261215
-0.0732094049454
-0.0755116343498
-0.0778250396252
-0.0801496133208
-0.0824890956283
-0.0848360285163
-0.0871978625655
-0.0895596966147
-0.0919513329864
-0.0943355187774
-0.0967420563102
-0.0991523191333
-0.101577483118
-0.104017548263
-0.106461338699
-0.108916305006
-0.111389897764
-0.113870941103
-0.116359435022
-0.118859104812
-0.121373675764
-0.123899422586
-0.126432627439
-0.128977000713
-0.131536275148
-0.134106725454
-0.136680901051
-0.139273703098
-0.141873955727
-0.144474208355
-0.147070735693
-0.149630010128
-0.152163207531
-0.154685229063
-0.157166257501
-0.159636124969
-0.162068739533
-0.164490178227
-0.166878089309
-0.169243648648
-0.171583130956
-0.173900261521
-0.176191315055
-0.178456291556
-0.180702641606
-0.182919189334
-0.185105934739
-0.187277778983
-0.189423546195
-0.191539511085
-0.193636849523
-0.195704385638
-0.197749570012
-0.199768677354
-0.201765432954
-0.203736111522
-0.205680713058
-0.207606688142
-0.209499135613
-0.211372956634
-0.213224425912
-0.215038642287
-0.216845408082
-0.218614920974
-0.220365807414
-0.222086891532
-0.223789349198
-0.225462004542
-0.227116033435
-0.228740260005
-0.230338409543
-0.23192165792
-0.233463928103
-0.234998747706
-0.236500039697
-0.237975254655
-0.239428117871
-0.240862354636
-0.242259338498
-0.243641421199
-0.244993701577
-0.246323630214
-0.247634932399
-0.248908981681
-0.250168144703
-0.251393765211
-0.252608209848
-0.253785401583
-0.254943966866
-0.256076455116
-0.257186591625
-0.258263200521
-0.259328633547
-0.26036053896
-0.26136636734
-0.262357294559
-0.263314694166
-0.264246016741
-0.265158712864
-0.266049057245
-0.266905874014
-0.267747789621
-0.268556177616
-0.269342213869
-0.270109623671
-0.270843505859
-0.271558761597
-0.272246062756
-0.272911041975
-0.27354991436
-0.274166464806
-0.274755060673
-0.275319427252
-0.275863319635
-0.276379287243
-0.276869148016
-0.27733668685
-0.277778118849
-0.278195351362
-0.278590232134
-0.278957188129
-0.279299914837
-0.279622137547
-0.27991271019
-0.280186533928
-0.280426800251
-0.280650317669
-0.280844032764
-0.281017273664
-0.28116068244
-0.281285494566
-0.281380474567
-0.281454980373
-0.281499683857
-0.281523913145
-0.281523913145
-0.281497836113
-0.281443804502
-0.281371176243
-0.281268715858
-0.281143933535
-0.280994921923
-0.280821681023
-0.280624240637
-0.280396997929
-0.280151128769
-0.279879182577
-0.279581159353
-0.279258936644
-0.2789106071
-0.27854180336
-0.278143197298
-0.277724117041
-0.277275204659
-0.276811420918
-0.276310354471
-0.27579626441
-0.275248646736
-0.274682402611
-0.274088233709
-0.27346983552
-0.272828131914
-0.272159457207
-0.271468400955
-0.270752221346
-0.270008087158
-0.269245356321
-0.268455594778
-0.267638802528
-0.266795963049
-0.265934497118
-0.265045076609
-0.264133304358
-0.263191759586
-0.262229681015
-0.261241555214
-0.260227352381
-0.259189844131
-0.258132815361
-0.257045954466
-0.255931168795
-0.254795879126
-0.253635436296
-0.252452671528
-0.251242876053
-0.25000795722
-0.248748794198
-0.247463569045
-0.246158793569
-0.244823276997
-0.243465408683
-0.242080524564
-0.240680754185
-0.239238590002
-0.237793177366
-0.236308649182
-0.234798520803
-0.23327255249
-0.231716305017
-0.230136781931
-0.228534907103
-0.226905554533
-0.225250601768
-0.223571419716
-0.221870362759
-0.220138564706
-0.218391403556
-0.216613978148
-0.214809313416
-0.212989971042
-0.211131975055
-0.209259092808
-0.207359194756
-0.205432981253
-0.203487455845
-0.201511189342
-0.199512571096
-0.197486937046
-0.1954459548
-0.193367004395
-0.191265121102
-0.189151719213
-0.187000244856
-0.184833586216
-0.182632401586
-0.180416151881
-0.178173065186
-0.175895690918
-0.173610687256
-0.171290382743
-0.168976187706
-0.166667118669
-0.164362937212
-0.162063971162
-0.159770071507
-0.157480940223
-0.155197456479
-0.15291826427
-0.150644794106
-0.148375973105
-0.146112516522
-0.143853828311
-0.141600370407
-0.139351934195
-0.137108370662
-0.134869933128
-0.132636860013
-0.13040843606
-0.128185376525
-0.125967428088
-0.123754367232
-0.121545739472
-0.119343161583
-0.117145471275
-0.114952206612
-0.112764529884
-0.110581979156
-0.108404546976
-0.106231302023
-0.104064583778
-0.101901121438
-0.0997441783547
-0.0975914224982
-0.0954447239637
-0.0933017507195
-0.0911639034748
-0.0890325680375
-0.0869058966637
-0.0847834125161
-0.08266697824
-0.0805538073182
-0.078447625041
-0.0763451680541
-0.0742487609386
-0.0721574723721
-0.0700703784823
-0.0679888725281
-0.0659120231867
-0.0638402998447
-0.0617741569877
-0.05971314013
-0.057656314224
-0.0556055419147
-0.053558960557
-0.0515175014734
-0.0494816303253
-0.0474504157901
-0.045424323529
-0.0434038192034
-0.0413879714906
-0.0393767803907
-0.0373707152903
-0.0353702344
-0.0333744101226
-0.031384639442
-0.0293981265277
-0.0274176690727
-0.0254432652146
-0.0234711896628
-0.0215065646917
-0.019546598196
-0.0175912864506
-0.0156410969794
-0.0136955631897
-0.0117556182668
-0.009820795618
-0.00789063051343
-0.00596605194733
-0.00404613092542
-0.00213133171201
-0.000221189096919
0.00168289977591
0.00358279771172
0.00547757325694
0.00736722676083
0.00925129279494
0.0111307008192
0.0130045218393
0.0148755488917
0.0167386606336
0.0185971148312
0.0204523075372
0.0223005171865
0.0241450015455
0.0259838979691
0.0278186034411
0.0296472553164
0.0314703211188
0.0332887284458
0.0351029448211
0.036911573261
0.0387160107493
0.0405134595931
0.0423071868718
0.044095326215
0.0458788089454
0.0476571694016
0.0494299419224
0.0511999204755
0.0529615171254
0.0547198541462
0.0564726032317
0.0582206957042
0.0599632002413
0.0617029108107
0.0634342432022
0.0651618465781
0.0668838620186
0.0686035454273
0.0703143849969
0.0720224305987
0.0737267509103
0.0754203647375
0.0771144405007
0.0788024589419
0.0804848894477
0.0821603387594
0.0838320627809
0.0855033248663
0.0871620103717
0.0888192951679
0.0904709994793
0.0921185091138
0.0937599614263
0.0953972265124
0.0970284417272
0.098655924201
0.10027526319
0.10189460218
0.10350369662
0.105110228062
0.106714196503
0.108310252428
0.109897688031
0.111486293375
0.113067679107
0.114643476903
0.116212755442
0.117783658206
0.119339898229
0.120896138251
0.122449353337
0.12399302423
0.125533893704
0.127072095871
0.128600388765
0.130124032497
0.131646975875
0.133162468672
0.134670749307
0.136176228523
0.137681543827
0.139172062278
0.140662416816
0.142147764564
0.143627926707
0.145103171468
0.146575793624
0.1480358392
0.149498388171
0.150950789452
0.152403309941
0.153845518827
0.155285403132
0.156720101833
0.158152416348
0.159574434161
0.160993993282
0.162408560514
0.163815438747
0.165225118399
0.166621863842
0.168013617396
0.169402673841
0.170786857605
0.172166138887
0.173540085554
0.174909353256
0.176275834441
0.177632078528
0.178983420134
0.18033477664
0.181675419211
0.183017909527
0.184351101518
0.185676380992
0.187000244856
0.188318997622
0.189632162452
0.190941140056
0.192243129015
0.19354557991
0.194832667708
0.196123480797
0.197404056787
0.19868183136
0.199954479933
0.201228991151
0.202486276627
0.203739836812
0.204996660352
0.206244170666
0.207483753562
0.208724275231
0.209960147738
0.211182042956
0.212403938174
0.213619306684
0.214831888676
0.216024920344
0.217197448015
0.218350425363
0.219483852386
0.220599576831
0.221692949533
0.222768619657
0.223824739456
0.224860370159
0.225875511765
0.226872965693
0.227851778269
0.228808254004
0.229746088386
0.230664372444
0.231564968824
0.232443198562
0.233303740621
0.234143793583
0.234964296222
0.235766157508
0.236546605825
0.23731122911
0.238050699234
0.238774329424
0.239479348063
0.24016200006
0.240825101733
0.2414714396
0.24209728837
0.242700785398
0.24328751862
0.243855625391
0.244399517775
0.244928508997
0.245435148478
0.245923161507
0.246394410729
0.246841445565
0.24726985395
0.247683361173
0.248068928719
0.248441457748
0.248793497682
0.249126911163
0.249434247613
0.249730408192
0.250002354383
0.250255674124
0.250488519669
0.25070643425
0.250896424055
0.251075237989
0.251227974892
0.251363962889
0.251483172178
0.25157815218
0.251656383276
0.25171226263
0.25175139308
0.251770019531
0.251768141985
0.251749515533
0.25170853734
0.251647084951
0.251568853855
0.251471996307
0.251350909472
0.251214951277
0.251056611538
0.25087967515
0.250682234764
0.250466167927
0.250231474638
0.249978139997
0.249700605869
0.249404445291
0.249091520905
0.248758107424
0.248407930136
0.248031675816
0.247640520334
0.247228875756
0.246796742082
0.246345981956
0.245876595378
0.245384857059
0.244876354933
0.244345501065
0.243797883391
0.243229776621
0.242639318109
0.24203582108
0.24140624702
0.240761771798
0.240094944835
0.239405766129
0.238705411553
0.237975254655
0.237237647176
0.236466512084
0.235687926412
0.234879538417
0.234059974551
0.233218058944
0.232357516885
0.231474623084
0.230573102832
0.229652956128
0.228710457683
0.227756783366
0.226769581437
0.225778654218
0.224754199386
0.223714843392
0.222664311528
0.221583977342
0.220488741994
0.219371154904
0.218234941363
0.217076376081
0.215906634927
0.214714542031
0.213492646813
0.212263301015
0.211011603475
0.209733828902
0.208444878459
0.207137301564
0.205799922347
0.204447641969
0.203084185719
0.201687201858
0.200279042125
0.19885225594
0.197403118014
0.195935353637
0.194441512227
0.192940220237
0.191409125924
0.189866855741
0.188294783235
0.186715260148
0.185102209449
0.18348915875
0.181835129857
0.180169925094
0.178489819169
0.176791086793
0.175062552094
0.173322841525
0.171560779214
0.169776365161
0.167977049947
0.166159108281
0.164315089583
0.162456169724
0.160578623414
0.158678725362
0.156760215759
0.154823064804
0.152863562107
0.150889158249
0.148892402649
0.146873295307
0.144839286804
0.14278665185
0.140707939863
0.138614326715
0.136498361826
0.134367495775
0.132214277983
0.130042433739
0.127848237753
0.125639140606
0.123400233686
0.121153883636
0.118885181844
0.116597853601
0.114280723035
0.111952416599
0.109609209001
0.107232473791
0.10485201329
0.102445475757
0.100012861192
0.0975690707564
0.0950992032886
0.0926181599498
0.0901110395789
0.0875852927566
0.085044644773
0.0824741944671
0.0798925682902
0.0772923231125
0.0746622681618
0.0720247626305
0.0693686306477
0.0666789710522
0.0639893114567
0.0612996481359
0.058617439121
0.0559650324285
0.0533051751554
0.0506751202047
0.048045065254
0.0454336367548
0.0428333841264
0.0402517579496
0.0376738607883
0.0351145863533
0.0325627624989
0.030025837943
0.0275075417012
0.02499669604
0.0224933009595
0.0200122576207
0.0175386667252
0.0150799741969
0.0126324584708
0.0101998439059
0.00777468038723
0.00536814285442
0.00296905613504
0.000588595867157
-0.00178441393655
-0.00414252281189
-0.00648945523426
-0.00882148742676
-0.0111386170611
-0.0134482970461
-0.0157430768013
-0.0180266797543
-0.0202916543931
-0.0225529056042
-0.0247918050736
-0.0270269792527
-0.0292472522706
-0.0314489006996
-0.0336468219757
-0.03582239151
-0.037994235754
-0.0401474498212
-0.0422894917428
-0.0444203577936
-0.0465363226831
-0.0486411117017
-0.0507309995592
-0.0528171621263
-0.0548772476614
-0.0569298826158
-0.0589713416994
-0.061001624912
-0.0630132853985
-0.0650212168694
-0.0670105218887
-0.0689849257469
-0.0709518790245
-0.0729039311409
-0.0748410820961
-0.0767707824707
-0.0786818489432
-0.0805854722857
-0.0824741944671
-0.0843480154872
-0.0862106606364
-0.0880621299148
-0.0899024233222
-0.0917240902781
-0.0935345813632
-0.0953376218677
-0.0971257612109
-0.0988952741027
-0.100664786994
-0.102404497564
-0.104144208133
-0.105869017541
-0.107578925788
-0.109277658165
-0.11096521467
-0.112634144723
-0.114295624197
-0.115945927799
-0.117577604949
-0.119194380939
-0.120811156929
-0.122405581176
-0.123988829553
-0.12556090951
-0.127114355564
-0.128667801619
-0.130198895931
-0.131718814373
-0.133223831654
-0.134721398354
-0.136200338602
-0.13767555356
-0.139128416777
-0.140573829412
-0.142004340887
-0.143423676491
-0.144828110933
-0.146225094795
-0.147603452206
-0.148974359035
-0.150326639414
-0.151671469212
-0.153001397848
-0.154316425323
-0.155624002218
-0.15691293776
-0.158190712333
-0.159461036325
-0.160712733865
-0.161953255534
-0.163182601333
-0.16439704597
-0.165604040027
-0.166792407632
-0.167969599366
-0.16913561523
-0.170283004642
-0.171430394053
-0.172551706433
-0.173665568233
-0.174768254161
-0.175859764218
-0.176932647824
-0.177994355559
-0.179044887424
-0.180087968707
-0.181116148829
-0.18211825192
-0.1831240803
-0.184107556939
-0.185083582997
-0.186048433185
-0.186998382211
-0.187929704785
-0.18885730207
-0.189766272902
-0.190664067864
-0.191554412246
-0.192418679595
-0.193282946944
-0.194136038423
-0.194963052869
-0.195790067315
-0.19659845531
-0.197395667434
-0.198177978396
-0.198949113488
-0.199709072709
-0.200457856059
-0.201184287667
-0.201906993985
-0.202622249722
-0.203307703137
-0.203993156552
-0.204667434096
-0.205319359899
-0.20596756041
-0.206593409181
-0.207222983241
-0.207819029689
-0.208418801427
-0.208996221423
-0.209566190839
-0.210117533803
-0.210668876767
-0.211194142699
-0.21170823276
-0.212218597531
-0.21270661056
-0.213189035654
-0.213652834296
-0.214109182358
-0.214550629258
-0.214980900288
-0.215392544866
-0.215798601508
-0.216186031699
-0.21656601131
-0.216934815049
-0.217281267047
-0.217622131109
-0.217951819301
-0.218264743686
-0.218564629555
-0.218855202198
-0.219132736325
-0.219397231936
-0.219646826386
-0.219881519675
-0.220108762383
-0.220322966576
-0.220524132252
-0.220708534122
-0.220887348056
-0.221045672894
-0.221198409796
-0.221328794956
-0.221455454826
-0.22156907618
-0.221667796373
-0.221755340695
-0.221822395921
-0.221887588501
-0.221930429339
-0.221969544888
-0.221990033984
-0.222004935145
-0.221993759274
-0.221982583404
-0.221954643726
-0.221911802888
-0.221854060888
-0.221796318889
-0.221718087792
-0.221619367599
-0.221511334181
-0.221403300762
-0.221267327666
-0.22112762928
-0.220969304442
-0.220807254314
-0.220617264509
-0.220432862639
-0.220220521092
-0.2200063169
-0.219777211547
-0.219523891807
-0.219266846776
-0.219006076455
-0.218721091747
-0.218421205878
-0.218117594719
-0.217800945044
-0.217460080981
-0.217121079564
-0.216750413179
-0.216392785311
-0.215999767184
-0.215610474348
-0.21519882977
-0.214777871966
-0.21434481442
-0.213890329003
-0.213435843587
-0.212962731719
-0.2124709934
-0.21197925508
-0.211467951536
-0.210944548249
-0.210403457284
-0.209862351418
-0.209297046065
-0.208725214005
-0.208129167557
-0.207534983754
-0.206924960017
-0.206301912665
-0.205654636025
-0.205016687512
-0.204342409968
-0.20366999507
-0.202983602881
-0.202282324433
-0.201568931341
-0.200843423605
-0.20010022819
-0.199352383614
-0.198577523232
-0.197814762592
-0.197010099888
-0.196212887764
-0.19540822506
-0.194564446807
-0.193729057908
-0.192875027657
-0.192012622952
-0.191127866507
-0.19023938477
-0.189335078001
-0.188419118524
-0.187488734722
-0.186553686857
-0.18558883667
-0.184612333775
-0.183643296361
-0.18265517056
-0.181644678116
-0.180622085929
-0.179592043161
-0.178547099233
-0.177493780851
-0.176422283053
-0.175346150994
-0.174243927002
-0.173137977719
-0.172016203403
-0.170886978507
-0.169734925032
-0.168590337038
-0.167408019304
-0.166225701571
-0.165031284094
-0.163825914264
-0.162597730756
-0.161365360022
-0.160114362836
-0.158866852522
-0.157581403852
-0.156299442053
-0.154998838902
-0.153701752424
-0.152362972498
-0.151031404734
-0.149688676
-0.148323118687
-0.146953493357
-0.145557448268
-0.14416128397
-0.142745897174
-0.141330748796
-0.139884933829
-0.138435393572
-0.136978104711
-0.135498061776
-0.13401414454
-0.132514938712
-0.130992904305
-0.129470825195
-0.12793380022
-0.126400515437
-0.124873183668
-0.123351603746
-0.121835961938
-0.12032622844
-0.118822202086
-0.117324225605
-0.115831956267
-0.114345565438
-0.112865231931
-0.111390598118
-0.109921783209
-0.108458913863
-0.107001744211
-0.105550855398
-0.104105331004
-0.102666199207
-0.101232200861
-0.0998049452901
-0.0983828157187
-0.0969669744372
-0.0955567210913
-0.0941527485847
-0.0927539020777
-0.0913615748286
-0.089975066483
-0.0885943844914
-0.0872190520167
-0.0858500078321
-0.0844870209694
-0.0831296145916
-0.0817782655358
-0.0804325044155
-0.0790928006172
-0.0777591466904
-0.0764306113124
-0.075109064579
-0.0737924128771
-0.0724820420146
-0.0711772590876
-0.069878526032
-0.0685858502984
-0.0672996938229
-0.0660172626376
-0.0647427514195
-0.0634733587503
-0.06220908463
-0.0609522648156
-0.0596996359527
-0.0584549233317
-0.0572134703398
-0.055980399251
-0.0547515191138
-0.0535291582346
-0.0523128509521
-0.0511016659439
-0.0498970001936
-0.0486974567175
-0.0475044324994
-0.0463179275393
-0.0451356135309
-0.0439602844417
-0.0427914746106
-0.0416263900697
-0.0404692217708
-0.0393162444234
-0.0381707213819
-0.037029851228
-0.0358959659934
-0.0347667373717
-0.0336444936693
-0.032527372241
-0.0314163044095
-0.0303108226508
-0.0292118620127
-0.0281180236489
-0.0270302388817
-0.0259489733726
-0.0248732957989
-0.0238022748381
-0.0227387044579
-0.0216807220131
-0.0206273961812
-0.0195815227926
-0.0185412354767
-0.0175051391125
-0.0164764933288
-0.0154543658718
-0.0144368959591
-0.0134245483205
-0.0124201169237
-0.0114194108173
-0.0104256896302
-0.00943848863244
-0.0084568746388
-0.00747945113108
-0.00650947866961
-0.0055450941436
-0.00458676367998
-0.00363402045332
-0.00268639973365
-0.00174622971099
-0.000810716242995
0.000119209282275
0.00104168429971
0.00195950269699
0.00287219858728
0.00377651280724
0.00467710196972
0.00557163683698
0.00645918725058
0.00734208105132
0.00821752473712
0.00909063965082
0.00995397474617
0.0108117228374
0.0116666769609
0.0125127835199
0.0133542334661
0.0141896298155
0.0150203695521
0.0158427283168
0.0166613608599
0.0174739398062
0.018279068172
0.0190795399249
0.0198744218796
0.0206623207778
0.0214460287243
0.0222222860903
0.0229920241982
0.0237594339997
0.0245170649141
0.025270504877
0.0260197538882
0.0267582926899
0.0274968314916
0.0282251257449
0.0289501603693
0.0296686757356
0.0303797405213
0.031087545678
0.0317883677781
0.0324812717736
0.0331718474627
0.0338554382324
0.0345301814377
0.0352030619979
0.0358680263162
0.0365278683603
0.0371821224689
0.037828925997
0.0384701415896
0.039107631892
0.039738599211
0.0403611883521
0.0409805178642
0.0415942594409
0.0421991534531
0.0428012534976
0.0433968342841
0.0439844988286
0.0445689037442
0.0451449267566
0.0457186214626
0.0462839342654
0.0468417964876
0.0473977960646
0.0479444824159
0.0484888404608
0.0490243509412
0.0495538078249
0.0500804707408
0.0505987517536
0.0511105135083
0.0516180843115
0.0521209985018
0.0526145994663
0.0531044751406
0.0535894632339
0.0540639720857
0.0545391775668
0.0550041422248
0.0554635152221
0.0559196323156
0.0563673637807
0.0568090453744
0.0572474636137
0.0576775036752
0.0581014864147
0.0585226789117
0.058935020119
0.0593417771161
0.0597434081137
0.0601380579174
0.0605301447213
0.0609131492674
0.061291731894
0.0616642609239
0.0620284080505
0.0623923242092
0.0627459958196
0.0630924478173
0.0634386613965
0.0637748688459
0.0641036257148
0.064430758357
0.0647525265813
0.0650617256761
0.0653718560934
0.0656743049622
0.0659674406052
0.0662613883615
0.0665447413921
0.0668204128742
0.0670966655016
0.0673624426126
0.0676205381751
0.0678793266416
0.0681274086237
0.0683678016067
0.0686075016856
0.0688411518931
0.0690625682473
0.0692843422294
0.0694972649217
0.0697058811784
0.0699069872499
0.0701055377722
0.0702983811498
0.0704766660929
0.0706594437361
0.070832900703
0.0709970742464
0.0711587741971
0.0713182091713
0.0714611336589
0.0716088488698
0.0717471763492
0.0718796253204
0.0720040276647
0.0721265897155
0.0722457319498
0.0723614320159
0.0724737718701
0.072582565248
0.0726880058646
0.0727900713682
0.0728886798024
0.0729838460684
0.073075696826
0.0731638222933
0.0732489228249
0.0733302980661
0.0734084695578
0.0734829753637
0.073554225266
0.0736220926046
0.0736864730716
0.0737474709749
0.0738048627973
0.0738588795066
0.0739099904895
0.0739569067955
0.0740007907152
0.0740411877632
0.0740782096982
0.0741118565202
0.0741418898106
0.0741686671972
0.0741921812296
0.0742117390037
0.074228271842
0.074241541326
0.0742508545518
0.0742571428418
0.0742599368095
0.074259236455
0.0742552801967
0.0742475911975
0.0742368847132
0.074222445488
0.0742047503591
0.0741833299398
0.0741588845849
0.0741307139397
0.0740992799401
0.0740650519729
0.0740261748433
0.0739840269089
0.0739393234253
0.0738908946514
0.0738387405872
0.0737835615873
0.0737244263291
0.0736620277166
0.0735968351364
0.0735269859433
0.0734557360411
0.0733784362674
0.0732997432351
0.0732163861394
0.0731307044625
0.0730408355594
0.0729481652379
0.0728513076901
0.0727516561747
0.0726482793689
0.0725411772728
0.072431281209
0.0723181292415
0.0722003132105
0.0720797106624
0.0719567760825
0.0718282535672
0.0716987997293
0.071563757956
0.0714268535376
0.0712857544422
0.0711409375072
0.0709933191538
0.0708419829607
0.0706878453493
0.0705290585756
0.0703684017062
0.0702021643519
0.0700345262885
0.0698636248708
0.0696876049042
0.0695083290339
0.0693267211318
0.0691418498755
0.0689518600702
0.0687609389424
0.0685639679432
0.0683651268482
0.0681630298495
0.0679567456245
0.0677471980453
0.0675339251757
0.0673187896609
0.0670980662107
0.0668754801154
0.0666486993432
0.0664191320539
0.066184438765
0.0659492760897
0.0657085329294
0.0654640570283
0.0652177259326
0.06496720016
0.0647129490972
0.0644559040666
0.0641951337457
0.0639306381345
0.0636633485556
0.0633932650089
0.0631166622043
0.0628409907222
0.0625578686595
0.0622738115489
0.0619860328734
0.061693597585
0.0613992996514
0.0610994137824
0.0607995279133
0.0604940541089
0.0601839236915
0.0598728619516
0.0595571435988
0.0592395626009
0.0589154623449
0.0585894994438
0.0582607425749
0.0579291917384
0.0575911216438
0.0572530515492
0.0569093935192
0.0565648041666
0.0562118329108
0.0558616556227
0.0555030964315
0.0551445372403
0.054779458791
0.0544134490192
0.0540437139571
0.0536693222821
0.0532921366394
0.0529121570289
0.0525284521282
0.0521400906146
0.0517489351332
0.0513559170067
0.0509573109448
0.0505568422377
0.0501517169178
0.0497437976301
0.0493330843747
0.048918645829
0.0484995506704
0.0480776615441
0.0476529784501
0.0472236387432
0.0467933677137
0.0463575087488
0.0459179244936
0.0454755462706
0.0450313054025
0.0445833392441
0.0441288538277
0.0436725057662
0.043215226382
0.0427514277399
0.0422857664526
0.0418145172298
0.041343268007
0.0408664308488
0.0403867997229
0.0399043746293
0.0394163616002
0.0389255583286
0.0384338200092
0.0379364937544
0.0374354422092
0.036932528019
0.0364240258932
0.0359145924449
0.0353995710611
0.0348836183548
0.0343630090356
0.0338368117809
0.0333087518811
0.0327788293362
0.0322451815009
0.0317059457302
0.0311639141291
0.0306200217456
0.0300705414265
0.0295210611075
0.0289650615305
0.0284062679857
0.0278437491506
0.0272784363478
0.0267093982548
0.0261384975165
0.0255620088428
0.0249827262014
0.0244006495923
0.0238157790154
0.0232243891805
0.0226329993457
0.0220360215753
0.0214371811599
0.0208336841315
0.0202264618129
0.0196183081716
0.019003637135
0.0183871015906
0.0177677720785
0.0171428546309
0.0165170058608
0.0158874318004
0.0152513375506
0.0146143129095
0.0139763569459
0.0133290877566
0.0126836812124
0.0120308240876
0.0113779669628
0.0107195219025
0.0100592141971
0.00939331948757
0.00872649252415
0.0080531463027
0.00738073093817
0.0067008654587
0.00601913733408
0.00533368391916
0.00464729964733
0.00396184623241
0.00328104919754
0.00260304636322
0.00193063158076
0.00125914800446
0.000594183802605
-6.79865479469e-05
-0.000727362872567
-0.00138115126174
-0.00203400850296
-0.00267941481434
-0.00332482135855
-0.00396277755499
-0.00459980219603
-0.00523216975853
-0.00586081249639
-0.00648572994396
-0.00710599077865
-0.0077243889682
-0.00833813101053
-0.00894721597433
-0.00955257564783
-0.0101560717449
-0.0107539808378
-0.0113490959629
-0.0119414171204
-0.0125272190198
-0.0131111582741
-0.0136904409155
-0.0142669295892
-0.0148396929726
-0.0154087310657
-0.0159721821547
-0.0165337696671
-0.0170916318893
-0.0176448374987
-0.0181943178177
-0.0187400728464
-0.01928396523
-0.0198204051703
-0.0203568469733
-0.0208867695183
-0.0214148294181
-0.021938232705
-0.0224588420242
-0.0229747947305
-0.023486090824
-0.0239955242723
-0.0244993697852
-0.0250004213303
-0.0254986789078
-0.0259913485497
-0.0264821555465
-0.0269673746079
-0.0274507310241
-0.0279284995049
-0.028403474018
-0.0288737919182
-0.0293422471732
-0.0298051144928
-0.0302651878446
-0.0307215359062
-0.0311732273549
-0.0316221266985
-0.0320663675666
-0.032507814467
-0.032945536077
-0.0333786010742
-0.0338088721037
-0.0342344865203
-0.0346573069692
-0.0350745394826
-0.0354908406734
-0.0359015539289
-0.036308541894
-0.0367118045688
-0.0371122732759
-0.0375071540475
-0.037900172174
-0.0382903963327
-0.0386731699109
-0.0390540808439
-0.0394321940839
-0.0398056544363
-0.0401753894985
-0.0405404679477
-0.0409046150744
-0.041262242943
-0.0416161455214
-0.0419691167772
-0.0423137061298
-0.042659226805
-0.0429991595447
-0.0433344356716
-0.0436669178307
-0.0439956746995
-0.0443197749555
-0.0446420125663
-0.0449577309191
-0.0452715866268
-0.0455826483667
-0.0458871908486
-0.0461908020079
-0.0464897565544
-0.0467821918428
-0.0470755584538
-0.0473605431616
-0.0476445965469
-0.047926787287
-0.0482005961239
-0.0484725423157
-0.0487426258624
-0.049006190151
-0.0492678917944
-0.049524936825
-0.0497782565653
-0.0500287823379
-0.050273720175
-0.050516795367
-0.0507552139461
-0.0509889759123
-0.0512208752334
-0.0514490492642
-0.051670704037
-0.0518914274871
-0.052108425647
-0.0523179732263
-0.0525284521282
-0.0527333430946
-0.0529335774481
-0.0531319491565
-0.053325664252
-0.0535137914121
-0.053700055927
-0.0538835264742
-0.0540604777634
-0.0542355664074
-0.0544069297612
-0.0545754991472
-0.0547366179526
-0.054897736758
-0.055053267628
-0.0552050732076
-0.0553550161421
-0.0554993711412
-0.0556390695274
-0.055777836591
-0.0559110157192
-0.0560395382345
-0.0561671294272
-0.056290064007
-0.0564064793289
-0.0565210320055
-0.0566337220371
-0.0567398928106
-0.0568437352777
-0.0569438524544
-0.0570393130183
-0.0571315139532
-0.0572204552591
-0.0573052056134
-0.0573857650161
-0.0574630647898
-0.0575361736119
-0.0576069541276
-0.0576726123691
-0.0577350109816
-0.0577922873199
-0.0578481666744
-0.0578989237547
-0.0579459555447
-0.0579897277057
-0.0580293089151
-0.058064699173
-0.0580986924469
-0.058124769479
-0.0581508465111
-0.0581718012691
-0.0581890307367
-0.058202534914
-0.0582123138011
-0.0582169704139
-0.0582216270268
-0.0582179017365
-0.0582137107849
-0.0582043975592
-0.0581918247044
-0.0581750608981
-0.0581550374627
-0.0581308230758
-0.0581042803824
-0.0580707527697
-0.0580362938344
-0.0579971782863
-0.0579548031092
-0.0579073056579
-0.0578574799001
-0.0578039288521
-0.0577457211912
-0.0576842539012
-0.057619061321
-0.0575506091118
-0.0574770346284
-0.0573997348547
-0.0573205724359
-0.0572367534041
-0.0571487434208
-0.057056542486
-0.0569620132446
-0.0568628273904
-0.0567599162459
-0.0566528141499
-0.0565433837473
-0.0564292967319
-0.0563114844263
-0.0561885498464
-0.056064683944
-0.0559356957674
-0.0558025166392
-0.0556656122208
-0.0555259138346
-0.0553820244968
-0.0552337132394
-0.0550823733211
-0.0549268424511
-0.0547666549683
-0.0546064674854
-0.0544385947287
-0.0542679317296
-0.0540933087468
-0.0539170540869
-0.0537356808782
-0.0535477846861
-0.0533619858325
-0.0531673394144
-0.0529708303511
-0.052769664675
-0.0525675676763
-0.0523594170809
-0.0521480068564
-0.0519312433898
-0.0517130792141
-0.0514907278121
-0.0512627847493
-0.0510332137346
-0.0507992208004
-0.0505610331893
-0.050320520997
-0.0500737205148
-0.0498255230486
-0.0495731346309
-0.0493163205683
-0.0490541532636
-0.0487929172814
-0.0485237650573
-0.0482532158494
-0.0479763820767
-0.0476969853044
-0.0474157258868
-0.0471288785338
-0.0468377247453
-0.0465430766344
-0.046247497201
-0.0459442362189
-0.0456389933825
-0.045330028981
-0.0450182668865
-0.0447005704045
-0.0443811267614
-0.0440559796989
-0.0437279194593
-0.0433978848159
-0.0430621430278
-0.0427217446268
-0.0423804149032
-0.0420322157443
-0.0416841320693
-0.0413274355233
-0.0409708581865
-0.0406103171408
-0.040244076401
-0.039873175323
-0.0395030342042
-0.0391264297068
-0.0387449376285
-0.0383596047759
-0.0379734523594
-0.0375823564827
-0.0371866598725
-0.036787007004
-0.0363836288452
-0.0359783284366
-0.0355682559311
-0.0351533517241
-0.0347347222269
-0.0343141704798
-0.0338888205588
-0.0334586948156
-0.0330257453024
-0.0325899161398
-0.03215027228
-0.0317058563232
-0.0312566682696
-0.0308065488935
-0.0303506944329
-0.0298929214478
-0.0294275209308
-0.0289611835033
-0.0284929256886
-0.0280170440674
-0.0275392532349
-0.0270614624023
-0.0265739094466
-0.0260912925005
-0.0256114024669
-0.0251342561096
-0.0246598701924
-0.0241881776601
-0.0237192567438
-0.0232530720532
-0.022789593786
-0.022328922525
-0.0218709167093
-0.0214157029986
-0.020963197574
-0.0205133967102
-0.020066421479
-0.0196221210063
-0.0191805586219
-0.0187417604029
-0.0183057561517
-0.0178723130375
-0.0174417793751
-0.017013952136
-0.0165888331831
-0.0161664206535
-0.0157468598336
-0.0153298601508
-0.0149157121778
-0.0145043004304
-0.0140956826508
-0.0136896846816
-0.0132864797488
-0.0128860110417
-0.012488219887
-0.0120933391154
-0.0117010781541
-0.011311493814
-0.0109247621149
-0.0105407079682
-0.0101593313739
-0.00978086609393
-0.00940507743508
-0.0090319076553
-0.00866164918989
-0.00829395093024
-0.00792910531163
-0.00756699545309
-0.00720756314695
-0.00685098301619
-0.00649708043784
-0.00614585541189
-0.005797366146
-0.00545167084783
-0.00510871130973
-0.00476848799735
-0.0044311163947
-0.00409630592912
-0.00376428919844
-0.00343506666832
-0.00310840527527
-0.00278471247293
-0.00246363901533
-0.00214530155063
-0.0018297577044
-0.00151689152699
-0.00120681943372
-0.000899424718227
-0.000594765879214
-0.000292900949717
6.17001160208e-06
0.000302621629089
0.000596279278398
0.000887201109435
0.00117538729683
0.00146089575719
0.00174361036625
0.00202364753932
0.00230077421293
0.00257528130896
0.00284705287777
0.00311608868651
0.00338227231987
0.00364606943913
0.00390678178519
0.0041646999307
0.00442017335445
0.00467261997983
0.00492267962545
0.00516965473071
0.00541412690654
0.00565563049167
0.00589463114738
0.00613083783537
0.00636425055563
0.00659481110051
0.00682286871597
0.00704807415605
0.0072704856284
0.00749045237899
0.00770710129291
0.00792159698904
0.00813306495547
0.00834168121219
0.00854791142046
0.00875099748373
0.0089518725872
0.00914942938834
0.00934454146773
0.00953715015203
0.00972650013864
0.00991346221417
0.0100975735113
0.0102788899094
0.0104576461017
0.0106337824836
0.0108067756519
0.0109769748524
0.0111449621618
0.0113099226728
0.0114719141275
0.011631578207
0.0117882145569
0.0119422031567
0.0120937181637
0.0122422929853
0.0123878410086
0.0125309443101
0.0126712247729
0.0128088574857
0.012943957001
0.0130757978186
0.0132051929832
0.0133315911517
0.0134557476267
0.0135766454041
0.013695330359
0.0138110471889
0.0139236794785
0.0140339536592
0.0141416378319
0.0142464116216
0.0143481297418
0.014447373338
0.0145439114422
0.0146379452199
0.0147287202999
0.0148170208558
0.0149026159197
0.0149854309857
0.0150652257726
0.0151428673416
0.0152171989903
0.0152893476188
0.015358206816
0.0154248876497
0.0154882632196
0.0155494716018
0.0156076559797
0.0156628098339
0.0157155171037
0.015765780583
0.0158127099276
0.0158572066575
0.0158989559859
0.0159376710653
0.0159742478281
0.016007790342
0.016038261354
0.0160666517913
0.0160916671157
0.0161145571619
0.0161340851337
0.0161515045911
0.0161658972502
0.0161772184074
0.0161860361695
0.0161925852299
0.0161956697702
0.0161963384598
0.0161942727864
0.0161894988269
0.016181582585
0.0161716584116
0.0161586795002
0.0161425843835
0.016124393791
0.0161028280854
0.0160788763314
0.016052827239
0.0160227641463
0.0159905161709
0.015955651179
0.0159186888486
0.0158775355667
0.0158344618976
0.0157885365188
0.0157399903983
0.0156882442534
0.0156344603747
0.0155773004517
0.0155181614682
0.0154554136097
0.0153908031061
0.0153233408928
0.0152520947158
0.0151788694784
0.0151029080153
0.0150247933343
0.0149426627904
0.0148584945127
0.014771473594
0.0146817760542
0.0145894000307
0.0144942309707
0.0143959177658
0.0142956841737
0.0141918417066
0.0140861952677
0.0139769390225
0.0138665195554
0.0137506863102
0.0136343287304
