-1.31147771754e-05
-9.19709782465e-06
-5.73865781917e-06
-2.70987106887e-06
-5.01289036947e-08
2.2946117042e-06
4.3574486881e-06
6.21551589575e-06
7.90223384683e-06
9.45961073739e-06
1.09502925625e-05
1.24043808682e-05
1.38772893479e-05
1.54313747771e-05
1.70958555827e-05
1.89264465007e-05
2.09650334e-05
2.32845686696e-05
2.59127118625e-05
2.88652227027e-05
3.22005762428e-05
3.59489677066e-05
4.01081633754e-05
4.46888916485e-05
4.97092587466e-05
5.51769953745e-05
6.107120862e-05
6.7357737862e-05
7.40119357943e-05
8.10050187283e-05
8.83013271959e-05
9.58439413807e-05
0.000103567290353
0.000111406596261
0.000119318916404
0.000127183506265
0.000134957808768
0.000142553646583
0.000149852232425
0.000156803886057
0.000163307078765
0.000169255727087
0.000174576576683
0.000179169306648
0.00018295996415
0.000185872821021
0.000187798432307
0.000188698177226
0.000188484656974
0.000187121535419
0.000184544463991
0.000180702918442
0.000175589928403
0.000169166873093
0.000161400719662
0.000152316701133
0.00014190938964
0.000130195097881
0.000117186878924
0.000102925849205
8.74815304996e-05
7.08733714418e-05
5.31780715392e-05
3.44643267454e-05
1.48023973452e-05
-5.72401768295e-06
-2.70264081337e-05
-4.90478851134e-05
-7.16774229659e-05
-9.46695363382e-05
-0.000117941075587
-0.000141371638165
-0.000164834957104
-0.000188209756743
-0.000211350838072
-0.000234177248785
-0.000256625644397
-0.000278689898551
-0.000299748789985
-0.000319883780321
-0.000339074496878
-0.000357109092874
-0.000373916816898
-0.000389487366192
-0.000403997342801
-0.000416384049458
-0.000427324033808
-0.000436659902334
-0.000444241566584
-0.000450155406725
-0.000454653170891
-0.000456599984318
-0.000457171408925
-0.000456038309494
-0.000453235552413
-0.00044922233792
-0.000443097756943
-0.000436016562162
-0.000427883467637
-0.000418854091549
-0.000409396889154
-0.00039890978951
-0.000388800428482
-0.000378909579013
-0.000369744346244
-0.000361286336556
-0.000354331510607
-0.000349248963175
-0.000346429675119
-0.000346291140886
-0.000349044275936
-0.000355346972356
-0.000365531072021
-0.000380109151592
-0.000398829142796
-0.000422206503572
-0.000450675783213
-0.000484270101879
-0.000522330519743
-0.000565045862459
-0.000612910487689
-0.000664615479764
-0.000719681964256
-0.000777550274506
-0.000838976178784
-0.00090007140534
-0.000961496902164
-0.00102217542008
-0.00108082441147
-0.00113491201773
-0.00118339399341
-0.00122646417003
-0.00125824240968
-0.0012804804137
-0.00129060354084
-0.00128627649974
-0.00126643537078
-0.00122943974566
-0.0011737907771
-0.00109695398714
-0.00100059993565
-0.000881739601027
-0.000738609174732
-0.000575121201109
-0.000388434011256
-0.000176797388121
5.40897599421e-05
0.000304459827021
0.000577697763219
0.000865865149535
0.00116665463429
0.00148303608876
0.0018081406597
0.00213605212048
0.00246724137105
0.00279974448495
0.00312232831493
0.00343378284015
0.00373631715775
0.00401421356946
0.00426808791235
0.00449995975941
0.00469294376671
0.00485153216869
0.00497172446921
0.00504790525883
0.00507795484737
0.00505964551121
0.00499288830906
0.00487055443227
0.00469946116209
0.00447759497911
0.00419693347067
0.00387316360138
0.00350069371052
0.00307835708372
0.00261804019101
0.00212310277857
0.00159149628598
0.0010292379884
0.000453171203844
-0.000140602089232
-0.000749284285121
-0.00135391007643
-0.00195022078697
-0.00254108267836
-0.00311128748581
-0.00365017633885
-0.00415557483211
-0.00462934141979
-0.00504927523434
-0.00541714718565
-0.00572974933311
-0.00598529353738
-0.00617033755407
-0.00628932192922
-0.00634017866105
-0.00631997128949
-0.00622652797028
-0.00606609834358
-0.00583667354658
-0.00553978607059
-0.00517831277102
-0.00476389331743
-0.00429490627721
-0.0037778087426
-0.00321275019087
-0.00262139178813
-0.00200421060435
-0.00136481714435
-0.000709118146915
-5.39591783308e-05
0.000591969932429
0.00122527196072
0.00184183730744
0.00243241013959
0.00298285996541
0.00348878884688
0.00394590385258
0.0043514133431
0.00470166280866
0.00498148519546
0.00519655505195
0.00534226372838
0.00541684497148
0.0054214973934
0.00535798165947
0.00521422363818
0.00500585744157
0.00473349448293
0.00439817039296
0.0040033236146
0.00355380750261
0.00305454293266
0.00250824843533
0.00192499859259
0.00131361663807
0.000679045042489
2.78744282696e-05
-0.000633439514786
-0.0012984497007
-0.00196000281721
-0.00261187576689
-0.00324756139889
-0.00385839072987
-0.00443489290774
-0.00497392332181
-0.00547011801973
-0.00591831328347
-0.0063135814853
-0.00665237940848
-0.00693103764206
-0.00714625744149
-0.00729566719383
-0.00737814605236
-0.00739237992093
-0.00733737042174
-0.00721339695156
-0.00702169723809
-0.0067633879371
-0.00643960107118
-0.00605335226282
-0.00560763431713
-0.00510617112741
-0.00455192755908
-0.00394977489486
-0.00330441980623
-0.00262143276632
-0.001905154204
-0.00116127054207
-0.000396082614316
0.000385007297155
0.00117584876716
0.00197084923275
0.00276401033625
0.0035490184091
0.00432083988562
0.00507311616093
0.00580072868615
0.00649826414883
0.00716037768871
0.00778222223744
0.00835967343301
0.00888788886368
0.00936323497444
0.00978203769773
0.0101419426501
0.0104410480708
0.0106773423031
0.0108497841284
0.0109563758597
0.0109874708578
0.0109535353258
0.0108535401523
0.0106873260811
0.0104551836848
0.0101578515023
0.00979606434703
0.0093727177009
0.0088917221874
0.00835722964257
0.00777428317815
0.00714101362973
0.00645775767043
0.00573417777196
0.00497232517228
0.00417642947286
0.00335027463734
0.00250148493797
0.00163523305673
0.000758269743528
-0.000125194928842
-0.00101479748264
-0.00190792849753
-0.00279949326068
-0.00368241081014
-0.00455025350675
-0.00539780594409
-0.00622083479539
-0.00701165245846
-0.0077713644132
-0.00850278418511
-0.00919928587973
-0.00985326990485
-0.0104605769739
-0.011022108607
-0.0115288188681
-0.0119802523404
-0.012386482209
-0.0127385603264
-0.0130315758288
-0.0132679706439
-0.0134552270174
-0.0135637819767
-0.0136235821992
-0.0136276194826
-0.0135718183592
-0.0134602924809
-0.0133037632331
-0.013075992465
-0.0128003489226
-0.0124747380614
-0.0120976539329
-0.0116774691269
-0.0112245567143
-0.0107122920454
-0.0101656382903
-0.009580751881
-0.00896191596985
-0.00832147430629
-0.00765611929819
-0.00695978337899
-0.00624109059572
-0.00550257228315
-0.0047553582117
-0.00400758674368
-0.00324550759979
-0.0024748404976
-0.00170041585807
-0.000931576942094
-0.00017614083481
0.000569829251617
0.0013126579579
0.00204515759833
0.00275819329545
0.00344778154977
0.00410942872986
0.00475620245561
0.00538204843178
0.00597711093724
0.00654220115393
0.007067208644
0.00756952678785
0.00804200116545
0.00847796071321
0.00888179149479
0.00923743005842
0.0095676118508
0.00986334960908
0.010120972991
0.010350022465
0.0105251502246
0.0106772463769
0.0107943825424
0.0108771035448
0.010932745412
0.0109427515417
0.0109304543585
0.0108865182847
0.0108166523278
0.0107218008488
0.0105936760083
0.010445789434
0.0102733038366
0.0100861201063
0.00987665448338
0.009646743536
0.00940185692161
0.00914193410426
0.00887902639806
0.00859615579247
0.00830524135381
0.00800562929362
0.00770106911659
0.00740326102823
0.0070880507119
0.00677496520802
0.00646018516272
0.00614891946316
0.00584671134129
0.00553868198767
0.00523594440892
0.00493705412373
0.00464732199907
0.00436840904877
0.00409043300897
0.00382014573552
0.00355700938962
0.00330505869351
0.00306490412913
0.0028286841698
0.0026007394772
0.00238072942011
0.00217087334022
0.00197247671895
0.00177800154779
0.00159054342657
0.00140915031079
0.00123482814524
0.00106855167542
0.000906327855773
0.000747248530388
0.000590900832321
0.00043715260108
0.00028640878736
0.000137980547152
-1.08235117295e-05
-0.000161234900588
-0.000313795229886
-0.000468466518214
-0.000625409069471
-0.000785476411693
-0.000948554545175
-0.00111838709563
-0.00129478459712
-0.00147733127233
-0.00166600127704
-0.00186112709343
-0.00206286972389
-0.00226950203069
-0.0024855164811
-0.00270982203074
-0.0029414575547
-0.00317949638702
-0.00342326192185
-0.00367303541861
-0.00392810674384
-0.00418275641277
-0.00444316770881
-0.00470759579912
-0.00497402995825
-0.00524045573547
-0.00550531363115
-0.00576728070155
-0.00602497346699
-0.00627726549283
-0.0065230303444
-0.00676105543971
-0.00698296027258
-0.00719286082312
-0.00738970935345
-0.00757166929543
-0.0077366437763
-0.00788270868361
-0.00800803583115
-0.00811101123691
-0.0081902500242
-0.0082444390282
-0.00827213935554
-0.00827236194164
-0.00824438966811
-0.00818748865277
-0.00810089800507
-0.00798424798995
-0.00783764757216
-0.00766110513359
-0.00745471194386
-0.00721888942644
-0.00695465551689
-0.00666300719604
-0.00634485390037
-0.00600175745785
-0.00563553534448
-0.00524833146483
-0.00484185712412
-0.00441501615569
-0.00397314596921
-0.0035210554488
-0.00306115252897
-0.00259605236351
-0.00212783389725
-0.00165950495284
-0.00119332876056
-0.00073211453855
-0.000278446445009
0.000163711229106
0.000588506984059
0.000994251691736
0.00137866020668
0.00174081616569
0.00208032294177
0.00239266362041
0.0026735838037
0.00292378664017
0.00314231775701
0.00333036645316
0.00348758487962
0.00360902538523
0.00369969499297
0.00375876016915
0.00379074295051
0.00379016017541
0.00376446777955
0.00371439079754
0.00364307849668
0.00354938348755
0.00344010349363
0.0033174098935
0.00318450923078
0.0030395288486
0.002892782446
0.00274395407178
0.00259619229473
0.00244925031438
0.00231149187312
0.00218222197145
0.00206064595841
0.00195391359739
0.00186071544886
0.00178123218939
0.00171759014484
0.00166999280918
0.00163813761901
0.00162038044073
0.00161756842863
0.00162877212279
0.00164988741744
0.00168149580713
0.00172240997199
0.00176727958024
0.00181614491157
0.00186771247536
0.0019167913124
0.00196300633252
0.00200493726879
0.00203907093965
0.00206498685293
0.00208072294481
0.00208592531271
0.00208083842881
0.00206190859899
0.00203330465592
0.0019949816633
0.00194520573132
0.00188893126324
0.00182599399704
0.00175968988333
0.00169228063896
0.00162413809448
0.00156121072359
0.00150500412565
0.00145543529652
0.00141840276774
0.00139456463512
0.00138574768789
0.00139394693542
0.00141868367791
0.00146128085908
0.00152299145702
0.00159945967607
0.00169163872488
0.001798463054
0.00191473891027
0.00204043160193
0.00216843094677
0.00229619746096
0.00242244242691
0.00253685703501
0.002638224978
0.00272214692086
0.00278199324384
0.00281570618972
0.00281437300146
0.00277879671194
0.00270426971838
0.00258520571515
0.00242337631062
0.00221261428669
0.00195727264509
0.00165439082775
0.00130041106604
0.000906928791665
0.000467637728434
-1.52366628754e-05
-0.000527226889972
-0.00107815279625
-0.00165491632652
-0.0022471875418
-0.00286516570486
-0.00348629220389
-0.00410606572405
-0.00473321694881
-0.00533984461799
-0.00592627190053
-0.00649941945449
-0.00703033572063
-0.00752327870578
-0.00797850452363
-0.00837962888181
-0.00872540380806
-0.00901242531836
-0.0092390133068
-0.00939503125846
-0.00948199257255
-0.00950811058283
-0.00944339018315
-0.00931683275849
-0.00911732111126
-0.00884585082531
-0.00850254110992
-0.0080976402387
-0.00762865692377
-0.00709414342418
-0.00650687748566
-0.0058747632429
-0.00519556133077
-0.00447216723114
-0.00371545832604
-0.00294065079652
-0.00214520050213
-0.00133269664366
-0.000509371398948
0.000307093781885
0.00111186446156
0.00190271902829
0.00267631094903
0.00342786777765
0.00414014235139
0.00481193978339
0.00543828681111
0.00601576594636
0.00654252525419
0.00701780710369
0.00742832291871
0.007772824727
0.00805406551808
0.00826932210475
0.0084170633927
0.00849731359631
0.00851059146225
0.00845755916089
0.00833994243294
0.00815977249295
0.00791892502457
0.00761810783297
0.00725820008665
0.00684764934704
0.00639015482739
0.00588909676298
0.00534922489896
0.00477514415979
0.00417100312188
0.0035420069471
0.00289297755808
0.00222928076982
0.00155572872609
0.000875276862644
0.000194449210539
-0.000483796291519
-0.00115491263568
-0.00181548076216
-0.00246146763675
-0.00308887357824
-0.0036929496564
-0.0042700287886
-0.0048175053671
-0.00533295562491
-0.00580937601626
-0.0062555456534
-0.00666631944478
-0.00703652761877
-0.00736452359706
-0.00765355071053
-0.00788916833699
-0.00808765459806
-0.00824370793998
-0.00835356116295
-0.00842437613755
-0.00844161771238
-0.00841993559152
-0.00835413113236
-0.00824750866741
-0.00810200348496
-0.00791184511036
-0.00768200540915
-0.0074161044322
-0.00711875315756
-0.00678094290197
-0.00640719151124
-0.00601041084155
-0.00558262038976
-0.0051206885837
-0.00463288603351
-0.00413383822888
-0.00360296666622
-0.0030470166821
-0.00248729041778
-0.00190623826347
-0.00130211142823
-0.000698475632817
-8.65619949764e-05
0.000546734081581
0.0011749858968
0.00180146563798
0.0024458297994
0.00307884858921
0.00370394601487
0.00434179184958
0.00495890015736
0.00557078095153
0.00618387991562
0.00676856469363
0.00735411932692
0.00792604591697
0.00846600532532
0.00900792796165
0.00952848698944
0.0100116366521
0.0104923378676
0.0109376888722
0.0113672874868
0.0117743052542
0.0121412035078
0.0124972676858
0.0128218522295
0.0131094902754
0.0133762760088
0.0136040430516
0.0138098727912
0.0139913633466
0.0141179161146
0.0142253218219
0.0142976306379
0.0143382418901
0.0143538247794
0.0143160820007
0.0142526337877
0.0141601972282
0.0140284663066
0.013870138675
0.0136673208326
0.0134306028485
0.0131722772494
0.0128693860024
0.0125379879028
0.0121763525531
0.0117736039683
0.0113570289686
0.0108939139172
0.0104002021253
0.00989322829992
0.00934201106429
0.00877731852233
0.00818077288568
0.00754847563803
0.00691593438387
0.00624476838857
0.00555015308782
0.00485699251294
0.00412529380992
0.00338446488604
0.00264179334044
0.00186573772226
0.00109514186624
0.000319831306115
-0.000480033952044
-0.00126691279002
-0.00205325707793
-0.00285663013346
-0.00364204263315
-0.00441465945914
-0.0051985825412
-0.00596083328128
-0.00669605564326
-0.0074356701225
-0.00814901664853
-0.00882395170629
-0.00949185714126
-0.0101299313828
-0.010727327317
-0.0112926764414
-0.0118315611035
-0.0123297693208
-0.0127705596387
-0.013184254989
-0.0135497329757
-0.0138726700097
-0.0141294021159
-0.0143492203206
-0.0145135205239
-0.0146290995181
-0.0146791255102
-0.0146819092333
-0.0146265607327
-0.0145250149071
-0.014350942336
-0.0141283208504
-0.0138475429267
-0.0135275777429
-0.0131358755752
-0.0126966536045
-0.0122032025829
-0.0116660464555
-0.011092052795
-0.0104603478685
-0.00978647731245
-0.00907104276121
-0.00832802150398
-0.0075596626848
-0.00675228610635
-0.0059160431847
-0.00505595700815
-0.00418388424441
-0.00330885546282
-0.00241804425605
-0.00151776499115
-0.000613315438386
0.000285545887891
0.00116977817379
0.002035274636
0.00288514257409
0.00372025417164
0.00453142821789
0.00531034031883
0.0060509685427
0.00675400998443
0.00740480842069
0.00801740027964
0.00858498737216
0.00909986998886
0.00955788977444
0.00995811168104
0.0103025771677
0.010574977845
0.0107868276536
0.0109387831762
0.0110261393711
0.0110462028533
0.010999539867
0.0108893327415
0.0107194660231
0.0104819582775
0.0101775107905
0.00981559418142
0.00939552020282
0.00891902204603
0.00838805455714
0.00780691159889
0.00718067539856
0.00651431269944
0.00581181002781
0.00507156318054
0.00429829163477
0.00349910976365
0.00267744297162
0.00183781213127
0.000985349412076
0.000125491933431
-0.000735803565476
-0.00159359595273
-0.0024429236073
-0.00327889272012
-0.00409784028307
-0.00489466683939
-0.00566136045381
-0.00639887154102
-0.00710315210745
-0.00776993809268
-0.008395107463
-0.00897460989654
-0.00950521789491
-0.00998397171497
-0.0104073490947
-0.0107733504847
-0.0110806049779
-0.0113278478384
-0.0115138357505
-0.011637837626
-0.0117000425234
-0.011700742878
-0.0116401342675
-0.0115187130868
-0.0113309836015
-0.0110835311934
-0.0107795521617
-0.0104203661904
-0.0100086731836
-0.00954648386687
-0.00903719756752
-0.00848313979805
-0.00788801163435
-0.00725558539852
-0.00658971676603
-0.00589430518448
-0.00517318444327
-0.00443148612976
-0.00367333181202
-0.00290320976637
-0.00212561059743
-0.00134545366745
-0.000566895527299
0.000205520642339
0.000967387575656
0.00171422900166
0.0024422951974
0.00314708752558
0.00382478139363
0.00447240332142
0.00508635630831
0.0056636268273
0.00620099995285
0.00669628381729
0.00714738573879
0.00755217764527
0.00790906418115
0.00821681972593
0.00847488734871
0.00868254993111
0.00883918162435
0.00894536916167
0.00900171604007
0.00900887325406
0.00896775443107
0.00888013839722
0.00874778069556
0.0085727609694
0.00835721287876
0.00810378883034
0.0078155323863
0.00749543635175
0.00714630214497
0.00677076121792
0.00637351721525
0.00595792289823
0.00552778085694
0.00508678052574
0.00463844416663
0.00418671779335
0.00373532157391
0.0032875451725
0.00284706335515
0.00241713947617
0.00200137472712
0.00160248717293
0.00122349278536
0.000866984133609
0.000535829633009
0.000231899102801
-4.2854102503e-05
-0.00028672994813
-0.000498016888741
-0.000675719755236
-0.000819241744466
-0.000927922141273
-0.00100121588912
-0.00103935226798
-0.0010428869864
-0.00101237650961
-0.000948450644501
-0.000852495722938
-0.000726119265892
-0.000570970121771
-0.000388731161365
-0.000181679744856
4.76894820167e-05
0.000296884245472
0.000563199108001
0.000844041060191
0.00113621412311
0.00143653771374
0.00174227659591
0.00205008173361
0.00235660397448
0.00265894900076
0.00295377383009
0.00323815504089
0.00350878853351
0.00376296369359
0.00399744650349
0.00420989701524
0.00439781835303
0.00455854041502
0.0046898489818
0.00478983623907
0.00485685933381
0.0048890649341
0.00488407351077
0.00484198099002
0.00476216105744
0.00464398227632
0.00448688631877
0.00429126108065
0.00405740551651
0.00378584326245
0.00347712100483
0.00313274539076
0.002754004905
0.00234255124815
0.00189971155487
0.00142843124922
0.00093043356901
0.000408552150475
-0.000134805130074
-0.000696345698088
-0.00127326103393
-0.00186244538054
-0.00246064900421
-0.003064150922
-0.00367004075088
-0.0042742700316
-0.00487361941487
-0.00546460272744
-0.00604345882311
-0.00660724658519
-0.00715241953731
-0.00767561746761
-0.00817417819053
-0.00864459201694
-0.00908468011767
-0.00949176680297
-0.00986319966614
-0.01019705832
-0.0104840174317
-0.0107277352363
-0.0109277237207
-0.0110825188458
-0.0111912712455
-0.0112532563508
-0.011267603375
-0.0112338662148
-0.0111522478983
-0.0110229374841
-0.0108463037759
-0.0106232287362
-0.0103550050408
-0.0100433919579
-0.00968955177814
-0.00929608754814
-0.00886487495154
-0.0083988700062
-0.00789686571807
-0.00736001878977
-0.00679794047028
-0.00621324032545
-0.00560834724456
-0.00498619535938
-0.0043500973843
-0.00370292388834
-0.00304821878672
-0.0023891099263
-0.00172899581958
-0.00107127183583
-0.000419407035224
0.000223841270781
0.000854020763654
0.00146634900011
0.00205766945146
0.00262564653531
0.00316751957871
0.00368055305444
0.00416311156005
0.00461285561323
0.00502831256017
0.00540875503793
0.00575338304043
0.0060558677651
0.00631458079442
0.00653324928135
0.0067110969685
0.00684728007764
0.00694145495072
0.00699446862563
0.00700764171779
0.0069828024134
0.00692242756486
0.00681497715414
0.0066757388413
0.00650520017371
0.00630420725793
0.00607416592538
0.00581734767184
0.00553671363741
0.00523619819432
0.00491372030228
0.00457472167909
0.00422653835267
0.00387042644434
0.00350801902823
0.003141943831
0.00277526304126
0.00241132895462
0.00205028639175
0.00169925682712
0.00136164820287
0.00103878264781
0.000732505577616
0.000444502977189
0.000176965273567
-6.81848250679e-05
-0.000287409115117
-0.000478789239423
-0.000641303311568
-0.000773994717747
-0.000876203645021
-0.000947287597228
-0.000986243132502
-0.000991150620393
-0.000963659782428
-0.00090363441268
-0.000811170961242
-0.000686847895849
-0.000531131459866
-0.00034428818617
-0.000128493193188
0.000113504269393
0.000380257639335
0.000670057313982
0.000981532502919
0.00131318508647
0.0016637428198
0.00202532019466
0.0023967793677
0.00277527770959
0.00315775442868
0.00354139576666
0.00392500311136
0.00430739158764
0.00467396713793
0.00502863014117
0.00536759523675
0.00568651780486
0.00598272169009
0.00625458499417
0.00650157639757
0.00671165110543
0.0068854088895
0.0070238779299
0.00712299440056
0.00718030054122
0.0071946461685
0.0071660191752
0.00709440279752
0.00696574198082
0.00679418118671
0.00657742796466
0.00631431909278
0.00600475911051
0.00564935989678
0.00525037338957
0.00480973208323
0.0043224375695
0.00379979214631
0.00324484216981
0.00265908124857
0.00204481859691
0.00140434503555
0.000741467869375
5.91186399106e-05
-0.000639380712528
-0.00134773389436
-0.00205920054577
-0.00277126324363
-0.00347916968167
-0.0041793663986
-0.00486833928153
-0.00554185779765
-0.00619710376486
-0.00683125527576
-0.00744158681482
-0.00802466087043
-0.0085655990988
-0.00907160621136
-0.00953976530582
-0.00996764749289
-0.0103530641645
-0.0106942076236
-0.010989440605
-0.0112378057092
-0.0114390151575
-0.0115928426385
-0.0116991512477
-0.0117584895343
-0.0117716258392
-0.0117392865941
-0.011662222445
-0.0115417093039
-0.011370966211
-0.011160435155
-0.0109117599204
-0.0106269586831
-0.0103077981621
-0.00995649304241
-0.00957520492375
-0.0091662267223
-0.0087322043255
-0.00827541388571
-0.00779834156856
-0.00730359833688
-0.0067934980616
-0.00627086544409
-0.00573796033859
-0.00519723212346
-0.00465140026063
-0.00410237303004
-0.0035524556879
-0.00300407432951
-0.00245909020305
-0.00191963615362
-0.00138792512007
-0.000864961359184
-0.000353181036189
0.000146403879626
0.000631774601061
0.00110191770364
0.00155577494297
0.0019918687176
0.00240913406014
0.00280696991831
0.00318458885886
0.00354118878022
0.00387616152875
0.00418927706778
0.00448020175099
0.00474843801931
0.00499390205368
0.00521662039682
0.00541673181579
0.00559418695047
0.00574919441715
0.00588209275156
0.0059932009317
0.00608296878636
0.00615180423483
0.00620026933029
0.00622898666188
0.00623856345192
0.00622964138165
0.00620300229639
0.00615936517715
0.00609953934327
0.00602428847924
0.00593445077538
0.00583087932318
0.00571445981041
0.00558598851785
0.00544630270451
0.00529637048021
0.00513693410903
0.00496901012957
0.004793189466
0.00461060367525
0.00442184926942
0.00422795815393
0.00402954872698
0.00382756534964
0.00362281873822
0.00341547210701
0.00320375524461
0.00299186259508
0.00278035341762
0.0025696658995
0.00236011017114
0.00215209415182
0.00194606487639
0.00174222572241
0.00154111231677
0.00134322640952
0.0011489308672
0.000958665041253
0.000771757098846
0.000590673880652
0.000415718212025
0.000246829469688
8.41533037601e-05
-7.22930344637e-05
-0.000222452843445
-0.00036643378553
-0.00050257431576
-0.000630611437373
-0.000750383187551
-0.000861838809215
-0.000965136627201
-0.00106094428338
-0.00114732433576
-0.0012241700897
-0.00129183579702
-0.00135001342278
-0.00139948888682
-0.00143911282066
-0.00146814214531
-0.00148759118747
-0.00149678310845
-0.00149717065506
-0.00148420629557
-0.00146217818838
-0.00142913952004
-0.00138598121703
-0.00132880685851
-0.00126200169325
-0.00118311983533
-0.00109131634235
-0.000987168517895
-0.000871315773111
-0.000741814437788
-0.000597720325459
-0.00044275826076
-0.000273135985481
-8.95492994459e-05
0.000104320970422
0.000313045165967
0.000532677047886
0.000760839844588
0.0010023432551
0.00124896864872
0.00150106078945
0.00176056870259
0.00201784959063
0.00227770605125
0.00252988864668
0.0027736176271
0.00300989020616
0.00322744459845
0.00343026313931
0.00360443606041
0.00375265371986
0.00387128489092
0.00395314022899
0.00399866886437
0.00399774732068
0.00395404407755
0.00385943171568
0.00371760409325
0.00352156045847
0.00327586010098
0.00297793745995
0.00262379297055
0.00222471123561
0.0017714954447
0.00128130265512
0.000742920790799
0.00017431852757
-0.000427088321885
-0.00105537648778
-0.00169470021501
-0.00235505471937
-0.00300868740305
-0.00366705539636
-0.00430661253631
-0.00492393877357
-0.00552302645519
-0.00607868097723
-0.00659994827583
-0.00706680258736
-0.00747846672311
-0.00784006435424
-0.00812988728285
-0.00835514999926
-0.00851496588439
-0.00860204175115
-0.00862015876919
-0.00856652483344
-0.0084462556988
-0.00826052296907
-0.00800879579037
-0.00770065514371
-0.00733920419589
-0.00692834239453
-0.0064678308554
-0.00597781594843
-0.00545469252393
-0.00489962752908
-0.0043307277374
-0.00375271285884
-0.00316590885632
-0.0025738091208
-0.00198768614791
-0.00141652126331
-0.000860177271534
-0.000320411869325
0.000199565372895
0.000693045963999
0.00115544791333
0.00158641277812
0.00198502163403
0.00235031126067
0.00268268561922
0.00298195076175
0.00324777234346
0.00348086445592
0.00368186272681
0.00384970987216
0.00398802477866
0.0040988503024
0.00418405374512
0.00424516061321
0.00428206659853
0.0042990623042
0.0042985980399
0.00428276322782
0.00425314111635
0.00421103555709
0.00415809173137
0.00409717531875
0.00403321674094
0.00395626761019
0.00387814478017
0.00379627291113
0.00371376727708
0.00363052170724
0.00354526750743
0.00345991761424
0.00338059128262
0.00329612428322
0.00321496720426
0.00314072053879
0.00306310714222
0.00298933358863
0.00292144459672
0.00285366806202
0.00279190414585
0.00272986688651
0.00267176004127
0.00261823437177
0.00256592943333
0.00251883640885
0.00247242371552
0.00243106810376
0.00239032390527
0.0023542616982
0.00231892196462
0.0022877829615
0.00225776131265
0.00223084469326
0.00220664707012
0.00218236981891
0.0021621233318
0.00214144587517
0.00212428020313
0.00210829358548
0.00209385063499
0.00208190479316
0.00206905347295
0.00205911346711
0.00205104798079
0.00204215478152
0.00203552632593
0.00202975329012
0.00202492484823
0.00202143099159
0.00201794318855
0.00201591057703
0.00201523234136
0.00201373221353
0.00201386865228
0.00201549869962
0.0020157773979
0.00201772851869
0.00202124472708
0.00202313624322
0.00202663196251
0.0020317316521
0.00203507440165
0.00203993171453
0.00204651500098
0.0020510351751
0.00205704849213
0.00206517172046
0.00207044743001
0.00207741139457
0.00208681379445
0.00209280545823
0.00210052984767
0.00210981280543
0.00211751740426
0.00212604692206
0.00213500997052
0.00214378396049
0.0021543588955
0.00216202298179
0.00217087822966
0.00218045967631
0.00218920409679
0.00220009195618
0.00220687803812
0.00221538171172
0.00222335266881
0.00223091826774
0.00223845313303
0.00224494887516
0.00225144647993
0.00225636805408
0.00226126494817
0.00226422864944
0.00226680957712
0.00226757326163
0.00226728129201
0.00226550200023
0.00226195622236
0.00225749798119
0.00224948348477
0.00224048900418
0.00222800415941
0.00221339380369
0.00219810614362
0.00217660330236
0.002153074136
0.00212861597538
0.00209726952016
0.00206341804005
0.00202648807317
0.00198554364033
0.00193974678405
0.00188950577285
0.00183505204041
0.00177833577618
0.00171369151212
0.00164530379698
0.00157210777979
0.00149395666085
0.00141113472637
0.00132387608755
0.00123235536739
0.00113643449731
0.00103609904181
0.000931500806473
0.000822574424092
0.000709596264642
0.000592872791458
0.00047252047807
0.000348972855136
0.000222526170546
9.33820410864e-05
-3.81911559089e-05
-0.00017199353897
-0.000307885726215
-0.000445901794592
-0.000586298818234
-0.00072872324381
-0.000871161930263
-0.00101396418177
-0.00115690159146
-0.00130068266299
-0.00144551950507
-0.00158758659381
-0.00172787474003
-0.00186652643606
-0.00200429861434
-0.00213631405495
-0.00226358673535
-0.00238911015913
-0.00250372174196
-0.00261178985238
-0.00271415780298
-0.0028023023624
-0.00288024125621
-0.0029480450321
-0.0029981804546
-0.00303423963487
-0.00305361836217
-0.00305509194732
-0.00303928228095
-0.00299973413348
-0.00294213206507
-0.00286095379852
-0.0027602869086
-0.00263634836301
-0.00249356008135
-0.00232821376994
-0.0021461523138
-0.00194430421107
-0.00172935775481
-0.00149915716611
-0.00126133253798
-0.00101402250584
-0.000766634650063
-0.000516654399689
-0.000275241472991
-3.95081951865e-05
0.000179068258149
0.000382620666642
0.000561448396184
0.000715070345905
0.000838169828057
0.00092636590125
0.000978843076155
0.000991810811684
0.000964417820796
0.000896464800462
0.000786369142588
0.000636545824818
0.000449423649115
0.000225022813538
-2.7271482395e-05
-0.000308919145027
-0.00061055686092
-0.000923985615373
-0.00124826072715
-0.00156796176452
-0.00188155518845
-0.00217828154564
-0.00244605820626
-0.00268394197337
-0.00287898792885
-0.00302364770323
-0.00311401369981
-0.00314198201522
-0.00310432678089
-0.00299908895977
-0.0028180917725
-0.00256441370584
-0.002242827788
-0.00184768112376
-0.00138716970105
-0.000869000738021
-0.000290433265036
0.000327557849232
0.00098725350108
0.00167586421594
0.00237300992012
0.00308537809178
0.00378430378623
0.00446671852842
0.00512220757082
0.00572777632624
0.00629008701071
0.00678370380774
0.00720977876335
0.00756064197049
0.0078129991889
0.00798225589097
0.00805299077183
0.00802802480757
0.00790646020323
0.00768458284438
0.00737349782139
0.00696405069903
0.00647763907909
0.00590249244124
0.00526486570016
0.00455624749884
0.00380060635507
0.00299868127331
0.00216793478467
0.0013140613446
0.000453818705864
-0.000407416606322
-0.00124975619838
-0.00207566819154
-0.00285638356581
-0.00360485562123
-0.00428872089833
-0.00492230337113
-0.00547951506451
-0.0059664780274
-0.00637512095273
-0.00669895997271
-0.00694626616314
-0.00710084568709
-0.00717323226854
-0.00716413045302
-0.00707286596298
-0.0069057601504
-0.00666495319456
-0.00635650102049
-0.00599000882357
-0.00557085406035
-0.00509302038699
-0.00458647869527
-0.00404672231525
-0.00348012172617
-0.00289215124212
-0.00230282149278
-0.00171250966378
-0.0011251817923
-0.000546479423065
1.18191110232e-05
0.000542032823432
0.00104113051202
0.0015056473203
0.00193201482762
0.00231766398065
0.00265593756922
0.00294332928024
0.00317945959978
0.00336362235248
0.00349499913864
0.00357301253825
0.00359798618592
0.00357119599357
0.00349385547452
0.00336720910855
0.00319355423562
0.0029756850563
0.00271625770256
0.00241800863296
0.00208461657166
0.00171977700666
0.00132744351868
0.000910908798687
0.000474502099678
2.22725084313e-05
-0.000441720767412
-0.000913577328902
-0.00138921942562
-0.00186496600509
-0.00233651162125
-0.00279983179644
-0.00325124990195
-0.00368707510643
-0.00410390878096
-0.00449901539832
-0.00487012788653
-0.00521072791889
-0.00552092725411
-0.00580143881962
-0.00604930520058
-0.00626143300906
-0.00643570534885
-0.00657088123262
-0.0066674137488
-0.00672699417919
-0.00673793256283
-0.00671108905226
-0.00664522545412
-0.00653794035316
-0.00638958113268
-0.00620366446674
-0.00598506210372
-0.00572258327156
-0.005425658077
-0.00509427767247
-0.00472972122952
-0.00433587469161
-0.00391892064363
-0.00347638246603
-0.00300735095516
-0.00251596840099
-0.002005092334
-0.0014807813568
-0.000948647968471
-0.000408853433328
0.000141126816743
0.000697865674738
0.0012553492561
0.00180765462574
0.00235131406225
0.00288162124343
0.00340544059873
0.00391756230965
0.00441029202193
0.00488020991907
0.00532581284642
0.0057382802479
0.00612815283239
0.00648837210611
0.00681287841871
0.00710073765367
0.00735283875838
0.00755472015589
0.00772138033062
0.00784623716027
0.00792528595775
0.00795866269618
0.00794971548021
0.00788915157318
0.00778135145083
0.00762928882614
0.00742989266291
0.00718372408301
0.00689410651103
0.00656507629901
0.00619634753093
0.00578205939382
0.00533197680488
0.00484706647694
0.00433012610301
0.0037842085585
0.0032144873403
0.00262511265464
0.00202140188776
0.00140735937748
0.000785518728662
0.00016117101768
-0.000461011484731
-0.00107556150761
-0.00167637795676
-0.00225797551684
-0.00281454343349
-0.00334040913731
-0.00382941938005
-0.00427582999691
-0.00467522069812
-0.00502195488662
-0.00531084742397
-0.00553736463189
-0.0056981141679
-0.00578946294263
-0.00580770615488
-0.00575047917664
-0.00561674172059
-0.00540555315092
-0.00511606968939
-0.00474940845743
-0.00430762860924
-0.00379336555488
-0.00320949382149
-0.00255801645108
-0.00185105274431
-0.00109616760164
-0.000300977379084
0.000525344104972
0.00137348205317
0.00223498651758
0.00310103478841
0.00394655903801
0.00475974567235
0.00552687980235
0.00623618112877
0.00688081467524
0.00743197510019
0.00788037572056
0.00821440201253
0.00842515937984
0.00850008241832
0.00842905696481
0.00821099057794
0.00784007832408
0.00730678718537
0.00663041463122
0.00580726191401
0.00483745196834
0.00374274561182
0.00254591414705
0.0012431202922
-0.000133120716782
-0.00154225784354
-0.00298928981647
-0.00442344462499
-0.00580537365749
-0.00713515980169
-0.00834465865046
-0.00940743647516
-0.0103134959936
-0.0109979808331
-0.0114443814382
-0.0116277225316
-0.011516885832
-0.0110934143886
-0.0103258062154
-0.00923108309507
-0.0077700773254
-0.00596700236201
-0.00383045501076
-0.0013317281846
0.00143251032569
0.00451340386644
0.00782603770494
0.0113152675331
0.0150157362223
0.0187616888434
0.0225845761597
0.0263667274266
0.0300254039466
0.0335819199681
0.0368487387896
0.0398302748799
0.0424241349101
0.0445474423468
0.046199247241
0.0472228825092
0.04762782529
0.0473461896181
0.0463552810252
0.0446240603924
0.0420588180423
0.0387740395963
0.0346771404147
0.0298023708165
0.0242386981845
0.0178859401494
0.010944663547
0.00343014672399
-0.0047164238058
-0.0132089918479
-0.0220389179885
-0.0312562026083
-0.0405257828534
-0.049807343632
-0.0591871552169
-0.0682777315378
-0.0770495608449
-0.0855209156871
-0.093498468399
-0.100816547871
-0.107421867549
-0.113400563598
-0.118362553418
-0.12243783474
-0.125519439578
-0.127645164728
-0.128646194935
-0.128543108702
-0.127394706011
-0.125142157078
-0.121842704713
-0.117485694587
-0.112021207809
-0.105683468282
-0.0984761044383
-0.0904328972101
-0.0816208049655
-0.0721186771989
-0.0620185472071
-0.0513971410692
-0.0403175018728
-0.028946544975
-0.0173688307405
-0.00566279515624
0.00609192671254
0.0178010780364
0.0293850693852
0.0407747887075
0.0518894530833
0.0626660957932
0.0730502307415
0.0829943194985
0.0923447459936
0.101203322411
0.109556987882
0.117369443178
0.124578647316
0.131154954433
0.137129962444
0.142422914505
0.147073090076
0.151212319732
0.154719591141
0.15767711401
0.159928098321
0.161694973707
0.162915512919
0.163680166006
0.163775846362
0.163484975696
0.162707805634
0.161546647549
0.159894168377
0.157836839557
0.155523777008
0.152742981911
0.149633467197
0.146336242557
0.142641454935
0.138739347458
0.134604528546
0.130152732134
0.125695988536
0.120871804655
0.115916348994
0.110908575356
0.105604052544
0.100403651595
0.094908490777
0.0894935876131
0.0838740617037
0.0781733542681
0.0725847482681
0.0667537674308
0.0611399412155
0.055273219943
0.0496389120817
0.0438039563596
0.0381549522281
0.0324047021568
0.0267608016729
0.0211491771042
0.0155377825722
0.0100986110047
0.00457418290898
-0.000686165760271
-0.00606603873894
-0.0111302090809
-0.0163244009018
-0.0211897827685
-0.0261559579521
-0.0308007001877
-0.0354930944741
-0.0399101041257
-0.0442793518305
-0.0484642721713
-0.0524486713111
-0.0563424937427
-0.0599488653243
-0.0634991303086
-0.0667199194431
-0.0698789209127
-0.0727064236999
-0.0754106268287
-0.0778764784336
-0.0800333991647
-0.082020714879
-0.0836797431111
-0.0851494222879
-0.0863200053573
-0.0872037112713
-0.0878255367279
-0.0881077498198
-0.0881201773882
-0.0878792256117
-0.0872080773115
-0.0862473547459
-0.0850259140134
-0.0834085643291
-0.0814530923963
-0.0792510658503
-0.0766311958432
-0.0736599266529
-0.0704877376556
-0.0668695643544
-0.0629337504506
-0.0587052032351
-0.0542679205537
-0.0494704581797
-0.0443745516241
-0.0390499159694
-0.033605132252
-0.0279041882604
-0.022012790665
-0.0159783773124
-0.00986964721233
-0.00376486871392
0.00230384478346
0.00832632463425
0.0142660308629
0.0200632531196
0.0256452318281
0.0309458244592
0.0359125770628
0.0404855422676
0.0446172691882
0.0482536293566
0.0513528473675
0.053870819509
0.0557594634593
0.0569498203695
0.057440739125
0.0572067461908
0.0562229305506
0.054467972368
0.0519384220243
0.0486401543021
0.044578243047
0.0397544838488
0.0341976173222
0.0279624629766
0.0210860446095
0.0136216757819
0.00562805403024
-0.00282510137185
-0.0116699952632
-0.0208243895322
-0.0302090551704
-0.0397348105907
-0.0493159815669
-0.0588582791388
-0.0682852119207
-0.0775011926889
-0.0864300727844
-0.0949458181858
-0.102877065539
-0.110224448144
-0.116905726492
-0.122847303748
-0.127982839942
-0.132241666317
-0.135584741831
-0.137985423207
-0.139427661896
-0.139894813299
-0.139250323176
-0.137544050813
-0.134865030646
-0.131214886904
-0.126616388559
-0.121098771691
-0.11469937861
-0.107475332916
-0.0994914248586
-0.0908184796572
-0.0815321058035
-0.0717011094093
-0.061356510967
-0.0506677813828
-0.0397269651294
-0.0286190845072
-0.0174199342728
-0.00621552951634
0.00490939896554
0.0158774517477
0.0266128089279
0.0370367430151
0.0470784306526
0.0566795766354
0.0657841190696
0.0743345096707
0.0822857171297
0.0896100774407
0.0962713509798
0.102245688438
0.107512749732
0.112069293857
0.115912698209
0.119041547179
0.12146294117
0.123204044998
0.124295793474
0.124779812992
0.124649524689
0.123842865229
0.122547052801
0.120772980154
0.118529126048
0.115846469998
0.11280656606
0.109544411302
0.105832904577
0.101910769939
0.0977669581771
0.093450397253
0.0891583114862
0.0845969691873
0.080000884831
0.0753497034311
0.070842936635
0.066218316555
0.0616126060486
0.0571378022432
0.0527605190873
0.0483819693327
0.0441641397774
0.0401022695005
0.0360656753182
0.032263379544
0.0285642966628
0.02494735457
0.0216119065881
0.0183172840625
0.0152303334326
0.0123080676422
0.00948009267449
0.00691511388868
0.00439975364134
0.00213314592838
-5.67177703488e-05
-0.00204491149634
-0.00391781143844
-0.00563387200236
-0.00720034213737
-0.00864397920668
-0.00993043649942
-0.0111114792526
-0.0121409930289
-0.0130714634433
-0.0138612240553
-0.0145538579673
-0.0151173043996
-0.0155880469829
-0.0159381777048
-0.0161988697946
-0.0163565147668
-0.0164243672043
-0.0164009295404
-0.0162935517728
-0.0160966273397
-0.0158291496336
-0.0154703035951
-0.0150558799505
-0.0145515548065
-0.0139972520992
-0.0133678587154
-0.0126759121194
-0.0119332112372
-0.011112537235
-0.0102649442852
-0.00933096185327
-0.00839039683342
-0.0073558203876
-0.00632955739275
-0.00520887505263
-0.00410120747983
-0.00291247619316
-0.00173126335721
-0.000485991709866
0.000758783193305
0.00204788637348
0.00334385852329
0.00466633727774
0.00599573971704
0.00734118418768
0.00868607033044
0.0100432382897
0.0113832950592
0.0127399321645
0.014057260938
0.0153943477198
0.0166720300913
0.01796887815
0.0191865712404
0.0204205662012
0.0215674974024
0.0227117333561
0.0237886235118
0.0247944816947
0.0257597807795
0.02662278153
0.027446238324
0.0281836800277
0.0288095101714
0.0293658748269
0.0298156403005
0.0301638636738
0.0304034464061
0.0305311195552
0.0305391959846
0.0304243583232
0.0302092637867
0.0298307463527
0.0293345376849
0.0287124756724
0.0279749017209
0.0270890519023
0.0260754171759
0.0249357093126
0.0237063989043
0.0223409980536
0.0208663139492
0.0192887075245
0.0176175367087
0.0158689394593
0.0140621047467
0.0122072752565
0.0103070177138
0.00837128795683
0.00642060535029
0.00447054114193
0.00253731478006
0.000635822187178
-0.00122315320186
-0.00302614434622
-0.00476099736989
-0.0064210225828
-0.0080059459433
-0.00949640013278
-0.0108976149932
-0.012216122821
-0.013461433351
-0.0146457748488
-0.015796309337
-0.0169506985694
-0.0180915631354
-0.0192830003798
-0.0205533523113
-0.0219785105437
-0.0235451553017
-0.025320712477
-0.0273506660014
-0.0297132432461
-0.0323755517602
-0.0354016534984
-0.0388835966587
-0.0427272468805
-0.047013644129
-0.051754873246
-0.0568442493677
-0.0624153390527
-0.0682247802615
-0.074372023344
-0.0806847438216
-0.0870803073049
-0.093545936048
-0.0997996926308
-0.105886779726
-0.1114750579
-0.116582676768
-0.120891936123
-0.124374568462
-0.126768276095
-0.127985090017
-0.127870038152
-0.126242488623
-0.123142428696
-0.118227735162
-0.111687026918
-0.10340513289
-0.093325547874
-0.0817511603236
-0.0684357061982
-0.0538310483098
-0.0378724597394
-0.0207688268274
-0.00309466407634
0.0153693240136
0.0339597128332
0.0523930899799
0.0706038549542
0.0878640785813
0.10421769321
0.119192808867
0.132315322757
0.143694058061
0.152917936444
0.159596607089
0.163943812251
0.165739521384
0.164946883917
0.161663681269
0.155937567353
0.147912696004
0.138016700745
0.126071676612
0.112626813352
0.0981907323003
0.0827274769545
0.0668298304081
0.0508698932827
0.034959319979
0.0198120381683
0.00537428958341
-0.00790697429329
-0.0197049081326
-0.03007231839
-0.0385797992349
-0.0453546345234
-0.0502354130149
-0.0531573742628
-0.0542728789151
-0.053589373827
-0.0512253418565
-0.0473806932569
-0.0421018786728
-0.0357365757227
-0.0282892733812
-0.0201747249812
-0.0113763399422
-0.00232981704175
0.00701320357621
0.0162079334259
0.0253628641367
0.0340397208929
0.0423831529915
0.0500296354294
0.0571047961712
0.0633170604706
0.0687230825424
0.0733506903052
0.0770406275988
0.0799091607332
0.0818307623267
0.0829117819667
0.0832322090864
0.0826129391789
0.0813125893474
0.0793222934008
0.0765816867352
0.0733076334
0.0694778636098
0.0651485696435
0.060332942754
0.0552274174988
0.0497909523547
0.0440795272589
0.0381174013019
0.0320942476392
0.0259837396443
0.0198058541864
0.013595238328
0.0074394303374
0.00141700636595
-0.00446340022609
-0.0101920943707
-0.0157522372901
-0.0211294479668
-0.0262448340654
-0.0310884993523
-0.0356572307646
-0.0399464741349
-0.0439535416663
-0.0476760528982
-0.051125459373
-0.0543139651418
-0.0572566725314
-0.0599625073373
-0.0624493546784
-0.0646852776408
-0.0667485296726
-0.0686638057232
-0.0704628303647
-0.0721787512302
-0.0738422572613
-0.0754864141345
-0.077150143683
-0.0788687467575
-0.080680437386
-0.0826179087162
-0.0847192257643
-0.0870169401169
-0.0895469486713
-0.0923396721482
-0.0954237282276
-0.0988245084882
-0.10255663842
-0.10657183826
-0.110962346196
-0.115739941597
-0.120911814272
-0.126489773393
-0.132461756468
-0.13881239295
-0.145519077778
-0.152571126819
-0.159942179918
-0.167605236173
-0.175553739071
-0.183768123388
-0.191914096475
-0.200291693211
-0.208822637796
-0.21740925312
-0.225963011384
-0.234404712915
-0.242672756314
-0.250753313303
-0.258504033089
-0.265647739172
-0.272491961718
-0.278867423534
-0.284612506628
-0.289623677731
-0.293889850378
-0.29745721817
-0.29974424839
-0.30112361908
-0.301509976387
-0.300717800856
-0.298668712378
-0.295397490263
-0.291006267071
-0.284780859947
-0.277253806591
-0.268251210451
-0.257662624121
-0.245510429144
-0.231923863292
-0.216809391975
-0.199910968542
-0.181412488222
-0.161223903298
-0.139426648617
-0.116181172431
-0.0916575267911
-0.0656425282359
-0.0381013303995
-0.00910046324134
0.0212150514126
0.05263055861
0.0849698185921
0.118112646043
0.151933163404
0.186704099178
0.222186535597
0.25808185339
0.294136375189
0.33015319705
0.366097122431
0.401149451733
0.436058044434
0.470501512289
0.504080533981
0.536461174488
0.567425131798
0.596885204315
0.624786973
0.649816572666
0.673025250435
0.694021940231
0.712434947491
0.727979362011
0.740427911282
0.74963414669
0.755528211594
0.758089661598
0.757146954536
0.751701891422
0.742621481419
0.729750573635
0.712972581387
0.692213237286
0.667413771152
0.638613462448
0.60594522953
0.569543004036
0.529520571232
0.486060321331
0.439411848783
0.389739841223
0.337139070034
0.281745880842
0.224095135927
0.164456859231
0.103144742548
0.0405229479074
-0.0230578295887
-0.0871528983116
-0.151342064142
-0.215199142694
-0.278318941593
-0.34019574523
-0.400445580482
-0.458563178778
-0.514150857925
-0.566805064678
-0.616098284721
-0.66163033247
-0.703071057796
-0.740047395229
-0.772291958332
-0.799478173256
-0.821332275867
-0.837670922279
-0.848342955112
-0.853173196316
-0.851898252964
-0.844429373741
-0.83099758625
-0.81162327528
-0.78633916378
-0.755338788033
-0.718804955482
-0.676941692829
-0.630019068718
-0.578359305859
-0.522348940372
-0.46237552166
-0.398837476969
-0.332246482372
-0.263089179993
-0.191919714212
-0.119227766991
-0.0456098839641
0.0283513180912
0.102108895779
0.175008818507
0.24651491642
0.316095262766
0.383118212223
0.447025448084
0.507367730141
0.563618183136
0.615315318108
0.662022173405
0.703336715698
0.738960325718
0.76861011982
0.791963934898
0.80884039402
0.819151103497
0.822799503803
0.819706320763
0.809883534908
0.79346036911
0.770584344864
0.741385042667
0.706088244915
0.665032088757
0.61856251955
0.566996455193
0.510773122311
0.450353056192
0.386229604483
0.318928599358
0.248879984021
0.176757574081
0.102968163788
0.0281937327236
-0.0469715259969
-0.122002229095
-0.196292579174
-0.269315332174
-0.340506315231
-0.409300744534
-0.475252777338
-0.537781059742
-0.59640622139
-0.650683522224
-0.700202703476
-0.744633078575
-0.78357809782
-0.816748857498
-0.843963563442
-0.865065515041
-0.879882156849
-0.888314664364
-0.89039593935
-0.885986506939
-0.874586701393
-0.856887102127
-0.833018243313
-0.803125858307
-0.767381370068
-0.725936114788
-0.679091453552
-0.627180576324
-0.570571660995
-0.509646475315
-0.444849401712
-0.376691997051
-0.305719912052
-0.232352599502
-0.157156839967
-0.0805549323559
-0.0030033942312
0.0749464184046
0.15280264616
0.230100333691
0.306270509958
0.380767792463
0.453071504831
0.522620260715
0.58896279335
0.651597261429
0.710081517696
0.764098525047
0.813313305378
0.857498884201
0.896128892899
0.928399801254
0.95493966341
0.975497245789
0.98985594511
0.997785449028
0.999173104763
0.993995070457
0.98225581646
0.963977456093
0.939310967922
0.908478915691
0.871747970581
0.829338550568
0.781527161598
0.727837920189
0.669194340706
0.606023132801
0.538575351238
0.467224627733
0.392443358898
0.314653784037
0.23433585465
0.152051627636
0.0682678669691
-0.0163870248944
-0.101426027715
-0.186341762543
-0.270652532578
-0.353895306587
-0.435330241919
-0.514622628689
-0.591509580612
-0.665489673615
-0.73608738184
-0.802817761898
-0.865290760994
-0.923124015331
-0.975892663002
-1.02331721783
-1.06507134438
-1.10098111629
-1.13090240955
-1.15467464924
-1.17218995094
-1.18344664574
-1.18846106529
-1.18695998192
-1.1784389019
-1.16377866268
-1.14308869839
-1.11647951603
-1.08407521248
-1.04609644413
-1.00281429291
-0.954483091831
-0.901416122913
-0.843966901302
-0.78250670433
-0.71747136116
-0.649273216724
-0.578312754631
-0.505046069622
-0.429969400167
-0.353546112776
-0.27615749836
-0.198329776525
-0.120475240052
-0.0430865287781
0.0334772057831
0.108741290867
0.182386904955
0.253939658403
0.323058068752
0.389463633299
0.452788025141
0.512788414955
0.569147050381
0.621690094471
0.670090794563
0.714304089546
0.754161059856
0.789618968964
0.820614874363
0.847125768661
0.869112312794
0.886652469635
0.899830579758
0.908726215363
0.913453400135
0.914182782173
0.910911798477
0.904005050659
0.893657922745
0.88013792038
0.863699674606
0.844620943069
0.823162198067
0.799603581429
0.774242639542
0.747352361679
0.719225406647
0.690107405186
0.66027033329
0.629959762096
0.59942650795
0.568869173527
0.538470983505
0.508444666862
0.47895014286
0.45010560751
0.422016590834
0.394814074039
0.368566215038
0.343317419291
0.3190779984
0.295886844397
0.273718684912
0.252525150776
0.23211838305
0.212506249547
0.19371303916
0.175597175956
0.158052191138
0.140938475728
0.124119669199
0.107437215745
0.0907637104392
0.0739633515477
0.0568980947137
0.0394351892173
0.0214492306113
0.00282023847103
-0.0165475383401
-0.0367162153125
-0.0577052570879
-0.0795621499419
-0.102315634489
-0.126002386212
-0.150609076023
-0.176102817059
-0.202420726418
-0.229553237557
-0.257429301739
-0.285975366831
-0.315125852823
-0.344366043806
-0.373620659113
-0.402873009443
-0.431906789541
-0.460506141186
-0.488436877728
-0.515522181988
-0.541568756104
-0.566453158855
-0.59005188942
-0.612133920193
-0.631603002548
-0.649159193039
-0.66457349062
-0.677599310875
-0.688030958176
-0.695751011372
-0.700689613819
-0.702833294868
-0.702238023281
-0.698438167572
-0.69115537405
-0.681123673916
-0.668276667595
-0.652570068836
-0.633997678757
-0.612679243088
-0.588791012764
-0.562563657761
-0.533985376358
-0.502801179886
-0.470064908266
-0.435856193304
-0.400283843279
-0.363521367311
-0.32579177618
-0.287369221449
-0.248508140445
-0.20930352807
-0.170152515173
-0.131573483348
-0.0937271118164
-0.0567749589682
-0.0208711586893
0.0137673644349
0.0470365360379
0.0787630751729
0.108578331769
0.136320337653
0.161915436387
0.185267165303
0.206318363547
0.225048363209
0.241476908326
0.255623906851
0.267357498407
0.276525110006
0.283462554216
0.288191050291
0.290778189898
0.291322618723
0.289959788322
0.286879330873
0.282290190458
0.27579036355
0.268134236336
0.259427517653
0.24978287518
0.239344373345
0.228282317519
0.216798946261
0.20510853827
0.193171486259
0.181293830276
0.169751644135
0.15863455832
0.148038610816
0.138054966927
0.128802984953
0.120413966477
0.112965971231
0.106360390782
0.100878410041
0.0965251550078
0.0932745784521
0.0911140814424
0.0900510251522
0.0900821015239
0.0911939069629
0.0932659432292
0.0962374582887
0.100111752748
0.10478451103
0.110163532197
0.116159684956
0.122697472572
0.12971149385
0.137145966291
0.144707605243
0.152386918664
0.160142421722
0.167863786221
0.175453737378
0.182837188244
0.18996091187
0.196807190776
0.203368261456
0.209309205413
0.214741960168
0.219720855355
0.224195852876
0.22812256217
0.231489256024
0.234324023128
0.236668929458
0.238576725125
0.239899873734
0.240599066019
0.240927487612
0.240869373083
0.240416139364
0.239575341344
0.238374456763
0.236853003502
0.23505705595
0.233033597469
0.230503708124
0.227663129568
0.22458858788
0.221233427525
0.217551887035
0.213498413563
0.209043726325
0.204164460301
0.198841527104
0.193044692278
0.186579167843
0.179417997599
0.171657532454
0.163217023015
0.154023543
0.144007816911
0.133122518659
0.121317565441
0.108550734818
0.0948000028729
0.0800356343389
0.0641887784004
0.0473148003221
0.0294844545424
0.010696567595
-0.0090309549123
-0.0296783614904
-0.0511828511953
-0.0735002309084
-0.0965696051717
-0.120331756771
-0.144696369767
-0.16958655417
-0.194814190269
-0.220106124878
-0.245479270816
-0.270776003599
-0.295875787735
-0.320612251759
-0.344832181931
-0.368397921324
-0.391157090664
-0.412975043058
-0.433723539114
-0.453279703856
-0.471541166306
-0.488380223513
-0.503423571587
-0.516447484493
-0.527663528919
-0.536966145039
-0.544247031212
-0.549413621426
-0.552402794361
-0.553158342838
-0.551628649235
-0.547791600227
-0.541653454304
-0.533223211765
-0.522513926029
-0.5095692873
-0.494456261396
-0.477218359709
-0.457929730415
-0.436661958694
-0.413180917501
-0.387987405062
-0.361195057631
-0.332902908325
-0.303269118071
-0.272411048412
-0.240470007062
-0.207620814443
-0.174010902643
-0.13980256021
-0.105180896819
-0.0703080371022
-0.0353613309562
-0.000533338170499
0.0340151377022
0.0681074410677
0.101552695036
0.134177863598
0.16583301127
0.19635809958
0.225580394268
0.253358215094
0.279539704323
0.303996294737
0.326611071825
0.34725856781
0.365829616785
0.382237017155
0.396394401789
0.408228754997
0.417690426111
0.424731433392
0.429326087236
0.431442320347
0.431091606617
0.428291767836
0.423064351082
0.415439099073
0.405466616154
0.393260031939
0.378880232573
0.362410068512
0.343964874744
0.323671162128
0.301664918661
0.278080493212
0.253069043159
0.226810738444
0.199473649263
0.171214133501
0.142220377922
0.112715251744
0.0828611254692
0.0528489351273
0.022892119363
-0.00682463869452
-0.036088258028
-0.0647173821926
-0.0925075858831
-0.119286000729
-0.144865989685
-0.169051334262
-0.191688463092
-0.212611630559
-0.231685936451
-0.248739466071
-0.263648241758
-0.276321917772
-0.28664457798
-0.294521182775
-0.299877852201
-0.302683115005
-0.302900016308
-0.300496399403
-0.295468151569
-0.287852466106
-0.277690559626
-0.265023380518
-0.249915778637
-0.232449933887
-0.212578862906
-0.19054171443
-0.166474416852
-0.140492498875
-0.112762391567
-0.08343988657
-0.0526853911579
-0.02069109492
0.0123469326645
0.0461805053055
0.0806267857552
0.115423038602
0.150365516543
0.18522131443
0.219728857279
0.253707230091
0.286931395531
0.31920337677
0.350025743246
0.379433065653
0.407283216715
0.433387458324
0.457518547773
0.479472309351
0.499050825834
0.516094624996
0.530461907387
0.542009711266
0.550653994083
0.556358218193
0.559098124504
0.558859527111
0.555374443531
0.548437654972
0.538505494595
0.525542974472
0.509520709515
0.490481555462
0.468497097492
0.443681240082
0.416130751371
0.386043578386
0.353624761105
0.319088250399
0.282652437687
0.244241148233
0.204093500972
0.162532359362
0.119746230543
0.0759495198727
0.0313995927572
-0.0135928168893
-0.0587800890207
-0.103828698397
-0.148520216346
-0.192572042346
-0.235828638077
-0.277754724026
-0.318443566561
-0.357750326395
-0.395395547152
-0.431104332209
-0.46460211277
-0.495664745569
-0.524133384228
-0.549905717373
-0.572889566422
-0.593048930168
-0.609521090984
-0.622988402843
-0.633399128914
-0.640586018562
-0.6444439888
-0.644936382771
-0.64207559824
-0.635924816132
-0.62662088871
-0.614364624023
-0.598985612392
-0.580217123032
-0.55874055624
-0.534607827663
-0.507908642292
-0.478747487068
-0.447357684374
-0.413941204548
-0.378827989101
-0.342306792736
-0.304559409618
-0.265285521746
-0.225107133389
-0.184215337038
-0.142820984125
-0.101133823395
-0.0594778284431
-0.0181159805506
0.0226840097457
0.0626679360867
0.101695723832
0.13946275413
0.176029190421
0.211190417409
0.244688898325
0.276334315538
0.305913060904
0.333247005939
0.358231574297
0.380820631981
0.400966793299
0.418069690466
0.432692050934
0.444701701403
0.453991442919
0.460483878851
0.464147508144
0.465004831553
0.463141351938
0.458708614111
0.451794832945
0.441811591387
0.429490447044
0.414853066206
0.397949129343
0.378864854574
0.357719004154
0.33470711112
0.310055702925
0.283972531557
0.256666839123
0.227802991867
0.197937890887
0.167195305228
0.135729417205
0.103694438934
0.0713531598449
0.0388938300312
0.00654763774946
-0.0255110226572
-0.0571262910962
-0.0880968943238
-0.11838285625
-0.147878870368
-0.176388159394
-0.203747272491
-0.229786142707
-0.254335075617
-0.277275234461
-0.298508346081
-0.318012446165
-0.335647910833
-0.351072371006
-0.364630043507
-0.376225590706
-0.385763883591
-0.393166840076
-0.398382693529
-0.401400238276
-0.402270793915
-0.401064544916
-0.397853732109
-0.392535448074
-0.384905278683
-0.375416100025
-0.364082068205
-0.350915431976
-0.335974544287
-0.31935608387
-0.301179111004
-0.281588196754
-0.260722190142
-0.238737091422
-0.215773671865
-0.191662669182
-0.166725635529
-0.141104504466
-0.114929966629
-0.088308468461
-0.0614171177149
-0.0343866087496
-0.00740487966686
0.0193860102445
0.0458542779088
0.0718438848853
0.0972643718123
0.121931232512
0.145787090063
0.168778300285
0.190764740109
0.211651831865
0.231305778027
0.249597936869
0.266452491283
0.281793326139
0.295565575361
0.307730346918
0.318248927593
0.32713329792
0.334131747484
0.33929425478
0.34276086092
0.344515293837
0.344549834728
0.342860013247
0.33945029974
0.334354877472
0.327630311251
0.319346904755
0.309577941895
0.298410058022
0.285940557718
0.272277057171
0.25750619173
0.241477206349
0.224501177669
0.206701099873
0.188183009624
0.169049665332
0.14940404892
0.129377022386
0.1090836972
0.0886628553271
0.0682420805097
0.0479361340404
0.0278689824045
0.00817300565541
-0.0110480254516
-0.0296841990203
-0.047639079392
-0.0648267492652
-0.0811312869191
-0.0964522361755
-0.110762566328
-0.123986072838
-0.136041089892
-0.146875202656
-0.156449154019
-0.164716586471
-0.171632423997
-0.17717127502
-0.18133033812
-0.184104174376
-0.185488343239
-0.185497820377
-0.184166446328
-0.181526988745
-0.17761656642
-0.172478958964
-0.166176810861
-0.158778339624
-0.150344252586
-0.140942826867
-0.130655363202
-0.119565092027
-0.107762239873
-0.0952650904655
-0.0822410285473
-0.0687778294086
-0.0549701526761
-0.040920689702
-0.0267177075148
-0.012456972152
0.00176487700082
0.0158441476524
0.0297048520297
0.0432395301759
0.0563808679581
0.0690285935998
0.0811074525118
0.0925544798374
0.103299990296
0.113270148635
0.122414559126
0.130683854222
0.138033673167
0.144425630569
0.149819865823
0.154203772545
0.157556802034
0.159862652421
0.161114960909
0.161322012544
0.160492092371
0.158633708954
0.155766695738
0.15192258358
0.147131115198
0.141426205635
0.13484826684
0.12744730711
0.119273915887
0.110374443233
0.100813195109
0.0906433016062
0.0799318253994
0.0687416940928
0.0571435168386
0.04519386217
0.0329660736024
0.0205282885581
0.00795397069305
-0.00470236688852
-0.0173621866852
-0.0299707446247
-0.0424523241818
-0.0547531582415
-0.0668135732412
-0.0785737335682
-0.0899731218815
-0.100968323648
-0.111510336399
-0.121550269425
-0.131044715643
-0.139953359962
-0.148241072893
-0.155879661441
-0.162832066417
-0.169076636434
-0.174596905708
-0.179363161325
-0.183366641402
-0.18659286201
-0.189037814736
-0.190689623356
-0.191548317671
-0.191616490483
-0.190898224711
-0.189398705959
-0.187127262354
-0.184100627899
-0.180333182216
-0.175842747092
-0.170651778579
-0.164787650108
-0.158274635673
-0.151143014431
-0.143426373601
-0.13515843451
-0.126384973526
-0.117135837674
-0.107458658516
-0.0974005609751
-0.0870086401701
-0.0763304233551
-0.0654176101089
-0.054324503988
-0.0431000366807
-0.0318094827235
-0.0205044820905
-0.00924335699528
0.00192098971456
0.012919485569
0.0236994866282
0.0341979153454
0.0443670898676
0.0541443005204
0.0634709373116
0.0722994208336
0.0805772095919
0.0882528796792
0.0952784717083
0.101616337895
0.10722476989
0.112061329186
0.116099759936
0.11931411922
0.121678382158
0.123168341815
0.123775050044
0.123493634164
0.122317887843
0.120245732367
0.117289170623
0.113465808332
0.108792901039
0.103276513517
0.096965238452
0.0899019315839
0.082126185298
0.0736763775349
0.0646083280444
0.0549809336662
0.0448584631085
0.0342978313565
0.0233715623617
0.0121544227004
0.000727011472918
-0.0108455643058
-0.0224687401205
-0.0340698771179
-0.0455589108169
-0.0568457767367
-0.067856118083
-0.0785037130117
-0.0886925384402
-0.0983484387398
-0.107387371361
-0.115731202066
-0.123305179179
-0.130030959845
-0.135847792029
-0.140690669417
-0.144499465823
-0.147217467427
-0.148803383112
-0.149220272899
-0.148429408669
-0.14640083909
-0.143126279116
-0.138597175479
-0.132802695036
-0.125751212239
-0.11746443063
-0.107968896627
-0.0972859784961
-0.0854640603065
-0.0725508481264
-0.0586125925183
-0.0437033064663
-0.0279094725847
-0.0113060763106
0.00601657899097
0.023950509727
0.0424201600254
0.0612958744168
0.0804636254907
0.0998178571463
0.119238987565
0.138601720333
0.157771214843
0.17662987113
0.195052281022
0.212905615568
0.230081349611
0.246446147561
0.26187735796
0.276279658079
0.289535939693
0.301537960768
0.312195748091
0.321427732706
0.329156041145
0.335297703743
0.339800149202
0.342557638884
0.343401730061
0.342468351126
0.339752018452
0.335248947144
0.328958570957
0.32088676095
0.31106993556
0.299553155899
0.286372154951
0.271584570408
0.255271583796
0.23751719296
0.218407616019
0.198047503829
0.176555812359
0.154051721096
0.130655378103
0.10649740696
0.0817117467523
0.0563780665398
0.0307749509811
0.0050556063652
-0.0206509046257
-0.0461893677711
-0.0714288577437
-0.0962203368545
-0.120436564088
-0.143930837512
-0.166595414281
-0.188328266144
-0.209023907781
-0.228603243828
-0.246653974056
-0.263247549534
-0.278355002403
-0.291883558035
-0.303757637739
-0.313924819231
-0.322332262993
-0.328976869583
-0.333893954754
-0.337129145861
-0.338304400444
-0.337597370148
-0.335237801075
-0.331196129322
-0.325467467308
-0.318097800016
-0.309171199799
-0.298810392618
-0.287089794874
-0.273698359728
-0.259293317795
-0.243893906474
-0.227524146438
-0.210268110037
-0.192238599062
-0.17361035943
-0.154266342521
-0.134657815099
-0.114957049489
-0.0951895266771
-0.0754194483161
-0.0557598210871
-0.0363095775247
-0.0172495283186
0.00115141738206
0.0188337806612
0.0357713550329
0.0519282370806
0.0672282278538
0.0813523381948
0.0943090766668
0.106027908623
0.116491876543
0.125770792365
0.133566424251
0.139931201935
0.144873723388
0.148371607065
0.150530204177
0.151109188795
0.15030811727
0.148155495524
0.144646495581
0.139949738979
0.133745059371
0.126569435
0.118323542178
0.10907971859
0.0988101512194
0.0878367871046
0.0762576311827
0.0640654116869
0.0513057298958
0.0382716096938
0.0251409206539
0.0118779055774
-0.00148288009223
-0.0145920943469
-0.0273243505508
-0.0397145785391
-0.0517211183906
-0.0629794299603
-0.0734651386738
-0.0832239836454
-0.0921021401882
-0.0999111309648
-0.106637656689
-0.112390190363
-0.116793870926
-0.120029836893
-0.122005678713
-0.122762322426
-0.122133769095
-0.120273664594
-0.117162317038
-0.112674333155
-0.107064686716
-0.100270494819
-0.0923212170601
-0.0832425877452
-0.073310226202
-0.0624219141901
-0.0505885258317
-0.0381980128586
-0.0252078659832
-0.0115608712658
0.00240027718246
0.0165115725249
0.0309027153999
0.0453697293997
0.0595867671072
0.0736062899232
0.0874821394682
0.100752167404
0.113419771194
0.125646308064
0.136987701058
0.14747826755
0.157093256712
0.165861576796
0.173480451107
0.180023923516
0.185705915093
0.189962089062
0.193221852183
0.195366829634
0.196436360478
0.196344822645
0.195230737329
0.193233922124
0.189986169338
0.186010614038
0.181165501475
0.175557613373
0.169105708599
0.162148952484
0.154618933797
0.146466165781
0.13798584044
0.129201084375
0.120146423578
0.110697738826
0.101286709309
0.091793820262
0.082269795239
0.0726078599691
0.0631893500686
0.0538800992072
0.0446761064231
0.0355511382222
0.0267603807151
0.0181928537786
0.00979774072766
0.00159831449855
-0.00626773294061
-0.0138552701101
-0.0212362445891
-0.0284266900271
-0.0353088825941
-0.0419191122055
-0.0482980646193
-0.0545349046588
-0.0605127178133
-0.0662497282028
-0.0717678070068
-0.0770916342735
-0.0823147073388
-0.0872617736459
-0.0920162424445
-0.0965841636062
-0.100956082344
-0.105194471776
-0.109288796782
-0.113066911697
-0.116702653468
-0.120137110353
-0.123365201056
-0.126430720091
-0.129394859076
-0.131935283542
-0.134332835674
-0.136542052031
-0.138529419899
-0.140292271972
-0.141853287816
-0.143247067928
-0.144445851445
-0.145268604159
-0.145933911204
-0.146416559815
-0.146697893739
-0.146769970655
-0.146633848548
-0.146296590567
-0.145767495036
-0.145055115223
-0.144165337086
-0.143102169037
-0.141866102815
-0.140411630273
-0.138723939657
-0.136874109507
-0.134859248996
-0.132676616311
-0.130324229598
-0.127801135182
-0.125106617808
-0.122241325676
-0.119203470647
-0.115993082523
-0.112614832819
-0.10906650871
-0.105352476239
-0.10147857666
-0.0974152982235
-0.0931383147836
-0.0887041911483
-0.0841112285852
-0.0793627649546
-0.0744529217482
-0.0693843066692
-0.064159758389
-0.05879060179
-0.0532917752862
-0.0476924367249
-0.0420198328793
-0.03621083498
-0.03028694354
-0.0242655239999
-0.018149420619
-0.0119776697829
-0.00579460337758
0.000372449518181
0.00656484346837
0.0128198200837
0.0190870463848
0.0253018699586
0.0314298421144
0.0374472290277
0.0435030125082
0.0494816489518
0.0553181357682
0.0609399341047
0.0665635839105
0.0720598176122
0.0773905441165
0.082408323884
0.087439224124
0.0922555103898
0.0967705324292
0.101230271161
0.105482473969
0.109424561262
0.113275662065
0.116914570332
0.120228260756
0.123461551964
0.126506507397
0.129150927067
0.131733357906
0.134056061506
0.136170893908
0.13813278079
0.139756023884
0.141280159354
0.142563015223
0.143669083714
0.144663691521
0.145271643996
0.14583620429
0.146123826504
0.146291792393
0.146272167563
0.14608708024
0.14575496316
0.145237445831
0.144612491131
0.143780753016
0.142883479595
0.141757875681
0.140602752566
0.139206364751
0.137807905674
0.136170119047
0.134545892477
0.132695823908
0.130866020918
0.128825441003
0.126813992858
0.124601319432
0.122427590191
0.120064646006
0.117755234241
0.115264177322
0.11283390224
0.110245391726
0.107702538371
0.105057656765
0.102392308414
0.0997401028872
0.0969373881817
0.0942457392812
0.0913816913962
0.0886488929391
0.0857628434896
0.0830219089985
0.0801312997937
0.0773896127939
0.0745253488421
0.0717855021358
0.0689893066883
0.0662443935871
0.0635538473725
0.0607971921563
0.0581849627197
0.055495005101
0.0529684387147
0.0503713451326
0.0479521565139
0.045470289886
0.043170850724
0.040826253593
0.0386620424688
0.0364806354046
0.0344719178975
0.0324735417962
0.0306360144168
0.0288380198181
0.027194486931
0.0256160628051
0.0241875015199
0.0228464584798
0.0216594077647
0.0205751564354
0.0196493677795
0.0188351459801
0.0181860029697
0.0176617112011
0.0173064041883
0.0170928090811
0.0170488189906
0.0171573907137
0.0174406860024
0.0178670659661
0.0184875894338
0.0192327462137
0.020188530907
0.0212722439319
0.0225676819682
0.0240043401718
0.0255916472524
0.027370557189
0.0292367078364
0.0313253104687
0.0335325486958
0.0358228161931
0.0383051931858
0.0408318974078
0.0434934534132
0.0462589338422
0.0490230955184
0.0518962703645
0.0548091381788
0.0576776526868
0.0605568625033
0.0634338930249
0.0662626698613
0.0688735693693
0.0714800879359
0.0739164203405
0.0761623382568
0.0781457722187
0.079937107861
0.0814222171903
0.0826502069831
0.0833824947476
0.0838067308068
0.0837932601571
0.0833243578672
0.0824496522546
0.0809265449643
0.0789099782705
0.0763168931007
0.0731232389808
0.0693408921361
0.0649868026376
0.0599888786674
0.0543263480067
0.048030205071
0.0410984903574
0.0335315354168
0.025364395231
0.0166316684335
0.00736844260246
-0.00238944846205
-0.012609962374
-0.023248527199
-0.0342339091003
-0.045535992831
-0.0570930205286
-0.0688260123134
-0.0806620121002
-0.0925130695105
-0.104294724762
-0.115914314985
-0.127293616533
-0.138329535723
-0.148933321238
-0.159010201693
-0.168472915888
-0.177235931158
-0.18520064652
-0.192293435335
-0.198440626264
-0.203574210405
-0.207622975111
-0.21054071188
-0.212291225791
-0.21272213757
-0.211788102984
-0.20959199965
-0.206128329039
-0.201390177011
-0.195376515388
-0.188117906451
-0.179642170668
-0.169990807772
-0.159219101071
-0.147427394986
-0.134694829583
-0.120974704623
-0.106514334679
-0.0915056839585
-0.0760237574577
-0.0601598881185
-0.0440285205841
-0.0277452711016
-0.0114185139537
0.00480257067829
0.0206631757319
0.0360242016613
0.0507871471345
0.064861394465
0.0781618282199
0.0906417295337
0.101969450712
0.112138837576
0.121072113514
0.128698766232
0.135019794106
0.140081435442
0.143501639366
0.145553916693
0.146205201745
0.145430013537
0.143320947886
0.139854624867
0.135045006871
0.129151105881
0.122168809175
0.114185914397
0.105308674276
0.0955673605204
0.08534360677
0.0746535807848
0.0635777637362
0.0522406622767
0.0408153496683
0.0295944400132
0.01860633865
0.00792863126844
-0.00233170390129
-0.011921104975
-0.0207388531417
-0.0287284068763
-0.0358689241111
-0.0420387201011
-0.0471137575805
-0.0510810613632
-0.0539413094521
-0.0557376295328
-0.0562927126884
-0.0557818561792
-0.0542008951306
-0.0515854135156
-0.0479767657816
-0.043461561203
-0.0381946861744
-0.0322147980332
-0.0256070625037
-0.0184537079185
-0.010995737277
-0.00333094457164
0.00447008060291
0.0123314121738
0.0200357921422
0.0274380836636
0.0344428047538
0.0409919656813
0.0470169000328
0.05227650702
0.0567534565926
0.0603758990765
0.063118390739
0.0648968815804
0.0656170919538
0.0653389617801
0.0640071257949
0.0616377815604
0.0582070201635
0.053758751601
0.0483934655786
0.0421180911362
0.0349727831781
0.0269878990948
0.0183259695768
0.00913279224187
-0.000556700280868
-0.0106825577095
-0.0211805347353
-0.0317872725427
-0.0423975102603
-0.052918754518
-0.0632770061493
-0.0734479352832
-0.083110243082
-0.0922103524208
-0.100646667182
-0.108329124749
-0.115251757205
-0.121269494295
-0.126161143184
-0.130020901561
-0.13274051249
-0.134282901883
-0.134689807892
-0.133728384972
-0.131529465318
-0.128130510449
-0.123490445316
-0.117637224495
-0.110634870827
-0.102351933718
-0.0930843725801
-0.0828870758414
-0.0717731416225
-0.0598152838647
-0.0470935702324
-0.0336652062833
-0.019787851721
-0.00559308473021
0.00884504336864
0.0234495569021
0.0381323955953
0.0528001636267
0.0671279802918
0.0810616612434
0.0944837257266
0.107275880873
0.119374282658
0.130731150508
0.141201585531
0.150478646159
0.158683881164
0.165706664324
0.171466946602
0.175926461816
0.17909501493
0.180993631482
0.181232944131
0.180139794946
0.177710711956
0.173913702369
0.168758332729
0.162300825119
0.154616072774
0.145771130919
0.135623887181
0.12452276051
0.112559519708
0.099789634347
0.0863074734807
0.072202205658
0.0575929880142
0.0425904095173
0.0273123998195
0.0118874823675
-0.00347062759101
-0.0186509005725
-0.0335433334112
-0.048028871417
-0.0620004497468
-0.0753652378917
-0.0880274474621
-0.0998959690332
-0.11088616401
-0.120851479471
-0.129655778408
-0.137328371406
-0.14381557703
-0.149074137211
-0.153061807156
-0.155756756663
-0.157158091664
-0.157269865274
-0.156098648906
-0.153675243258
-0.150040924549
-0.145236864686
-0.139270752668
-0.132138341665
-0.124034881592
-0.115034915507
-0.105202421546
-0.0946299880743
-0.0834081992507
-0.0716223344207
-0.0593793876469
-0.0467720031738
-0.0339148417115
-0.0208989251405
-0.00783863663673
0.00517575163394
0.0180312301964
0.0306402090937
0.0428982526064
0.0547228455544
0.0660317242146
0.0767289027572
0.0867479294538
0.0960222110152
0.104481503367
0.112072855234
0.118743821979
0.124459974468
0.129171684384
0.13284316659
0.135479077697
0.137073889375
0.137621000409
0.137119412422
0.135586336255
0.133044987917
0.129515469074
0.125023245811
0.11961376667
0.113333687186
0.10621099174
0.0982983484864
0.0896646156907
0.0803725942969
0.0704942643642
0.0600776895881
0.0492028743029
0.0379416719079
0.0263644848019
0.0145349008963
0.00253079645336
-0.00957517046481
-0.0217171274126
-0.0338174626231
-0.0458060353994
-0.0576137043536
-0.0691773295403
-0.0804173573852
-0.0912817269564
-0.101707622409
-0.111640714109
-0.121034756303
-0.129837349057
-0.138023376465
-0.145570665598
-0.152284294367
-0.158273875713
-0.163537412882
-0.16804023087
-0.171753019094
-0.174644365907
-0.17669197917
-0.177893415093
-0.178255602717
-0.17779789865
-0.176552951336
-0.174561560154
-0.171557843685
-0.167835593224
-0.163378074765
-0.158182367682
-0.152258574963
-0.145640969276
-0.138390854001
-0.130581155419
-0.122292600572
-0.113297522068
-0.103839188814
-0.0939136072993
-0.0835472047329
-0.0728087872267
-0.0617739483714
-0.0505430661142
-0.0391095690429
-0.0274370294064
-0.0155668389052
-0.00356950098649
0.00848309043795
0.0204935427755
0.0324100852013
0.0441755615175
0.0558871254325
0.0675149783492
0.0789503529668
0.0901007279754
0.100933969021
0.111336737871
0.121432483196
0.131248980761
0.140649735928
0.149559423327
0.158029735088
0.165771797299
0.173137143254
0.180020794272
0.186298370361
0.192002058029
0.197052001953
0.201398506761
0.205259263515
0.208454117179
0.211010068655
0.213003322482
0.214092031121
0.214698687196
0.214630588889
0.21392595768
0.212726518512
0.210601523519
0.208001106977
0.204754769802
0.200948655605
0.196691304445
0.191638886929
0.186118900776
0.180029526353
0.173537671566
0.166620194912
0.159112244844
0.151168495417
0.142803952098
0.134242132306
0.125270351768
0.115920886397
0.106236003339
0.0963413193822
0.0864296481013
0.0761751309037
0.0657195746899
0.0551056042314
0.0445278584957
0.0339941568673
0.0233326368034
0.0125995129347
0.00194116740022
-0.00850213970989
-0.0187986902893
-0.0290931276977
-0.0392500050366
-0.0491230227053
-0.0586571544409
-0.0679774358869
-0.0771291032434
-0.0859368368983
-0.094376116991
-0.102308921516
-0.110022202134
-0.117374286056
-0.124263644218
-0.130709066987
-0.136606901884
-0.142209514976
-0.147319152951
-0.151976034045
-0.156042009592
-0.159681364894
-0.162900805473
-0.165605410933
-0.167950406671
-0.169552713633
-0.170850500464
-0.171685889363
-0.172074258327
-0.172118797898
-0.171529635787
-0.17065680027
-0.169364541769
-0.167743459344
-0.165812119842
-0.163408979774
-0.160765528679
-0.157801240683
-0.154636323452
-0.15126517415
-0.147552549839
-0.143692329526
-0.139635413885
-0.135491028428
-0.131312087178
-0.126879140735
-0.122422672808
-0.117896303535
-0.113369941711
-0.108983673155
-0.104430392385
-0.0999568402767
-0.0955305397511
-0.0911733582616
-0.0869693532586
-0.0828951522708
-0.0788448676467
-0.0749390125275
-0.0711542889476
-0.0675207972527
-0.0640850067139
-0.0607918128371
-0.0575935207307
-0.0545533485711
-0.051650274545
-0.0488852784038
-0.046274419874
-0.0438246391714
-0.0414127670228
-0.0391120202839
-0.0368920005858
-0.0347317419946
-0.0326235890388
-0.0305633079261
-0.0285408105701
-0.0264603253454
-0.0243558641523
-0.0221958421171
-0.0199553780258
-0.0176159311086
-0.0151621252298
-0.0125777777284
-0.00984401721507
-0.00692249555141
-0.00379796489142
-0.000445514102466
0.0031500174664
0.00700046122074
0.0111106289551
0.0154837649316
0.0201303325593
0.0250589922071
0.030271243304
0.0357243306935
0.0414778403938
0.0475253164768
0.0538548566401
0.0604418776929
0.0672679543495
0.074308604002
0.0815428569913
0.0889385640621
0.0964732840657
0.104114726186
0.111848905683
0.119632400572
0.127311497927
0.134960100055
0.142545044422
0.150020882487
0.157331615686
0.164421439171
0.171245038509
0.177747279406
0.183880716562
0.189589440823
0.194827020168
0.19954790175
0.203710451722
0.207274898887
0.210195615888
0.21243712306
0.213969185948
0.214763462543
0.214788854122
0.214019283652
0.212441295385
0.210042849183
0.206807106733
0.202728897333
0.197811082006
0.192064702511
0.185494318604
0.178111746907
0.16994856298
0.161030426621
0.151393800974
0.14106811583
0.130107372999
0.118563748896
0.106483228505
0.0939210653305
0.0809562802315
0.0676432773471
0.0540506802499
0.0402633324265
0.0263423658907
0.0123717291281
-0.00157121114898
-0.015415805392
-0.029072213918
-0.0424773097038
-0.0555411651731
-0.068201854825
-0.0803853422403
-0.0920244976878
-0.103046670556
-0.113400384784
-0.123029828072
-0.131881207228
-0.139912590384
-0.147076249123
-0.153349608183
-0.158706873655
-0.163122415543
-0.166583701968
-0.169096142054
-0.170660212636
-0.171283215284
-0.170986399055
-0.16980266571
-0.167766079307
-0.164911910892
-0.161291703582
-0.156964570284
-0.151851937175
-0.146153643727
-0.139946550131
-0.133309945464
-0.126306816936
-0.119021579623
-0.111527152359
-0.10390779376
-0.0962423235178
-0.0886191949248
-0.081112653017
-0.073808401823
-0.0667861700058
-0.0601264350116
-0.0538927055895
-0.0481605269015
-0.0429535731673
-0.0383541956544
-0.0344248004258
-0.0312025602907
-0.0287163909525
-0.0269733034074
-0.0259832106531
-0.0257558487356
-0.0262855645269
-0.0275521632284
-0.0295374859124
-0.0322223603725
-0.0355667807162
-0.0394903793931
-0.0439239256084
-0.0488297604024
-0.0541315078735
-0.0597408078611
-0.0655743554235
-0.0715478137136
-0.077570438385
-0.0835520848632
-0.0894111469388
-0.0950632318854
-0.100429058075
-0.105236425996
-0.10954348743
-0.113258510828
-0.11629602313
-0.118567049503
-0.119996249676
-0.120530679822
-0.120120875537
-0.118723578751
-0.11631692946
-0.112812139094
-0.108161464334
-0.102469176054
-0.0957362428308
-0.0879712849855
-0.0791801288724
-0.0693927183747
-0.0586598739028
-0.0470378808677
-0.0345727168024
-0.0213228575885
-0.00742815574631
0.00698265992105
0.0218331292272
0.0370195023715
0.0524489954114
0.0680179744959
0.0836317762733
0.0992075577378
0.114646941423
0.12975294888
0.144330501556
0.158373594284
0.171767964959
0.184405773878
0.1961928159
0.207062780857
0.216945767403
0.225818499923
0.233653500676
0.240095511079
0.245254129171
0.249196231365
0.251873105764
0.253241539001
0.253283649683
0.252019882202
0.249484285712
0.245724722743
0.240800261497
0.234442383051
0.226973712444
0.21850644052
0.209067642689
0.198699876666
0.187467440963
0.175441369414
0.162713095546
0.14937749505
0.135527729988
0.121151469648
0.106420502067
0.0915062502027
0.0764874145389
0.0614240691066
0.046395227313
0.0314715206623
0.0167273767292
0.00223892671056
-0.0119257662445
-0.0257086902857
-0.0390125736594
-0.0517359673977
-0.0638370290399
-0.0752698108554
-0.0859971344471
-0.0959860086441
-0.10519489646
-0.113594658673
-0.12117832154
-0.127930104733
-0.133837878704
-0.138908490539
-0.143083393574
-0.14627340436
-0.14860765636
-0.150094434619
-0.15074314177
-0.150561347604
-0.149564087391
-0.147776588798
-0.145225092769
-0.141939774156
-0.137955248356
-0.133314236999
-0.12805737555
-0.12222224474
-0.115855507553
-0.108961351216
-0.101571880281
-0.0938047543168
-0.0857142582536
-0.0773397982121
-0.0687326863408
-0.0599461682141
-0.0510241352022
-0.0420271493495
-0.0330037511885
-0.0240069646388
-0.0150902261958
-0.00630667898804
0.00228707352653
0.0106402076781
0.0187107082456
0.02644180879
0.0337854325771
0.0407007075846
0.0471422001719
0.0530684441328
0.058441862464
0.0632259324193
0.0673918426037
0.0709046944976
0.0737400129437
0.0758766755462
0.0772977918386
0.0779895484447
0.0779256299138
0.0771201848984
0.0755763277411
0.0732937902212
0.0702806413174
0.0665530487895
0.0621311292052
0.0570377968252
0.0512936152518
0.0449335314333
0.037991348654
0.0305096358061
0.0225320979953
0.0141048552468
0.00528441090137
-0.00388251058757
-0.0133444676176
-0.0230378303677
-0.0329020023346
-0.0428875871003
-0.0529200211167
-0.0629470869899
-0.0729049295187
-0.0827300399542
-0.0923543572426
-0.101715877652
-0.110757887363
-0.119419544935
-0.127637058496
-0.135360345244
-0.142538100481
-0.149129748344
-0.155093684793
-0.160393506289
-0.165008887649
-0.168903186917
-0.171889856458
-0.174124285579
-0.175582081079
-0.176243960857
-0.176088258624
-0.175093650818
-0.173254668713
-0.170584529638
-0.167098611593
-0.162827581167
-0.157808750868
-0.152097135782
-0.145575866103
-0.138322964311
-0.130426347256
-0.121913589537
-0.112804524601
-0.103141307831
-0.0929812043905
-0.0824021175504
-0.0714774280787
-0.0602810941637
-0.0487116463482
-0.0368941947818
-0.0248675812036
-0.0126799447462
-0.000411760149291
0.011862039566
0.0240703690797
0.036161262542
0.0480668693781
0.0598556287587
0.0714878439903
0.0828788504004
0.0939449593425
0.104626201093
0.114917516708
0.124664604664
0.13399811089
0.142950326204
0.15140093863
0.159282505512
0.166606813669
0.173371806741
0.179357305169
0.184905782342
0.189869642258
0.194179147482
0.197888791561
0.201031088829
0.203332409263
0.205172911286
0.206405520439
0.207011908293
0.207142174244
0.206564202905
0.205421745777
0.203790470958
0.201600581408
0.198984116316
0.195916295052
0.192246213555
0.188206911087
0.183721363544
0.178941756487
0.173840746284
0.168281584978
0.162440344691
0.156296417117
0.15005454421
0.143506526947
0.136726349592
0.129736632109
0.12264174968
0.115597516298
0.10827293247
0.100875660777
0.0934152379632
0.0861065909266
0.0787011757493
0.0712629333138
0.0638298094273
0.0565789341927
0.049423892051
0.042263045907
0.0351746678352
0.0283084642142
0.0216313377023
0.0150012793019
0.00849760137498
0.0022584432736
-0.00375519902445
-0.0096846614033
-0.0154256206006
-0.0208815596998
-0.0260939002037
-0.0312091223896
-0.0360779799521
-0.0406433679163
-0.045028924942
-0.0492526702583
-0.0532189197838
-0.056877091527
-0.0604142248631
-0.0637198239565
-0.0667799413204
-0.0695790797472
-0.0722395256162
-0.0746736526489
-0.0768205821514
-0.0788306966424
-0.080627143383
-0.0822409242392
-0.0835754349828
-0.0847853496671
-0.0858096554875
-0.0865920260549
-0.0872334316373
-0.0876884236932
-0.0880373418331
-0.0880877450109
-0.0880475491285
-0.0878517255187
-0.0875026285648
-0.0869871005416
-0.0863298326731
-0.0855970606208
-0.0846462696791
-0.0836029276252
-0.08242367208
-0.0812366083264
-0.0797839686275
-0.0782894045115
-0.0766862109303
-0.0750950351357
-0.0732774883509
-0.0714319869876
-0.0695022568107
-0.0675876438618
-0.0655338838696
-0.063444674015
-0.0613021291792
-0.0591523945332
-0.057008292526
-0.0547854304314
-0.0525622032583
-0.0503280609846
-0.0481370911002
-0.0459754765034
-0.0437937602401
-0.0416533462703
-0.0395497642457
-0.037510085851
-0.0355694927275
-0.0336745455861
-0.0318498015404
-0.0301227364689
-0.0284946393222
-0.026977814734
-0.025591256097
-0.0243490040302
-0.0232419371605
-0.0222591180354
-0.021435117349
-0.020773999393
-0.0202811807394
-0.0199603009969
-0.0198142044246
-0.0198455825448
-0.0200570542365
-0.0204490590841
-0.0210178233683
-0.0217593442649
-0.0226685684174
-0.0237397570163
-0.0249618887901
-0.0263219941407
-0.0278075709939
-0.0294035281986
-0.0310911778361
-0.032849483192
-0.0346561037004
-0.0364861153066
-0.0383117794991
-0.0401024706662
-0.0418270044029
-0.0434521436691
-0.0449498780072
-0.0462954267859
-0.0474554114044
-0.0483075454831
-0.0489055514336
-0.049196459353
-0.0491310618818
-0.0486837103963
-0.0478540696204
-0.0464804470539
-0.0446882732213
-0.0424053408206
-0.0396028272808
-0.036234781146
-0.0323598869145
-0.0279851388186
-0.0230645090342
-0.0175843015313
-0.0117027200758
-0.00536791747436
0.00146094930824
0.0085724350065
0.0159648060799
0.0237132851034
0.0315378978848
0.0394539237022
0.0474945120513
0.0553557947278
0.0631624609232
0.0706862583756
0.0778407678008
0.0847164765
0.091000251472
0.0968384221196
0.101911768317
0.106327675283
0.110032521188
0.112900495529
0.114989869297
0.116173192859
0.116555988789
0.115968808532
0.114662215114
0.112310186028
0.109312266111
0.105405814946
0.100905172527
0.0956265032291
0.0898658931255
0.0834650546312
0.0767266303301
0.0695032328367
0.062093950808
0.0543576367199
0.0465824119747
0.0386442169547
0.0307849813253
0.0229208245873
0.0152140026912
0.00766315450892
0.000305211346131
-0.00676030060276
-0.0136212687939
-0.0201102849096
-0.0263857319951
-0.0322608537972
-0.0379149019718
-0.0431777983904
-0.0482198670506
-0.0529026053846
-0.0573614910245
-0.0615133717656
-0.0654182359576
-0.0690836980939
-0.0724533200264
-0.075659789145
-0.0784870237112
-0.0811774432659
-0.0834854394197
-0.0856135934591
-0.0873566195369
-0.0888573974371
-0.0899553373456
-0.0907469540834
-0.091106466949
-0.0911025553942
-0.0906347855926
-0.0897595882416
-0.0883930400014
-0.0866022780538
-0.084294423461
-0.0815955772996
-0.0783406496048
-0.0747524872422
-0.0706353113055
-0.066227696836
-0.0613905377686
-0.0563337877393
-0.0509305298328
-0.0454076752067
-0.0396734364331
-0.0338549055159
-0.028020856902
-0.0221308153123
-0.0164025854319
-0.0107178008184
-0.00525665748864
-1.95817556232e-05
0.00502069992945
0.00969408452511
0.0140947084874
0.0181597098708
0.0218271259218
0.0251862108707
0.028160199523
0.030761513859
0.0330420769751
0.0349994637072
0.0366355851293
0.0379893407226
0.0391492396593
0.0400102436543
0.0407204739749
0.0412750393152
0.0417448282242
0.0420906580985
0.0423969514668
0.0426900051534
0.0429888255894
0.0433443933725
0.0437532104552
0.0442146994174
0.0447931773961
0.0454821176827
0.046289935708
0.0472297184169
0.0483143217862
0.049553591758
0.0508792474866
0.0523215308785
0.0538859628141
0.0555550158024
0.057313144207
0.0591387785971
0.0610143467784
0.0629209429026
0.0648377165198
0.0667417868972
0.0686101466417
0.0704204067588
0.0721497312188
0.0737737640738
0.0752691105008
0.0766139701009
0.0777857974172
0.078765720129
0.0795332491398
0.0800693705678
0.0803572237492
0.0803829208016
0.0801332369447
0.0795962586999
0.0787637159228
0.0776349008083
0.0762095600367
0.074490994215
0.0724718719721
0.0700743943453
0.0673894509673
0.0644115060568
0.061137471348
0.0575668849051
0.0537130832672
0.0495923571289
0.045231256634
0.0406539291143
0.0358825661242
0.0308646205813
0.0256613064557
0.0202789381146
0.0147392721847
0.00907461345196
0.00332476315089
-0.00247965217568
-0.00831148866564
-0.0141795761883
-0.0200915522873
-0.0260070562363
-0.0318782217801
-0.0376687198877
-0.0433496460319
-0.0488790608943
-0.0542593747377
-0.0595347508788
-0.0646380782127
-0.0695219412446
-0.0741614848375
-0.0785758644342
-0.0826046839356
-0.0864083915949
-0.0899446383119
-0.0931499004364
-0.0959994867444
-0.098517678678
-0.100639596581
-0.102339245379
-0.103712946177
-0.104692317545
-0.105252675712
-0.105420894921
-0.105252735317
-0.104545533657
-0.103468962014
-0.102009236813
-0.100138992071
-0.0978714674711
-0.0952489227057
-0.0923250094056
-0.0889286026359
-0.0852144882083
-0.0811851024628
-0.0768360048532
-0.0721953213215
-0.0673061981797
-0.0622175373137
-0.056969281286
-0.0514562353492
-0.0458065010607
-0.0400381572545
-0.0341768600047
-0.0282605737448
-0.0223384685814
-0.0164479482919
-0.0106329368427
-0.00492698699236
0.000631861039437
0.00602331897244
0.0112175475806
0.0161827728152
0.0208765733987
0.0252663120627
0.0293257888407
0.0330204628408
0.0363228470087
0.0392102450132
0.0416666232049
0.0436793975532
0.0452337749302
0.0463205575943
0.0469398647547
0.0470917783678
0.0467764213681
0.0459655858576
0.0447011590004
0.0429992303252
0.0408757477999
0.0383452773094
0.0354358293116
0.032175745815
0.0285933110863
0.0247254297137
0.0206037797034
0.016273047775
0.0117724919692
0.00714640924707
0.00243683904409
-0.00230811000802
-0.00704434141517
-0.011722731404
-0.0162980593741
-0.0207282155752
-0.0249643363059
-0.0289656016976
-0.0326903574169
-0.0361009053886
-0.0391639880836
-0.0418416820467
-0.044105194509
-0.0459331907332
-0.0473027676344
-0.0481918826699
-0.0485891737044
-0.0484894141555
-0.0478871278465
-0.046778164804
-0.0451707877219
-0.0430767610669
-0.0405094213784
-0.0374838151038
-0.0340111926198
-0.0301329996437
-0.0258876327425
-0.0213106181473
-0.016438646242
-0.0113166105002
-0.0059900265187
-0.0005016742507
0.00509932311252
0.0107630891725
0.0164392925799
0.0220750700682
0.0276228506118
0.0330299250782
0.0382463634014
0.0432309880853
0.0479343123734
0.0523182488978
0.0563394241035
0.0599649511278
0.0631403699517
0.0658067688346
0.0679755061865
0.0696307569742
0.0707570686936
0.0713369473815
0.0713609978557
0.0708303898573
0.0697481483221
0.0681177675724
0.0659530982375
0.0632765069604
0.0601137205958
0.0564845353365
0.0524268634617
0.0479331016541
0.0430786423385
0.0379239879549
0.032509919256
0.0268833469599
0.0210893452168
0.0151755418628
0.0091924443841
0.0031910398975
-0.00277779414319
-0.00866246782243
-0.0144209228456
-0.0200006980449
-0.0253290757537
-0.0303575098515
-0.0350547730923
-0.0393803529441
-0.0432938821614
-0.0467716977
-0.0497812405229
-0.052298527211
-0.0543054975569
-0.0557938031852
-0.056755527854
-0.057184394449
-0.0570555478334
-0.0563522092998
-0.0551336072385
-0.0534075982869
-0.0511955171824
-0.0485151037574
-0.0453899726272
-0.0418477170169
-0.0379245430231
-0.0336592048407
-0.0290872026235
-0.0242527127266
-0.019199674949
-0.013955953531
-0.00860801711679
-0.00320064951666
0.00222072354518
0.00761257205158
0.0129247270525
0.018117858097
0.0231436118484
0.0279613379389
0.0325353518128
0.0368255823851
0.0408042520285
0.0444349460304
0.0476323775947
0.0504179559648
0.0527696572244
0.0546681135893
0.0561036802828
0.0570663027465
0.0575473792851
0.0575458407402
0.0570693574846
0.0561257377267
0.0547242611647
0.0528827086091
0.0506233684719
0.0479690693319
0.0449391417205
0.041526388377
0.0378138050437
0.0338325947523
0.0296176075935
0.0252044573426
0.0206334162503
0.0159407407045
0.0111678596586
0.00635327305645
0.00154193420894
-0.00323015172035
-0.00792419631034
-0.012498694472
-0.0169189032167
-0.0211486089975
-0.0251581240445
-0.0289146024734
-0.0323911719024
-0.0355586931109
-0.0383998826146
-0.0408937968314
-0.0430203601718
-0.0447475127876
-0.0460878163576
-0.0470368601382
-0.0475910454988
-0.0477491356432
-0.0475188679993
-0.0469093024731
-0.0459288619459
-0.044589869678
-0.0429126806557
-0.0409158617258
-0.0386201813817
-0.0360482372344
-0.0332293920219
-0.0301906671375
-0.0269600655884
-0.0235668905079
-0.0200451705605
-0.0164255257696
-0.0127416532487
-0.00902363937348
-0.00530545040965
-0.00161702814512
0.0020084423013
0.00554092787206
0.0089528337121
0.0122173978016
0.0153083326295
0.0182027257979
0.0208781026304
0.0233066249639
0.0254771020263
0.0273749269545
0.0289893858135
0.0303109120578
0.0313313603401
0.0320416986942
0.0324397310615
0.0325258597732
0.0323006957769
0.0317653790116
0.0309265237302
0.029795402661
0.0283851381391
0.0267091095448
0.0247835181653
0.0226291045547
0.0202571097761
0.0176724214107
0.0149059612304
0.0119779640809
0.00890519283712
0.00571284303442
0.00242520333268
-0.000932637020014
-0.00433322647586
-0.00775019451976
-0.0111631723121
-0.0145426020026
-0.0178977660835
-0.0212070588022
-0.0244429204613
-0.027577701956
-0.0305863395333
-0.0334558486938
-0.0361771993339
-0.0386928170919
-0.0410680770874
-0.0432695969939
-0.0452702194452
-0.0470567792654
-0.0486433394253
-0.0499783270061
-0.0510889068246
-0.0520023666322
-0.0526857823133
-0.0531374700367
-0.0533980242908
-0.0533766485751
-0.0531636103988
-0.0527450181544
-0.0521106123924
-0.0513117089868
-0.0502926111221
-0.0490922294557
-0.0477192662656
-0.0461821146309
-0.0445601828396
-0.0427181273699
-0.0407677926123
-0.0386901013553
-0.0365473590791
-0.0343069545925
-0.031961068511
-0.0295265130699
-0.0270693805069
-0.0245814528316
-0.0220201313496
-0.0194125846028
-0.0168304145336
-0.0142544498667
-0.0116406641901
-0.00902965478599
-0.00649281218648
-0.00397689407691
-0.00145793787669
0.00100503279828
0.00336770527065
0.00569521868601
0.00798651296645
0.0101799843833
0.0122611774132
0.0143026709557
0.016260586679
0.0181055683643
0.0198272857815
0.0214971378446
0.0230542719364
0.0244811605662
0.0258166305721
0.0270590260625
0.0281902961433
0.0291791260242
0.0300948303193
0.0308978352696
0.031608581543
0.0321653746068
0.0326582342386
0.0330441296101
0.0333431661129
0.0335206277668
0.033627346158
0.0336452536285
0.0335936695337
0.0334403738379
0.0332292057574
0.0329490825534
0.0326344445348
0.032222636044
0.0317823812366
0.0312948487699
0.0307984706014
0.030244557187
0.0296745281667
0.0290889237076
0.028496529907
0.027933947742
0.0273320302367
0.0267554987222
0.0261969733983
0.0256609860808
0.0251691099256
0.0247133933008
0.0242734663188
0.0238882210106
0.0235518850386
0.0232652574778
0.0230344925076
0.0228674411774
0.0227530114353
0.0226748101413
0.0226608384401
0.0227033607662
0.0227964520454
0.022935859859
0.023116948083
0.0233333949
0.0235790070146
0.0238468404859
0.0241282042116
0.0244129784405
0.0246898029
0.024946955964
0.0251719243824
0.0253519769758
0.025473896414
0.0255240108818
0.025488877669
0.0253562498838
0.025113530457
0.0247475560755
0.0242453031242
0.0235968530178
0.0227907653898
0.0218154229224
0.0206650309265
0.0193367581815
0.0178295709193
0.0161077361554
0.0142256487161
0.0121820895001
0.00997443590313
0.00760845141485
0.00509162433445
0.00246153026819
-0.000236783263972
-0.0029952544719
-0.00580729590729
-0.00863117258996
-0.0113928327337
-0.0140721164644
-0.0166756305844
-0.0191087592393
-0.0213377699256
-0.023341178894
-0.0250960979611
-0.0265257377177
-0.0276168882847
-0.0283617917448
-0.0287013780326
-0.0286375321448
-0.0281544085592
-0.0272496249527
-0.0259262304753
-0.0241644959897
-0.0220402181149
-0.0195388421416
-0.0166635867208
-0.013539204374
-0.0101143456995
-0.00653436500579
-0.00280693708919
0.00101923698094
0.00479937205091
0.00857357494533
0.0121543100104
0.0155647918582
0.0186643656343
0.0214068703353
0.023760067299
0.0256081875414
0.0269538238645
0.0277098976076
0.027873782441
0.0273726396263
0.0262445993721
0.0244240239263
0.021985983476
0.0188686791807
0.0151939345524
0.0108849257231
0.00611653039232
0.00082557881251
-0.00482844049111
-0.0108190979809
-0.0170747768134
-0.0234388094395
-0.029955688864
-0.0363578014076
-0.0427580624819
-0.0488594509661
-0.0547719113529
-0.0602213740349
-0.0652718693018
-0.0697784498334
-0.0736762881279
-0.0769831985235
-0.0795570984483
-0.0814647302032
-0.0825394615531
-0.0828988924623
-0.0824301764369
-0.0812301188707
-0.0792706459761
-0.0765727981925
-0.0732117518783
-0.0691139623523
-0.0645028501749
-0.0593088716269
-0.0536093227565
-0.0475520938635
-0.0410597510636
-0.0343784578145
-0.027492756024
-0.0203936640173
-0.0133425695822
-0.00629276642576
0.00075068231672
0.00755320256576
0.0141463717446
0.0205614008009
0.0265944674611
0.0322413183749
0.0375640280545
0.0424413010478
0.0468411594629
0.0507644899189
0.0542805157602
0.0572611577809
0.0597614124417
0.0617866739631
0.0633566975594
0.0645465552807
0.0652027726173
0.0655026212335
0.0654403939843
0.0650339871645
0.0643228217959
0.0633529573679
0.0621669739485
0.0606912001967
0.0590733513236
0.0573350824416
0.0554998032749
0.0535956695676
0.0516498200595
0.0496895089746
0.047739546746
0.0458250567317
0.0439678020775
0.0421864464879
0.0404981710017
0.0389173999429
0.0374585837126
0.0361334271729
0.0349498465657
0.0339168533683
0.0330441854894
0.0323195010424
0.0317200683057
0.0312825888395
0.0310010444373
0.0308681987226
0.0308763887733
0.0310226548463
0.0313140116632
0.0316914580762
0.0321870706975
0.0328024402261
0.033508874476
0.0343036316335
0.0351669937372
0.0360702946782
0.037059314549
0.0380854718387
0.0391638502479
0.0401997417212
0.0412969775498
0.0423950999975
0.0435112603009
0.0445314347744
0.0455879941583
0.0466039702296
0.047571349889
0.0484801493585
0.0493519194424
0.0501931272447
0.0508739463985
0.0515405610204
0.0521475411952
0.0525984540582
0.0530072934926
0.0533477067947
0.0535204932094
0.0536318793893
0.0536843128502
0.0535379573703
0.0533240027726
0.0530303120613
0.0525868535042
0.0520399995148
0.0513953156769
0.0506195798516
0.0497775748372
0.0487583987415
0.0476341359317
0.0464479438961
0.0451037585735
0.0436847284436
0.0421372056007
0.0404550731182
0.0387400090694
0.0368571728468
0.0349286794662
0.0328619219363
0.0306754931808
0.0284735579044
0.0260976664722
0.0237164795399
0.0211896710098
0.0185863208026
0.0159543883055
0.0131588773802
0.0104051847011
0.00747585762292
0.00456433976069
0.0015528294025
-0.00153965782374
-0.00460015702993
-0.00782282184809
-0.0109608611092
-0.0142576210201
-0.0175199154764
-0.0208230800927
-0.0241974256933
-0.027488945052
-0.0309302657843
-0.0342504680157
-0.0376871973276
-0.041103605181
-0.0444361120462
-0.0478633530438
-0.051150072366
-0.0545510873199
-0.0578342340887
-0.0611028335989
-0.064375013113
-0.0674818903208
-0.0706649944186
-0.0736959427595
-0.0767043977976
-0.0796672105789
-0.0824338048697
-0.0852369740605
-0.0878786295652
-0.0904400795698
-0.092930957675
-0.0952108055353
-0.097477376461
-0.0996111109853
-0.101544037461
-0.103412568569
-0.105083167553
-0.106672845781
-0.108150996268
-0.109338819981
-0.11047077924
-0.11146619916
-0.112220272422
-0.112856432796
-0.113319948316
-0.113621547818
-0.113773033023
-0.113704167306
-0.113495491445
-0.113173611462
-0.112556882203
-0.11182256788
-0.111033730209
-0.109876863658
-0.10862698406
-0.107332982123
-0.105697572231
-0.103956200182
-0.102190308273
-0.10010086745
-0.0979061946273
-0.0957096070051
-0.0932013094425
-0.0906020477414
-0.0879727751017
-0.0851511582732
-0.0822130143642
-0.0792087614536
-0.0761374235153
-0.0729280412197
-0.0696361884475
-0.0663807168603
-0.0629761144519
-0.0595002695918
-0.0560892596841
-0.0525919757783
-0.0490446202457
-0.0454997085035
-0.0420407280326
-0.0385169610381
-0.034986037761
-0.031542532146
-0.0281616449356
-0.0247770939022
-0.0214366950095
-0.0182258859277
-0.015085298568
-0.0119876423851
-0.00897657778114
-0.0061126886867
-0.00336202117614
-0.000682897807565
0.00188565603457
0.00430359179154
0.00656692730263
0.00872906763107
0.0107726352289
0.012668014504
0.0144130829722
0.0160026084632
0.0174844413996
0.0188294295222
0.0200326722115
0.0211004968733
0.0220223516226
0.0228435248137
0.0235446579754
0.0241303443909
0.0246255397797
0.0249858479947
0.0252768453211
0.0254924762994
0.0256337244064
0.0257182046771
0.0257729962468
0.025744266808
0.0257081463933
0.0256615318358
0.0256090592593
0.0255646258593
0.0255480166525
0.0255695749074
0.025599880144
0.0256986506283
0.0258669778705
0.0261076819152
0.0264280512929
0.0268396176398
0.0273545011878
0.027981877327
0.0286802500486
0.0294955130666
0.0304361898452
0.0314972773194
0.0326726175845
0.0339594222605
0.0353549011052
0.0368552319705
0.0384560003877
0.0401515699923
0.0419378653169
0.0437536872923
0.0456357970834
0.0475771836936
0.049558237195
0.0515634007752
0.0535755231977
0.0555739142001
0.0575413405895
0.0594599954784
0.0613125041127
0.0630808621645
0.0647490844131
0.0662999525666
0.0677157118917
0.0689835101366
0.0700865313411
0.0710100233555
0.0717393085361
0.0722508653998
0.0725142806768
0.0725512430072
0.0723503157496
0.0719057768583
0.0712127760053
0.0702671781182
0.0690656229854
0.0676090717316
0.0659020319581
0.0639486387372
0.0617524571717
0.0593250244856
0.0566771812737
0.0538195408881
0.0507673211396
0.0475368127227
0.0441430881619
0.0406078211963
0.0369498766959
0.0331883095205
0.0293452460319
0.0254467986524
0.0215117633343
0.0175667759031
0.0136311985552
0.00973015557975
0.00588694494218
0.00212517287582
-0.0015360385878
-0.00507564703003
-0.00847116485238
-0.0117048928514
-0.0147624015808
-0.0176275465637
-0.0202820450068
-0.0227171853185
-0.0249227527529
-0.0268898122013
-0.0286092218012
-0.0300792939961
-0.0312977358699
-0.0322644002736
-0.0329787731171
-0.0334463603795
-0.0336741618812
-0.033669680357
-0.0334408693016
-0.0330005213618
-0.0323627330363
-0.0315424203873
-0.0305544193834
-0.0294171459973
-0.0281500034034
-0.0267724469304
-0.0253049023449
-0.0237623564899
-0.0221743099391
-0.0205617509782
-0.0189464259893
-0.0173506159335
-0.0157947577536
-0.0143009060994
-0.012888093479
-0.0115761104971
-0.010382716544
-0.00932459067553
-0.00841928087175
-0.00767887756228
-0.0071154050529
-0.00674093514681
-0.00656547909603
-0.00659384578466
-0.00683060567826
-0.00727998185903
-0.00794387888163
-0.00881887879223
-0.00990099646151
-0.011186867021
-0.0126685583964
-0.0143350381404
-0.0161742139608
-0.0181740093976
-0.0203210003674
-0.0225948225707
-0.0249790102243
-0.027453828603
-0.0299990382046
-0.0325921364129
-0.0352116748691
-0.0378325209022
-0.0404341295362
-0.0429929420352
-0.045483071357
-0.047883361578
-0.0501703135669
-0.0523239448667
-0.0543222017586
-0.0561442375183
-0.0577727146447
-0.0591919980943
-0.0603855252266
-0.061339661479
-0.0620420575142
-0.0624860674143
-0.0626636296511
-0.062567718327
-0.0621960945427
-0.0615500882268
-0.0606315173209
-0.0594418905675
-0.0579881221056
-0.056281182915
-0.054330535233
-0.0521467886865
-0.0497461408377
-0.0471448712051
-0.0443589240313
-0.0414100922644
-0.0383148528636
-0.0350963436067
-0.0317779369652
-0.0283784884959
-0.0249238647521
-0.0214353613555
-0.0179342720658
-0.0144425984472
-0.0109845502302
-0.00758349895477
-0.00426016794518
-0.00103258073796
0.00208003190346
0.00506534893066
0.00790504273027
0.010588417761
0.0131053272635
0.0154476445168
0.0176081620157
0.0195794422179
0.0213628020138
0.0229570996016
0.0243628248572
0.0255817472935
0.026622151956
0.0274911522865
0.0281957127154
0.0287463217974
0.0291561242193
0.0294384732842
0.0296067297459
0.0296761058271
0.0296632479876
0.0295847747475
0.029457507655
0.0292983353138
0.0291243996471
0.0289527755231
0.0287884753197
0.0286464430392
0.0285523086786
0.0285199377686
0.0285619217902
0.0286876801401
0.028906064108
0.0292259771377
0.0296538248658
0.0301930420101
0.0308459997177
0.031615935266
0.0325023680925
0.033966075629
0.0332242660224
0.039752278477
0.00518584484234
-0.00100654247217
0.000157591624884
0.0
