-1.31147771754e-05
-9.18660498428e-06
-5.72793396714e-06
-2.67616587735e-06
0.0
2.36316395785e-06
4.44462648375e-06
6.32263754596e-06
8.02849717729e-06
9.60915713222e-06
1.11272156573e-05
1.26139757413e-05
1.41320342664e-05
1.5743993572e-05
1.74811539182e-05
1.94070707948e-05
2.15669097088e-05
2.40397821472e-05
2.6841305953e-05
3.00028132187e-05
3.35868899128e-05
3.76091738872e-05
4.20696560468e-05
4.69840051665e-05
5.2367853641e-05
5.82211941946e-05
6.45000982331e-05
7.1183021646e-05
7.82258575782e-05
8.56129699969e-05
9.32660477702e-05
0.000101138139144
0.000109135384264
0.000117226452858
0.000125289676362
0.000133255292894
0.000141048571095
0.000148544364492
0.0001556800853
0.000162361786352
0.000168482234585
0.000173958265805
0.000178698581294
0.000182624979061
0.000185674740351
0.000187738478417
0.000188784280908
0.000188734484254
0.000187557801837
0.000185207274626
0.000181633033208
0.000176840461791
0.000170811457792
0.000163514836458
0.00015498198627
0.000145222540596
0.000134263522341
0.000122130906675
0.000108856031147
9.4509239716e-05
7.91529018898e-05
6.28266425338e-05
4.56150191894e-05
2.7583224437e-05
8.83195662027e-06
-1.05761891973e-05
-3.05419307551e-05
-5.09822348249e-05
-7.17819930287e-05
-9.2889116786e-05
-0.000114157315693
-0.000135518901516
-0.000156864247401
-0.000178109694389
-0.00019915640587
-0.000219889552682
-0.000240255976678
-0.000260126922512
-0.000279434025288
-0.000298107042909
-0.000316035439027
-0.000333165167831
-0.000349409005139
-0.000364706327673
-0.000379001488909
-0.000392221380025
-0.000404324266128
-0.000415256712586
-0.000424979662057
-0.000433466077084
-0.000440686300863
-0.000446636578999
-0.000451287953183
-0.000454655732028
-0.000456740148365
-0.000457571353763
-0.000457183195977
-0.000455590779893
-0.000452884414699
-0.000449117535027
-0.000444361328846
-0.000438718154328
-0.000432278146036
-0.000425177044235
-0.000417550443672
-0.000409497093642
-0.000401217199396
-0.000392870599171
-0.000384626328014
-0.000376676151063
-0.00036920394632
-0.000362438760931
-0.000356563861715
-0.000351807946572
-0.000348382251104
-0.000346512562828
-0.000346412911313
-0.000348274392309
-0.000352314877091
-0.000358689634595
-0.000367606000509
-0.000379213655833
-0.000393646128941
-0.000410985550843
-0.000431340449722
-0.000454770517536
-0.000481263414258
-0.000510765064973
-0.000543269794434
-0.00057865283452
-0.000616741133854
-0.000657296855934
-0.000700121396221
-0.000744928023778
-0.000791271566413
-0.000838786014356
-0.000886974390596
-0.00093539262889
-0.000983432517387
-0.00103047746234
-0.00107586150989
-0.00111896288581
-0.00115900905803
-0.00119523471221
-0.00122686836403
-0.00125312048476
-0.00127320853062
-0.00128630816471
-0.00129162392113
-0.00128835358191
-0.00127577595413
-0.00125316437334
-0.00121984642465
-0.00117510790005
-0.00111845473293
-0.00104947399814
-0.000967602885794
-0.000872576376423
-0.000764107739087
-0.000642200233415
-0.000506848504301
-0.000357917742804
-0.000195811167941
-2.10300404433e-05
0.000166151367011
0.000365168118151
0.00057501194533
0.000794968393166
0.00102381734177
0.0012607909739
0.00150434253737
0.00175291218329
0.0020052974578
0.00225980579853
0.00251455698162
0.00276794377714
0.00301799597219
0.0032628304325
0.00350034725852
0.00372872827575
0.00394584191963
0.00414958037436
0.00433816900477
0.00450956914574
0.00466178450733
0.00479304743931
0.00490166805685
0.00498606543988
0.00504465168342
0.00507602281868
0.00507911946625
0.00505304383114
0.00499683991075
0.00490973284468
0.00479156849906
0.00464238412678
0.00446193106472
0.00425042677671
0.00400867406279
0.00373778492212
0.00343836657703
0.00311171449721
0.00275961728767
0.00238420930691
0.00198703166097
0.00157036620658
0.00113686406985
0.000689314445481
0.000230742807616
-0.000236442283494
-0.000708750740159
-0.00118283194024
-0.00165514275432
-0.00212273839861
-0.00258196308278
-0.00302927312441
-0.00346119399182
-0.00387410726398
-0.00426515983418
-0.00463098241016
-0.00496838102117
-0.00527433492243
-0.00554633932188
-0.00578189222142
-0.00597881712019
-0.00613483786583
-0.00624856213108
-0.00631879549474
-0.00634433748201
-0.00632427632809
-0.00625863997266
-0.00614765007049
-0.00599159160629
-0.00579099263996
-0.00554742617533
-0.00526280608028
-0.00493861082941
-0.00457702018321
-0.00418098829687
-0.00375367864035
-0.00329824141227
-0.00281802937388
-0.00231733033434
-0.0017997729592
-0.00126981234644
-0.000731678970624
-0.000189993399545
0.00035062560346
0.000885520654265
0.0014100454282
0.00191970961168
0.00240977946669
0.00287622818723
0.00331446575001
0.00372071028687
0.0040912614204
0.00442240713164
0.00471073575318
0.00495374714956
0.00514907995239
0.00529444636777
0.00538783799857
0.00542845390737
0.00541576417163
0.00534916110337
0.00522844027728
0.00505470205098
0.00482929078862
0.00455352291465
0.00422911299393
0.00385895511135
0.00344618456438
0.00299393385649
0.00250562606379
0.00198561931029
0.00143847207073
0.000868744216859
0.000281168089714
-0.000318995240377
-0.000926354783587
-0.00153550715186
-0.00214105914347
-0.00273752072826
-0.00331910140812
-0.00388089125045
-0.00441721873358
-0.00492314528674
-0.00539382966235
-0.00582439918071
-0.0062102926895
-0.00654781330377
-0.00683342386037
-0.00706362910569
-0.00723525322974
-0.00734644429758
-0.00739548960701
-0.00738071883097
-0.00730094173923
-0.00715633621439
-0.0069473600015
-0.00667449692264
-0.00633866107091
-0.00594218028709
-0.00548767065629
-0.00497773243114
-0.00441536866128
-0.00380449648947
-0.00315021374263
-0.00245668226853
-0.00172868254595
-0.000971847039182
-0.000191985527636
0.000605102628469
0.00141343194991
0.00222665234469
0.00303833885118
0.00384201924317
0.00463128415868
0.00539985671639
0.00614144373685
0.00684979371727
0.00751883164048
0.00814313627779
0.00871741585433
0.00923638883978
0.00969509966671
0.0100897308439
0.0104168010876
0.0106723736972
0.0108534749597
0.0109584201127
0.0109857497737
0.0109339943156
0.0108022745699
0.0105912638828
0.0103019056842
0.00993518717587
0.00949257146567
0.00897710770369
0.00839209835976
0.00774048641324
0.00702671334147
0.0062554855831
0.00543211167678
0.00456183496863
0.00365025619976
0.00270382734016
0.00172916520387
0.000732920598239
-0.000278706429526
-0.00129757740069
-0.00231707002968
-0.00332999578677
-0.00432931166142
-0.00530814379454
-0.0062596979551
-0.00717715825886
-0.00805398914963
-0.00888481922448
-0.00966321956366
-0.0103839803487
-0.0110418992117
-0.0116330077872
-0.0121535416692
-0.0125997327268
-0.0129683408886
-0.0132577437907
-0.0134662110358
-0.0135923735797
-0.0136353475973
-0.0135957775638
-0.0134745612741
-0.0132726226002
-0.0129912309349
-0.0126335667446
-0.0122026344761
-0.0117015130818
-0.011133749038
-0.0105039961636
-0.00981673412025
-0.00907752662897
-0.00829111877829
-0.00746330339462
-0.00659997714683
-0.00570700503886
-0.00478992378339
-0.00385579839349
-0.00291031086817
-0.00195966847241
-0.00100991840009
-6.67689309921e-05
0.000864525791258
0.00177738210186
0.00266685755923
0.00352830812335
0.00435717403889
0.00514892162755
0.00589979579672
0.00660591712222
0.00726474681869
0.00787335727364
0.00842922460288
0.00893128942698
0.0093779116869
0.00976821035147
0.0101015064865
0.0103782061487
0.0105990124866
0.010764349252
0.0108752697706
0.0109337288886
0.0109417391941
0.0109013374895
0.0108149023727
0.0106853358448
0.0105157056823
0.0103090424091
0.0100683514029
0.00979732349515
0.0094992974773
0.009177765809
0.0088361389935
0.00847757793963
0.00810582377017
0.00772399408743
0.00733530241996
0.00694234203547
0.00654823658988
0.00615555839613
0.00576680479571
0.00538388546556
0.00500844186172
0.00464267795905
0.0042879646644
0.00394518347457
0.00361494789831
0.00329838460311
0.00299585051835
0.00270721386187
0.00243215472437
0.00217074411921
0.0019224206917
0.00168628897518
0.00146138737909
0.00124661135487
0.00104111852124
0.000843413581606
0.000652094953693
0.000465670018457
0.00028288050089
0.000102186117147
-7.7878103184e-05
-0.000258833635598
-0.000441913172835
-0.000628371024504
-0.000819361535832
-0.00101611798164
-0.00121946132276
-0.00143005663995
-0.00164850230794
-0.00187545153312
-0.00211103190668
-0.00235521909781
-0.00260784314014
-0.00286883488297
-0.00313752749935
-0.00341318477876
-0.00369485467672
-0.00398174999282
-0.0042724609375
-0.00456562777981
-0.00485985632986
-0.00515330629423
-0.00544444099069
-0.00573140382767
-0.00601242622361
-0.00628531910479
-0.00654831063002
-0.00679943431169
-0.00703688338399
-0.0072584785521
-0.0074624856934
-0.00764728384092
-0.00781106483191
-0.00795227102935
-0.00806939508766
-0.00816133525223
-0.00822696089745
-0.00826520007104
-0.00827518757433
-0.00825651455671
-0.00820888951421
-0.00813196692616
-0.00802559684962
-0.00789030082524
-0.00772653706372
-0.00753479963169
-0.00731569807976
-0.00707064801827
-0.00680081546307
-0.006507310085
-0.00619187252596
-0.00585620338097
-0.00550213735551
-0.00513140112162
-0.00474632997066
-0.00434895046055
-0.00394150568172
-0.00352602195926
-0.00310516334139
-0.00268103391863
-0.00225574383512
-0.00183202396147
-0.00141190097202
-0.000997310853563
-0.000590746931266
-0.00019411034009
0.000190658814972
0.000562025525142
0.000918006582651
0.00125715043396
0.0015781406546
0.00187960732728
0.00216069957241
0.00242042727768
0.00265807844698
0.00287307240069
0.00306524778716
0.00323437503539
0.00338017963804
0.00350310304202
0.00360358320177
0.00368191162124
0.00373872439377
0.00377492746338
0.00379152595997
0.00378947146237
0.00376986945048
0.00373406358995
0.00368344970047
0.00361939729191
0.00354335736483
0.00345682678744
0.00336142978631
0.00325869675726
0.00315013155341
0.00303734862246
0.00292178778909
0.00280490866862
0.00268824980594
0.00257302704267
0.00246047205292
0.00235177832656
0.00224817544222
0.00215043034405
0.00205933698453
0.00197580899112
0.00190044590272
0.00183356471825
0.00177553470712
0.001726614777
0.00168697175104
0.00165638851468
0.00163471116684
0.00162169593386
0.00161700870376
0.0016200505197
0.00163015245926
0.00164671405219
0.0016689854674
0.00169608986471
0.0017271382967
0.00176124693826
0.00179745722562
0.00183485564776
0.00187250156887
0.00190940510947
0.00194468675181
0.00197758385912
0.0020072942134
0.00203304947354
0.00205419585109
0.00207027932629
0.0020808854606
0.00208559492603
0.00208415370435
0.00207658181898
0.00206290534697
0.00204319390468
0.00201765797101
0.00198678299785
0.00195109657943
0.00191107357386
0.00186741095968
0.00182096555363
0.00177255063318
0.00172313104849
0.0016736012185
0.00162495125551
0.00157826894429
0.001534535666
0.00149475038052
0.00145981414244
0.001430672477
0.00140819314402
0.00139316334389
0.0013861291809
0.00138761976268
0.00139812706038
0.00141797424294
0.00144713104237
0.00148553424515
0.00153312191833
0.00158954400104
0.00165413657669
0.00172617589124
0.0018048560014
0.00188928004354
0.00197809701785
0.00207001925446
0.0021636148449
0.00225741718896
0.00234974129125
0.00243873777799
0.0025226904545
0.00259979302064
0.00266818841919
0.00272596906871
0.00277125719003
0.00280227605253
0.00281733064912
0.00281478720717
0.00279297702946
0.00275041908026
0.0026860057842
0.0025986128021
0.00248706759885
0.00235062767752
0.00218888791278
0.00200152397156
0.00178809231147
0.001548797125
0.00128407671582
0.000994388014078
0.000680575030856
0.000343429419445
-1.55920897669e-05
-0.000395188078983
-0.000793489394709
-0.00120889826212
-0.00163917406462
-0.00208227545954
-0.00253548682667
-0.0029965559952
-0.00346292369068
-0.00393134122714
-0.00439922697842
-0.00486368406564
-0.00532193481922
-0.00577052356675
-0.00620661955327
-0.00662728119642
-0.0070297671482
-0.00741081871092
-0.007767746225
-0.00809781439602
-0.00839870609343
-0.00866772793233
-0.0089025888592
-0.00910115428269
-0.00926177296788
-0.00938261672854
-0.00946211442351
-0.00949895195663
-0.00949236564338
-0.00944167934358
-0.00934620201588
-0.00920561794192
-0.00902019999921
-0.00879052560776
-0.00851690396667
-0.00820014625788
-0.00784153863788
-0.00744291488081
-0.00700565427542
-0.00653162039816
-0.0060230512172
-0.00548296840861
-0.0049136551097
-0.00431796209887
-0.0036988791544
-0.0030603534542
-0.0024054448586
-0.00173771206755
-0.00106068362948
-0.000378867611289
0.000304153072648
0.000984439626336
0.00165827968158
0.00232097017579
0.00296877906658
0.00359773007222
0.00420400919393
0.00478407368064
0.00533353164792
0.00584908993915
0.00632753968239
0.00676590530202
0.00716058863327
0.00750900059938
0.00780892046168
0.00805820990354
0.00825476273894
0.00839671958238
0.0084832739085
0.00851357448846
0.00848675146699
0.00840247422457
0.00826139934361
0.00806413125247
0.00781129160896
0.00750396447256
0.00714454986155
0.00673507060856
0.00627770507708
0.00577517272905
0.00523071875796
0.00464845029637
0.00403169961646
0.00338447396643
0.00271143089049
0.00201725866646
0.00130632019136
0.000584244844504
-0.000143953540828
-0.000872934411746
-0.00159732741304
-0.00231207348406
-0.00301103643142
-0.0036891263444
-0.00434087123722
-0.0049610324204
-0.00554469507188
-0.00608719419688
-0.00658311601728
-0.00702827889472
-0.00741887651384
-0.00775119708851
-0.00802161265165
-0.00822678394616
-0.00836478173733
-0.00843353196979
-0.00843101553619
-0.00835600495338
-0.00820845272392
-0.00798824429512
-0.00769560271874
-0.00733134942129
-0.00689760968089
-0.00639659306034
-0.0058305086568
-0.00520207779482
-0.00451611308381
-0.00377658987418
-0.00298778829165
-0.00215465505607
-0.00128307205159
-0.000378990254831
0.00055211619474
0.00150298036169
0.00246708886698
0.00343747506849
0.00440715719014
0.00536905135959
0.00631593354046
0.00724060973153
0.00813626870513
0.00899509806186
0.00981093756855
0.0105772139505
0.0112873753533
0.0119354370981
0.012516294606
0.0130248414353
0.0134560260922
0.0138058206066
0.0140709206462
0.0142486440018
0.0143361287192
0.0143315382302
0.0142345912755
0.0140450419858
0.013762652874
0.0133883291855
0.012924532406
0.0123735079542
0.0117382993922
0.0110222762451
0.010230416432
0.00936780590564
0.00843952037394
0.00745145278051
0.00641060713679
0.00532402750105
0.0041987542063
0.00304232700728
0.00186291930731
0.000668714288622
-0.0005320951459
-0.00173178839032
-0.00292090605944
-0.0040916679427
-0.00523572554812
-0.00634512165561
-0.00741233397275
-0.00842990819365
-0.00939039792866
-0.0102870864794
-0.0111142545938
-0.0118662556633
-0.0125374216586
-0.013123145327
-0.0136201810092
-0.0140253920108
-0.014335596934
-0.0145488325506
-0.0146647375077
-0.0146829839796
-0.0146032674238
-0.0144265294075
-0.0141552211717
-0.0137918870896
-0.0133391004056
-0.0128004709259
-0.0121809896082
-0.0114856893197
-0.0107196439058
-0.0098886732012
-0.00899963919073
-0.0080594047904
-0.00707485154271
-0.00605331361294
-0.00500259455293
-0.00393055891618
-0.00284505309537
-0.001753947814
-0.000665120314807
0.000413593486883
0.00147432170343
0.00250956835225
0.00351236644201
0.0044757751748
0.00539285270497
0.00625736266375
0.00706399930641
0.00780750345439
0.00848262850195
0.00908507406712
0.00961173977703
0.0100596202537
0.0104256784543
0.0107079455629
0.0109058190137
0.0110187344253
0.0110461302102
0.0109885316342
0.0108477780595
0.0106255970895
0.010323910974
0.00994544476271
0.00949408765882
0.00897375401109
0.00838834419847
0.00774246267974
0.0070414817892
0.00629081670195
0.00549593241885
0.00466259289533
0.00379702914506
0.00290593341924
0.00199468131177
0.00107001583092
0.000138287708978
-0.00079414783977
-0.00172094570007
-0.0026359942276
-0.003533459967
-0.00440759211779
-0.00525217875838
-0.00606273021549
-0.00683415168896
-0.00756176607683
-0.00824090652168
-0.00886755436659
-0.00943855755031
-0.00995074119419
-0.0104007618502
-0.0107866618782
-0.011106771417
-0.0113596851006
-0.0115439835936
-0.0116590475664
-0.0117052020505
-0.0116828670725
-0.0115923723206
-0.011434815824
-0.0112121794373
-0.0109265008941
-0.0105799585581
-0.010174876079
-0.00971475429833
-0.00920297577977
-0.0086429528892
-0.00803851243109
-0.00739431241527
-0.00671410514042
-0.00600257143378
-0.0052642901428
-0.00450412742794
-0.00372732477263
-0.0029380263295
-0.00214143726043
-0.00134243629873
-0.000545875227544
0.000243032962317
0.00102037633769
0.00178143498488
0.002521867631
0.0032369880937
0.00392353395
0.00457774009556
0.00519619416445
0.00577522208914
0.00631253235042
0.00680565368384
0.00725243706256
0.00765055324882
0.00799886416644
0.00829642638564
0.00854252371937
0.00873633753508
0.00887799542397
0.00896809250116
0.00900733564049
0.00899649225175
0.00893685780466
0.00883041042835
0.00867927540094
0.00848533399403
0.00825114455074
0.00797972362489
0.00767425773665
0.00733752828091
0.00697297323495
0.00658445712179
0.00617526751012
0.00574925774708
0.00531039573252
0.00486208265647
0.00440835766494
0.00395327899605
0.0035001274664
0.00305265444331
0.00261461059563
0.00218913005665
0.00177962903399
0.0013891486451
0.00102016457822
0.00067568133818
0.000358220539056
6.93114998285e-05
-0.000189056838281
-0.000414955371525
-0.000607365742326
-0.00076544447802
-0.000888688664418
-0.00097641791217
-0.00102855858859
-0.00104571552947
-0.00102844310459
-0.000977342715487
-0.000893503369298
-0.000778629793786
-0.000634315714706
-0.000462365860585
-0.000264674948994
-4.38396418758e-05
0.000197509871214
0.000457063841168
0.000731838168576
0.0010190726025
0.00131558999419
0.00161825283431
0.00192423560657
0.00223007448949
0.00253291381523
0.0028293132782
0.00311649497598
0.0033912374638
0.0036508901976
0.00389229110442
0.00411298451945
0.00431046588346
0.00448231538758
0.00462632440031
0.00474034948274
0.00482296571136
0.00487252231687
0.00488751055673
0.00486684590578
0.00480989459902
0.00471615046263
0.00458494201303
0.00441629765555
0.00421052519232
0.0039682504721
0.00368971377611
0.00337612070143
0.00302877090871
0.0026489130687
0.0022383632604
0.00179858261254
0.00133226369508
0.000841252331156
0.000328290829202
-0.000204513460631
-0.000753780070227
-0.00131714704912
-0.00189117318951
-0.00247308891267
-0.00305998511612
-0.00364812021144
-0.00423484761268
-0.00481641525403
-0.00539020495489
-0.0059524923563
-0.00650039734319
-0.00703115202487
-0.00754142133519
-0.00802882947028
-0.00849009957165
-0.00892294198275
-0.00932528916746
-0.00969454180449
-0.0100286919624
-0.0103260306641
-0.0105848470703
-0.0108039854094
-0.0109818326309
-0.0111175170168
-0.0112105626613
-0.0112604033202
-0.0112665975466
-0.0112290652469
-0.0111482720822
-0.0110246296972
-0.0108585106209
-0.0106509206817
-0.0104030668736
-0.0101161114872
-0.0097916321829
-0.00943115074188
-0.00903646927327
-0.00860999058932
-0.00815355312079
-0.00766941672191
-0.00715988967568
-0.00662798760459
-0.00607601460069
-0.0055064028129
-0.00492250639945
-0.00432690046728
-0.00372242368758
-0.00311162974685
-0.0024980045855
-0.00188412959687
-0.00127288151998
-0.000666762818582
-6.90423185006e-05
0.00051789736608
0.00109138851985
0.0016489328118
0.00218853726983
0.00270742736757
0.00320361321792
0.00367514044046
0.00412055291235
0.00453779334202
0.00492543587461
0.00528218550608
0.00560711370781
0.00589931057766
0.00615800917149
0.00638240156695
0.00657246587798
0.00672808615491
0.00684912223369
0.00693580647931
0.00698876753449
0.00700854836032
0.00699579808861
0.00695146434009
0.00687677925453
0.00677298847586
0.00664137350395
0.00648333132267
0.00630074832588
0.00609531579539
0.0058687585406
0.00562298111618
0.00536001566797
0.00508191343397
0.00479071494192
0.00448850495741
0.00417746510357
0.00385957001708
0.003537283279
0.00321257696487
0.00288752652705
0.00256423489191
0.00224478100426
0.00193112483248
0.00162513926625
0.00132869335357
0.00104364566505
0.000771704886574
0.000514379818924
0.000273198675131
4.96812208439e-05
-0.00015487759083
-0.000339362100931
-0.000502697075717
-0.000643821258564
-0.000761877046898
-0.000856260128785
-0.000926406879444
-0.000971746630967
-0.000991953653283
-0.0009869877249
-0.000956824223977
-0.000901410414372
-0.000821003108285
-0.000716130132787
-0.000587292597629
-0.000435051100794
-0.000260193075519
-6.38039782643e-05
0.00015305224224
0.000389173044823
0.000643430103082
0.000914174132049
0.00119981437456
0.00149874552153
0.00180921133142
0.00212921551429
0.00245676352642
0.00278987246566
0.00312640657648
0.00346394255757
0.00380055396818
0.00413382519037
0.00446142302826
0.00478101102635
0.00509024877101
0.00538676651195
0.00566814374179
0.00593242421746
0.0061772307381
0.00640034303069
0.00659970985726
0.00677343364805
0.00691957818344
0.00703641632572
0.00712226051837
0.00717580784112
0.00719575677067
0.00718081742525
0.00713004404679
0.00704288715497
0.0069187884219
0.00675721094012
0.00655816495419
0.0063217766583
0.00604845536873
0.00573855778202
0.00539305014536
0.00501283351332
0.00459932489321
0.00415400229394
0.0036780894734
0.00317388353869
0.00264348136261
0.00208922522143
0.0015130226966
0.000917856872547
0.000306769507006
-0.000318054459058
-0.000953416631091
-0.0015958705917
-0.00224291253835
-0.00289108185098
-0.00353722367436
-0.00417786138132
-0.00481041660532
-0.00543108349666
-0.00603740802035
-0.00662618642673
-0.00719421682879
-0.00773916905746
-0.00825810711831
-0.00874847080559
-0.00920841004699
-0.00963512994349
-0.010027108714
-0.0103825889528
-0.0106998933479
-0.0109777934849
-0.0112149259076
-0.0114108826965
-0.0115649150684
-0.0116763804108
-0.0117452191189
-0.0117716100067
-0.0117559060454
-0.011698433198
-0.0115998182446
-0.0114612700418
-0.0112837981433
-0.0110686905682
-0.0108171692118
-0.0105312410742
-0.0102124363184
-0.00986281875521
-0.00948403961957
-0.00907866284251
-0.00864850264043
-0.00819617975503
-0.00772356707603
-0.00723350327462
-0.00672790128738
-0.00620966218412
-0.00568066118285
-0.00514373881742
-0.00460076518357
-0.00405459851027
-0.00350723299198
-0.00296053686179
-0.00241713831201
-0.00187864736654
-0.00134752679151
-0.000825285096653
-0.000313399446895
0.000185874727322
0.000671471119858
0.00114165048581
0.00159534113482
0.00203146552667
0.00244853901677
0.00284596183337
0.00322310393676
0.00357880792581
0.00391282234341
0.00422446522862
0.00451359758154
0.00477986736223
0.0050232312642
0.00524352304637
0.00544094946235
0.00561568140984
0.00576775614172
0.00589767750353
0.00600592046976
0.00609277980402
0.00615883152932
0.0062047438696
0.0062311924994
0.00623879395425
0.00622830912471
0.00620055105537
0.00615631230175
0.0060964608565
0.00602181814611
0.0059332633391
0.00583163229749
0.00571792572737
0.00559297250584
0.00545763177797
0.00531279854476
0.00515935383737
0.00499806320295
0.00482988730073
0.00465556280687
0.00447589624673
0.00429164292291
0.00410352274776
0.00391213968396
0.00371838803403
0.00352280493826
0.00332598132081
0.00312850158662
0.00293094757944
0.00273383455351
0.00253763259389
0.0023427202832
0.00214974535629
0.00195900956169
0.00177088426426
0.00158574117813
0.00140393327456
0.00122578023002
0.00105154886842
0.000881539657712
0.000716017617378
0.000555223901756
0.000399387499783
0.000248716765782
0.000103419013612
-3.63251165254e-05
-0.000170354542206
-0.000298510189168
-0.000420644966653
-0.000536619569175
-0.000646329950541
-0.000749671191443
-0.000846552429721
-0.000936879252549
-0.00102060195059
-0.00109766842797
-0.00116801692639
-0.00123161228839
-0.00128842354752
-0.00133845361415
-0.00138167431578
-0.00141804735176
-0.00144762487616
-0.00147037883289
-0.00148629269097
-0.00149538577534
-0.00149764516391
-0.00149306165986
-0.00148163433187
-0.00146333349403
-0.00143815856427
-0.00140606949572
-0.00136702810414
-0.00132101005875
-0.00126797310077
-0.00120787962805
-0.00114071881399
-0.00106637086719
-0.000984847196378
-0.00089612865122
-0.000800174137112
-0.000697034061886
-0.000586669542827
-0.000469164224342
-0.000344554893672
-0.000213036677451
-7.4671850598e-05
7.02903344063e-05
0.000221634443733
0.000378983095288
0.000542056106497
0.000710348656867
0.000883407425135
0.00106059235986
0.00124135648366
0.00142487208359
0.00161031156313
0.00179700925946
0.00198383256793
0.00216964469291
0.00235362211242
0.00253451382741
0.00271095288917
0.00288184080273
0.00304579222575
0.00320141413249
0.00334743293934
0.00348231149837
0.00360477110371
0.00371334888041
0.00380663876422
0.00388337718323
0.00394212733954
0.00398169038817
0.00400092825294
0.00399873591959
0.00397400790825
0.00392585573718
0.00385357788764
0.00375658017583
0.00363413919695
0.00348599301651
0.00331197096966
0.00311222742312
0.00288655748591
0.00263549736701
0.00235949479975
0.00205956236459
0.00173615303356
0.00139063771348
0.00102415878791
0.000638577272184
0.000235043480643
-0.000184302145499
-0.000617666111793
-0.00106245081406
-0.00151668826584
-0.00197819457389
-0.00244389567524
-0.00291156186722
-0.00337808951735
-0.00384096172638
-0.00429753726348
-0.00474455300719
-0.00517957750708
-0.00559942005202
-0.00600163079798
-0.00638370076194
-0.00674261245877
-0.00707609625533
-0.00738216703758
-0.00765838334337
-0.00790278147906
-0.00811368320137
-0.00828955229372
-0.00842924509197
-0.00853149965405
-0.00859546475112
-0.00862081721425
-0.00860736053437
-0.00855489075184
-0.00846353266388
-0.00833421666175
-0.00816778093576
-0.00796507298946
-0.0077272541821
-0.0074563389644
-0.00715408613905
-0.00682234903798
-0.00646325899288
-0.00607918296009
-0.00567306065932
-0.00524730700999
-0.00480465684086
-0.00434805313125
-0.0038804418873
-0.00340456538834
-0.00292382459156
-0.00244093849324
-0.00195884867571
-0.00148046272807
-0.00100858311635
-0.000545755610801
-9.45023566601e-05
0.000342645333149
0.000763434858527
0.00116621307097
0.00154876476154
0.00190949719399
0.00224692281336
0.00256008817814
0.002848086413
0.00310999550857
0.00334525480866
0.00355385360308
0.00373580004089
0.00389109598473
0.00402008695528
0.0041235787794
0.00420238683
0.00425737351179
0.0042895693332
0.00430041039363
0.00429131370038
0.00426370883361
0.00421913200989
0.00415930896997
0.0040859603323
0.00400081044063
0.00390561041422
0.00380207155831
0.00369191239588
0.00357688590884
0.00345860724337
0.00333861750551
0.00321827107109
0.00309909926727
0.00298240967095
0.00286925025284
0.0027606417425
0.002657672856
0.00256108259782
0.00247147423215
0.00238934601657
0.00231519574299
0.00224940758198
0.00219193147495
0.00214280677028
0.00210205605254
0.00206955336034
0.00204485305585
0.00202759215608
0.00201737694442
0.00201369309798
0.00201587099582
0.00202326243743
0.00203516893089
0.00205092458054
0.00206972495653
0.00209080986679
0.00211339746602
0.00213672686368
0.00216008536518
0.00218273233622
0.00220393645577
0.00222301273607
0.00223942101002
0.00225254846737
0.00226185447536
0.0022668405436
0.00226713065058
0.00226240046322
0.00225229701027
0.0022365427576
0.00221501826309
0.00218763551675
0.00215423572809
0.00211482006125
0.00206942087971
0.00201819022186
0.00196115020663
0.00189849722665
0.001830391353
0.00175711349584
0.00167885050178
0.0015959078446
0.00150850694627
0.00141701160464
0.0013216312509
0.00122275692411
0.0011205796618
0.00101549294777
0.000907763605937
0.000797576911282
0.000685318256728
0.00057114136871
0.000455383764347
0.000338243698934
0.000219847701374
0.000100528341136
-1.95862903638e-05
-0.000140353193274
-0.000261496723397
-0.000382926809834
-0.000504516530782
-0.000625995919108
-0.000747270067222
-0.000868232513312
-0.000988587969914
-0.00110824953299
-0.00122700666543
-0.00134471466299
-0.00146106269676
-0.00157591036987
-0.00168898003176
-0.00180005119182
-0.00190876889974
-0.00201489077881
-0.00211807270534
-0.00221798941493
-0.00231433589943
-0.00240664137527
-0.00249456544407
-0.00257770926692
-0.00265563838184
-0.00272795045748
-0.00279424875043
-0.00285403523594
-0.00290690851398
-0.00295245018788
-0.00299026304856
-0.00301997107454
-0.00304116681218
-0.00305349426344
-0.00305668078363
-0.00305043812841
-0.00303451623768
-0.00300869182684
-0.00297286733985
-0.00292700296268
-0.00287099252455
-0.00280486326665
-0.00272878003307
-0.0026429546997
-0.00254755909555
-0.0024428947363
-0.00232942635193
-0.00220764428377
-0.00207807472907
-0.00194127263967
-0.0017980869161
-0.00164917844813
-0.00149540987331
-0.00133763009217
-0.00117685110308
-0.00101410504431
-0.000850444834214
-0.000686911400408
-0.00052468519425
-0.000364927895134
-0.000208870071219
-5.75235717406e-05
8.78635401023e-05
0.000226130272495
0.000356132397428
0.00047672103392
0.000586874608416
0.000685687467922
0.000772124738432
0.000845275179017
0.000904419575818
0.000948962057009
0.000978214317001
0.000991618609987
0.00098894815892
0.000970023858827
0.000934641226195
0.000882744090632
0.000814671686385
0.000730738509446
0.00063131924253
0.000516995496582
0.00038850583951
0.000246854790021
9.30575261009e-05
-7.19681120245e-05
-0.00024676710018
-0.000429781823186
-0.000619752390776
-0.000814969243947
-0.00101380585693
-0.00121437804773
-0.00141474814154
-0.00161325233057
-0.00180773076136
-0.00199637911282
-0.00217702519149
-0.00234788819216
-0.00250697694719
-0.00265228655189
-0.00278209918179
-0.00289444345981
-0.00298784649931
-0.00306067429483
-0.00311144487932
-0.0031387056224
-0.00314145791344
-0.00311871757731
-0.00306957866997
-0.00299319229089
-0.00288938195445
-0.00275783776306
-0.00259853899479
-0.00241144397296
-0.00219698622823
-0.001956126187
-0.00168942112941
-0.00139759317972
-0.00108236935921
-0.000745156605262
-0.000387321430026
-1.09272396003e-05
0.00038207435864
0.000789605139289
0.00120898499154
0.001638073707
0.00207440461963
0.00251480913721
0.00295674824156
0.00339743727818
0.00383422058076
0.0042637353763
0.00468327244744
0.00508997123688
0.00548103498295
0.00585387181491
0.0062054079026
0.0065331440419
0.00683472072706
0.00710791349411
0.00735053466633
0.00756023591384
0.0077355382964
0.00787491351366
0.00797688402236
0.00804007891566
0.00806353148073
0.00804697908461
0.00798984616995
0.00789177697152
0.00775303179398
0.00757418433204
0.00735569279641
0.00709820399061
0.00680305017158
0.00647175731137
0.00610581971705
0.00570689234883
0.00527720712125
0.00481917336583
0.00433518784121
0.00382776069455
0.00329983630218
0.00275449338369
0.00219482788816
0.00162394403014
0.00104522053152
0.00046214350732
-0.000121867145936
-0.000703329977114
-0.00127879320644
-0.00184476014692
-0.00239776191302
-0.00293437275104
-0.00345136318356
-0.00394563889131
-0.0044142906554
-0.0048537957482
-0.0052618063055
-0.00563594372943
-0.00597374234349
-0.00627292506397
-0.00653187325224
-0.00674915593117
-0.00692347297445
-0.00705332076177
-0.00713841058314
-0.00717849750072
-0.00717342179269
-0.00712313363329
-0.00702845863998
-0.0068905223161
-0.00671041104943
-0.00648930342868
-0.00622946349904
-0.00593312224373
-0.00560246547684
-0.00524025503546
-0.00484948372468
-0.00443324167281
-0.00399528397247
-0.00353859970346
-0.00306743616238
-0.0025852881372
-0.00209657521918
-0.00160480896011
-0.0011145148892
-0.000629278947599
-0.000153455461259
0.000308704038616
0.000753858592361
0.00117807800416
0.00157749524806
0.00194891809952
0.00228911405429
0.00259529682808
0.00286466721445
0.00309445196763
0.00328308227472
0.00342891714536
0.00353048113175
0.00358640193008
0.00359636708163
0.0035603994038
0.00347849330865
0.00335092889145
0.0031789271161
0.00296408659779
0.00270807510242
0.00241247960366
0.00208032946102
0.00171451771166
0.00131792831235
0.000894128112122
0.000446539692348
-2.02227129193e-05
-0.000502470938955
-0.000995546462946
-0.00149538158439
-0.00199702056125
-0.00249577360228
-0.00298668560572
-0.00346560846083
-0.00392766669393
-0.00436822883785
-0.00478274794295
-0.00516715180129
-0.00551752187312
-0.00583000760525
-0.0061008175835
-0.00632717600092
-0.00650627585128
-0.00663572037593
-0.00671313051134
-0.00673718377948
-0.00670717097819
-0.00662223761901
-0.00648181838915
-0.00628666346893
-0.00603779917583
-0.00573651213199
-0.00538434414193
-0.00498355180025
-0.00453737191856
-0.00404890440404
-0.00352138769813
-0.00295901764184
-0.00236639729701
-0.00174785382114
-0.00110867421608
-0.000453826447483
0.000211470221984
0.00088106340263
0.00155005068518
0.00221216841601
0.00286240596324
0.00349446362816
0.00410334952176
0.00468359980732
0.00523022841662
0.0057382802479
0.00620287191123
0.00662008766085
0.00698637682945
0.00729824230075
0.00755238626152
0.00774650089443
0.0078792553395
0.00794896110892
0.00795438885689
0.00789566617459
0.00777349574491
0.0075886901468
0.00734223658219
0.00703653041273
0.00667466968298
0.00625968538225
0.00579481013119
0.00528449751437
0.00473345024511
0.00414716964588
0.00353047600947
0.0028889675159
0.00222915201448
0.00155761174392
0.00087994633941
0.000203013769351
-0.000466580153443
-0.00112220435403
-0.00175731978379
-0.00236572185531
-0.00294168526307
-0.00347864045762
-0.00397121114656
-0.00441405456513
-0.00480313086882
-0.00513375783339
-0.00540154892951
-0.00560402357951
-0.00573891075328
-0.0058040576987
-0.00579760130495
-0.00571945495903
-0.00557032367215
-0.00535075319931
-0.00506189325824
-0.0047063017264
-0.00428764009848
-0.00380970607512
-0.00327584659681
-0.00269172084518
-0.00206338614225
-0.00139657256659
-0.000698189600371
2.47260668402e-05
0.000764761876781
0.0015133745037
0.00226345914416
0.00300639495254
0.00373380049132
0.00443726684898
0.00510847615078
0.0057396129705
0.0063229878433
0.00685118697584
0.00731623684987
0.00771253043786
0.00803400482982
0.00827539712191
0.00843126699328
0.00849845539778
0.00847454369068
0.00835707783699
0.00814403407276
0.00783623289317
0.00743495905772
0.00694207893685
0.00635923352093
0.00569150550291
0.0049446108751
0.00412432802841
0.00323691777885
0.00229071383364
0.00129624281544
0.000262091023615
-0.000800667505246
-0.00188126263674
-0.00296671618707
-0.00404461286962
-0.00510232988745
-0.00612642103806
-0.00710375793278
-0.00801959540695
-0.00886135920882
-0.00961550977081
-0.0102684879676
-0.0108078271151
-0.0112213296816
-0.0114982202649
-0.0116287134588
-0.0116027947515
-0.0114114563912
-0.0110487183556
-0.0105096511543
-0.00978928525001
-0.00888389628381
-0.00779411010444
-0.00652154861018
-0.0050670071505
-0.00343509949744
-0.00163223047275
0.000331731280312
0.00244769803248
0.00470502628013
0.00708815315738
0.00958057679236
0.0121671166271
0.0148286232725
0.0175417289138
0.0202862806618
0.023038206622
0.0257737245411
0.0284677129239
0.0310907028615
0.0336183346808
0.0360210798681
0.0382734909654
0.0403465405107
0.0422123596072
0.0438445694745
0.0452162995934
0.0463037528098
0.047080822289
0.04752503708
0.0476170144975
0.0473383627832
0.0466706864536
0.0455980338156
0.0441126897931
0.0422050543129
0.0398676283658
0.0370965264738
0.0338958390057
0.0302705168724
0.0262234006077
0.0217682663351
0.0169194098562
0.0116981863976
0.00612391484901
0.000221093054279
-0.00597760872915
-0.0124420132488
-0.0191326104105
-0.0260178484023
-0.0330500379205
-0.0401841849089
-0.0473752506077
-0.0545785352588
-0.061735060066
-0.0687991827726
-0.0757150352001
-0.08242944628
-0.088888451457
-0.0950381085277
-0.10082706809
-0.10619828105
-0.111107937992
-0.11550462991
-0.119339689612
-0.12257167697
-0.125160753727
-0.127072706819
-0.128269508481
-0.128725111485
-0.128419876099
-0.127335846424
-0.125455141068
-0.122770369053
-0.119286298752
-0.115007124841
-0.109937869012
-0.104096658528
-0.0975118428469
-0.0902082100511
-0.0822179540992
-0.0735833346844
-0.064355365932
-0.0545850805938
-0.0443193838
-0.033630464226
-0.0225769486278
-0.0112326489761
0.000332971219905
0.0120500540361
0.0238285455853
0.0356009453535
0.0472826771438
0.0587947443128
0.0700580254197
0.0809934735298
0.0915280282497
0.10158444941
0.11109367013
0.119986638427
0.12819634378
0.135672345757
0.142357051373
0.148207962513
0.153174996376
0.157229185104
0.160348877311
0.16250641644
0.163686111569
0.1638866961
0.163075879216
0.161297023296
0.158565148711
0.154907315969
0.150360584259
0.14496023953
0.138746514916
0.131771534681
0.124101735651
0.115788057446
0.106897242367
0.0975025594234
0.0876788496971
0.0775009915233
0.067040450871
0.0563881024718
0.0456147678196
0.0348068848252
0.0240445006639
0.0134003544226
0.00296211941168
-0.00719782523811
-0.0170110724866
-0.0264074392617
-0.0353222414851
-0.0436908490956
-0.0514566712081
-0.0585746429861
-0.0650032386184
-0.0706921964884
-0.0756136253476
-0.0797448530793
-0.0830652937293
-0.0855591744184
-0.0872187837958
-0.0880517810583
-0.0880652368069
-0.0872681438923
-0.0856812596321
-0.0833395496011
-0.0802744776011
-0.0765233337879
-0.072128713131
-0.0671474039555
-0.0616345703602
-0.055646032095
-0.0492460951209
-0.0425044223666
-0.0354872532189
-0.0282712932676
-0.0209267102182
-0.0135251553729
-0.00614898884669
0.00113393587526
0.00824431329966
0.0151179544628
0.021680245176
0.0278614703566
0.0335980057716
0.0388381890953
0.043521489948
0.0475931428373
0.051012750715
0.0537442266941
0.055751401931
0.056989390403
0.0574542917311
0.0571401827037
0.0560383312404
0.0541444271803
0.0514762550592
0.0480523295701
0.0438919700682
0.0390206947923
0.0334808267653
0.027314260602
0.0205720495433
0.0133019220084
0.00556707847863
-0.00256772618741
-0.0110376598313
-0.0197784882039
-0.028706567362
-0.0377500765026
-0.0468330197036
-0.0558789893985
-0.0648110061884
-0.0735519900918
-0.0820249542594
-0.0901565775275
-0.0978786274791
-0.105123132467
-0.111822277308
-0.117916442454
-0.12335281074
-0.128086432815
-0.132064908743
-0.135250672698
-0.137616738677
-0.139139413834
-0.139792248607
-0.139565289021
-0.138460099697
-0.136478200555
-0.133622005582
-0.129909172654
-0.125365495682
-0.120023466647
-0.113913394511
-0.107072666287
-0.0995549336076
-0.0914111882448
-0.0826977938414
-0.0734687671065
-0.0638000816107
-0.0537545681
-0.043394997716
-0.0328042507172
-0.0220523122698
-0.0112140439451
-0.000369548099115
0.0104182707146
0.0210707690567
0.0315093249083
0.0416675657034
0.051486004144
0.060885373503
0.0698005855083
0.0781770497561
0.085976138711
0.0931499898434
0.099652081728
0.105447113514
0.110514111817
0.114828385413
0.11837220192
0.121130637825
0.123108737171
0.124310180545
0.124741122127
0.124413304031
0.123354151845
0.121593765914
0.119159378111
0.11608684808
0.112424723804
0.108219534159
0.103519141674
0.0983754247427
0.0928496569395
0.0869957581162
0.0808782503009
0.0745544731617
0.0680856108665
0.0615360029042
0.0549607686698
0.048424359411
0.0419783033431
0.035676997155
0.0295747071505
0.0237218216062
0.0181531962007
0.0129140680656
0.00804370269179
0.00356792006642
-0.000489711645059
-0.00410670088604
-0.0072645265609
-0.00995219219476
-0.012171539478
-0.0139199737459
-0.0151986582205
-0.0160176195204
-0.016394590959
-0.0163474828005
-0.0158948451281
-0.01506267488
-0.0138828027993
-0.0123853329569
-0.0106032555923
-0.0085715688765
-0.00632955739275
-0.00391320232302
-0.00136295321863
0.00128286809195
0.00398870464414
0.00671385694295
0.00942196138203
0.0120792156085
0.0146525166929
0.0171125140041
0.0194247215986
0.0215685144067
0.0235207639635
0.0252615492791
0.0267710760236
0.0280373543501
0.0290537904948
0.0298110470176
0.0303039792925
0.0305338837206
0.0305060464889
0.030225481838
0.0296986233443
0.0289383847266
0.0279600825161
0.0267795436084
0.0254124272615
0.0238787587732
0.0222005844116
0.020398478955
0.0184937734157
0.0165093261749
0.0144662503153
0.0123865446076
0.0102926502004
0.00820206105709
0.00613258872181
0.00410296255723
0.00212863157503
0.000220639049076
-0.00161044520792
-0.00335581228137
-0.00500741228461
-0.00656326394528
-0.00802467949688
-0.00939148850739
-0.0106665501371
-0.0118584837765
-0.0129769239575
-0.0140326209366
-0.0150369685143
-0.0160057097673
-0.0169565826654
-0.0179063919932
-0.0188737343997
-0.0198769643903
-0.0209369659424
-0.022073790431
-0.0233070235699
-0.0246542003006
-0.0261329058558
-0.0277621969581
-0.0295570343733
-0.0315287671983
-0.033688724041
-0.0360474511981
-0.0386121943593
-0.0413838140666
-0.0443643629551
-0.0475506559014
-0.0509395040572
-0.0545207113028
-0.0582807958126
-0.0622044019401
-0.0662773698568
-0.0704732909799
-0.0747676119208
-0.0791319534183
-0.0835400223732
-0.0879565104842
-0.0923426672816
-0.0966617017984
-0.100869521499
-0.104931749403
-0.10880304873
-0.112443134189
-0.115807011724
-0.118854306638
-0.121542178094
-0.123826287687
-0.125665634871
-0.127024844289
-0.127868235111
-0.128159657121
-0.127866342664
-0.126963526011
-0.125430077314
-0.123245254159
-0.120389282703
-0.116855569184
-0.112643815577
-0.107750363648
-0.102175213397
-0.0959363654256
-0.0890515968204
-0.0815449729562
-0.0734355822206
-0.0647601932287
-0.0555662401021
-0.0458922460675
-0.03578742221
-0.0253031011671
-0.0145007474348
-0.00344726978801
0.00780048873276
0.0191731378436
0.0305919423699
0.0419894978404
0.0532926619053
0.0644216910005
0.0753071010113
0.085868909955
0.0960378721356
0.105744510889
0.114918388426
0.123502254486
0.131418779492
0.138624951243
0.145066991448
0.150701701641
0.155480861664
0.159375339746
0.162365347147
0.164431363344
0.165553882718
0.165730312467
0.164972320199
0.163290783763
0.160699158907
0.157224044204
0.152903258801
0.14778226614
0.14190094173
0.13531409204
0.128080010414
0.120270892978
0.11195281893
0.103188090026
0.0940633788705
0.0846532136202
0.0750410556793
0.0652965307236
0.0555090904236
0.0457536764443
0.0361148826778
0.0266596581787
0.0174672920257
0.00860168226063
0.000135785434395
-0.00787523202598
-0.0153727885336
-0.0223130621016
-0.02864792943
-0.0343316607177
-0.0393420569599
-0.0436524115503
-0.0472363978624
-0.0500835701823
-0.0521933548152
-0.053572870791
-0.0542273372412
-0.0541646592319
-0.0534082651138
-0.051987644285
-0.0499312318861
-0.0472690351307
-0.0440417379141
-0.0402965731919
-0.0360750444233
-0.0314270146191
-0.026401232928
-0.0210510753095
-0.0154299447313
-0.00959413778037
-0.00359421758913
0.0025196573697
0.00868840888143
0.0148619413376
0.0209881663322
0.0270269624889
0.0329265855253
0.0386468954384
0.0441423542798
0.0493815243244
0.0543280355632
0.0589527562261
0.0632253140211
0.0671235173941
0.070629529655
0.0737248361111
0.0763916373253
0.0786248221993
0.0804181694984
0.0817649886012
0.0826642587781
0.0831200256944
0.083138383925
0.0827251300216
0.0818883478642
0.0806419700384
0.0790006965399
0.0769792273641
0.0745934769511
0.0718634799123
0.0688100159168
0.0654362663627
0.0617748685181
0.0578595735133
0.0537110641599
0.0493577234447
0.0448221154511
0.0401296615601
0.0353061631322
0.0303774122149
0.0253691673279
0.0203067008406
0.015214998275
0.010119128041
0.00504404259846
1.26752420329e-05
-0.00495318230242
-0.00982935260981
-0.0145989432931
-0.0192412454635
-0.0237383376807
-0.028078764677
-0.0322446934879
-0.0362230613828
-0.0400106683373
-0.0435969308019
-0.0469784662127
-0.0501501336694
-0.053118892014
-0.0558859705925
-0.0584583058953
-0.0608433522284
-0.0630557537079
-0.0651138573885
-0.0670318156481
-0.0688313022256
-0.0705378949642
-0.0721779987216
-0.0737803205848
-0.0753733590245
-0.076990544796
-0.0786680877209
-0.0804400965571
-0.0823418423533
-0.0844097435474
-0.086680456996
-0.0891749337316
-0.0919217541814
-0.0949734076858
-0.0983603075147
-0.102112829685
-0.106261998415
-0.110821671784
-0.11581210047
-0.121243052185
-0.12713342905
-0.133474946022
-0.140265136957
-0.147491857409
-0.155144348741
-0.163193300366
-0.171598941088
-0.180321380496
-0.189319595695
-0.198538348079
-0.207895815372
-0.217327937484
-0.226756513119
-0.236088335514
-0.245229944587
-0.254078686237
-0.262523382902
-0.270456880331
-0.277758419514
-0.284309864044
-0.289986222982
-0.29466548562
-0.298224449158
-0.300540030003
-0.301489233971
-0.300955623388
-0.298832833767
-0.29501670599
-0.289402902126
-0.281899541616
-0.272440612316
-0.260963261127
-0.247396439314
-0.231706112623
-0.213866695762
-0.193883523345
-0.171753689647
-0.147474944592
-0.121134504676
-0.0927634835243
-0.0624524354935
-0.030306154862
0.00355719728395
0.0389520265162
0.0757644101977
0.113817311823
0.152904912829
0.192805081606
0.233316317201
0.274191051722
0.315169245005
0.35597667098
0.396359026432
0.436000049114
0.474650472403
0.511995375156
0.547756433487
0.581604123116
0.613287448883
0.642512261868
0.669013559818
0.692491173744
0.712724387646
0.729484200478
0.742558956146
0.751721203327
0.756814002991
0.757712185383
0.754294097424
0.746440708637
0.73409318924
0.717256188393
0.695936918259
0.670129537582
0.639910161495
0.605403900146
0.566788554192
0.524173617363
0.477751255035
0.427840322256
0.374671816826
0.318520218134
0.259757995605
0.198710650206
0.135794833302
0.0713669583201
0.0059002591297
-0.060218308121
-0.126533418894
-0.192555442452
-0.257824033499
-0.321871042252
-0.38425770402
-0.444481700659
-0.502112627029
-0.556667745113
-0.607802569866
-0.655018091202
-0.697960495949
-0.736279428005
-0.769674599171
-0.797812879086
-0.820410132408
-0.837291419506
-0.84829044342
-0.853251159191
-0.851895868778
-0.844373822212
-0.830714762211
-0.810952782631
-0.785151660442
-0.753490805626
-0.716210126877
-0.673541486263
-0.625714540482
-0.57311797142
-0.516129910946
-0.455181568861
-0.390694975853
-0.323141783476
-0.253089100122
-0.181072488427
-0.107597030699
-0.0332801789045
0.0413184165955
0.115564249456
0.188861489296
0.260661900043
0.330349028111
0.397343754768
0.461106032133
0.521092653275
0.576849162579
0.627862513065
0.673663794994
0.713889300823
0.748240113258
0.776391804218
0.798016369343
0.812968671322
0.82113713026
0.822412133217
0.816704034805
0.804073393345
0.784638047218
0.758532702923
0.725883483887
0.686980009079
0.642170608044
0.59180355072
0.536209404469
0.475846678019
0.411296844482
0.343020200729
0.271541297436
0.197487011552
0.121487185359
0.044171191752
-0.0338679403067
-0.111947514117
-0.189451873302
-0.265689820051
-0.340011239052
-0.411805152893
-0.480514526367
-0.545544445515
-0.606250345707
-0.662194609642
-0.712898910046
-0.757935762405
-0.796842336655
-0.829304933548
-0.855087697506
-0.873926341534
-0.885592162609
-0.889984250069
-0.887094140053
-0.876899123192
-0.859400451183
-0.83474612236
-0.803159534931
-0.764843702316
-0.72004956007
-0.669143259525
-0.612526476383
-0.550653517246
-0.483932644129
-0.412930250168
-0.338229775429
-0.260414600372
-0.180034354329
-0.0977657884359
-0.0142301740125
0.0698699206114
0.153871834278
0.237115710974
0.318983256817
0.398773908615
0.475874245167
0.549647033215
0.619517624378
0.684912025928
0.745301008224
0.800192594528
0.849191248417
0.89182549715
0.927762329578
0.956676006317
0.978384554386
0.992654561996
0.99930024147
0.99828851223
0.98962700367
0.973323702812
0.949436306953
0.918145895004
0.879683852196
0.834303855896
0.782279908657
0.723931491375
0.659737229347
0.590205729008
0.515805363655
0.437057346106
0.35462859273
0.268974155188
0.18082305789
0.0907317847013
-0.000599876337219
-0.0925620570779
-0.184455260634
-0.275631546974
-0.365487545729
-0.45328861475
-0.53849452734
-0.620531022549
-0.698793888092
-0.772720694542
-0.841792166233
-0.90561401844
-0.963739514351
-1.01575636864
-1.06133449078
-1.10020077229
-1.13218724728
-1.15702593327
-1.17459762096
-1.18487358093
-1.18784868717
-1.18351471424
-1.1719366312
-1.1533164978
-1.12783670425
-1.09570384026
-1.05719161034
-1.0126645565
-0.962466657162
-0.906961381435
-0.84662514925
-0.781886041164
-0.713256418705
-0.641223311424
-0.566263616085
-0.488947093487
-0.409810215235
-0.329351752996
-0.248136416078
-0.166685014963
-0.0855177044868
-0.00511423498392
0.0740141049027
0.151459857821
0.226706579328
0.299389004707
0.369142234325
0.435578972101
0.498442590237
0.557391405106
0.612237393856
0.66275459528
0.708821594715
0.750276684761
0.787020564079
0.819073200226
0.846393465996
0.868993461132
0.886933386326
0.90028989315
0.908969581127
0.913356900215
0.913656592369
0.91008991003
0.902871489525
0.892238676548
0.878462135792
0.861819684505
0.842588305473
0.82103651762
0.797448158264
0.772134244442
0.745357275009
0.717406213284
0.68853777647
0.659007072449
0.629055500031
0.598926603794
0.568800091743
0.538894593716
0.509373486042
0.480390876532
0.452084362507
0.424536287785
0.397867560387
0.372142761946
0.347374975681
0.323600113392
0.300839453936
0.279073417187
0.258242726326
0.238307610154
0.219215258956
0.20087377727
0.183199450374
0.166074484587
0.149396389723
0.133064255118
0.116939693689
0.100907482207
0.0848375856876
0.0686295777559
0.0521538220346
0.0353037603199
0.017958143726
7.70499245846e-05
-0.0184331778437
-0.0376495607197
-0.0576171167195
-0.078381575644
-0.0999530777335
-0.122351154685
-0.145587936044
-0.169601485133
-0.194369211793
-0.219846725464
-0.245942994952
-0.272579461336
-0.299638211727
-0.327012807131
-0.354590147734
-0.382207244635
-0.409712612629
-0.436954557896
-0.463782548904
-0.490010410547
-0.515465021133
-0.539973378181
-0.56337583065
-0.585492730141
-0.606156289577
-0.62520045042
-0.64248675108
-0.657868862152
-0.671210348606
-0.682379066944
-0.691282987595
-0.697830319405
-0.701935350895
-0.703521847725
-0.702174007893
-0.698257923126
-0.691755950451
-0.682666063309
-0.671025037766
-0.656899213791
-0.640325725079
-0.621372938156
-0.600171864033
-0.576820015907
-0.551457285881
-0.524197161198
-0.495218425989
-0.464676439762
-0.432769626379
-0.399653345346
-0.365541905165
-0.33063647151
-0.295138210058
-0.259251326323
-0.223165363073
-0.187119811773
-0.151286423206
-0.115875579417
-0.0810733884573
-0.0470658987761
-0.0140352901071
0.0178775284439
0.0484968423843
0.0776932165027
0.105342797935
0.131310090423
0.155445113778
0.177689731121
0.197991013527
0.216304898262
0.232605844736
0.246867507696
0.259085327387
0.269276529551
0.277480006218
0.283728450537
0.288074880838
0.29059663415
0.2913800776
0.290508359671
0.288083434105
0.284225255251
0.279052078724
0.27269038558
0.265269756317
0.2569257617
0.247806251049
0.238047391176
0.227784022689
0.217165023088
0.206324830651
0.195401027799
0.184519141912
0.173799932003
0.163364142179
0.153327777982
0.143716454506
0.134679824114
0.126325532794
0.118734583259
0.111949324608
0.10602208972
0.10099466145
0.0969002991915
0.0937441438437
0.0915334671736
0.0902680903673
0.089938595891
0.0905123278499
0.0919544994831
0.0942311584949
0.0972953140736
0.101085826755
0.105541199446
0.110599637032
0.11618898809
0.122238740325
0.128667861223
0.135403692722
0.142367660999
0.149491399527
0.156693145633
0.163902699947
0.171054840088
0.178087994456
0.184936493635
0.19154933095
0.197853013873
0.203738123178
0.209247991443
0.214349597692
0.219024181366
0.223256260157
0.227030158043
0.230334579945
0.23317502439
0.235557109118
0.2374856323
0.238971844316
0.240033596754
0.240689367056
0.24095761776
0.240858048201
0.240410998464
0.239636212587
0.238554537296
0.23718175292
0.235527396202
0.2336037606
0.23142144084
0.228978931904
0.226273521781
0.223295018077
0.220038592815
0.216483592987
0.212606072426
0.208376526833
0.203773498535
0.198754325509
0.193284705281
0.187316820025
0.180813804269
0.173727929592
0.166016086936
0.157561898232
0.148401662707
0.138493254781
0.127799153328
0.116287812591
0.103927493095
0.0906870439649
0.0765701755881
0.0615403391421
0.0456125885248
0.028776993975
0.0110644735396
-0.00750891724601
-0.0269238483161
-0.0471213907003
-0.0680593624711
-0.0896762311459
-0.11191624403
-0.134694308043
-0.157902479172
-0.18148650229
-0.20532540977
-0.229305565357
-0.253313183784
-0.277256548405
-0.300980776548
-0.324378848076
-0.347321599722
-0.369669765234
-0.391294568777
-0.41207665205
-0.431877434254
-0.450577676296
-0.468049049377
-0.484178215265
-0.498858898878
-0.511971950531
-0.523428916931
-0.533138990402
-0.541018188
-0.546988368034
-0.550988972187
-0.552974939346
-0.552901864052
-0.550727009773
-0.546437621117
-0.540036261082
-0.531515002251
-0.520887613297
-0.508181512356
-0.493446648121
-0.476721853018
-0.458073228598
-0.437555789948
-0.415284246206
-0.391327917576
-0.365790605545
-0.338790684938
-0.310453027487
-0.280868262053
-0.250187277794
-0.218560874462
-0.186172932386
-0.153138414025
-0.119626320899
-0.085780352354
-0.0517986752093
-0.0178090333939
0.0160083658993
0.0494900196791
0.0824889466166
0.114825055003
0.146322801709
0.1768758744
0.206288158894
0.234425112605
0.261154949665
0.286335915327
0.309843748808
0.331554621458
0.351361334324
0.369154304266
0.384863197803
0.398393273354
0.409668117762
0.418642401695
0.425276875496
0.429532587528
0.431379407644
0.430823653936
0.427878826857
0.422563552856
0.414894133806
0.404935359955
0.392747700214
0.378415375948
0.362008959055
0.343629866838
0.323420554399
0.301442861557
0.277873635292
0.252859532833
0.226575627923
0.199185848236
0.170872375369
0.141795217991
0.11216160655
0.0821642652154
0.0519968830049
0.0218614023179
-0.00803796388209
-0.0374977327883
-0.0663158074021
-0.0942956060171
-0.121243081987
-0.146964728832
-0.171269744635
-0.193986594677
-0.214952647686
-0.234005972743
-0.250987350941
-0.265761762857
-0.27823227644
-0.288280367851
-0.295794695616
-0.30071169138
-0.302982419729
-0.302565276623
-0.299418509007
-0.293539613485
-0.284955441952
-0.27370673418
-0.259823322296
-0.243381977081
-0.224474817514
-0.203218206763
-0.17973330617
-0.154132559896
-0.126615047455
-0.0973443314433
-0.0664950758219
-0.0342569090426
-0.000867556722369
0.0334848612547
0.0685449913144
0.104105733335
0.139925807714
0.175762817264
0.211258292198
0.246242329478
0.280515313148
0.313797920942
0.345866382122
0.376463919878
0.405397891998
0.432421147823
0.457330882549
0.479910224676
0.49996599555
0.517347931862
0.531895875931
0.543452084064
0.551899433136
0.55716073513
0.559169948101
0.557859301567
0.553200721741
0.545219659805
0.533946156502
0.519409894943
0.501673042774
0.480836302042
0.456804186106
0.429719746113
0.399868071079
0.367405533791
0.332506686449
0.295367330313
0.256173223257
0.215109661222
0.172470405698
0.128492027521
0.0834581702948
0.0376259759068
-0.00868605356663
-0.0552329272032
-0.101681806147
-0.147755414248
-0.193211644888
-0.237795010209
-0.281186252832
-0.322963863611
-0.363141953945
-0.401467561722
-0.437701255083
-0.471613824368
-0.502987384796
-0.531625151634
-0.557322382927
-0.579900503159
-0.599243700504
-0.615282714367
-0.627959728241
-0.637241542339
-0.643128812313
-0.645671904087
-0.644096672535
-0.639211237431
-0.630992889404
-0.619485795498
-0.604732215405
-0.586817026138
-0.565822720528
-0.541913211346
-0.515286803246
-0.486166596413
-0.454780399799
-0.421384036541
-0.386213064194
-0.349050730467
-0.31039711833
-0.270553201437
-0.229702800512
-0.188056886196
-0.145914658904
-0.103529386222
-0.0611825324595
-0.0191496890038
0.0222862176597
0.0629323124886
0.102565199137
0.140909075737
0.177912518382
0.213415250182
0.24719889462
0.279075622559
0.308822512627
0.336289763451
0.361303657293
0.383764415979
0.403643488884
0.420936018229
0.435288965702
0.44669303298
0.455415904522
0.461395651102
0.464562475681
0.464872032404
0.462346702814
0.457079827785
0.44919282198
0.438830554485
0.426147282124
0.410770326853
0.3931029737
0.373390078545
0.351683288813
0.328107088804
0.30281072855
0.276001095772
0.247878462076
0.218665540218
0.18857999146
0.157760232687
0.126156032085
0.0941168069839
0.0617720484734
0.0292821191251
-0.00311479298398
-0.0352007448673
-0.0668020248413
-0.0977232977748
-0.127798005939
-0.156922832131
-0.184774324298
-0.211499795318
-0.236959636211
-0.261004477739
-0.283459156752
-0.304181456566
-0.323083132505
-0.340079426765
-0.35514819622
-0.368296980858
-0.379179477692
-0.387896031141
-0.394632428885
-0.399294614792
-0.401823788881
-0.402202099562
-0.400444746017
-0.396603107452
-0.390766710043
-0.383065164089
-0.373489767313
-0.361713081598
-0.348257184029
-0.333148211241
-0.316426843405
-0.298178046942
-0.278498381376
-0.257540374994
-0.235460355878
-0.212435290217
-0.188600748777
-0.163892894983
-0.138465166092
-0.11252515763
-0.0861557200551
-0.0595183484256
-0.0327643193305
-0.00602703215554
0.0205049179494
0.04669483006
0.0724005401134
0.0975507348776
0.121931232512
0.145528927445
0.168286859989
0.19007499516
0.210792124271
0.230289757252
0.248468205333
0.265219569206
0.280508607626
0.294283926487
0.306530326605
0.317177146673
0.325870215893
0.332992553711
0.338478922844
0.342276781797
0.34435275197
0.344703108072
0.343339532614
0.340289533138
0.335605889559
0.329373836517
0.321679353714
0.312595367432
0.30189037323
0.289817065001
0.276541560888
0.2621281147
0.246644064784
0.2301787287
0.212830275297
0.194713965058
0.175960615277
0.156698092818
0.137046605349
0.117142349482
0.0970944240689
0.0770139545202
0.0569322034717
0.0370125249028
0.0173801630735
-0.00186658115126
-0.0206237249076
-0.0387876816094
-0.0562432184815
-0.0728920102119
-0.0886332690716
-0.103404790163
-0.11711640656
-0.129703253508
-0.141107156873
-0.151292786002
-0.160227388144
-0.167874768376
-0.174173697829
-0.17903482914
-0.182573601604
-0.184775993228
-0.185637354851
-0.185171991587
-0.18340575695
-0.180363476276
-0.176074817777
-0.170589983463
-0.163963973522
-0.156261354685
-0.147541105747
-0.137885153294
-0.127368599176
-0.116081096232
-0.104108095169
-0.0915317460895
-0.0784588158131
-0.0649706721306
-0.0511612072587
-0.0371317788959
-0.0229759458452
-0.00878749135882
0.00534673314542
0.0193327590823
0.033066291362
0.046465985477
0.0594528988004
0.07194198668
0.083854213357
0.0951210036874
0.10567843914
0.115457959473
0.124406404793
0.132472783327
0.139614462852
0.145782783628
0.150952875614
0.155103832483
0.158214583993
0.160264968872
0.161253958941
0.161186933517
0.160070553422
0.157911330462
0.154731586576
0.150561392307
0.14543376863
0.139378726482
0.13243624568
0.124662905931
0.116101585329
0.106812097132
0.0968451648951
0.0862739980221
0.0751525759697
0.0635509267449
0.0515376329422
0.0391830205917
0.0265578255057
0.013732961379
0.000771764433011
-0.0122497510165
-0.0252519156784
-0.0381539575756
-0.0508981607854
-0.06341342628
-0.0756345838308
-0.0875045135617
-0.0989622473717
-0.109958335757
-0.12043210119
-0.13033272326
-0.139621794224
-0.148252397776
-0.156185358763
-0.163384363055
-0.169818490744
-0.175461605191
-0.180291041732
-0.18429119885
-0.187452122569
-0.189768210053
-0.191233873367
-0.191851750016
-0.191399440169
-0.190100580454
-0.187956824899
-0.184977442026
-0.181170493364
-0.176542013884
-0.171106234193
-0.164887666702
-0.157921731472
-0.150232732296
-0.141870856285
-0.132885500789
-0.123324021697
-0.113070979714
-0.102373734117
-0.091297596693
-0.0798733755946
-0.0681524276733
-0.0561853162944
-0.0440426506102
-0.0317769534886
-0.0194593816996
-0.00715579371899
0.00505922688171
0.0170475263149
0.0287367422134
0.0400502085686
0.0509238690138
0.0612910762429
0.0710968077183
0.0802802219987
0.0887997299433
0.0965160503983
0.103314466774
0.109227284789
0.114185839891
0.118143968284
0.121064797044
0.122927382588
0.123740322888
0.123425938189
0.121885046363
0.119281120598
0.115598149598
0.110825635493
0.104981325567
0.0981070697308
0.0902667865157
0.0813818350434
0.0716857761145
0.0612594410777
0.050152156502
0.0384158492088
0.0261326413602
0.0133894942701
0.000299626815831
-0.0129171274602
-0.0261571798474
-0.0393153838813
-0.0522973872721
-0.0650225132704
-0.0774188786745
-0.0891136527061
-0.100097425282
-0.11024453491
-0.119440771639
-0.127597242594
-0.134685888886
-0.140441119671
-0.144772976637
-0.147697463632
-0.149107649922
-0.148945763707
-0.147207826376
-0.143769070506
-0.138571873307
-0.131797656417
-0.12337268889
-0.113296575844
-0.101617082953
-0.0882960185409
-0.0735022127628
-0.0574541315436
-0.040171097964
-0.0216947402805
-0.00210350123234
0.0184744615108
0.0396691821516
0.0613400861621
0.083350032568
0.105651147664
0.128190860152
0.150445967913
0.172247722745
0.193463757634
0.213909626007
0.233567908406
0.252313703299
0.269423991442
0.285146892071
0.299223184586
0.311559557915
0.32227820158
0.330687373877
0.336988538504
0.341172724962
0.343070536852
0.342757940292
0.340152800083
0.334897220135
0.327567249537
0.317945986986
0.306085288525
0.292216539383
0.275773972273
0.257697075605
0.237899541855
0.216372460127
0.193285003304
0.168588712811
0.142861142755
0.116334535182
0.0890071466565
0.0609785169363
0.0323805846274
0.00370507407933
-0.0247407481074
-0.0528999269009
-0.0807152539492
-0.108171068132
-0.134579494596
-0.159870356321
-0.183930531144
-0.206692025065
-0.228263780475
-0.24796500802
-0.265892297029
-0.281956344843
-0.29608052969
-0.308441907167
-0.318611890078
-0.326583206654
-0.33252325654
-0.336321741343
-0.338134616613
-0.33786919713
-0.33532550931
-0.331011205912
-0.32477030158
-0.316726177931
-0.307077378035
-0.295359790325
-0.282446920872
-0.268190383911
-0.252639561892
-0.236041396856
-0.218085944653
-0.199557036161
-0.180443137884
-0.16075450182
-0.140634953976
-0.120097212493
-0.0995724201202
-0.0792453289032
-0.0591172091663
-0.0392490960658
-0.0197124388069
-0.00080000073649
0.0172687619925
0.0344877466559
0.0508249253035
0.0662880092859
0.0805988535285
0.0936650112271
0.105455055833
0.115944013
0.125184088945
0.133100584149
0.139473378658
0.144479885697
0.148066982627
0.150263220072
0.151184171438
0.15056540072
0.148685351014
0.145579054952
0.141248479486
0.135780066252
0.129251107574
0.121548630297
0.11306861788
0.103790432215
0.093753695488
0.0830632597208
0.0717570260167
0.0600015670061
0.0480045638978
0.0358007401228
0.0234408136457
0.011000293307
-0.00143491628114
-0.0136489998549
-0.0255396533757
-0.0370532311499
-0.0481452681124
-0.0587768815458
-0.0688513666391
-0.0781602784991
-0.0867208838463
-0.0944572538137
-0.101340860128
-0.107367157936
-0.112533159554
-0.116536475718
-0.11958963424
-0.121626973152
-0.122613027692
-0.122563257813
-0.121521003544
-0.119374483824
-0.116159290075
-0.112017787993
-0.106924489141
-0.10089251399
-0.0939657315612
-0.0862111821771
-0.0775736197829
-0.0682317465544
-0.0582896731794
-0.0477726534009
-0.0367287397385
-0.0252129100263
-0.0132905431092
-0.00101890938822
0.0114336907864
0.0239740703255
0.0365332663059
0.049047101289
0.0614621825516
0.0737245902419
0.0858001932502
0.0975203216076
0.108756117523
0.119518198073
0.129735782743
0.139357060194
0.148336812854
0.156651839614
0.164302334189
0.171295166016
0.177248850465
0.182446807623
0.18685528636
0.190443053842
0.193188950419
0.195096239448
0.196192547679
0.196514517069
0.196101933718
0.194867834449
0.192770093679
0.190034225583
0.186670303345
0.182695895433
0.178137421608
0.173029750586
0.167420968413
0.161364808679
0.154910609126
0.148120328784
0.141034945846
0.133539170027
0.12585799396
0.118035003543
0.110100582242
0.102082759142
0.0940087214112
0.0859118327498
0.0778157711029
0.0697561353445
0.061754308641
0.053836915642
0.0460228025913
0.0383266024292
0.0307720378041
0.02336207591
0.0161042306572
0.0090140523389
0.0021076775156
-0.00461216410622
-0.0111467270181
-0.0174937546253
-0.023660717532
-0.0296456702054
-0.0354580432177
-0.0410960204899
-0.0465663596988
-0.051873806864
-0.0570206791162
-0.0620163194835
-0.0668603032827
-0.0715564936399
-0.0761128589511
-0.0805287435651
-0.0848067328334
-0.0889503732324
-0.0929610729218
-0.0968383699656
-0.100584283471
-0.104196324944
-0.107673853636
-0.111017756164
-0.114226348698
-0.117294535041
-0.120224483311
-0.12300991267
-0.125650018454
-0.128143459558
-0.130486607552
-0.13267801702
-0.134713605046
-0.136593595147
-0.138315290213
-0.139876559377
-0.1412781775
-0.14251960814
-0.143601581454
-0.144525498152
-0.145293697715
-0.145910128951
-0.146379604936
-0.146707624197
-0.146900683641
-0.146814525127
-0.146595016122
-0.146241769195
-0.145753383636
-0.145127028227
-0.14435762167
-0.143441468477
-0.142375901341
-0.141160562634
-0.139797925949
-0.13829678297
-0.136667385697
-0.134926110506
-0.133084714413
-0.130950540304
-0.128695130348
-0.126320242882
-0.123808339238
-0.12114289403
-0.11831600219
-0.115331411362
-0.112200349569
-0.108944602311
-0.105583623052
-0.10195504874
-0.0981676280499
-0.0942347198725
-0.0901345685124
-0.0858602449298
-0.0814142227173
-0.0768234804273
-0.0721148401499
-0.0672463849187
-0.0621605850756
-0.0569259375334
-0.0515275634825
-0.0459701381624
-0.0402765609324
-0.0344749093056
-0.028597805649
-0.0225624553859
-0.0164025947452
-0.0101173026487
-0.00373435462825
0.00271643418819
0.00920033827424
0.015694193542
0.02220787853
0.0287938136607
0.0354093685746
0.0420041233301
0.0485391654074
0.0550083555281
0.0613157264888
0.0676010623574
0.073826469481
0.0799090340734
0.0858176276088
0.0915796384215
0.0969940125942
0.102312430739
0.107439622283
0.112299717963
0.116892024875
0.121187277138
0.125101491809
0.12880910933
0.132189661264
0.135216489434
0.137981921434
0.140178069472
0.142131254077
0.143731296062
0.144931182265
0.145836099982
0.146228611469
0.146285891533
0.145993262529
0.145303398371
0.144343182445
0.142919659615
0.141164258122
0.139084428549
0.136664435267
0.134062513709
0.131028100848
0.127751901746
0.12420758605
0.120436728001
0.116609677672
0.112382993102
0.108050964773
0.103552751243
0.0989881083369
0.094400562346
0.0896425172687
0.0848465710878
0.0800300687551
0.0753369778395
0.070621304214
0.0659449771047
0.0613354444504
0.05688213557
0.0526437535882
0.0484821088612
0.0444883219898
0.0407038293779
0.037225112319
0.0339368730783
0.0308890379965
0.0281053166837
0.0256427638233
0.0234939474612
0.0216157175601
0.0200505685061
0.0188158396631
0.0179292038083
0.017323916778
0.0170580502599
0.0171190481633
0.0175117067993
0.0181656610221
0.0191451590508
0.0204237308353
0.0219808947295
0.0237556472421
0.0258017349988
0.0280912443995
0.0305774100125
0.0332102254033
0.0360168255866
0.0389999449253
0.0420787520707
0.0452123433352
0.0483793392777
0.0516427382827
0.0548888780177
0.0581088885665
0.0611799918115
0.064259596169
0.0672064125538
0.0700286924839
0.0725573003292
0.0749803930521
0.0771603137255
0.0791002735496
0.0806684792042
0.08199108392
0.0829767137766
0.0836266055703
0.0838573426008
0.0837108716369
0.0831537917256
0.0821903645992
0.0808070972562
0.0789392665029
0.076609544456
0.073832064867
0.0706695541739
0.0669694021344
0.0627891346812
0.0581486821175
0.0531780272722
0.0476910807192
0.0417355075479
0.0353517197073
0.0286895241588
0.021631449461
0.014130438678
0.00627447990701
-0.00180299079511
-0.010076764971
-0.0187218822539
-0.0276455059648
-0.0366832986474
-0.0457380749285
-0.0550090484321
-0.064454831183
-0.0738943517208
-0.0832323879004
-0.0924896374345
-0.101842798293
-0.111048996449
-0.120072387159
-0.12869091332
-0.13728171587
-0.145609125495
-0.153583273292
-0.161071658134
-0.168224945664
-0.175052985549
-0.181363433599
-0.187257274985
-0.192328333855
-0.197085171938
-0.20123462379
-0.204811483622
-0.207646965981
-0.209855318069
-0.211463809013
-0.212360054255
-0.212769836187
-0.212105154991
-0.210933059454
-0.209030508995
-0.206470027566
-0.203306272626
-0.199265450239
-0.194619640708
-0.18926987052
-0.183400765061
-0.176905050874
-0.16971065104
-0.16193626821
-0.153590351343
-0.144898116589
-0.135697707534
-0.125977665186
-0.115810506046
-0.105270728469
-0.0945600420237
-0.0836152508855
-0.072334907949
-0.0608133003116
-0.0491503216326
-0.0375125780702
-0.0259543098509
-0.0143172331154
-0.00267426995561
0.0088779553771
0.020194452256
0.0312104281038
0.0419006533921
0.0523856878281
0.062568038702
0.0723166838288
0.0815695598722
0.0902755409479
0.098415337503
0.106109879911
0.113220416009
0.119671143591
0.125465139747
0.130559280515
0.134885504842
0.138600692153
0.141596212983
0.143827781081
0.145339459181
0.146220937371
0.146138817072
0.145433723927
0.144034966826
0.141919538379
0.139123395085
0.135729506612
0.131767511368
0.127057597041
0.121844984591
0.116109825671
0.109871596098
0.103200659156
0.0961803495884
0.0888970568776
0.081257596612
0.0733602643013
0.0652766153216
0.0570448189974
0.0487334914505
0.0404194332659
0.0321777276695
0.0240651369095
0.0161073058844
0.00831815320998
0.000765862176195
-0.00650380877778
-0.0134283397347
-0.0199583191425
-0.0260341018438
-0.0316236391664
-0.0367032326758
-0.0412362553179
-0.0451892018318
-0.048574924469
-0.051369022578
-0.0535514764488
-0.0551043413579
-0.0560170896351
-0.0562918446958
-0.0559478476644
-0.0550059713423
-0.0534878261387
-0.0513654500246
-0.0486821271479
-0.045489076525
-0.0418129004538
-0.0376780442894
-0.0331288427114
-0.0282119493932
-0.0229784045368
-0.0174832399935
-0.0117782298476
-0.00592017173767
3.56985583494e-05
0.00603256048635
0.0120150968432
0.0179319437593
0.0237355753779
0.0293694101274
0.0347724147141
0.0398935452104
0.0446786880493
0.0490786023438
0.0530398786068
0.0565215088427
0.0594876892865
0.0619068108499
0.0637450516224
0.0649774074554
0.0655897706747
0.0655698180199
0.064905077219
0.0635613054037
0.0615384951234
0.0588699392974
0.0555617175996
0.0516213327646
0.0470677167177
0.0419303774834
0.0362376570702
0.0300160553306
0.0233087521046
0.0161671023816
0.0086323292926
0.000752823485527
-0.00740869482979
-0.0157951638103
-0.0243496280164
-0.0330022312701
-0.0416980274022
-0.0503668300807
-0.0589422695339
-0.0673536136746
-0.0755435973406
-0.0834442898631
-0.0909918546677
-0.0981220752001
-0.104773275554
-0.110887989402
-0.116418026388
-0.121303737164
-0.125496849418
-0.128958970308
-0.131649762392
-0.133532762527
-0.134564116597
-0.134713456035
-0.133988752961
-0.132375478745
-0.129863023758
-0.126454651356
-0.122162953019
-0.11699680239
-0.110972471535
-0.104114174843
-0.0964675843716
-0.0880579128861
-0.078931517899
-0.0691422298551
-0.0587384700775
-0.0477943085134
-0.0363542921841
-0.0245067831129
-0.0123095372692
0.000149834842887
0.0127941993997
0.0255475547165
0.0383189730346
0.0510236024857
0.0635828748345
0.0759122744203
0.08792103827
0.0995245873928
0.110639467835
0.121194764972
0.131110176444
0.140311092138
0.148730009794
0.156302452087
0.162972927094
0.168688997626
0.173391878605
0.177018195391
0.179563090205
0.181002169847
0.181312263012
0.180489465594
0.178537666798
0.175455778837
0.171256557107
0.165965005755
0.159616932273
0.152250036597
0.143898040056
0.134624525905
0.12449221313
0.113569416106
0.101915664971
0.0896260514855
0.0767746642232
0.0634596124291
0.0497658327222
0.0357920266688
0.0216376986355
0.00740274041891
-0.00680558849126
-0.0208987575024
-0.0347618386149
-0.048299331218
-0.0614082552493
-0.0740086734295
-0.0859916359186
-0.0972825363278
-0.107795894146
-0.117456629872
-0.126195266843
-0.133947148919
-0.140661090612
-0.146296262741
-0.150809764862
-0.154164969921
-0.156348466873
-0.157353833318
-0.157174289227
-0.155808597803
-0.153278425336
-0.149569347501
-0.144721359015
-0.138809904456
-0.131888613105
-0.124022275209
-0.115267857909
-0.105701364577
-0.0953906923532
-0.0844345986843
-0.072907179594
-0.0609024018049
-0.0485113561153
-0.0358371846378
-0.0229836180806
-0.0100315343589
0.00290179322474
0.0157285351306
0.028337456286
0.0406453572214
0.0525561459363
0.0639797374606
0.0748268142343
0.0850238800049
0.0944906249642
0.103165149689
0.110970444977
0.117861904204
0.123788073659
0.128710284829
0.132581964135
0.135384663939
0.137072488666
0.13761113584
0.137041047215
0.135375231504
0.132630750537
0.128824412823
0.123980171978
0.118143118918
0.111355356872
0.103661186993
0.0951127782464
0.0857758298516
0.0757219791412
0.0650140196085
0.0537255071104
0.0419435687363
0.0297450236976
0.0172119103372
0.00443548383191
-0.00850183982402
-0.0215060096234
-0.0345011688769
-0.0473829172552
-0.0600840076804
-0.0725015476346
-0.0845690518618
-0.0961917638779
-0.10731241852
-0.117845624685
-0.127719461918
-0.136873334646
-0.14525949955
-0.152806803584
-0.159391671419
-0.165043756366
-0.169731467962
-0.173418939114
-0.176078140736
-0.177697449923
-0.178266376257
-0.177774891257
-0.176220342517
-0.173614382744
-0.169974610209
-0.165310174227
-0.159649863839
-0.153021723032
-0.145471796393
-0.137030765414
-0.127742990851
-0.117667965591
-0.106862090528
-0.0953763052821
-0.0832783430815
-0.0706319585443
-0.0575123913586
-0.0439831055701
-0.0301239006221
-0.0160052385181
-0.00171048706397
0.0126835061237
0.0271061100066
0.0414795875549
0.0557195805013
0.0697555467486
0.0835067927837
0.0969012901187
0.109873399138
0.122351720929
0.134266003966
0.14555567503
0.156165540218
0.166035994887
0.175113126636
0.183356896043
0.190717890859
0.197157934308
0.202643856406
0.207153782248
0.210659369826
0.213133767247
0.214525461197
0.214881807566
0.214200809598
0.212482959032
0.209743782878
0.206004664302
0.201282426715
0.19560033083
0.18899910152
0.181519016623
0.173195958138
0.164073467255
0.154211491346
0.143662020564
0.132481396198
0.120735451579
0.108486302197
0.0958087071776
0.082765199244
0.0694259405136
0.0558709912002
0.0421678125858
0.0283901859075
0.0146177718416
0.000915796146728
-0.0126377437264
-0.0259778071195
-0.0390363931656
-0.0517451576889
-0.0640484765172
-0.0758844539523
-0.0871923714876
-0.0979316532612
-0.108056515455
-0.117521263659
-0.126285001636
-0.134323045611
-0.141617998481
-0.148138046265
-0.153872027993
-0.158814877272
-0.162966996431
-0.166326269507
-0.168900445104
-0.17070761323
-0.171768277884
-0.172101780772
-0.171736255288
-0.170708432794
-0.169054865837
-0.166812449694
-0.16402490437
-0.160738885403
-0.157002091408
-0.152862325311
-0.148371294141
-0.143577978015
-0.138533353806
-0.133290812373
-0.127893805504
-0.122393742204
-0.116834260523
-0.111263997853
-0.105717524886
-0.100234910846
-0.09484821558
-0.0895942896605
-0.0844936519861
-0.0795700624585
-0.0748397782445
-0.0703210681677
-0.0660224407911
-0.0619451738894
-0.0580923222005
-0.0544625930488
-0.0510476380587
-0.0478326715529
-0.0448029078543
-0.0419444292784
-0.0392337143421
-0.0366440676153
-0.0341488011181
-0.0317209623754
-0.0293302200735
-0.0269450843334
-0.0245306771249
-0.022056793794
-0.0194902811199
-0.0167995132506
-0.0139528950676
-0.0109206838533
-0.00767309777439
-0.0041892346926
-0.000443653727416
0.00358908367343
0.00792087428272
0.0125646395609
0.0175289548934
0.0228288210928
0.0284625664353
0.0344219990075
0.0407075509429
0.0473071075976
0.0542072691023
0.0613891705871
0.0688234865665
0.0764904245734
0.0843575373292
0.0923870131373
0.100537106395
0.108777187765
0.117058187723
0.125330969691
0.133542403579
0.141651034355
0.149596378207
0.157331615686
0.164794832468
0.171938821673
0.178703308105
0.185039043427
0.190895915031
0.196216031909
0.200957477093
0.205071806908
0.208517432213
0.211251392961
0.213240712881
0.214454755187
0.214865997434
0.214446559548
0.213181614876
0.211062431335
0.208078891039
0.204226404428
0.19951030612
0.193941473961
0.187539055943
0.180312022567
0.172292053699
0.163519442081
0.154021635652
0.143844902515
0.133028179407
0.121631145477
0.109708696604
0.0973165482283
0.0845187753439
0.071383677423
0.0579794496298
0.0443747676909
0.0306352991611
0.016848642379
0.00307564390823
-0.0105962380767
-0.0241077225655
-0.0373802445829
-0.0503419674933
-0.0629218071699
-0.075055398047
-0.0866816341877
-0.0977447107434
-0.10817399621
-0.117931239307
-0.126963704824
-0.135237172246
-0.142705634236
-0.149345397949
-0.155129939318
-0.160042747855
-0.164067745209
-0.167200624943
-0.169447034597
-0.170812651515
-0.171305254102
-0.170948565006
-0.169772654772
-0.167808070779
-0.165087386966
-0.161656796932
-0.157568275928
-0.152873679996
-0.147623792291
-0.14188337326
-0.135719075799
-0.129197448492
-0.122382432222
-0.115348160267
-0.108167260885
-0.100912369788
-0.0936556831002
-0.0864636301994
-0.079411894083
-0.0725626945496
-0.0659838542342
-0.0597403272986
-0.053881958127
-0.0484675839543
-0.0435503870249
-0.0391675308347
-0.0353577397764
-0.0321520157158
-0.0295823607594
-0.0276646073908
-0.0264051780105
-0.0258132219315
-0.0258931368589
-0.0266298912466
-0.0280044544488
-0.0299965124577
-0.0325835496187
-0.0357218161225
-0.0393622778356
-0.0434626229107
-0.0479755625129
-0.0528368130326
-0.0579808019102
-0.0633445009589
-0.0688580274582
-0.0744469165802
-0.0800380036235
-0.0855527296662
-0.0909153819084
-0.0960529595613
-0.100887723267
-0.105344422162
-0.109352216125
-0.112844131887
-0.115756601095
-0.118026837707
-0.119595222175
-0.120417296886
-0.120450414717
-0.119651578367
-0.117985129356
-0.115434400737
-0.111984707415
-0.107619009912
-0.102333664894
-0.0961426123977
-0.0890581309795
-0.0810989439487
-0.072286747396
-0.0626688152552
-0.0522852949798
-0.0411859080195
-0.0294251516461
-0.0170654188842
-0.00418139901012
0.00915744900703
0.022888192907
0.036907274276
0.0511427782476
0.06550309062
0.0799074321985
0.0942589491606
0.108474008739
0.122455604374
0.136122599244
0.149383753538
0.162154659629
0.174356549978
0.185912758112
0.196748673916
0.206795379519
0.215989097953
0.224273979664
0.231600210071
0.23792244494
0.243199080229
0.247400015593
0.250509053469
0.252507418394
0.253377974033
0.253123521805
0.25175473094
0.249281197786
0.245716899633
0.241092398763
0.235442131758
0.228801608086
0.221212267876
0.212723359466
0.203351631761
0.193160861731
0.182256326079
0.170700103045
0.158561810851
0.145917624235
0.13283868134
0.119385570288
0.105652585626
0.0916941985488
0.077597565949
0.0634346976876
0.0492707900703
0.0351780094206
0.0212319679558
0.00749007891864
-0.00598380668089
-0.0191196911037
-0.0318654291332
-0.0441638156772
-0.0559694617987
-0.0672260448337
-0.0779002606869
-0.0879414975643
-0.097327709198
-0.106014572084
-0.113980017602
-0.121200658381
-0.127660244703
-0.133339717984
-0.138227418065
-0.142321690917
-0.145618066192
-0.148112073541
-0.149811714888
-0.150726318359
-0.150864481926
-0.150148659945
-0.148688077927
-0.146506667137
-0.143625542521
-0.140069007874
-0.13587038219
-0.13105982542
-0.125669285655
-0.119736261666
-0.113298133016
-0.106398656964
-0.099075563252
-0.0913723558187
-0.0833361446857
-0.075018234551
-0.0664667859674
-0.0577278733253
-0.0488532483578
-0.0398947745562
-0.0309085994959
-0.02194737643
-0.0130556980148
-0.00429892214015
0.00428274739534
0.0126298284158
0.0206917114556
0.0284188725054
0.0357369631529
0.0426072701812
0.0489886850119
0.0548335723579
0.0601022653282
0.0647562295198
0.0687620714307
0.0720822140574
0.0746875405312
0.0765552744269
0.0776627659798
0.0779889971018
0.0775215029716
0.0762560293078
0.074189811945
0.0713207870722
0.0676571652293
0.0632177442312
0.0580173060298
0.0520738065243
0.0454253181815
0.0380996726453
0.0301348902285
0.0215725135058
0.0124985305592
0.00296283257194
-0.00697638653219
-0.0172517299652
-0.0277905799448
-0.0385239310563
-0.0493775941432
-0.0602642334998
-0.0711120292544
-0.0818391218781
-0.0923590362072
-0.102591536939
-0.112462066114
-0.1218874529
-0.13079033792
-0.139104604721
-0.146763250232
-0.153691679239
-0.159832298756
-0.164980441332
-0.169215857983
-0.172495901585
-0.174776345491
-0.176029369235
-0.176230728626
-0.175356030464
-0.17339143157
-0.170342177153
-0.166213005781
-0.161013036966
-0.154766157269
-0.147510319948
-0.139279872179
-0.130117684603
-0.120078757405
-0.109220422804
-0.0976085439324
-0.0853060111403
-0.0723239034414
-0.0588440187275
-0.0449380278587
-0.030686058104
-0.0161876361817
-0.0015168809332
0.0132312392816
0.0279750656337
0.0426134429872
0.0570715144277
0.071255043149
0.0850827693939
0.0984850153327
0.111380837858
0.123697601259
0.1353751719
0.146359220147
0.156600356102
0.165911853313
0.174314722419
0.181815236807
0.18837839365
0.193977698684
0.198594987392
0.202222928405
0.204848125577
0.206471204758
0.207105323672
0.20676766336
0.205476805568
0.203262895346
0.200166508555
0.196228206158
0.191487178206
0.185997650027
0.179782450199
0.172774478793
0.165188327432
0.157082229853
0.148510783911
0.139528498054
0.130190625787
0.120549626648
0.11067211628
0.100608371198
0.0904249995947
0.0801687985659
0.0699005350471
0.0596806481481
0.0495493486524
0.0395570732653
0.0297490134835
0.0201681517065
0.0108415503055
0.00183551141527
-0.00681661302224
-0.0150920413435
-0.0229645706713
-0.0304201152176
-0.0374398827553
-0.0440096817911
-0.050124719739
-0.0557725280523
-0.0609494969249
-0.0656572505832
-0.0698962137103
-0.0736735314131
-0.0769951343536
-0.079871982336
-0.0823182463646
-0.0842840671539
-0.0858065038919
-0.086929872632
-0.0876695290208
-0.0880401805043
-0.0880571827292
-0.0877377018332
-0.0870993807912
-0.0861608237028
-0.084940649569
-0.0834599882364
-0.0817411243916
-0.0798043608665
-0.0776739865541
-0.0753718987107
-0.0729196146131
-0.0703414157033
-0.0676290020347
-0.0647963359952
-0.0619094334543
-0.0589840970933
-0.0560416355729
-0.0530977509916
-0.0501739159226
-0.0472874939442
-0.0444568656385
-0.0417009070516
-0.039038810879
-0.036489892751
-0.03407009691
-0.0317956991494
-0.0296859033406
-0.0277538318187
-0.0260129477829
-0.0244744811207
-0.0231293551624
-0.0220052711666
-0.0211096815765
-0.0204465091228
-0.0200176890939
-0.0198197290301
-0.0198493413627
-0.020103149116
-0.0205742269754
-0.0212521143258
-0.0221253391355
-0.0231833234429
-0.0244111083448
-0.0257901735604
-0.0273033455014
-0.0289325546473
-0.0306559130549
-0.0324498601258
-0.0342602804303
-0.03608064726
-0.0378884188831
-0.0396569296718
-0.0413563214242
-0.0429591797292
-0.0444369129837
-0.0457625538111
-0.0469085201621
-0.0478492118418
-0.0485611744225
-0.0490219369531
-0.0492090135813
-0.0491043813527
-0.0486928299069
-0.0479589737952
-0.0468885861337
-0.0454728901386
-0.0437054000795
-0.0415459983051
-0.0390280671418
-0.0361573398113
-0.0329402685165
-0.0293802861124
-0.0254856683314
-0.0212738048285
-0.0167613644153
-0.0119607131928
-0.00689700432122
-0.00159659201745
0.00391918327659
0.00961647368968
0.015473054722
0.0214512702078
0.0275188256055
0.033646453172
0.0398004762828
0.0459433868527
0.0520437769592
0.0580220371485
0.0638640299439
0.069544993341
0.0750281363726
0.0802805423737
0.0852771699429
0.0899817347527
0.0943692699075
0.098413489759
0.102091647685
0.105384968221
0.108272016048
0.110739767551
0.112778164446
0.114379577339
0.115535475314
0.116245336831
0.116511881351
0.116338208318
0.115728080273
0.114691659808
0.11324159801
0.111338376999
0.109016858041
0.106331050396
0.103298842907
0.0999393835664
0.0962766334414
0.0923288539052
0.0881256982684
0.0836875513196
0.0790391415358
0.0742084383965
0.0692216083407
0.0641025304794
0.0588789358735
0.0535729974508
0.0482117049396
0.0428194627166
0.0374156013131
0.0320226177573
0.0266578793526
0.0213432144374
0.0160940252244
0.0109213516116
0.0058411131613
0.000865842681378
-0.00399859808385
-0.00873846840113
-0.0133425528184
-0.017808040604
-0.0221309363842
-0.0263120327145
-0.0303461495787
-0.0342367626727
-0.0379856340587
-0.0415914095938
-0.0450595766306
-0.0483925230801
-0.0515905655921
-0.0546601451933
-0.0576031729579
-0.0604240819812
-0.0631242245436
-0.065706372261
-0.0681732743979
-0.0705264359713
-0.0727673470974
-0.074895337224
-0.0769116804004
-0.0788130387664
-0.0805984660983
-0.082264341414
-0.0838077887893
-0.0852247178555
-0.0865086093545
-0.0876537486911
-0.0886541754007
-0.0895027294755
-0.0901924148202
-0.0907149687409
-0.0910627618432
-0.0912282690406
-0.0911672860384
-0.0909095555544
-0.0904487222433
-0.0897795855999
-0.0888974815607
-0.087797626853
-0.0864755660295
-0.0849313810468
-0.0831650197506
-0.0811763554811
-0.0789671242237
-0.0765415430069
-0.0739066079259
-0.0710683465004
-0.0680347532034
-0.0648161843419
-0.0614278428257
-0.0578787624836
-0.0541846826673
-0.0503627844155
-0.0464285686612
-0.0424011386931
-0.0382991060615
-0.034142691642
-0.0299521535635
-0.0257457755506
-0.0215457119048
-0.0173722021282
-0.0132454242557
-0.00918355677277
-0.00520895887166
-0.00133493961766
0.00242146733217
0.00603995891288
0.00951011385769
0.012819154188
0.0159561242908
0.0189102534205
0.0216760467738
0.0242486968637
0.0266248900443
0.0288015510887
0.0307808388025
0.032566357404
0.0341628231108
0.0355751663446
0.0368127450347
0.0378865636885
0.0388082787395
0.0395897440612
0.0402457304299
0.0407922416925
0.0412456393242
0.0416222922504
0.0419396162033
0.0422153025866
0.0424671806395
0.0427130833268
0.0429695062339
0.0432522557676
0.0435770973563
0.0439595580101
0.0444123670459
0.0449458137155
0.0455706603825
0.0462964139879
0.0471294336021
0.0480721071362
0.0491276010871
0.0502978414297
0.0515801273286
0.0529682524502
0.0544567070901
0.05603761971
0.057702049613
0.0594330504537
0.0612175650895
0.063039958477
0.0648818537593
0.0667228922248
0.0685410574079
0.0703151747584
0.072023011744
0.0736384764314
0.0751386359334
0.0764989331365
0.0776945278049
0.078701518476
0.0794961377978
0.0800549536943
0.0803561285138
0.0803805366158
0.0801092162728
0.0795229747891
0.0786062479019
0.0773491337895
0.0757399499416
0.0737686082721
0.0714293122292
0.068720728159
0.0656442791224
0.062198612839
0.0583920553327
0.0542307682335
0.0497328266501
0.0449061915278
0.0397691652179
0.0343447700143
0.0286536887288
0.0227219928056
0.016575852409
0.0102439094335
0.00376158114523
-0.00283883349039
-0.00952716451138
-0.0162629168481
-0.023011945188
-0.0297300200909
-0.0363864041865
-0.0429426804185
-0.0493572354317
-0.0555751360953
-0.061568390578
-0.0673085525632
-0.0727577358484
-0.0778843313456
-0.0826517343521
-0.087031789124
-0.0910001769662
-0.0945281013846
-0.0975900739431
-0.100169382989
-0.102249763906
-0.10381668061
-0.104856610298
-0.105363361537
-0.105336591601
-0.104776233435
-0.10368129611
-0.102061644197
-0.099930793047
-0.097303211689
-0.0941969007254
-0.0906291604042
-0.0866339057684
-0.0822364985943
-0.0774681195617
-0.0723597332835
-0.0669530183077
-0.0612876378
-0.0554000623524
-0.0493342280388
-0.0431313998997
-0.0368392206728
-0.0305019617081
-0.0241602025926
-0.0178609397262
-0.0116442013532
-0.00555830076337
0.000363889033906
0.0060702925548
0.0115327322856
0.0167052932084
0.0215571876615
0.0260564256459
0.030178386718
0.0338939130306
0.0371784083545
0.0400124974549
0.0423838160932
0.0442808456719
0.0456904172897
0.0466096065938
0.047041747719
0.0469912774861
0.04646249488
0.0454668402672
0.0440235286951
0.0421533323824
0.0398754812777
0.0372153073549
0.034204851836
0.0308747701347
0.0272587481886
0.0233882032335
0.0193033851683
0.0150344334543
0.0106252813712
0.00611762469634
0.00155402580276
-0.00302460021339
-0.00757952779531
-0.012067261152
-0.0164485275745
-0.0206870492548
-0.0247440319508
-0.0285789053887
-0.0321579165757
-0.0354527793825
-0.0384321659803
-0.0410681404173
-0.0433356054127
-0.0452192090452
-0.0467021763325
-0.047769293189
-0.0484101139009
-0.0486224927008
-0.0484055615962
-0.0477587170899
-0.0466571450233
-0.0451244413853
-0.0431834347546
-0.040845874697
-0.0381224229932
-0.035034392029
-0.031603872776
-0.0278566107154
-0.0238174665719
-0.0195146147162
-0.0149821741506
-0.0102569423616
-0.00537379831076
-0.000366913212929
0.00472510326654
0.00986134260893
0.0150039726868
0.0201187860221
0.0251674689353
0.0301176998764
0.0349260605872
0.0395387075841
0.0439539700747
0.0481358505785
0.0520530752838
0.0556760579348
0.0589766055346
0.0619327388704
0.064519494772
0.0667150244117
0.0685019791126
0.0698713585734
0.0708134993911
0.0713207870722
0.0713903605938
0.0710279121995
0.0702400654554
0.0690325796604
0.0674132555723
0.0653506964445
0.0628886148334
0.0600592978299
0.0568768270314
0.0533601269126
0.0495327822864
0.0454235076904
0.0410517267883
0.0364520400763
0.0316587127745
0.026701413095
0.021622331813
0.016452062875
0.0112269865349
0.0059854099527
0.000759091810323
-0.00441625341773
-0.00950881373137
-0.0144849009812
-0.0193188618869
-0.0239763818681
-0.0284307282418
-0.0326530374587
-0.0366119295359
-0.040278352797
-0.0436298698187
-0.0466467030346
-0.0493088103831
-0.051600150764
-0.0535074323416
-0.055027090013
-0.056154910475
-0.0568880848587
-0.0571981780231
-0.0570776350796
-0.0565663427114
-0.055665537715
-0.0543767698109
-0.0527096614242
-0.0506765730679
-0.0482916347682
-0.0455717891455
-0.0425384491682
-0.0392165444791
-0.0356327444315
-0.0318157076836
-0.0277911778539
-0.0235889460891
-0.0192375741899
-0.0147467488423
-0.0101608624682
-0.00550787895918
-0.000820046640001
0.00387397827581
0.00853942055255
0.0131486980245
0.0176629591733
0.0220552142709
0.0262946132571
0.0303536262363
0.0342053882778
0.0378349125385
0.0412183515728
0.0443125106394
0.0471027269959
0.0495995730162
0.0517845340073
0.0536377392709
0.0551471635699
0.0563028082252
0.0570972003043
0.0575235337019
0.0575820654631
0.0572799630463
0.0566253624856
0.0556277185678
0.0542982444167
0.0526176318526
0.0505976304412
0.048281814903
0.0456811226904
0.0428111180663
0.0396876633167
0.0363345555961
0.0327744968235
0.0290320534259
0.0251366905868
0.0211199708283
0.0170084703714
0.012829599902
0.00861220899969
0.00436709215865
0.000128716870677
-0.00407524779439
-0.00822133105248
-0.012280405499
-0.0162263326347
-0.0200302172452
-0.0236641578376
-0.0271075777709
-0.0303396116942
-0.0333397872746
-0.0360946655273
-0.0385950095952
-0.0407857149839
-0.0426936931908
-0.0443103499711
-0.0456261150539
-0.0466321185231
-0.0473201572895
-0.0476834215224
-0.0477224364877
-0.0474441237748
-0.0468574538827
-0.0459721460938
-0.0448010936379
-0.043352112174
-0.0415944084525
-0.0395909063518
-0.0373499393463
-0.0348857268691
-0.0322161093354
-0.029362488538
-0.0263469759375
-0.0231917258352
-0.0199279431254
-0.0165816452354
-0.013180998154
-0.00974876340479
-0.00629759253934
-0.00285409227945
0.000553818244953
0.00390370259993
0.00716913631186
0.0103266537189
0.0133504662663
0.0162152051926
0.0188977848738
0.0213827900589
0.0236552543938
0.0257007051259
0.0274860244244
0.0290110893548
0.0302780587226
0.0312745608389
0.0319870375097
0.0324077419937
0.0325339362025
0.032365091145
0.0319024212658
0.0311523582786
0.0301265064627
0.0288364142179
0.0272610988468
0.0254251193255
0.0233496241271
0.0210465379059
0.0185265988111
0.0158077832311
0.0129105802625
0.00985599588603
0.00667140679434
0.00337855936959
-4.17993760493e-07
-0.00344142946415
-0.00692408205941
-0.0104344002903
-0.0139501467347
-0.0174450669438
-0.020894927904
-0.0242728441954
-0.0275507923216
-0.0307091772556
-0.0337262451649
-0.03658663854
-0.0392799638212
-0.0417484082282
-0.0440073274076
-0.0460584498942
-0.047885209322
-0.0494663082063
-0.0507889576256
-0.0518450178206
-0.0526293292642
-0.0531411059201
-0.0533841736615
-0.0533682666719
-0.053063955158
-0.0524662733078
-0.051618129015
-0.0505201071501
-0.049176748842
-0.0475929640234
-0.0457803122699
-0.0437549948692
-0.0415360964835
-0.03914796561
-0.036610417068
-0.033920198679
-0.0310789290816
-0.0281308796257
-0.0250927451998
-0.0219790879637
-0.0188106838614
-0.0156058501452
-0.012390775606
-0.00918657984585
-0.00601375149563
-0.00289050070569
0.000174792105099
0.00316900201142
0.00607914151624
0.00889076944441
0.011592968367
0.0141678480431
0.016601935029
0.018884414807
0.0210098475218
0.0229742415249
0.0247785523534
0.0263944268227
0.0278379917145
0.0291228443384
0.0302437860519
0.0311981458217
0.0319853499532
0.0326107442379
0.0330815315247
0.0334079414606
0.0336019732058
0.0336785763502
0.0335930883884
0.0334096550941
0.033133495599
0.0327705033123
0.0323291905224
0.0318196453154
0.0312545076013
0.0306482184678
0.0300163775682
0.0293733943254
0.0287114139646
0.0280322805047
0.0273706819862
0.0267308503389
0.0261182188988
0.0255396869034
0.0250018797815
0.0245111137629
0.0240747369826
0.0237004421651
0.0233943834901
0.0231188070029
0.0229085870087
0.022764198482
0.022682864219
0.0226599667221
0.0226904116571
0.0227704141289
0.0228975173086
0.0230691730976
0.0232814457268
0.0235122200102
0.023748666048
0.0240058638155
0.024272006005
0.0245354194194
0.0247848294675
0.0250105205923
0.0252045281231
0.0253605917096
0.025473523885
0.0255382861942
0.0255107749254
0.0254149194807
0.0252458993345
0.0249930992723
0.0246465429664
0.0242000482976
0.0236506704241
0.0229971576482
0.0222393255681
0.0213777255267
0.0204081721604
0.0193110331893
0.0181093458086
0.0168017726392
0.0153883406892
0.0138733284548
0.01226439327
0.0105671668425
0.00879086460918
0.00694864802063
0.00504865311086
0.00309664802626
0.00109834573232
-0.000933879986405
-0.00298873148859
-0.005054354202
-0.00711553636938
-0.00915810745209
-0.0111656421795
-0.0131249772385
-0.0150223886594
-0.0168471019715
-0.0185808688402
-0.0202055294067
-0.0217275526375
-0.0231312029064
-0.0244032237679
-0.0255299415439
-0.026499863714
-0.0273020062596
-0.0279301870614
-0.0283817034215
-0.0286554992199
-0.0287501439452
-0.0286200530827
-0.0283062513918
-0.0278058350086
-0.0271159503609
-0.0262343361974
-0.0251641143113
-0.0239127483219
-0.0224899444729
-0.0209057684988
-0.0191712379456
-0.0173008032143
-0.0153026236221
-0.0131759075448
-0.010946912691
-0.0086291981861
-0.00623994367197
-0.00379526731558
-0.00131505017634
0.00118296802975
0.00367499887943
0.00614037225023
0.00856207404286
0.0109193744138
0.0131969181821
0.0153625793755
0.0174123104662
0.0193312242627
0.0210987403989
0.0226975604892
0.0241085141897
0.0253150165081
0.0263014603406
0.0270580146462
0.027575340122
0.0278448648751
0.0278603900224
0.027620261535
0.0270946286619
0.0262988097966
0.0252340901643
0.0238995328546
0.0222967416048
0.0204282402992
0.0182977747172
0.0159140564501
0.0132914884016
0.010440855287
0.00737839564681
0.00411581015214
0.000672476133332
-0.00293245585635
-0.00668245926499
-0.0105583081022
-0.0145475156605
-0.0186241883785
-0.0227697584778
-0.0269559286535
-0.0311612337828
-0.0353567786515
-0.0395138002932
-0.043610304594
-0.0476193055511
-0.0515175461769
-0.0552827976644
-0.0588936917484
-0.0623320750892
-0.0655774846673
-0.0685616284609
-0.0712990164757
-0.0737886279821
-0.0760109648108
-0.0779491811991
-0.0795869156718
-0.0809058472514
-0.0818955600262
-0.0825474336743
-0.0828543901443
-0.0828101336956
-0.0824127420783
-0.0816659703851
-0.0805724039674
-0.0791375339031
-0.0773672685027
-0.075271435082
-0.0728621855378
-0.0701427012682
-0.0670788437128
-0.0637377426028
-0.0601358637214
-0.0562865659595
-0.0522077642381
-0.0479191839695
-0.0434402599931
-0.0387953817844
-0.0340073443949
-0.0290982481092
-0.024096282199
-0.0190275348723
-0.0139157203957
-0.00878939405084
-0.00367180421017
0.00140881421976
0.00642933510244
0.0113628581166
0.0161870755255
0.0208823103458
0.0254241339862
0.0297941435128
0.0339730419219
0.0379463136196
0.0416969768703
0.0451878868043
0.0484239198267
0.0513968132436
0.0540965795517
0.0565152131021
0.0586471892893
0.060491360724
0.0620451457798
0.0633059293032
0.0642778649926
0.0649664625525
0.0653781816363
0.0655192881823
0.0654006078839
0.0650357604027
0.0644386783242
0.0636230781674
0.062605842948
0.0614062845707
0.060044515878
0.058539558202
0.0569132529199
0.0551872737706
0.0533840991557
0.0515263304114
0.0496373809874
0.0477386489511
0.0458525121212
0.0440014451742
0.0422072038054
0.0404879115522
0.0388625897467
0.0373510122299
0.0359680987895
0.0347280576825
0.033642988652
0.0327257327735
0.0319855473936
0.0314273312688
0.0310551021248
0.0308736395091
0.0308832507581
0.0310794711113
0.0314575619996
0.0320126898587
0.0327357575297
0.0336141623557
0.034633487463
0.0357809476554
0.0370385088027
0.0383861772716
0.0398032441735
0.0412694737315
0.0427605770528
0.0442522913218
0.0457195676863
0.0471371784806
0.0484795644879
0.049720980227
0.0508355051279
0.0517972335219
0.0525820702314
0.0531673580408
0.0535295791924
0.0536463595927
0.0534989237785
0.0530708357692
0.0523450709879
0.0513062998652
0.049943678081
0.0482498109341
0.0462167970836
0.043838083744
0.0410899929702
0.0380023866892
0.0345819331706
0.0308308750391
0.0267637241632
0.0223967246711
0.0177398677915
0.0128100700676
0.00763517292216
0.00223693414591
-0.0033630146645
-0.00913220550865
-0.0150446519256
-0.0210663471371
-0.0271657649428
-0.0333096832037
-0.0394637063146
-0.0455937720835
-0.0516661591828
-0.0576478950679
-0.0635093748569
-0.0692070126534
-0.0746408551931
-0.0798327848315
-0.0847564786673
-0.0893775820732
-0.0936657488346
-0.0975953266025
-0.10113940388
-0.10427621007
-0.106984719634
-0.109252348542
-0.111068755388
-0.112423375249
-0.113316610456
-0.113752767444
-0.113735683262
-0.113181829453
-0.112127996981
-0.110643416643
-0.108733437955
-0.106408365071
-0.10368155688
-0.10057297349
-0.0971015691757
-0.0932921022177
-0.0891806557775
-0.0847979635
-0.0801832079887
-0.0753715783358
-0.0703066438437
-0.0651259720325
-0.0598680116236
-0.0545638985932
-0.0492385700345
-0.0439193584025
-0.0386411063373
-0.0334318578243
-0.0283233895898
-0.0233473852277
-0.0185277201235
-0.0138754909858
-0.00944851338863
-0.00526963407174
-0.001347217476
0.00230983202346
0.00568986870348
0.0087906382978
0.0116111580282
0.0141525566578
0.0164166111499
0.0183862689883
0.0200776923448
0.0215085241944
0.0226918682456
0.0236446931958
0.0243871118873
0.0249408707023
0.0253331847489
0.0255946628749
0.0257207751274
0.0257506389171
0.0257259197533
0.0256685335189
0.0256017446518
0.025550538674
0.0255425050855
0.0256086625159
0.0257732011378
0.0260128080845
0.0263908952475
0.0269164722413
0.0275966413319
0.028437525034
0.0294502843171
0.0306524038315
0.0320458635688
0.0335662513971
0.0352640412748
0.0371223241091
0.0391174405813
0.0412356369197
0.04347249493
0.0458256751299
0.048223093152
0.050631724298
0.0530635491014
0.0554756931961
0.0578343197703
0.0601199939847
0.062330275774
0.0644042268395
0.0662499591708
0.0679244101048
0.069379709661
0.070579841733
0.0715109929442
0.0721817463636
0.0725206062198
0.0724870339036
0.0721487700939
0.0714704468846
0.0704350098968
0.0690502524376
0.0673476606607
0.0652143135667
0.0627749562263
0.0600412301719
0.057003531605
0.0536764003336
0.0500916391611
0.0462398082018
0.0421669594944
0.037958368659
0.0336170382798
0.0291604306549
0.0246171075851
0.0200153291225
0.0153991477564
0.0108537916094
0.00639333156869
0.00203297939152
-0.00220768200234
-0.00630297651514
-0.0101764192805
-0.0138043789193
-0.0171711184084
-0.0202625580132
-0.0230803340673
-0.0255962964147
-0.0277590341866
-0.0295886192471
-0.0310770049691
-0.0322302244604
-0.0330695398152
-0.0335406661034
-0.0336954891682
-0.0335489585996
-0.0331054180861
-0.0323959849775
-0.0314387567341
-0.030223313719
-0.0288396980613
-0.0272927675396
-0.0256067086011
-0.0238262172788
-0.0219414867461
-0.0200507622212
-0.018174290657
-0.0163309592754
-0.0145579008386
-0.0128739820793
-0.0113375224173
-0.00998002104461
-0.00881612766534
-0.00787088926882
-0.00716170389205
-0.00671479757875
-0.00655210390687
-0.00667417654768
-0.00709511712193
-0.00782332848758
-0.00884176418185
-0.0101500460878
-0.0117411958054
-0.013618092984
-0.0157606136054
-0.0181158073246
-0.0206744782627
-0.0234073512256
-0.0263178031892
-0.0293467584997
-0.0324300825596
-0.0355470106006
-0.0386638194323
-0.0417958572507
-0.0448054149747
-0.0476935878396
-0.0504161901772
-0.0529539622366
-0.0553200505674
-0.0573294013739
-0.0590777285397
-0.0604966431856
-0.0615960881114
-0.0623191408813
-0.0626391246915
-0.06258893013
-0.0621350370347
-0.0613368265331
-0.0600339472294
-0.0584098212421
-0.0564159341156
-0.0540726706386
-0.051362991333
-0.0483479648829
-0.0450919941068
-0.0415798053145
-0.0378571711481
-0.0338991247118
-0.0298740845174
-0.0257548112422
-0.0215622484684
-0.017312977463
-0.0131323309615
-0.00903099961579
-0.00500804884359
-0.00108247040771
0.00265483302064
0.00617881631479
0.00949650350958
0.0126167042181
0.0154592962936
0.0180249605328
0.0203190147877
0.022380290553
0.0241250135005
0.0256060771644
0.026824420318
0.0278278030455
0.0285629294813
0.0290994178504
0.0294451955706
0.029648123309
0.0296816136688
0.0296202208847
0.0294769145548
0.0292976722121
0.0290665756911
0.0288553405553
0.028676180169
0.0285702049732
0.0285181682557
0.0285828728229
0.0287656392902
0.0291066709906
0.0295677687973
0.0301982108504
0.0309869069606
0.0319784916937
0.0332269147038
0.0329808965325
0.0399286597967
0.0
