0.0
0.0
0.000122003249999
0.000122003249999
0.000122003249999
0.000122236087918
0.000122003249999
0.000244239345193
0.000122003249999
0.000244006499997
0.000366242573364
0.000244239345193
0.000366242573364
0.000244006499997
0.000366242573364
0.000488245830638
0.000366242573364
0.000488245830638
0.000366242573364
0.000488245830638
0.00061048194766
0.000488245830638
0.000610249117017
0.000488245830638
0.00061048194766
0.000732485146727
0.000610249117017
0.000732485146727
0.000732485146727
0.000732252316084
0.000732485146727
0.000732485146727
0.000854488404002
0.000854488404002
0.000854488404002
0.000854488404002
0.000854488404002
0.000976491661277
0.000976491661277
0.000976724550128
0.000976491661277
0.000976491661277
0.0010987278074
0.0010987278074
0.00109849497676
0.0010987278074
0.00109849497676
0.00122073106468
0.00122073106468
0.00122073106468
0.00122073106468
0.00122073106468
0.00134273420554
0.00122073106468
0.00134273420554
0.00134273420554
0.00146497029345
0.00134273420554
0.00146473746281
0.00146497029345
0.00146473746281
0.00146497029345
0.00146473746281
0.00158697355073
0.00158674072009
0.00158697355073
0.00158697355073
0.00158697355073
0.001708976808
0.001708976808
0.001708976808
0.001708976808
0.001708976808
0.00183098006528
0.001708976808
0.00183121289592
0.00183098006528
0.00195298332255
0.00183121289592
0.00195298332255
0.00183121289592
0.00195298332255
0.00195321626961
0.00207521952689
0.00195298332255
0.00207521952689
0.00207521952689
0.00207521952689
0.00207521952689
0.00219722278416
0.00207521952689
0.00219722278416
0.00219722278416
0.00219745561481
0.00231922604144
0.00219722278416
0.00231945887208
0.00231922604144
0.00231945887208
0.00231922604144
0.00231945887208
0.00244122929871
0.00244146212935
0.00244146212935
0.00244146212935
0.00244122929871
0.00244146212935
0.0025634651538
0.0025634651538
0.0025634651538
0.0025634651538
0.0025634651538
0.00268570124172
0.00268546841107
0.0025634651538
0.00268570124172
0.00280747166835
0.00268570124172
0.00280747166835
0.00268546841107
0.00280770449899
0.00280770449899
0.00280747166835
0.00292970775627
0.00280770449899
0.00292970775627
0.00292970775627
0.00292970775627
0.00292970775627
0.00305171101354
0.00292970775627
0.00305171101354
0.00305171101354
0.00305171101354
0.00305171101354
0.00317394710146
0.00305171101354
0.00317394710146
0.00317371427082
0.00317394710146
0.00317371427082
0.00329595035873
0.00317371427082
0.00329595035873
0.00329595035873
0.00329595035873
0.00329571752809
0.00329595035873
0.00341795361601
0.00341795361601
0.00341795361601
0.00341818644665
0.00341795361601
0.00341795361601
0.00353995687328
0.00341795361601
0.00353995687328
0.00354018970393
0.00353995687328
0.0036621929612
0.00353995687328
0.0036621929612
0.00353995687328
0.0036621929612
0.00366196013056
0.00378419621848
0.0036621929612
0.00378419621848
0.0036621929612
0.00378396338783
0.00378419621848
0.00378419621848
0.00390643253922
0.00378396338783
0.00390643253922
0.00390619947575
0.00390619947575
0.00390619947575
0.00390643253922
0.00402820296586
0.00390619947575
0.0040284357965
0.00402820296586
0.0040284357965
0.00402820296586
0.0040284357965
0.00415043905377
0.00402820296586
0.00415043905377
0.00415043905377
0.00415020622313
0.00415043905377
0.00427244231105
0.00415043905377
0.00427244231105
0.00427244231105
0.00427244231105
0.00427244231105
0.00427267514169
0.00427244231105
0.00439444556832
0.00439444556832
0.00427244231105
0.00439467839897
0.00439444556832
0.00451668165624
0.00439444556832
0.00451668165624
0.00439444556832
0.00451668165624
0.00451668165624
0.0045164488256
0.00463868491352
0.00451668165624
0.00463868491352
0.0045164488256
0.00463868491352
0.00463868491352
0.00463868491352
0.00463868491352
0.00476068817079
0.00463868491352
0.00476092100143
0.00476068817079
0.00476068817079
0.00476068817079
0.00476092100143
0.00476068817079
0.00488269142807
0.00488292425871
0.00476068817079
0.00488292425871
0.00488269142807
0.00488292425871
0.00500469421968
0.00488292425871
0.00500492705032
0.00500492705032
0.00488269142807
0.00500492705032
0.00500492705032
0.0051269303076
0.00500492705032
0.0051269303076
0.00500469421968
0.00512716313824
0.0051269303076
0.0051269303076
0.0051269303076
0.0051269303076
0.00524893356487
0.0051269303076
0.00524916639552
0.00524893356487
0.00524916639552
0.00524893356487
0.00524893356487
0.00537116965279
0.00524893356487
0.00537116965279
0.00524893356487
0.00537116965279
0.00537116965279
0.00537116965279
0.00537093682215
0.00549317291006
0.00537116965279
0.00549317291006
0.00549317291006
0.00537093682215
0.00549317291006
0.00549317291006
0.00561540899798
0.00549317291006
0.00549317291006
0.00561517616734
0.00561517616734
0.00549317291006
0.00561517616734
0.00573741225526
0.00561517616734
0.00561517616734
0.00561540899798
0.00573717942461
0.00573741225526
0.00561517616734
0.00573717942461
0.00573741225526
0.00573717942461
0.00585941551253
0.00573741225526
0.00585941551253
0.00573717942461
0.00585941551253
0.00585941551253
0.00585941551253
0.00585918268189
0.00585941551253
0.00585941551253
0.00598141876981
0.00585941551253
0.00598141876981
0.00598141876981
0.00585941551253
0.00598141876981
0.00610365485772
0.00598141876981
0.00598141876981
0.00598141876981
0.00610342202708
0.00610365485772
0.00598141876981
0.0061035384424
0.00610342202708
0.0061035384424
0.006225658115
0.00610342202708
0.0061035384424
0.006225658115
0.00610342202708
0.006225658115
0.00622554169968
0.00622554169968
0.006225658115
0.00622554169968
0.00634766137227
0.006225658115
0.00622554169968
0.00634766137227
0.00634766137227
0.00634766137227
0.00622554169968
0.00646978104487
0.00634766137227
0.00634766137227
0.00634766137227
0.00646966462955
0.00634766137227
0.00646978104487
0.00646966462955
0.00634766137227
0.00646978104487
0.00646966462955
0.00646978104487
0.00659178430215
0.00646966462955
0.00646978104487
0.00659178430215
0.00659178430215
0.00646978104487
0.00659178430215
0.00659178430215
0.00659178430215
0.00659178430215
0.00671390397474
0.00659178430215
0.00659178430215
0.00671390397474
0.00659178430215
0.00671378755942
0.00671390397474
0.00671390397474
0.00671378755942
0.00671390397474
0.00671390397474
0.00671378755942
0.00683602364734
0.00671378755942
0.00683602364734
0.00671378755942
0.00683602364734
0.00683590723202
0.00683590723202
0.00683590723202
0.00683602364734
0.00683590723202
0.00695802690461
0.00683590723202
0.00683590723202
0.00695802690461
0.00695802690461
0.00683590723202
0.00695802690461
0.00695802690461
0.00695802690461
0.00695802690461
0.00695791048929
0.00708014657721
0.00695802690461
0.00695791048929
0.00708014657721
0.00695802690461
0.00708003016189
0.00708003016189
0.00708014657721
0.00708003016189
0.00708014657721
0.00708003016189
0.00708014657721
0.00708003016189
0.00720214983448
0.00708003016189
0.00720214983448
0.00708014657721
0.00720214983448
0.00720214983448
0.00720214983448
0.00708003016189
0.00720214983448
0.00732426950708
0.00720214983448
0.00720214983448
0.00720214983448
0.00732415309176
0.00720214983448
0.00732426950708
0.00720214983448
0.00732415309176
0.00732426950708
0.00732415309176
0.00732426950708
0.00732426950708
0.00732415309176
0.00732426950708
0.00732415309176
0.00744627276435
0.00732426950708
0.00732426950708
0.00744627276435
0.00744627276435
0.00732415309176
0.00744627276435
0.00744638917968
0.00744627276435
0.00744627276435
0.00744627276435
0.00744627276435
0.00744627276435
0.00744627276435
0.00756839243695
0.00744627276435
0.00756839243695
0.00744627276435
0.00756839243695
0.00744627276435
0.00756839243695
0.00756827602163
0.00756839243695
0.00756839243695
0.00756839243695
0.00756827602163
0.00756839243695
0.00756839243695
0.00769039569423
0.00756839243695
0.00756833422929
0.00769045390189
0.00756833422929
0.00769045390189
0.00769039569423
0.00769045390189
0.00756833422929
0.00769045390189
0.00769039569423
0.00769045390189
0.00769039569423
0.00769045390189
0.00769045390189
0.00781245715916
0.00769045390189
0.00769045390189
0.00781245715916
0.00769045390189
0.00781251583248
0.00769039569423
0.00781251583248
0.00781251583248
0.00781245715916
0.00769045390189
0.00781251583248
0.00781245715916
0.00781251583248
0.00781251583248
0.00781251583248
0.00793451908976
0.00781251583248
0.00781251583248
0.00781251583248
0.00793457683176
0.00781245715916
0.00793457683176
0.00781251583248
0.00793457683176
0.00793457683176
0.00781245715916
0.00793457683176
0.00793457683176
0.00793457683176
0.00793457683176
0.00793457683176
0.00793457683176
0.00793457683176
0.00793457683176
0.00793451908976
0.00793457683176
0.00805663876235
0.00793457683176
0.00793457683176
0.00805663876235
0.00793457683176
0.00805663876235
0.00793457683176
0.00805663876235
0.00805663876235
0.00793457683176
0.00805663876235
0.00805663876235
0.00805663876235
0.00805663876235
0.00805663876235
0.00805663876235
0.00805663876235
0.00805663876235
0.00805666763335
0.00805663876235
0.00805663876235
0.00817869976163
0.00805663876235
0.00805663876235
0.00817872863263
0.00805663876235
0.00805663876235
0.00817869976163
0.00805663876235
0.00817872863263
0.00817869976163
0.00805663876235
0.00817869976163
0.00817872863263
0.00817869976163
0.00805663876235
0.00817872863263
0.00817869976163
0.00817869976163
0.00817872863263
0.00817869976163
0.00817871466279
0.00817871466279
0.00817871466279
0.00817869976163
0.00830079056323
0.00817871466279
0.00817869976163
0.00817871466279
0.00830079056323
0.00817869976163
0.00817871466279
0.00830077566206
0.00817871466279
0.00830079056323
0.00817870721221
0.00830077566206
0.00817871466279
0.00830078311265
0.00830077566206
0.00817871466279
0.00830078311265
0.00830077566206
0.00830078311265
0.0081787109375
0.00830078311265
0.00830077938735
0.00830078125
0.00830078218132
0.00830078125
0.00830078125
0.00830078125
0.00830078125
0.00830078125
0.00830078125
0.00830078311265
0.00830077938735
0.00830077938735
0.00830078311265
0.0084228515625
0.00830078311265
0.00830077566206
0.00830078311265
0.0084228515625
0.00830078311265
0.00830078311265
0.0084228515625
0.00830077566206
0.0084228515625
0.00830079056323
0.00830077566206
0.0084228515625
0.00830077566206
0.0084228515625
0.00830079056323
0.0084228515625
0.0084228515625
0.00830077566206
0.0084228515625
0.00830077566206
0.0084228515625
0.0084228515625
0.00830079056323
0.0084228515625
0.0084228515625
0.00830076169223
0.0084228515625
0.0084228515625
0.0084228515625
0.0084228515625
0.00830079056323
0.0084228515625
0.0084228515625
0.0084228515625
0.0084228515625
0.0084228515625
0.00830079056323
0.0084228515625
0.0084228515625
0.0084228515625
0.0084228515625
0.0084228515625
0.0084228515625
0.0084228515625
0.0084228515625
0.0084228515625
0.0084228515625
0.0084228515625
0.0084228226915
0.00842288136482
0.0084228226915
0.00842288136482
0.0084228226915
0.00842288136482
0.0084228226915
0.00842288136482
0.0084228226915
0.0085449423641
0.0084228226915
0.00842288136482
0.0084228226915
0.00842288136482
0.0084228226915
0.00842288136482
0.0084228226915
0.00842288136482
0.0085449423641
0.0084228226915
0.00842288136482
0.0084228226915
0.00842288136482
0.0084228226915
0.0084228226915
0.0085449423641
0.00842288136482
0.0084228226915
0.00842288136482
0.0084228226915
0.00842288136482
0.0084228226915
0.0085449423641
0.0084228226915
0.00842288136482
0.0084228226915
0.00842288136482
0.0084228226915
0.00842288136482
0.0085448846221
0.00842288136482
0.0084228226915
0.00842288136482
0.0084228226915
0.00842288136482
0.0084228226915
0.00842288136482
0.0084228226915
0.0085449423641
0.0084228226915
0.00842288136482
0.0084228226915
0.00842288136482
0.0084228226915
0.00842288136482
0.0084228226915
0.00842288136482
0.0084228226915
0.0084228226915
0.00842288136482
0.00842288136482
0.00842288136482
0.0084227649495
0.00842288136482
0.00842288136482
0.00842288136482
0.0084227649495
0.00842288136482
0.00842288136482
0.00830076169223
0.00842288136482
0.00842288136482
0.0084227649495
0.00842288136482
0.00842288136482
0.00830076169223
0.00842288136482
0.00842288136482
0.0084227649495
0.00842288136482
0.00830076169223
0.00842288136482
0.00842288136482
0.00830076169223
0.00842288136482
0.0084227649495
0.00830087810755
0.0084227649495
0.00842288136482
0.00830076169223
0.00842288136482
0.00830076169223
0.00842288136482
0.00830076169223
0.00842288136482
0.00830076169223
0.00842288136482
0.00830076169223
0.00830076169223
0.00842288136482
0.00830076169223
0.00830076169223
0.00842288136482
0.00830076169223
0.00830076169223
0.00830076169223
0.00842288136482
0.00830076169223
0.00830076169223
0.00830087810755
0.00830076169223
0.00830076169223
0.00830076169223
0.00830076169223
0.00830076169223
0.00830087810755
0.00830076169223
0.00830076169223
0.00830076169223
0.00830076169223
0.00830087810755
0.00817864201963
0.00830076169223
0.00830076169223
0.00830087810755
0.00817864201963
0.00830076169223
0.00830087810755
0.00817864201963
0.00830076169223
0.00817875843495
0.00830076169223
0.00817875843495
0.00830076169223
0.00817864201963
0.00817875843495
0.00830076169223
0.00817875843495
0.00817864201963
0.00817875843495
0.00830076169223
0.00817875843495
0.00817864201963
0.00817875843495
0.00817875843495
0.00817864201963
0.00817875843495
0.00817864201963
0.00817875843495
0.00817875843495
0.00817864201963
0.00805663876235
0.00817875843495
0.00817864201963
0.00805663876235
0.00817875843495
0.00817875843495
0.00805663876235
0.00817864201963
0.00805663876235
0.00817875843495
0.00805663876235
0.00805663876235
0.00817864201963
0.00805663876235
0.00805663876235
0.00805663876235
0.00805675517768
0.00805663876235
0.00805663876235
0.00805663876235
0.00805663876235
0.00805663876235
0.00805663876235
0.00805663876235
0.00805663876235
0.00793463550508
0.00805663876235
0.00805663876235
0.00793440267444
0.00805663876235
0.00793463550508
0.00805663876235
0.00793463550508
0.00793440267444
0.00805663876235
0.00793463550508
0.00793463550508
0.00793463550508
0.00793440267444
0.00793463550508
0.00793463550508
0.00793463550508
0.00793440267444
0.00793463550508
0.00793463550508
0.0078123989515
0.00793463550508
0.00793463550508
0.0078123989515
0.00793463550508
0.0078123989515
0.00793463550508
0.0078123989515
0.00781263224781
0.0078123989515
0.00793463550508
0.0078123989515
0.00781263224781
0.0078123989515
0.00781263224781
0.0078123989515
0.00781263224781
0.00769039569423
0.0078123989515
0.00781263224781
0.00769039569423
0.0078123989515
0.00769039569423
0.00781263224781
0.00769039569423
0.00769039569423
0.0078123989515
0.00769062852487
0.00769039569423
0.00769039569423
0.00769039569423
0.00769039569423
0.00769039569423
0.00769039569423
0.00756839243695
0.00769039569423
0.00769062852487
0.00756815960631
0.00769062852487
0.00756815960631
0.00756839243695
0.00769039569423
0.00756839243695
0.00756839243695
0.00756839243695
0.00756839243695
0.00756839243695
0.00756839243695
0.00756815960631
0.00756839243695
0.00744638917968
0.00756839243695
0.00744615634903
0.00756839243695
0.00744638917968
0.00756839243695
0.00744615634903
0.00744638917968
0.00744615634903
0.00744638917968
0.00744615634903
0.00744638917968
0.00744638917968
0.00744615634903
0.00732415309176
0.00744638917968
0.00744638917968
0.00732415309176
0.00732415309176
0.00744638917968
0.00732415309176
0.00732415309176
0.0073243859224
0.00732415309176
0.00732415309176
0.00732415309176
0.0073243859224
0.00732415309176
0.00720214983448
0.00732415309176
0.00720214983448
0.00732415309176
0.00720214983448
0.00720214983448
0.00720214983448
0.0073243859224
0.00720214983448
0.00720214983448
0.00707991374657
0.00720214983448
0.00720214983448
0.00708014657721
0.00720214983448
0.00708014657721
0.00720214983448
0.00708014657721
0.00707991374657
0.00708014657721
0.00708014657721
0.00707991374657
0.00708014657721
0.00708014657721
0.00707991374657
0.00695814331993
0.00708014657721
0.00695791048929
0.00695791048929
0.00708014657721
0.00695814331993
0.00695791048929
0.00695791048929
0.00695814331993
0.00695791048929
0.00683590723202
0.00695814331993
0.00695791048929
0.00683590723202
0.00695814331993
0.00683590723202
0.00683590723202
0.00683590723202
0.00683590723202
0.00683590723202
0.00683614006266
0.00683590723202
0.0067136711441
0.00683614006266
0.0067136711441
0.00683614006266
0.0067136711441
0.00671390397474
0.00671390397474
0.00671390397474
0.00671390397474
0.00671390397474
0.0067136711441
0.00659190071747
0.00671390397474
0.00659166788682
0.00659190071747
0.00671390397474
0.00659166788682
0.00659190071747
0.00659166788682
0.00659190071747
0.00646966462955
0.00659190071747
0.00659166788682
0.00646989746019
0.00646966462955
0.00659166788682
0.00646989746019
0.00646966462955
0.00646966462955
0.00646989746019
0.00634766137227
0.00646966462955
0.00634766137227
0.00646966462955
0.00634766137227
0.00634766137227
0.00646966462955
0.00634766137227
0.006225658115
0.00634766137227
0.00634766137227
0.00634766137227
0.006225658115
0.00622542528436
0.00634766137227
0.006225658115
0.006225658115
0.00622542528436
0.006225658115
0.006225658115
0.00610342202708
0.006225658115
0.00610342202708
0.00610365485772
0.00622542528436
0.00610365485772
0.00610342202708
0.00610342202708
0.00598165160045
0.00610342202708
0.00610342202708
0.00598141876981
0.00598165160045
0.00610342202708
0.00598141876981
0.00598141876981
0.00585941551253
0.00598141876981
0.00598141876981
0.00585941551253
0.00598141876981
0.00585941551253
0.00585941551253
0.00585941551253
0.00585918268189
0.00585941551253
0.00585941551253
0.00573741225526
0.00585941551253
0.00573717942461
0.00585941551253
0.00573717942461
0.00573741225526
0.00573717942461
0.00561540899798
0.00573717942461
0.00573741225526
0.00561517616734
0.00561517616734
0.00573741225526
0.00561517616734
0.00561517616734
0.00549317291006
0.00561540899798
0.00561517616734
0.00549317291006
0.00549317291006
0.00561517616734
0.00549317291006
0.00549317291006
0.00549317291006
0.00537116965279
0.00549294007942
0.00537116965279
0.00549317291006
0.00537116965279
0.00537093682215
0.00537116965279
0.00537116965279
0.00524893356487
0.00537116965279
0.00537116965279
0.00524893356487
0.00524893356487
0.00524916639552
0.00524893356487
0.00524893356487
0.00524916639552
0.0051269303076
0.00524893356487
0.0051269303076
0.00512716313824
0.0051269303076
0.0051269303076
0.0051269303076
0.00500492705032
0.0051269303076
0.00500492705032
0.0051269303076
0.00500469421968
0.00500492705032
0.00488292425871
0.00500492705032
0.00500469421968
0.00488292425871
0.00500492705032
0.00488269142807
0.00488292425871
0.00488269142807
0.00476092100143
0.00488269142807
0.00488292425871
0.00476068817079
0.00476068817079
0.00476068817079
0.00476068817079
0.00476092100143
0.00476068817079
0.00463868491352
0.00476068817079
0.00463891774416
0.00463845208287
0.00463845208287
0.00463891774416
0.0045164488256
0.00463891774416
0.0045164488256
0.00463891774416
0.0045164488256
0.0045164488256
0.00451691448689
0.00439444556832
0.0045164488256
0.00439444556832
0.00451691448689
0.00439444556832
0.00439444556832
0.00427244231105
0.00439444556832
0.00439444556832
0.00427244231105
0.00427244231105
0.00427244231105
0.00427290797234
0.00427244231105
0.00427244231105
0.00414997339249
0.00427290797234
0.00414997339249
0.00415043905377
0.00415043905377
0.00415043905377
0.0040284357965
0.00415043905377
0.0040284357965
0.00402797013521
0.0040284357965
0.0040284357965
0.0040284357965
0.00402797013521
0.00390643253922
0.00390596664511
0.00390643253922
0.00390643253922
0.00390596664511
0.00390643253922
0.00378396338783
0.00390643253922
0.00378396338783
0.00378442904912
0.00378396338783
0.00366242579184
0.00378396338783
0.00366242579184
0.00378396338783
0.00366196013056
0.00366242579184
0.00353995687328
0.00366196013056
0.00366196013056
0.00354042253457
0.00353995687328
0.00353995687328
0.00353995687328
0.00341795361601
0.00353995687328
0.00341795361601
0.00341795361601
0.00354042253457
0.00329548469745
0.00341795361601
0.0034184192773
0.00329548469745
0.00329595035873
0.00329595035873
0.00329595035873
0.00329595035873
0.00317394710146
0.00329595035873
0.00317348144017
0.00317394710146
0.00317394710146
0.00317394710146
0.0030514781829
0.00317394710146
0.00305194384418
0.0030514781829
0.00305194384418
0.0030514781829
0.00292994058691
0.0030514781829
0.00292994058691
0.00292947492562
0.00292994058691
0.00292947492562
0.00280793732964
0.00292947492562
0.00280747166835
0.00280793732964
0.00280747166835
0.00280747166835
0.00268546841107
0.00268593407236
0.00280747166835
0.00268546841107
0.00268546841107
0.0025634651538
0.00268546841107
0.0025634651538
0.0025634651538
0.0025634651538
0.00256393081509
0.0025634651538
0.00244099646807
0.00244146212935
0.00244146212935
0.00244146212935
0.00244146212935
0.00244146212935
0.00231945887208
0.00231899321079
0.00231945887208
0.00231945887208
0.00231899321079
0.00219745561481
0.00231945887208
0.00219698995352
0.00219745561481
0.00219745561481
0.00207498669624
0.00219745561481
0.00207498669624
0.00207545235753
0.00207498669624
0.00207498669624
0.00195344910026
0.00207498669624
0.00195298332255
0.00195344910026
0.00183098006528
0.00195298332255
0.00195344910026
0.00183098006528
0.00183098006528
0.00183098006528
0.001708976808
0.00183098006528
0.001708976808
0.001708976808
0.001708976808
0.001708976808
0.001708976808
0.00158697355073
0.00158697355073
0.00158697355073
0.00158697355073
0.00158697355073
0.00146450463217
0.00146497029345
0.00146497029345
0.00146497029345
0.00146450463217
0.00134296703618
0.00146497029345
0.00134250137489
0.00134296703618
0.00122049823403
0.00134296703618
0.00122049823403
0.00122096389532
0.00122049823403
0.00122096389532
0.00122049823403
0.00109849497676
0.00109896063805
0.00109849497676
0.00109849497676
0.00109849497676
0.000976957380772
0.000976491661277
0.000976491661277
0.000976491661277
0.000976491661277
0.000854488404002
0.000854488404002
0.000854488404002
0.000854488404002
0.000854488404002
0.000732485146727
0.000732485146727
0.000732485146727
0.000732485146727
0.000732485146727
0.000610016286373
0.000732485146727
0.00061048194766
0.000488012999995
0.00061048194766
0.000488478690386
0.00061048194766
0.000488012999995
0.000488478690386
0.00036600974272
0.000488478690386
0.00036600974272
0.000366475404007
0.00036600974272
0.000244006499997
0.000244472175837
0.00036600974272
0.000244006499997
0.000122003249999
0.000244472175837
0.000122003249999
0.000122003249999
0.000122003249999
0.000122003249999
0.000122003249999
0.0
0.0
0.0
0.0
-0.000122003249999
-0.000122003249999
-0.000122003249999
-0.000122003249999
-0.000122003249999
-0.000244472175837
-0.000122003249999
-0.000244006499997
-0.00036600974272
-0.000244472175837
-0.00036600974272
-0.000366475404007
-0.00036600974272
-0.00036600974272
-0.000366475404007
-0.000488012999995
-0.000488478690386
-0.000488478690386
-0.000610016286373
-0.000488478690386
-0.00061048194766
-0.000610016286373
-0.00061048194766
-0.00061048194766
-0.000732485146727
-0.000732485146727
-0.00073201948544
-0.000732485146727
-0.000854488404002
-0.000854488404002
-0.000854488404002
-0.000854488404002
-0.000854488404002
-0.000976491661277
-0.000976957380772
-0.000976491661277
-0.000976491661277
-0.000976491661277
-0.00109849497676
-0.00109896063805
-0.00109849497676
-0.00122049823403
-0.00109896063805
-0.00122049823403
-0.00122096389532
-0.00122049823403
-0.00134296703618
-0.00134250137489
-0.00134296703618
-0.00134250137489
-0.00134296703618
-0.00146497029345
-0.00146450463217
-0.00146497029345
-0.00146497029345
-0.00158697355073
-0.00146450463217
-0.00158697355073
-0.001708976808
-0.00158697355073
-0.001708976808
-0.001708976808
-0.001708976808
-0.001708976808
-0.00183098006528
-0.001708976808
-0.00195344910026
-0.00183098006528
-0.00183098006528
-0.00195298332255
-0.00195344910026
-0.00195298332255
-0.00207498669624
-0.00195344910026
-0.00207498669624
-0.00207545235753
-0.00219698995352
-0.00207545235753
-0.00219698995352
-0.00219745561481
-0.00231945887208
-0.00219698995352
-0.00231945887208
-0.00231945887208
-0.00231899321079
-0.00244146212935
-0.00231945887208
-0.00244146212935
-0.0025634651538
-0.00244146212935
-0.0025634651538
-0.0025634651538
-0.0025634651538
-0.0025634651538
-0.00268546841107
-0.00268546841107
-0.00268546841107
-0.00268593407236
-0.00280747166835
-0.00268546841107
-0.00292994058691
-0.00280747166835
-0.00280747166835
-0.00292994058691
-0.00292947492562
-0.00305194384418
-0.00292947492562
-0.00305194384418
-0.0030514781829
-0.00305194384418
-0.00317394710146
-0.0030514781829
-0.00317394710146
-0.00329595035873
-0.00317394710146
-0.00329595035873
-0.00329548469745
-0.00329595035873
-0.00329595035873
-0.00341795361601
-0.00341795361601
-0.00341795361601
-0.00353995687328
-0.00341795361601
-0.00354042253457
-0.00366196013056
-0.00353995687328
-0.00366196013056
-0.00366242579184
-0.00366196013056
-0.00366196013056
-0.00378442904912
-0.00378396338783
-0.00378442904912
-0.00390596664511
-0.00378442904912
-0.00390643253922
-0.00402797013521
-0.00390643253922
-0.0040284357965
-0.00402797013521
-0.0040284357965
-0.0040284357965
-0.00415043905377
-0.00415043905377
-0.00415043905377
-0.00427244231105
-0.00427244231105
-0.00427244231105
-0.00427244231105
-0.00427244231105
-0.00439444556832
-0.00439444556832
-0.0045164488256
-0.00439491122961
-0.0045164488256
-0.0045164488256
-0.00451691448689
-0.00463845208287
-0.00463891774416
-0.00463845208287
-0.00463891774416
-0.00476045534015
-0.00476092100143
-0.00476045534015
-0.00476092100143
-0.00488292425871
-0.00488292425871
-0.00488245859742
-0.00500492705032
-0.00488292425871
-0.00500492705032
-0.0051269303076
-0.00500492705032
-0.0051269303076
-0.0051269303076
-0.0051269303076
-0.00524893356487
-0.00524893356487
-0.00524939922616
-0.00524893356487
-0.00537093682215
-0.00537093682215
-0.00537140248343
-0.00537093682215
-0.00549340574071
-0.00549294007942
-0.00549340574071
-0.0056149433367
-0.00561540899798
-0.0056149433367
-0.00561540899798
-0.00573741225526
-0.00573741225526
-0.00573694659397
-0.00573741225526
-0.00585941551253
-0.00585941551253
-0.00585941551253
-0.00598141876981
-0.00585941551253
-0.00598141876981
-0.00610342202708
-0.00598141876981
-0.00610365485772
-0.00610342202708
-0.006225658115
-0.00610342202708
-0.006225658115
-0.00634766137227
-0.00622542528436
-0.00634766137227
-0.00634766137227
-0.00634766137227
-0.00646989746019
-0.00646966462955
-0.00646966462955
-0.00646966462955
-0.00659190071747
-0.00659190071747
-0.0067136711441
-0.00659190071747
-0.00671390397474
-0.00671390397474
-0.0067136711441
-0.00683614006266
-0.00683590723202
-0.00683590723202
-0.00695791048929
-0.00695814331993
-0.00695791048929
-0.00695814331993
-0.00707991374657
-0.00708014657721
-0.00708014657721
-0.00720214983448
-0.00707991374657
-0.00720214983448
-0.0073243859224
-0.00720214983448
-0.00732415309176
-0.00744615634903
-0.0073243859224
-0.00744615634903
-0.00744638917968
-0.00744615634903
-0.00756839243695
-0.00756839243695
-0.00756839243695
-0.00769039569423
-0.00769039569423
-0.00769039569423
-0.00769062852487
-0.0078123989515
-0.0078123989515
-0.00781263224781
-0.0078123989515
-0.00793463550508
-0.00793463550508
-0.00805663876235
-0.00805663876235
-0.00805663876235
-0.00805663876235
-0.00805663876235
-0.00817864201963
-0.00830087810755
-0.00817864201963
-0.00830087810755
-0.0083006452769
-0.00830087810755
-0.00842288136482
-0.00842288136482
-0.00842264853418
-0.00842288136482
-0.0085448846221
-0.00854511745274
-0.00866688787937
-0.00866688787937
-0.00866712071002
-0.00866688787937
-0.00866712071002
-0.00878912396729
-0.00891112722456
-0.00878889113665
-0.00891112722456
-0.00891112722456
-0.00891112722456
-0.00903336331248
-0.00903313048184
-0.00903313048184
-0.00915536656976
-0.00915536656976
-0.00915513373911
-0.00927736982703
-0.00915536656976
-0.00939937308431
-0.00927736982703
-0.00939937308431
-0.00939937308431
-0.00939937308431
-0.00952160917222
-0.00952137634158
-0.00952160917222
-0.00952137634158
-0.0096436124295
-0.0096436124295
-0.00976561568677
-0.00976561568677
-0.00976561568677
-0.00976561568677
-0.00988761801273
-0.00988761801273
-0.00988785084337
-0.01000962127
-0.0100098541006
-0.0100098541006
-0.01000962127
-0.0101318573579
-0.0101318573579
-0.0102538606152
-0.0102538606152
-0.0102540934458
-0.0102538606152
-0.0103758638725
-0.0103760967031
-0.0103758638725
-0.0104980999604
-0.0104980999604
-0.0104980999604
-0.0106201032177
-0.0106201032177
-0.0106201032177
-0.0106201032177
-0.0107421064749
-0.0107423393056
-0.0108641097322
-0.0108643425629
-0.0108641097322
-0.0108643425629
-0.0109863458201
-0.0109863458201
-0.0109863458201
-0.0111083490774
-0.0111083490774
-0.0111083490774
-0.0112305851653
-0.0112303523347
-0.0112305851653
-0.0113525884226
-0.0113525884226
-0.011352355592
-0.0114745916799
-0.0114745916799
-0.0114748245105
-0.0114745916799
-0.0115965949371
-0.0115965949371
-0.0117188310251
-0.0117188310251
-0.0117185981944
-0.0117188310251
-0.0118408342823
-0.0118408342823
-0.0119628375396
-0.0118408342823
-0.0119628375396
-0.0120850736275
-0.0120848407969
-0.0120850736275
-0.0120848407969
-0.0122070768848
-0.0122070768848
-0.0122070768848
-0.0123290801421
-0.0123290801421
-0.0123290801421
-0.0124510833994
-0.01245131623
-0.0124510833994
-0.0125733194873
-0.0125730866566
-0.0125733194873
-0.0126953227445
-0.0126953227445
-0.0126953227445
-0.0128173260018
-0.0128173260018
-0.0128175588325
-0.0129393292591
-0.0129395620897
-0.0129393292591
-0.013061565347
-0.0129395620897
-0.0131835686043
-0.013061565347
-0.0131835686043
-0.0133055718616
-0.0131835686043
-0.0133058046922
-0.0134275751188
-0.0133058046922
-0.0134276915342
-0.0135498112068
-0.0134276915342
-0.0135498112068
-0.013671814464
-0.0135498112068
-0.0136719308794
-0.0137939341366
-0.013671814464
-0.013794050552
-0.0139159373939
-0.0137939341366
-0.0139160538092
-0.0140380570665
-0.0139160538092
-0.0141601767391
-0.0140380570665
-0.0141601767391
-0.0141601767391
-0.0141600603238
-0.0142822964117
-0.0142821799964
-0.014404299669
-0.0142822964117
-0.014404299669
-0.0145263029262
-0.0145264193416
-0.0145263029262
-0.0145264193416
-0.0146484225988
-0.0147705422714
-0.0146484225988
-0.0147704258561
-0.0147705422714
-0.0148925455287
-0.014892661944
-0.0148925455287
-0.0150146652013
-0.0150146652013
-0.0150146652013
-0.0151366684586
-0.0151366684586
-0.0151367848739
-0.0152587881312
-0.0152587881312
-0.0152587881312
-0.0153807913885
-0.0153809078038
-0.015502911061
-0.015502911061
-0.015502911061
-0.0155030274764
-0.0156249143183
-0.015625031665
-0.0157470349222
-0.0157471504062
-0.0157470349222
-0.0158691536635
-0.0158691536635
-0.0158691536635
-0.0159911569208
-0.0159912742674
-0.0161132775247
-0.0159911569208
-0.016235396266
-0.0161132775247
-0.016235338524
-0.016235338524
-0.0163573995233
-0.0163574572653
-0.0163573995233
-0.0164795201272
-0.0164794605225
-0.0164795201272
-0.0166015233845
-0.0166015811265
-0.0166015811265
-0.0167236421257
-0.0167235843837
-0.016845703125
-0.016845703125
-0.016845703125
-0.0169678237289
-0.016845703125
-0.0170898269862
-0.0170898269862
-0.0170898269862
-0.0170898847282
-0.0172118879855
-0.0172119457275
-0.0172118879855
-0.0173340085894
-0.0174560118467
-0.0173340085894
-0.0174560695887
-0.0175781007856
-0.0174560695887
-0.0175781305879
-0.0177001915872
-0.0177001915872
-0.0177001915872
-0.0177001915872
-0.0178222823888
-0.0179443154484
-0.0178222823888
-0.0179443154484
-0.01806640625
-0.0179443433881
-0.0181884672493
-0.0180664192885
-0.0181884821504
-0.0181884672493
-0.0183105431497
-0.0183105580509
-0.0183105431497
-0.0184326190501
-0.0184326115996
-0.0184326190501
-0.0185546875
-0.0186767596751
-0.0185546856374
-0.0186767578125
-0.0187988262624
-0.0186767578125
-0.018798828125
-0.0189208984375
-0.0189209021628
-0.0189208947122
-0.0189208947122
-0.0190429706126
-0.0191650465131
-0.0191650316119
-0.0191650465131
-0.0191650316119
-0.0192871224135
-0.0192871075124
-0.0194091685116
-0.019409198314
-0.0194091685116
-0.0195312593132
-0.0195312313735
-0.0196533203125
-0.0196533203125
-0.0196533203125
-0.0197753831744
-0.0197754111141
-0.0197753831744
-0.0198974441737
-0.0198974721134
-0.0200195349753
-0.0200195349753
-0.0200195349753
-0.0201415959746
-0.0201415959746
-0.0201415959746
-0.0202636569738
-0.0203857775778
-0.0202636569738
-0.0203857775778
-0.020507780835
-0.020507838577
-0.020507780835
-0.020507838577
-0.0206298418343
-0.0207519605756
-0.0206298995763
-0.0208740234375
-0.0207519605756
-0.0208740234375
-0.0208740234375
-0.0209960844368
-0.0209961421788
-0.021118087694
-0.0209960844368
-0.021240323782
-0.021118087694
-0.0212402064353
-0.0213623270392
-0.0213623270392
-0.0213623270392
-0.0214843302965
-0.0214844457805
-0.0214843302965
-0.0216064490378
-0.0216064490378
-0.0217285696417
-0.0217284522951
-0.0217285696417
-0.021850572899
-0.021850572899
-0.021850572899
-0.0219726916403
-0.0220946948975
-0.0219726916403
-0.0222166981548
-0.0220948122442
-0.0222168155015
-0.0222166981548
-0.0223389342427
-0.0223388187587
-0.0224609375
-0.0224609375
-0.0224609375
-0.0225830581039
-0.0225829407573
-0.0227050613612
-0.0227051768452
-0.0227050613612
-0.0228270646185
-0.0228271801025
-0.0228271801025
-0.0229491833597
-0.0230713039637
-0.0229491833597
-0.0231934227049
-0.023071186617
-0.0231934227049
-0.0231934227049
-0.0233154259622
-0.0233154259622
-0.0234374292195
-0.0234374292195
-0.0234376620501
-0.0235594324768
-0.0235596653074
-0.0236816685647
-0.0236816685647
-0.023803671822
-0.0236816685647
-0.0239256750792
-0.023803671822
-0.0239259079099
-0.0240479111671
-0.0240476783365
-0.0240479111671
-0.0241699144244
-0.0241699144244
-0.0241699144244
-0.0242919176817
-0.0244141537696
-0.0242919176817
-0.0245361570269
-0.0244141537696
-0.0245361570269
-0.0246581602842
-0.0245361570269
-0.0247801635414
-0.0246581602842
-0.0247803963721
-0.0249023996294
-0.0249021667987
-0.0249023996294
-0.0250244028866
-0.0250244028866
-0.0251466389745
-0.0251464061439
-0.0251464061439
-0.0252686422318
-0.0252684094012
-0.0252686422318
-0.0249023996294
-0.0242919176817
-0.0230714194477
-0.0216064490378
-0.0197752360255
-0.0174560118467
-0.0147705422714
-0.0117188310251
-0.00830087810755
-0.0045164488256
-0.000244239345193
0.00427244231105
0.00939937308431
0.0146485390142
0.0203857179731
0.0266113765538
0.0332030467689
0.0400391854346
0.0473633371294
0.054931499064
0.062255885452
0.0689697861671
0.0755614563823
0.0815428718925
0.0870362818241
0.0922852158546
0.0970459058881
0.101318344474
0.10522454232
0.108642496169
0.111816443503
0.114379912615
0.116577133536
0.118408232927
0.119750961661
0.120727568865
0.121215820312
0.12133782357
0.120971694589
0.120239265263
0.119384780526
0.118286110461
0.116821311414
0.115356400609
0.113525390625
0.111694343388
0.109497077763
0.107177741826
0.104736320674
0.101806648076
0.0989990159869
0.095947265625
0.0925292819738
0.0889892652631
0.0852050706744
0.0812988653779
0.0772704929113
0.0728759914637
0.0683593675494
0.0637207403779
0.0595702975988
0.0556639842689
0.0523682646453
0.0495604462922
0.0471192151308
0.0452881194651
0.0438231490552
0.0427246540785
0.0423584096134
0.0422362908721
0.0427246540785
0.0435790270567
0.044921875
0.046752974391
0.0490723140538
0.0517577826977
0.0550537332892
0.0588378123939
0.0628662481904
0.0672608092427
0.0710447728634
0.0738527104259
0.0756834596395
0.0766601860523
0.0766601860523
0.0756834596395
0.0739747136831
0.0711670145392
0.0675048157573
0.062988370657
0.0573729611933
0.051025532186
0.0435789078474
0.0354005023837
0.026123130694
0.0159910414368
0.00488292425871
-0.00695814331993
-0.0198974721134
-0.0334470532835
-0.0466308519244
-0.0590821690857
-0.0708007663488
-0.0820311233401
-0.0924072191119
-0.102173067629
-0.111327968538
-0.119751080871
-0.127563476562
-0.134521394968
-0.140991285443
-0.146728470922
-0.151855513453
-0.156249955297
-0.159912154078
-0.162963867188
-0.16528314352
-0.167114302516
-0.167968735099
-0.16845703125
-0.16809079051
-0.167114272714
-0.16552734375
-0.1630859375
-0.160034179688
-0.156494110823
-0.151977568865
-0.147094711661
-0.141357466578
-0.134887635708
-0.127929717302
-0.120117209852
-0.111816331744
-0.102783195674
-0.0928955823183
-0.0825194865465
-0.0715332552791
-0.0596923008561
-0.0472412183881
-0.0341797694564
-0.0203857179731
-0.00598141876981
0.00891112722456
0.0233154259622
0.0368652381003
0.0495605617762
0.0615234002471
0.0726318657398
0.0831298455596
0.0926514565945
0.101440347731
0.109497100115
0.116699256003
0.123046800494
0.128662094474
0.133544951677
0.13757327199
0.140869110823
0.143310576677
0.145019516349
0.145874023438
0.145874023438
0.145385742188
0.144409164786
0.143676757812
0.14245608449
0.141357406974
0.140136688948
0.138671949506
0.137084856629
0.135498121381
0.133789017797
0.131958037615
0.129882827401
0.127807602286
0.125610381365
0.123291037977
0.120849572122
0.118286110461
0.115600645542
0.112792938948
0.109863229096
0.106933519244
0.103759810328
0.100463859737
0.0971681401134
0.0936277136207
0.0899659916759
0.0863035619259
0.0825195983052
0.078491166234
0.0744629651308
0.0701905190945
0.0660398453474
0.0615236312151
0.0570067167282
0.0523682646453
0.0476073436439
0.0427246540785
0.0378419645131
0.0325925648212
0.0274656321853
0.0223391670734
0.0172117725015
0.0123293129727
0.00756839243695
0.00268546841107
-0.00195344910026
-0.00646943179891
-0.0109863458201
-0.0152587881312
-0.0196532327682
-0.023803671822
-0.0278321076185
-0.0318605452776
-0.0357665121555
-0.0396729409695
-0.0432128980756
-0.0469970963895
-0.0504150502384
-0.0538330040872
-0.057250957936
-0.060424670577
-0.0635986179113
-0.0665283277631
-0.0697022750974
-0.072387740016
-0.0751952156425
-0.0778809189796
-0.080444380641
-0.0830076113343
-0.0853273048997
-0.0876465290785
-0.08984375
-0.0919187366962
-0.0938721895218
-0.0958251729608
-0.0976561531425
-0.0994873642921
-0.100952103734
-0.102661311626
-0.104003816843
-0.105346664786
-0.106567397714
-0.10778812319
-0.108764618635
-0.109863229096
-0.110595718026
-0.111450202763
-0.112182691693
-0.112670816481
-0.113281302154
-0.113647423685
-0.113891609013
-0.114135757089
-0.114257790148
-0.114257819951
-0.114257819951
-0.114013671875
-0.11376953125
-0.113403320312
-0.113037116826
-0.112426750362
-0.111694358289
-0.111083962023
-0.110229469836
-0.109375044703
-0.108276374638
-0.107177704573
-0.10595703125
-0.104614295065
-0.103271447122
-0.10180670768
-0.100219614804
-0.0985107570887
-0.096679776907
-0.0948485657573
-0.0928955823183
-0.090942248702
-0.0886230245233
-0.0864257961512
-0.0841065719724
-0.0816651135683
-0.0792234167457
-0.0764161795378
-0.0738524794579
-0.0709227696061
-0.0681153014302
-0.0650635883212
-0.0618896409869
-0.0588376969099
-0.0554199777544
-0.0521240271628
-0.0485840700567
-0.0450438782573
-0.0413819178939
-0.0377197265625
-0.033691290766
-0.0297853238881
-0.0258788913488
-0.0216064490378
-0.0173337757587
-0.013061565347
-0.00866712071002
-0.00415043905377
0.000488478690386
0.00524893356487
0.00988761801273
0.0148925455287
0.0198974721134
0.0250244028866
0.0301515664905
0.0354002676904
0.0407714359462
0.0462648421526
0.0517577826977
0.0574949644506
0.0632326081395
0.0689695551991
0.0744629651308
0.0795898884535
0.0842283442616
0.0887452587485
0.0926512256265
0.0963136479259
0.0994871333241
0.102539077401
0.104980535805
0.107177764177
0.108886741102
0.110351592302
0.111450083554
0.112182691693
0.112426698208
0.112304694951
0.112060569227
0.111206077039
0.109985351562
0.108642555773
0.107177764177
0.105712905526
0.104614235461
0.103393562138
0.102294921875
0.101318344474
0.100463874638
0.0996093675494
0.098876953125
0.09814453125
0.0977783128619
0.0971679612994
0.0968017801642
0.0965576022863
0.0963134765625
0.0963134765625
0.0961914137006
0.0961914137006
0.0964355394244
0.0966796576977
0.0968017801642
0.0971680209041
0.0974120274186
0.0977783873677
0.0981445163488
0.0983886346221
0.0987548828125
0.0991211235523
0.0994872450829
0.0999756082892
0.10034185648
0.100707866251
0.101318575442
0.101684354246
0.102173067629
0.102783083916
0.103149324656
0.103759810328
0.104370057583
0.104858532548
0.105346545577
0.105468787253
0.105713024735
0.10559079051
0.105468787253
0.104980304837
0.104614295065
0.103881813586
0.103027552366
0.102050594985
0.100952103734
0.0996095985174
0.0982666313648
0.0965576544404
0.09484821558
0.092895694077
0.090942248702
0.0886232554913
0.0863037928939
0.0837403312325
0.0812984034419
0.0786134004593
0.0761719420552
0.0736084729433
0.071045011282
0.06848154217
0.0657956078649
0.0633546113968
0.0606686770916
0.0581056773663
0.0555422119796
0.0528562776744
0.0502928122878
0.0477298125625
0.0450438782573
0.0423584096134
0.0396724753082
0.0371094793081
0.0345460139215
0.031738076359
0.0290530715138
0.0264891404659
0.023803671822
0.0209961999208
0.0184327363968
0.015624797903
0.0129393292591
0.0102538606152
0.00756839243695
0.00476092100143
0.00207498669624
-0.000610016286373
-0.00354042253457
-0.00610342202708
-0.00891089439392
-0.0117188310251
-0.0145263029262
-0.01733424142
-0.02001924254
-0.0228271801025
-0.0256346520036
-0.0284425895661
-0.0312500633299
-0.0341795384884
-0.0368654727936
-0.0397949442267
-0.0426024161279
-0.0454103536904
-0.0483398288488
-0.0510252974927
-0.0539547726512
-0.0566407069564
-0.0594481788576
-0.0621341131628
-0.0648191198707
-0.0673830509186
-0.0700680539012
-0.0726319849491
-0.0753174498677
-0.0777589157224
-0.0801999047399
-0.0827638357878
-0.0852048322558
-0.0875247567892
-0.0900877565145
-0.0922852158546
-0.0947262123227
-0.0969241335988
-0.0992431268096
-0.101440578699
-0.10375957191
-0.105835027993
-0.108032017946
-0.110229708254
-0.112182453275
-0.114379912615
-0.116333127022
-0.118408113718
-0.120361328125
-0.122314542532
-0.124145522714
-0.126098513603
-0.12805172801
-0.129760935903
-0.131591677666
-0.133422896266
-0.13513186574
-0.136840850115
-0.138549596071
-0.140258923173
-0.141845658422
-0.143432632089
-0.145019486547
-0.146484464407
-0.148071199656
-0.149536177516
-0.15087890625
-0.151245087385
-0.15087890625
-0.149414077401
-0.146850585938
-0.143554702401
-0.13916015625
-0.133789047599
-0.127441421151
-0.120239242911
-0.111938506365
-0.102661140263
-0.0924072191119
-0.0812988132238
-0.0690917894244
-0.0560302846134
-0.0418701060116
-0.0267334394157
-0.0107421064749
0.00622554169968
0.0236816685647
0.0395507663488
0.0532226376235
0.0646972879767
0.0739746019244
0.0810546875
0.0859374925494
0.0888672024012
0.0893554463983
0.0877685621381
0.0839843675494
0.0781249925494
0.0699462965131
0.0596923828125
0.0471191443503
0.0325927734375
0.0157470703125
-0.00317383068614
-0.0244140606374
-0.0477294921875
-0.072509765625
-0.0954589769244
-0.115966811776
-0.133789047599
-0.149414077401
-0.162231430411
-0.172607421875
-0.180541932583
-0.185913160443
-0.18872064352
-0.189086988568
-0.186889663339
-0.182128846645
-0.174804583192
-0.165161207318
-0.152832120657
-0.138061583042
-0.120727337897
-0.100952334702
-0.078491166234
-0.0537107661366
-0.0269776191562
-0.001708976808
0.0218504555523
0.0430908948183
0.0625001266599
0.0799558982253
0.0952149257064
0.108764499426
0.119995318353
0.129394456744
0.13671861589
0.142090022564
0.145385727286
0.146850585938
0.146118104458
0.143554747105
0.138793826103
0.132080167532
0.123535163701
0.112792938948
0.100585915148
0.0883788987994
0.0769043043256
0.0659179612994
0.0554199181497
0.0455322414637
0.0362548716366
0.027465865016
0.01928707771
0.0115966824815
0.00463868491352
-0.00195312895812
-0.00793457683176
-0.0133056594059
-0.0181884970516
-0.0224609375
-0.02612301521
-0.0292969048023
-0.0318603105843
-0.0340576507151
-0.0354003831744
-0.0363769344985
-0.0366211161017
-0.0366211161017
-0.0357665680349
-0.0344238355756
-0.032470677048
-0.0301513914019
-0.0270996224135
-0.0235596075654
-0.0195312313735
-0.0147704258561
-0.0095214927569
-0.0036621929612
0.0025634651538
0.0096436124295
0.0169677659869
0.0249023418874
0.0325927957892
0.0397948883474
0.0467529147863
0.0532226972282
0.0594482384622
0.0650634691119
0.0705566480756
0.075439453125
0.0800781100988
0.0843505784869
0.0881347730756
0.0916748046875
0.0947265625
0.097412109375
0.0997314453125
0.101806640625
0.103149428964
0.104492172599
0.105224601924
0.105590842664
0.105712845922
0.105346724391
0.104614235461
0.103515565395
0.102050833404
0.100097611547
0.0980225130916
0.0952148064971
0.0922852158546
0.0888671427965
0.0850830674171
0.0809326246381
0.0764159485698
0.0715332552791
0.0661620870233
0.0606689117849
0.0550537332892
0.0498047992587
0.0445556342602
0.0396727100015
0.034790020436
0.0301515664905
0.0256346520036
0.0213622096926
0.0172120053321
0.0133055718616
0.00952160917222
0.00585941551253
0.00244122929871
-0.000854488404002
-0.00402820296586
-0.00683590723202
-0.0096436124295
-0.0122070768848
-0.0146483061835
-0.0168457627296
-0.0189209822565
-0.0208739638329
-0.0224609375
-0.0241699144244
-0.0255126487464
-0.026733379811
-0.0277101043612
-0.0285643599927
-0.0292968451977
-0.0297850910574
-0.0302735697478
-0.0302733369172
-0.0303955730051
-0.0302733369172
-0.0300294477493
-0.0299072116613
-0.0297850910574
-0.0295410845429
-0.0295409690589
-0.0292968451977
-0.0292969625443
-0.0290527231991
-0.0290527231991
-0.0288085993379
-0.0288085993379
-0.0286864805967
-0.0285644773394
-0.0285644773394
-0.0284423567355
-0.0283202379942
-0.0283203534782
-0.0281982347369
-0.0280762314796
-0.0281982347369
-0.028076114133
-0.0279541108757
-0.0279541108757
-0.0279541108757
-0.0279541108757
-0.0279541108757
-0.0279541108757
-0.0278319921345
-0.0279541108757
-0.0278319921345
-0.0279541108757
-0.0279541108757
-0.0279541108757
-0.0279541108757
-0.0279541108757
-0.0279541108757
-0.0277099311352
-0.0273437462747
-0.0269775614142
-0.0263671968132
-0.0256347693503
-0.0249023418874
-0.0240478534251
-0.0229491833597
-0.0217285118997
-0.020507838577
-0.0191650465131
-0.0175781305879
-0.0159912146628
-0.0141601189971
-0.0123291388154
-0.0103759802878
-0.00830076169223
-0.00598141876981
-0.00366213475354
-0.00122067285702
0.00134273420554
0.00402831938118
0.00695802690461
0.00976561568677
0.0129394456744
0.0161132775247
0.0192871075124
0.0228271801025
0.0263671968132
0.0299072116613
0.0338134691119
0.0375976637006
0.0416259840131
0.0457763634622
0.0500488057733
0.0544433705509
0.0588379316032
0.0633544921875
0.0677489414811
0.072265625
0.076538182795
0.0809325128794
0.0853271856904
0.0897217467427
0.0938719585538
0.0982666313648
0.102539077401
0.10668951273
0.110961958766
0.115234166384
0.119262836874
0.123535044491
0.127563476562
0.131713911891
0.135742127895
0.139892563224
0.143798992038
0.147216707468
0.150024414062
0.152099639177
0.153808608651
0.154663100839
0.155029341578
0.154784873128
0.15380884707
0.152221411467
0.150146886706
0.147338479757
0.143921002746
0.140014559031
0.135376110673
0.130004703999
0.12426776439
0.117675863206
0.110717952251
0.102905087173
0.0946046710014
0.0855708420277
0.0761719420552
0.0667725652456
0.0577392019331
0.0488283075392
0.0400389507413
0.0316160731018
0.0234376620501
0.0153807913885
0.00756839243695
0.0
-0.0073243859224
-0.0145263029262
-0.0213622096926
-0.028076114133
-0.0345460139215
-0.0407714359462
-0.0467528551817
-0.0526122711599
-0.0581056773663
-0.0634766146541
-0.0686030834913
-0.073486469686
-0.0780029222369
-0.08239736408
-0.0865477994084
-0.0903322324157
-0.0938721895218
-0.0971676707268
-0.10022008419
-0.10302709043
-0.105591021478
-0.107788011432
-0.109863460064
-0.111571975052
-0.113037407398
-0.114257439971
-0.115234397352
-0.115966886282
-0.116454899311
-0.116577364504
-0.116577133536
-0.116210892797
-0.115600645542
-0.114990159869
-0.11376966536
-0.11267093569
-0.111083962023
-0.109374985099
-0.107421770692
-0.105102539062
-0.102783314884
-0.0999756082892
-0.0970459058881
-0.0938719585538
-0.0905762389302
-0.0867920443416
-0.0830076113343
-0.0788576379418
-0.0744627267122
-0.0698242783546
-0.0651855915785
-0.0606689117849
-0.0568847134709
-0.0533447563648
-0.0504150502384
-0.047973588109
-0.0457763634622
-0.0441895090044
-0.0432128980756
-0.0423584096134
-0.0422362908721
-0.0424805320799
-0.0433349013329
-0.0443115122616
-0.0461426079273
-0.0482177101076
-0.0507812909782
-0.0538330040872
-0.0573730766773
-0.0612792745233
-0.0656738355756
-0.0699462816119
-0.0742187201977
-0.0782471001148
-0.0822753608227
-0.0861816778779
-0.08984375
-0.0933837667108
-0.0969238430262
-0.100341796875
-0.103637687862
-0.106689460576
-0.109741210938
-0.112670890987
-0.115356460214
-0.118164047599
-0.120605453849
-0.123168975115
-0.125366196036
-0.127563476562
-0.129638701677
-0.131347671151
-0.132812410593
-0.133911147714
-0.134521514177
-0.13513186574
-0.135009750724
-0.134887754917
-0.134277388453
-0.133422657847
-0.132080167532
-0.130615189672
-0.128662213683
-0.126342743635
-0.123779281974
-0.120971575379
-0.117675863206
-0.114135675132
-0.110107466578
-0.10595703125
-0.101440347731
-0.0965576544404
-0.0911864861846
-0.0856935456395
-0.079833894968
-0.0737304762006
-0.067993067205
-0.0628661364317
-0.0582276806235
-0.054199244827
-0.0505372844636
-0.0474853403866
-0.0450438782573
-0.0430908948183
-0.0416259244084
-0.0407714359462
-0.0404049605131
-0.0405274294317
-0.0412599146366
-0.0424804128706
-0.0443113930523
-0.0466308519244
-0.0493167862296
-0.0528562776744
-0.0566407069564
-0.0610351525247
-0.0653075948358
-0.0697020441294
-0.0739744827151
-0.0781249254942
-0.0822758227587
-0.0863033309579
-0.0903322324157
-0.0942381992936
-0.0981446281075
-0.101928591728
-0.105713024735
-0.109374985099
-0.113036945462
-0.116577364504
-0.119994856417
-0.123535275459
-0.126831233501
-0.130248710513
-0.133423134685
-0.136596605182
-0.139770552516
-0.142822042108
-0.145873978734
-0.148681923747
-0.151733398438
-0.154418870807
-0.156982794404
-0.158568829298
-0.158691763878
-0.157836809754
-0.155517831445
-0.151976943016
-0.147216945887
-0.14123506844
-0.13403314352
-0.125488266349
-0.115845344961
-0.104736529291
-0.0925287529826
-0.0789798721671
-0.0642091035843
-0.0482173599303
-0.0310055892915
-0.0124517818913
0.00720284832641
0.0283196549863
0.0499272681773
0.0697020441294
0.0871578156948
0.102172598243
0.114746384323
0.124756239355
0.132446169853
0.137817114592
0.140625044703
0.140991061926
0.139038071036
0.134644091129
0.127685248852
0.118530347943
0.10668951273
0.0926516875625
0.0760490074754
0.0570071823895
0.0356445088983
0.0117188310251
-0.0137938177213
-0.0379644334316
-0.0603022016585
-0.080444842577
-0.0986326411366
-0.114990390837
-0.129028216004
-0.14123506844
-0.151366919279
-0.159423783422
-0.165649682283
-0.169677644968
-0.171875566244
-0.171752631664
-0.169921651483
-0.166015684605
-0.159911796451
-0.151977866888
-0.141968011856
-0.129882246256
-0.115967348218
-0.099853605032
-0.0816648751497
-0.0616451688111
-0.0396734066308
-0.0153807913885
0.0100098541006
0.0336915254593
0.0550541989505
0.0740960240364
0.0908207073808
0.104858532548
0.116821371019
0.126342281699
0.133423134685
0.138061121106
0.140381038189
0.140381038189
0.138061121106
0.13317912817
0.125976279378
0.11633335799
0.104492522776
0.0902097597718
0.07348600775
0.0543212480843
0.0334475189447
0.0130617981777
-0.00622589094564
-0.0245366226882
-0.0418694652617
-0.0578612051904
-0.0731209293008
-0.0871578156948
-0.100097611547
-0.112060450017
-0.122803255916
-0.132812187076
-0.141479074955
-0.149169936776
-0.155761837959
-0.161376774311
-0.165893688798
-0.169433638453
-0.171753570437
-0.173095598817
-0.173461616039
-0.173217609525
-0.172363579273
-0.171020612121
-0.169188708067
-0.166626632214
-0.163695767522
-0.16003473103
-0.156005844474
-0.151366919279
-0.146239995956
-0.140381038189
-0.134155154228
-0.127319246531
-0.119873315096
-0.11193844676
-0.103515565395
-0.0944826677442
-0.0849608257413
-0.0747069716454
-0.064087100327
-0.0529782809317
-0.0410154424608
-0.0288085993379
-0.0159917399287
-0.00256299949251
0.0112298866734
0.0245366226882
0.0371094793081
0.0490723140538
0.060546208173
0.071045011282
0.0811768621206
0.0904546976089
0.0991206541657
0.107299529016
0.114502377808
0.121337354183
0.12744218111
0.132690176368
0.137573108077
0.141602009535
0.145019024611
0.147826969624
0.1500248909
0.151366919279
0.152221873403
0.15234388411
0.151854932308
0.150634899735
0.148803919554
0.146361991763
0.143188983202
0.139404088259
0.135010108352
0.129760235548
0.124145291746
0.117554321885
0.110595479608
0.102783545852
0.0943597331643
0.0855717733502
0.0772699713707
0.0697020441294
0.0628670677543
0.0568842478096
0.051758248359
0.0471183992922
0.0433353669941
0.0404054261744
0.0382075086236
0.0367434695363
0.0360105186701
0.0361334532499
0.036864541471
0.0384524464607
0.0408934392035
0.0438233800232
0.0478513501585
0.0523682646453
0.0577392019331
0.0637210905552
0.0695800408721
0.0749509781599
0.0800779014826
0.0849608257413
0.0894777402282
0.0936277136207
0.0974126085639
0.10082963109
0.104126513004
0.106811515987
0.109374515712
0.111572436988
0.113281413913
0.114867925644
0.116088889539
0.116943374276
0.117309853435
0.117553390563
0.117431856692
0.116943374276
0.116454899311
0.115966886282
0.115478403866
0.114990390837
0.114379912615
0.113769426942
0.113281413913
0.11267093569
0.112060450017
0.111571975052
0.110839955509
0.110229469836
0.109618991613
0.109008975327
0.108398489654
0.107544004917
0.107055522501
0.106323502958
0.105590552092
0.104858532548
0.104126051068
0.103393562138
0.102661080658
0.101928591728
0.101196110249
0.100342087448
0.0996091365814
0.0987551137805
0.0980223938823
0.0970459058881
0.0963134169579
0.0954589322209
0.0946046710014
0.0937499552965
0.0927734598517
0.0919189751148
0.0910644829273
0.0900877565145
0.0893555060029
0.0887450277805
0.0882570147514
0.0877685323358
0.0875242948532
0.0875245258212
0.0874022915959
0.0876465290785
0.087890535593
0.0882567763329
0.0888672620058
0.0895996317267
0.0903320014477
0.0913086086512
0.0924072191119
0.0936279520392
0.0949706807733
0.0964355394244
0.0980225130916
0.0998534932733
0.101684585214
0.103759750724
0.105834968388
0.108154252172
0.110595718026
0.113159179688
0.115844734013
0.118652336299
0.121582038701
0.124633789062
0.127807602286
0.13134765625
0.134643569589
0.138305649161
0.14208984375
0.14599609375
0.150024414062
0.154052734375
0.15759280324
0.160888642073
0.163330107927
0.165405213833
0.1669921875
0.167968675494
0.168457150459
0.168456926942
0.167846664786
0.166870176792
0.165283203125
0.163085982203
0.160522520542
0.157348573208
0.153564378619
0.149536177516
0.144653245807
0.139526546001
0.133667141199
0.127441242337
0.12060533464
0.113281413913
0.105346545577
0.0970461368561
0.0881347730756
0.07873493433
0.0687260180712
0.0583492182195
0.0472413338721
0.0357665121555
0.023803671822
0.0111083490774
-0.00183098006528
-0.0155027946457
-0.0296630878001
-0.0441893897951
-0.0594481788576
-0.0747069716454
-0.0886232554913
-0.100463621318
-0.110595948994
-0.118896357715
-0.125244259834
-0.129760697484
-0.132446169853
-0.133301123977
-0.132079929113
-0.129272460938
-0.124511770904
-0.117797866464
-0.109374985099
-0.0988768860698
-0.0866698026657
-0.0726319849491
-0.0567627102137
-0.0388182215393
-0.0191652216017
0.00183121289592
0.0217284522951
0.0400391854346
0.0567624792457
0.0718994960189
0.085449308157
0.0974121466279
0.107788011432
0.116455130279
0.123657047749
0.12915045023
0.133178889751
0.135375648737
0.13623060286
0.135376110673
0.132812649012
0.128783747554
0.123169265687
0.115844413638
0.107055991888
0.0969236642122
0.0872802883387
0.078491397202
0.0703125223517
0.062988139689
0.0565187036991
0.0506588220596
0.0458988323808
0.0416259244084
0.0383299775422
0.0356445088983
0.0339355319738
0.0329590402544
0.0325925648212
0.0333255156875
0.0346675515175
0.0367434695363
0.0396729409695
0.0434569045901
0.0479733534157
0.0531007498503
0.0583496838808
0.0635986179113
0.0687255486846
0.0737304762006
0.0788574069738
0.0837403312325
0.0887452587485
0.0937497168779
0.0983886346221
0.103271558881
0.108032479882
0.112548463047
0.117309853435
0.121825836599
0.126343220472
0.130859196186
0.135253638029
0.139648556709
0.143921002746
0.148070976138
0.151855871081
0.15515089035
0.157714813948
0.16003473103
0.161620780826
0.16284173727
0.163452684879
0.163573756814
0.163207754493
0.162231728435
0.160888761282
0.158935770392
0.156371846795
0.153564840555
0.14990195632
0.145995989442
0.141479998827
0.136352136731
0.130859196186
0.124756239355
0.118286341429
0.110961489379
0.103515565395
0.0953366905451
0.0865477994084
0.0775149092078
0.0677490606904
0.0576171986759
0.046753320843
0.0356445088983
0.023803671822
0.0115968277678
-0.00122096389532
-0.0146487718448
-0.0283205863088
-0.0424804128706
-0.0560302250087
-0.0686030834913
-0.0803219079971
-0.0913087204099
-0.101318575442
-0.11047347635
-0.118774354458
-0.126221209764
-0.132934182882
-0.138550058007
-0.143554985523
-0.147460952401
-0.15075597167
-0.152954831719
-0.154418870807
-0.155028879642
-0.154662877321
-0.153564840555
-0.151611864567
-0.148680984974
-0.144897952676
-0.140380114317
-0.135010108352
-0.128906220198
-0.12304726243
-0.117553390563
-0.112793400884
-0.108275555074
-0.104370519519
-0.100830562413
-0.0977776870131
-0.0952146872878
-0.0931397005916
-0.0915527269244
-0.0902102291584
-0.0895997434855
-0.0894772782922
-0.0895997434855
-0.0902097597718
-0.0914307236671
-0.0931397005916
-0.0950926840305
-0.0977786183357
-0.100585624576
-0.103271558881
-0.10522454232
-0.107055991888
-0.108276024461
-0.109130978584
-0.109496988356
-0.109497450292
-0.108886502683
-0.108032017946
-0.106567509472
-0.104736529291
-0.102539077401
-0.0997311398387
-0.0966796576977
-0.0930176973343
-0.0889892652631
-0.0844728127122
-0.0795898884535
-0.0742184892297
-0.0686035454273
-0.0631106048822
-0.0582272149622
-0.0535892285407
-0.0495603270829
-0.0457763634622
-0.0424804128706
-0.0395509377122
-0.0371094793081
-0.0350340269506
-0.0333250500262
-0.0322265550494
-0.0313720665872
-0.0308840516955
-0.0310055892915
-0.0313720665872
-0.0322265550494
-0.033569522202
-0.0351560302079
-0.0373534858227
-0.0397949442267
-0.0427248850465
-0.046142373234
-0.0498047992587
-0.0539552383125
-0.0579832084477
-0.0620116442442
-0.0657960772514
-0.0695800408721
-0.0732422322035
-0.0766601860523
-0.0802001431584
-0.08349609375
-0.0866698026657
-0.0897217467427
-0.0927734598517
-0.0957031697035
-0.0983886346221
-0.101074106991
-0.103637807071
-0.106201037765
-0.108398489654
-0.110717721283
-0.112793169916
-0.114745922387
-0.116821371019
-0.118530236185
-0.120239324868
-0.12170406431
-0.123413041234
-0.12463388592
-0.125854387879
-0.127075240016
-0.128173843026
-0.129028335214
-0.130004882812
-0.130615189672
-0.13122561574
-0.131713867188
-0.132202163339
-0.132446274161
-0.132568359375
-0.132690429688
-0.132202148438
-0.131225585938
-0.129882797599
-0.127929717302
-0.125488266349
-0.122558608651
-0.119018539786
-0.115234397352
-0.110717721283
-0.105835027993
-0.10034173727
-0.0944824367762
-0.0878906548023
-0.0810546278954
-0.0736084729433
-0.0656738355756
-0.0571288391948
-0.0482177101076
-0.0388184562325
-0.0290528386831
-0.0201414786279
-0.0120850736275
-0.0051269303076
0.000854488404002
0.00598141876981
0.00988785084337
0.013061565347
0.0151365520433
0.0161132775247
0.0163575168699
0.0153807913885
0.0135498112068
0.0107422228903
0.00683590723202
0.00207521952689
-0.00366207654588
-0.0106201032177
-0.0181884970516
-0.0270996224135
-0.0364989973605
-0.0458983667195
-0.0546874925494
-0.0632326081395
-0.0710447728634
-0.0787354037166
-0.0858155488968
-0.0925292223692
-0.0986328795552
-0.104614064097
-0.109863460064
-0.114868156612
-0.119262598455
-0.123413041234
-0.126953229308
-0.130248948932
-0.132934644818
-0.13513186574
-0.137084856629
-0.138549819589
-0.139526546001
-0.139770552516
-0.139404088259
-0.138305589557
-0.136596605182
-0.13403314352
-0.131103664637
-0.127197235823
-0.122680790722
-0.117553859949
-0.111571975052
-0.105102539062
-0.097900621593
-0.08984375
-0.0812988653779
-0.0720214992762
-0.0620116442442
-0.0513913072646
-0.039916947484
-0.0279541108757
-0.0151367848739
-0.00183098006528
0.0124508505687
0.0270996224135
0.0426028817892
0.0583492182195
0.0728759914637
0.0856933146715
0.0968021303415
0.106201037765
0.114013433456
0.119995318353
0.124389767647
0.127197235823
0.12805172801
0.127441242337
0.125122249126
0.121093817055
0.115234397352
0.108032017946
0.0987551137805
0.0881347730756
0.0755614563823
0.0614011622965
0.0456543602049
0.0285645928234
0.0125733194873
-0.00231945887208
-0.0157472677529
-0.0278321076185
-0.0385739840567
-0.0478518158197
-0.0557857528329
-0.0625001266599
-0.0677490606904
-0.0716554895043
-0.0742184892297
-0.0753174498677
-0.0751954466105
-0.0737304762006
-0.0708005353808
-0.0664065554738
-0.0609126836061
-0.0539552383125
-0.0455323569477
-0.0358885154128
-0.0247801635414
-0.0123293129727
0.00134296703618
0.0166012905538
0.0325930304825
0.0477293469012
0.0616456344724
0.0740964859724
0.0850832983851
0.0949706807733
0.103393562138
0.110595479608
0.116210892797
0.12060533464
0.123779281974
0.12536649406
0.125854507089
0.124755777419
0.122558549047
0.118896588683
0.113769426942
0.107544004917
0.0997313708067
0.0908204764128
0.0806883871555
0.0705565288663
0.0606691427529
0.05114730075
0.041748162359
0.0328368023038
0.0240479111671
0.0155027946457
0.0073243859224
-0.00061048194766
-0.0083006452769
-0.0157470349222
-0.0228271801025
-0.0297853238881
-0.0362547561526
-0.0426026508212
-0.048706073314
-0.0544432513416
-0.0600586608052
-0.0651853606105
-0.0701905190945
-0.0750732123852
-0.0797118917108
-0.0842285752296
-0.0886230245233
-0.0927734598517
-0.0969239026308
-0.100707866251
-0.104614295065
-0.108154252172
-0.111694440246
-0.114867925644
-0.118164338171
-0.121093817055
-0.124023288488
-0.126709222794
-0.129150226712
-0.131713688374
-0.133911147714
-0.135986596346
-0.137939110398
-0.139770552516
-0.141357526183
-0.14294449985
-0.14416500926
-0.145507499576
-0.146362453699
-0.146606460214
-0.145873978734
-0.144531473517
-0.142089545727
-0.13891607523
-0.134887635708
-0.129883170128
-0.124267295003
-0.117675863206
-0.110351473093
-0.101928591728
-0.092895694077
-0.082885839045
-0.0721430405974
-0.0604251362383
-0.0479733534157
-0.0345464795828
-0.0203857179731
-0.00537093682215
0.0102538606152
0.0252686422318
0.0391844660044
0.0524902679026
0.0645751133561
0.0759279355407
0.0861813277006
0.0958256348968
0.104248054326
0.111815981567
0.118530347943
0.12426776439
0.129150226712
0.133056655526
0.136108592153
0.138061583042
0.139404088259
0.139526546001
0.138793602586
0.137329563498
0.134887635708
0.132446169853
0.130126714706
0.127929717302
0.125610724092
0.123534813523
0.121460288763
0.119506843388
0.11767539382
0.115966886282
0.1141359061
0.112548932433
0.110961958766
0.109618991613
0.108154021204
0.106811515987
0.105713024735
0.104492291808
0.103515565395
0.102417074144
0.101684585214
0.100707866251
0.100097611547
0.0993653610349
0.0988768860698
0.0983886346221
0.097900390625
0.0976563841105
0.0974121466279
0.0972899124026
0.0971679091454
0.0971681401134
0.0972899124026
0.0974121466279
0.0976563841105
0.0980223938823
0.0983886346221
0.0988769978285
0.0993652418256
0.0997313708067
0.0999756082892
0.10034173727
0.100585974753
0.10070797801
0.100830100477
0.100952215493
0.100952103734
0.100830100477
0.100830040872
0.100585915148
0.10034185648
0.100219674408
0.0997314602137
0.0994873046875
0.09912109375
0.0985107496381
0.0980224609375
0.097412109375
0.0970458984375
0.0966797024012
0.0964355394244
0.0963134765625
0.0964355394244
0.0964355394244
0.0968017801642
0.0971679612994
0.0976562723517
0.0983886346221
0.0989990010858
0.0999756082892
0.100952103734
0.102050833404
0.103271447122
0.104614295065
0.106201149523
0.107666008174
0.109497100115
0.111328199506
0.112914942205
0.114379912615
0.115844652057
0.116943374276
0.118042103946
0.118774354458
0.119506843388
0.119995087385
0.120361328125
0.120361328125
0.120483331382
0.120361328125
0.119873084128
0.119506843388
0.118652351201
0.117919869721
0.116821371019
0.115722879767
0.114257439971
0.112792938948
0.111083962023
0.109252981842
0.107177995145
0.104980535805
0.102661080658
0.100219614804
0.097900159657
0.0961916446686
0.0947266742587
0.0935057103634
0.092895694077
0.0925292223692
0.0924072191119
0.092895232141
0.09350617975
0.0946042090654
0.095947638154
0.0977781563997
0.0999756082892
0.102417074144
0.105346545577
0.108520492911
0.112182453275
0.116088889539
0.120361328125
0.124878242612
0.128417730331
0.131103664637
0.132568180561
0.133056655526
0.132690638304
0.130981206894
0.128418207169
0.124633304775
0.12011732161
0.114258371294
0.107543535531
0.0997316017747
0.0908197760582
0.0809328556061
0.0700689852238
0.0579832084477
0.045043412596
0.0308845173568
0.0158688053489
0.0
-0.0153807913885
-0.029907559976
-0.0435793735087
-0.0566402412951
-0.0687250867486
-0.0800788328052
-0.0905757695436
-0.100341618061
-0.109253443778
-0.117431387305
-0.124878242612
-0.131225213408
-0.137085095048
-0.14196754992
-0.146118447185
-0.149535939097
-0.151977866888
-0.153686374426
-0.154662877321
-0.154907345772
-0.154052853584
-0.152709886432
-0.150390431285
-0.147338956594
-0.143554985523
-0.138793602586
-0.133301123977
-0.127075240016
-0.119994856417
-0.112182453275
-0.103393562138
-0.0939941927791
-0.0837403312325
-0.0726319849491
-0.0607911460102
-0.048095356673
-0.0349120236933
-0.0219726916403
-0.00988785084337
0.001708976808
0.01245131623
0.0228271801025
0.0323485583067
0.0412594489753
0.0495607927442
0.0572507232428
0.0642091035843
0.0705565288663
0.0761719420552
0.0812988653779
0.0856933146715
0.0893557369709
0.0925292223692
0.0949706807733
0.0966796576977
0.097900159657
0.0985111072659
0.0988766476512
0.0993655920029
0.0997311398387
0.0999756082892
0.100342087448
0.100463621318
0.100586093962
0.100708097219
0.100830100477
0.10082963109
0.100708097219
0.100708097219
0.100586093962
0.100341618061
0.100219614804
0.099853605032
0.0994875952601
0.0991211235523
0.0987546443939
0.0982666313648
0.097900621593
0.0974116772413
0.0971676707268
0.0969245955348
0.0966796576977
0.0964356511831
0.0964347198606
0.0963136479259
0.0964356511831
0.0963136479259
0.0965576544404
0.0966796576977
0.096801660955
0.0971676707268
0.0974126085639
0.097900621593
0.098143696785
0.0987555757165
0.099242657423
0.0997316017747
0.100463621318
0.101074568927
0.101928591728
0.102661542594
0.103393562138
0.104369588196
0.105346545577
0.106323502958
0.107421532273
0.108398489654
0.109741456807
0.110840417445
0.112060450017
0.11340341717
0.114745453
0.116211354733
0.11767539382
0.119262367487
0.120728269219
0.121704295278
0.122192308307
0.122192308307
0.121703363955
0.120484262705
0.118896357715
0.116698436439
0.114014364779
0.110717482865
0.106933519244
0.102661542594
0.0977776870131
0.0924076810479
0.0864257961512
0.0799558982253
0.0729979947209
0.0654300674796
0.0573731921613
0.0487053729594
0.0396734066308
0.0307615827769
0.0220946948975
0.0135498112068
0.00524893356487
-0.00292994058691
-0.010619870387
-0.0184327363968
-0.0257566552609
-0.0330815091729
-0.04003848508
-0.0468753241003
-0.0534662939608
-0.059815119952
-0.0659180805087
-0.0718990340829
-0.0777589157224
-0.0831298455596
-0.0885007828474
-0.0935057103634
-0.0983886346221
-0.103149555624
-0.107544466853
-0.111816443503
-0.115722410381
-0.119628377259
-0.123291268945
-0.126465216279
-0.129760235548
-0.132691115141
-0.135497182608
-0.137940049171
-0.140259042382
-0.142334029078
-0.144287005067
-0.145873978734
-0.147460952401
-0.148558989167
-0.149658873677
-0.150389969349
-0.151122912765
-0.151489853859
-0.151610925794
-0.151489853859
-0.151366919279
-0.150756910443
-0.150267958641
-0.149169936776
-0.148193910718
-0.146850004792
-0.145263969898
-0.143554985523
-0.141601070762
-0.139405012131
-0.136962160468
-0.134400084615
-0.13159121573
-0.128540202975
-0.125244259834
-0.121826298535
-0.118652351201
-0.115478403866
-0.112426929176
-0.109740994871
-0.107055522501
-0.104614526033
-0.1022946015
-0.100098080933
-0.0981441661716
-0.0964356511831
-0.0947266742587
-0.0932617038488
-0.0919187366962
-0.0906982421875
-0.08984375
-0.0889892652631
-0.0883792489767
-0.087890304625
-0.0875247567892
-0.0874022915959
-0.0872802883387
-0.0872802883387
-0.0874022915959
-0.0874022915959
-0.0877683013678
-0.087890766561
-0.0883787795901
-0.0887452587485
-0.0892332717776
-0.0897217467427
-0.090454235673
-0.0910642519593
-0.0919192060828
-0.0927732288837
-0.0936281830072
-0.0947262123227
-0.0957031697035
-0.096801660955
-0.0980226248503
-0.0993651300669
-0.100708097219
-0.102050833404
-0.103515565395
-0.105224780738
-0.106689281762
-0.108520492911
-0.110229469836
-0.112060688436
-0.114013671875
-0.115966655314
-0.118042103946
-0.120239324868
-0.122314311564
-0.124633774161
-0.127075240016
-0.129394695163
-0.131957918406
-0.13439938426
-0.136962845922
-0.139404311776
-0.141235411167
-0.142944276333
-0.144165113568
-0.145141497254
-0.145751982927
-0.146118223667
-0.145996034145
-0.145629912615
-0.145019516349
-0.143798843026
-0.142578110099
-0.140747070312
-0.138671889901
-0.136352524161
-0.133666992188
-0.130615249276
-0.127197235823
-0.123413100839
-0.119384780526
-0.114990279078
-0.110351473093
-0.105224661529
-0.0998534932733
-0.0941161960363
-0.0880127698183
-0.081664994359
-0.0748290866613
-0.0678710639477
-0.060424786061
-0.0527343936265
-0.0446777530015
-0.0362548716366
-0.027465865016
-0.0184325035661
-0.00903336331248
0.000732485146727
0.0106201032177
0.0203857179731
0.0297852084041
0.038696218282
0.0472412183881
0.0555420964956
0.0634764954448
0.0708007663488
0.0781250372529
0.0847168192267
0.0911864861846
0.0971679091454
0.102905318141
0.108154252172
0.11303717643
0.117675743997
0.121826186776
0.125610381365
0.129150390625
0.132202133536
0.134887695312
0.13720703125
0.13916015625
0.140869140625
0.141967758536
0.14294436574
0.143432602286
0.143554702401
0.143432632089
0.142700210214
0.141845658422
0.14038091898
0.138793826103
0.136596724391
0.134277388453
0.131347671151
0.128295853734
0.124755777419
0.121460057795
0.118286110461
0.115234397352
0.112304694951
0.109863229096
0.107177764177
0.104980535805
0.102905318141
0.100952103734
0.0991211235523
0.0975341498852
0.0961914137006
0.094848446548
0.0939941927791
0.092895463109
0.0924074500799
0.091796733439
0.0914304926991
0.0913087204099
0.0913087204099
0.0914307236671
0.0919187366962
0.0924072191119
0.0931397005916
0.0941161960363
0.0950926840305
0.0964356511831
0.0977781563997
0.0994875952601
0.101318113506
0.103149555624
0.105468548834
0.107666008174
0.110229469836
0.112915404141
0.115844413638
0.118774354458
0.122070305049
0.125366255641
0.128296196461
0.130981206894
0.133056655526
0.134765625
0.13623060286
0.137085095048
0.137573108077
0.137695103884
0.137451559305
0.13671861589
0.135498121381
0.13403314352
0.132201701403
0.129639163613
0.126953229308
0.123779281974
0.120239324868
0.116088420153
0.111816443503
0.106933519244
0.101562581956
0.0960696414113
0.0899657532573
0.0836178585887
0.0775149092078
0.0720210373402
0.0666510313749
0.0618891753256
0.0576171986759
0.0535892285407
0.050048340112
0.0468753241003
0.0441893897951
0.0419923998415
0.04003848508
0.0386964529753
0.0375974923372
0.0369874760509
0.0368654727936
0.0369874760509
0.0377194955945
0.0388184562325
0.0402834229171
0.0421144030988
0.0438224487007
0.0455323569477
0.0468753241003
0.0482173599303
0.0494392551482
0.0502923466265
0.05114730075
0.0518802516162
0.0523682646453
0.0527342744172
0.0529782809317
0.0529782809317
0.052857208997
0.0527342744172
0.0522462613881
0.0516353137791
0.0510252974927
0.0500492714345
0.0490723140538
0.0478513501585
0.0463863797486
0.0444333963096
0.0424804128706
0.039795409888
0.0371094793081
0.0339355319738
0.0305175762624
0.026855615899
0.0225827079266
0.0181887298822
0.0135498112068
0.00842288136482
0.00305194384418
-0.00268593407236
-0.00878889113665
-0.0150147816166
-0.021850688383
-0.0288085993379
-0.0361325219274
-0.043701376766
-0.051758248359
-0.0600581951439
-0.0687260180712
-0.0776359811425
-0.0866698026657
-0.094848677516
-0.101807519794
-0.107787542045
-0.112548463047
-0.116211354733
-0.118652351201
-0.12011732161
-0.120483331382
-0.119506374002
-0.117554321885
-0.114501446486
-0.110229469836
-0.104980535805
-0.0983886346221
-0.0908207073808
-0.0821528881788
-0.0722659751773
-0.0612791590393
-0.049194317311
-0.0362554565072
-0.0234367307276
-0.0109868114814
0.000976957380772
0.0124508505687
0.0236816685647
0.0343015417457
0.0446783341467
0.0545652545989
0.0639650970697
0.0731199979782
0.0816648751497
0.0899657532573
0.0976566150784
0.105102539062
0.112182453275
0.118652351201
0.124755308032
0.130493193865
0.135864123702
0.140625044703
0.14514195919
0.149291932583
0.15283189714
0.156005844474
0.158935770392
0.161254763603
0.163207754493
0.164795652032
0.165892750025
0.166626632214
0.166991710663
0.166748642921
0.166259691119
0.165404736996
0.163940697908
0.162231728435
0.160033807158
0.157348796725
0.154296860099
0.15087890625
0.14709495008
0.1427000314
0.138061121106
0.133057117462
0.128173261881
0.123413272202
0.11914036423
0.11486838758
0.110962420702
0.107299529016
0.10375957191
0.100585624576
0.0975346118212
0.0947266742587
0.0921627432108
0.0899657532573
0.0877687633038
0.0860597863793
0.0843508094549
0.0830069109797
0.0819098129869
0.0809319242835
0.0803228393197
0.0799558982253
0.0798348262906
0.08007697016
0.0808108523488
0.081786878407
0.0831298455596
0.0849608257413
0.0871587470174
0.0894777402282
0.0924076810479
0.0955797657371
0.0991225168109
0.103147692978
0.107422463596
0.112060450017
0.117065377533
0.122558318079
0.128174200654
0.134399160743
0.140869989991
0.147460028529
0.153321772814
0.157957881689
0.161621704698
0.164305776358
0.16589461267
0.166380763054
0.16589461267
0.164184704423
0.161619842052
0.157836809754
0.153077766299
0.147337093949
0.140381976962
0.132445245981
0.123413272202
0.11340341717
0.1022946015
0.0900886878371
0.0769048929214
0.0626221299171
0.0472404025495
0.0308845173568
0.0134278079495
-0.00463984906673
-0.0220946948975
-0.0379625707865
-0.0529792122543
-0.0666510313749
-0.0791009441018
-0.0902097597718
-0.100342549384
-0.109251581132
-0.116700299084
-0.123169265687
-0.128418207169
-0.132324174047
-0.135131180286
-0.136597082019
-0.137085095048
-0.136107206345
-0.134155154228
-0.130737200379
-0.126343220472
-0.120850272477
-0.115478403866
-0.11047347635
-0.105835489929
-0.101439647377
-0.0974126085639
-0.0938717201352
-0.0903326943517
-0.0875238254666
-0.0847168192267
-0.0825188979506
-0.0805668458343
-0.0788569375873
-0.0775158405304
-0.0766590237617
-0.076049938798
-0.0756848603487
-0.0758040696383
-0.0761728733778
-0.0769048929214
-0.0780019909143
-0.0793449506164
-0.0811777934432
-0.0832509174943
-0.0856947079301
-0.0884998515248
-0.0915527269244
-0.0950936153531
-0.0987555757165
-0.103026621044
-0.107299529016
-0.112304456532
-0.117309384048
-0.122802324593
-0.128662213683
-0.134888097644
-0.14135800302
-0.148070976138
-0.155395820737
-0.16284173727
-0.170409664512
-0.17688049376
-0.181762486696
-0.185302451253
-0.187378361821
-0.187988385558
-0.187133431435
-0.184936434031
-0.18115247786
-0.176025539637
-0.169311642647
-0.161376774311
-0.151854932308
-0.140747979283
-0.128539279103
-0.114624381065
-0.099242657423
-0.0826418325305
-0.0643311068416
-0.0446783341467
-0.0236816685647
-0.00158604222815
0.0191647559404
0.0383295118809
0.0557862184942
0.0716559588909
0.0856928452849
0.0980226248503
0.108764499426
0.1177983284
0.124999314547
0.130738124251
0.134643167257
0.13696308434
0.137451097369
0.136230140924
0.133545130491
0.128906220198
0.122802324593
0.11486838758
0.10522454232
0.0944826677442
0.0839847996831
0.0747069716454
0.0662840902805
0.0587152279913
0.0521242581308
0.0466313175857
0.0418694652617
0.0380864366889
0.0354005023837
0.0334465876222
0.0325934961438
0.0327145680785
0.033569522202
0.0356445088983
0.0384515151381
0.0422364063561
0.0469973273575
0.0527342744172
0.0593261756003
0.0667730346322
0.0738520175219
0.0806888490915
0.0870358124375
0.092895694077
0.0986326411366
0.103637568653
0.108275555074
0.112671397626
0.116577364504
0.119995318353
0.123169265687
0.125732272863
0.127930194139
0.129882246256
0.131348147988
0.132201239467
0.132935121655
0.13305619359
0.132935121655
0.132201239467
0.131227076054
0.129882246256
0.12780725956
0.125732272863
0.122925259173
0.119995318353
0.116942442954
0.114258371294
0.111572436988
0.109009437263
0.106565646827
0.104371450841
0.1022946015
0.100340686738
0.0985115692019
0.096801660955
0.0953376218677
0.0938717201352
0.0926516875625
0.0915527269244
0.0905748382211
0.0897217467427
0.0889897271991
0.08850171417
0.0881347730756
0.087890766561
0.0877678319812
0.087890766561
0.0883787795901
0.0889897271991
0.0898428186774
0.0909436419606
0.0921618118882
0.0936277136207
0.0953376218677
0.0974126085639
0.0994875952601
0.101806588471
0.104490660131
0.107301391661
0.11035054177
0.113647423685
0.117065377533
0.120850272477
0.124756239355
0.128662213683
0.131834298372
0.133911147714
0.135010108352
0.135010108352
0.134034082294
0.132080167532
0.129150226712
0.12500025332
0.119872383773
0.113891430199
0.106688581407
0.0986345037818
0.089475877583
0.0792238786817
0.0679939985275
0.0557862184942
0.0426024161279
0.0281985830516
0.0129379322752
-0.00305101252161
-0.0185538083315
-0.0330824404955
-0.0468734614551
-0.0596940480173
-0.0715330243111
-0.0826418325305
-0.0928938314319
-0.102296464145
-0.110594548285
-0.118287272751
-0.124877311289
-0.130860134959
-0.135619193316
-0.139771029353
-0.143066048622
-0.145263969898
-0.146728008986
-0.147338956594
-0.1469720155
-0.145995989442
-0.144654884934
-0.143554061651
-0.142211094499
-0.140991061926
-0.139649957418
-0.138182193041
-0.136964023113
-0.135375186801
-0.134034082294
-0.132568180561
-0.131104141474
-0.129515305161
-0.127930194139
-0.126464292407
-0.124756239355
-0.123169265687
-0.12145935744
-0.119874246418
-0.118041403592
-0.11621042341
-0.114623449743
-0.112671397626
-0.110840417445
-0.109253443778
-0.107420600951
-0.106079496443
-0.104492522776
-0.103149555624
-0.101927660406
-0.100830562413
-0.0997316017747
-0.0987555757165
-0.0980216935277
-0.0971686020494
-0.0965576544404
-0.0959467068315
-0.0955816283822
-0.095091752708
-0.0949706807733
-0.0947266742587
-0.0947266742587
-0.0947266742587
-0.0948496088386
-0.095091752708
-0.0953376218677
-0.0955797657371
-0.0960696414113
-0.0964365825057
-0.0969227328897
-0.0974126085639
-0.0980216935277
-0.0987555757165
-0.0993646606803
-0.100219614804
-0.100953496993
-0.101927660406
-0.102783545852
-0.103881575167
-0.104858532548
-0.105957493186
-0.107177525759
-0.108398489654
-0.109619453549
-0.110717482865
-0.111694440246
-0.112304456532
-0.112915404141
-0.11328048259
-0.113281413913
-0.11340341717
-0.113159410655
-0.112670466304
-0.112060450017
-0.111328430474
-0.110351473093
-0.10913144052
-0.107909545302
-0.106201499701
-0.104614526033
-0.102538608015
-0.100463621318
-0.0982666313648
-0.0957036316395
-0.0930176973343
-0.0902097597718
-0.0871578156948
-0.0838627964258
-0.0804439112544
-0.0767819583416
-0.0729989260435
-0.0690910965204
-0.0648200511932
-0.060546208173
-0.056152228266
-0.0521242581308
-0.0479733534157
-0.0440673865378
-0.0400394164026
-0.0363765284419
-0.0327154994011
-0.0290526058525
-0.0255126487464
-0.0222166981548
-0.0189207494259
-0.0157468020916
-0.0126957884058
-0.00964384526014
-0.00671390397474
-0.00402797013521
-0.00122096389532
0.00134296703618
0.00378396338783
0.00622589094564
0.0085448846221
0.0107418736443
0.0128177916631
0.0147707751021
0.0167228281498
0.0185547396541
0.0202637147158
0.021850688383
0.0233156587929
0.0247806292027
0.0261226650327
0.0272216256708
0.0284425895661
0.0294186156243
0.0303955730051
0.0311285238713
0.031859613955
0.032470561564
0.0330815091729
0.0334475189447
0.0338135287166
0.0339355319738
0.0340575352311
0.0341795384884
0.0340575352311
0.0339355319738
0.0336915254593
0.0332035124302
0.0328365713358
0.0322265550494
0.031616538763
0.0307615827769
0.0300286319107
0.0289306025952
0.027954576537
0.0267336126417
0.0255126487464
0.0241696815938
0.0227047111839
0.0212406720966
0.0195307657123
0.0177007168531
0.0158688053489
0.0140387555584
0.0118408342823
0.00976491719484
0.00756885809824
0.0051269303076
0.00280700600706
0.000244937837124
-0.00244192779064
-0.00524893356487
-0.008056871593
-0.0108638769016
-0.0140378242359
-0.0170897692442
-0.0203866492957
-0.0236807372421
-0.0270996224135
-0.0306405108422
-0.0341795384884
-0.0380855053663
-0.041748393327
-0.0457763634622
-0.0496823303401
-0.0539552383125
-0.058105211705
-0.0623781196773
-0.0668941065669
-0.0712899491191
-0.0759270042181
-0.0802008360624
-0.0842278748751
-0.0880127698183
-0.0913087204099
-0.0944826677442
-0.0974116772413
-0.099853605032
-0.102172598243
-0.104126513004
-0.105712555349
-0.107055522501
-0.108032479882
-0.108886502683
-0.109375447035
-0.10949651897
-0.109375447035
-0.108886502683
-0.108276486397
-0.107177525759
-0.105957493186
-0.104736529291
-0.103515565395
-0.102538608015
-0.101684585214
-0.100830562413
-0.100097611547
-0.0994866639376
-0.0988775789738
-0.0985106378794
-0.0982666313648
-0.0978996902704
-0.097900621593
-0.0977786183357
-0.097900621593
-0.0980216935277
-0.0983886346221
-0.0986335724592
-0.099242657423
-0.0997316017747
-0.100463621318
-0.101074568927
-0.101806588471
-0.102417074144
-0.103271558881
-0.104003578424
-0.104736529291
-0.105590552092
-0.106323502958
-0.107177525759
-0.108032479882
-0.108886502683
-0.109741456807
-0.110595479608
-0.111572436988
-0.112426459789
-0.113281413913
-0.114379912615
-0.115234397352
-0.116210892797
-0.117309384048
-0.118286341429
-0.119262836874
-0.120361328125
-0.121459826827
-0.122436314821
-0.123657278717
-0.124633774161
-0.125244259834
-0.125244259834
-0.124755777419
-0.123779281974
-0.122192308307
-0.120239324868
-0.117553859949
-0.114501915872
-0.110839724541
-0.10668951273
-0.101928591728
-0.0966796576977
-0.09094247967
-0.0845948159695
-0.0777586773038
-0.0705567598343
-0.0624998919666
-0.054199244827
-0.0451661162078
-0.0358885154128
-0.0266113765538
-0.0174560118467
-0.00866712071002
-0.000122003249999
0.00842288136482
0.0164795201272
0.0246581602842
0.0323485583067
0.0399171821773
0.0472411029041
0.0545654892921
0.0614013969898
0.0681150704622
0.0747072026134
0.0810546278954
0.0870360508561
0.0930176973343
0.0987548828125
0.1041258201
0.109497219324
0.114501915872
0.119384840131
0.124023288488
0.128418207169
0.132568180561
0.136596605182
0.140503048897
0.143921002746
0.147460952401
0.150512427092
0.153564378619
0.156250312924
0.158691301942
0.161132767797
0.163208216429
0.165160730481
0.166748180985
0.168335154653
0.169555649161
0.170654147863
0.171386629343
0.172119110823
0.172607585788
0.172729596496
0.172729596496
0.172607585788
0.172118648887
0.17150862515
0.170654609799
0.169677644968
0.168456688523
0.166870638728
0.165282741189
0.163452684879
0.161254763603
0.158935770392
0.156493857503
0.153686851263
0.15087890625
0.147582963109
0.144287005067
0.140747055411
0.13696308434
0.132934182882
0.12878420949
0.12438929826
0.119751311839
0.11486838758
0.109863460064
0.104735597968
0.0991215854883
0.0935057103634
0.0876467600465
0.0814208686352
0.0753169879317
0.0687260180712
0.0618891753256
0.0550541989505
0.0479733534157
0.0405274294317
0.0329585745931
0.0252686422318
0.0172117725015
0.00903382897377
0.00073201948544
-0.008056871593
-0.0167237594724
-0.0258786585182
-0.0350335612893
-0.0445563308895
-0.054199244827
-0.064087100327
-0.0739740207791
-0.0834958553314
-0.0924076810479
-0.100585624576
-0.10815448314
-0.115112394094
-0.12158229202
-0.127319246531
-0.132324174047
-0.13696308434
-0.140747055411
-0.14416500926
-0.146728008986
-0.148681923747
-0.150145962834
-0.15100184083
-0.151122912765
-0.150634899735
-0.149535939097
-0.14794896543
-0.145629972219
-0.142578035593
-0.139160081744
-0.135010108352
-0.130981206894
-0.126953229308
-0.12292432785
-0.119019292295
-0.115234397352
-0.111449502409
-0.107788473368
-0.104247584939
-0.100586555898
-0.0971676707268
-0.0936281830072
-0.0903317630291
-0.0871582850814
-0.0838623344898
-0.0806883871555
-0.0777589157224
-0.0745849683881
-0.0717774927616
-0.0688475519419
-0.066040083766
-0.0633541494608
-0.0605471394956
-0.0577392019331
-0.0551757365465
-0.0524902679026
-0.0498047992587
-0.0472408682108
-0.0446778684855
-0.0421144030988
-0.0395509377122
-0.0371090136468
-0.0345460139215
-0.0322265550494
-0.0296630878001
-0.0273436289281
-0.02490263246
-0.0227047111839
-0.0202637147158
-0.018066726625
-0.0157468020916
-0.0135498112068
-0.0113528212532
-0.0090328976512
-0.00708037940785
-0.00488245859742
-0.00268593407236
-0.00073201948544
0.00134250137489
0.00341795361601
0.00537093682215
0.0073243859224
0.00927736982703
0.0111083490774
0.0130617981777
0.0148923126981
0.0167237594724
0.0185547396541
0.0203857179731
0.0220946948975
0.023803671822
0.0255126487464
0.0270996224135
0.0288085993379
0.0303955730051
0.0321045517921
0.0335690565407
0.0350344926119
0.0366210006177
0.0380859710276
0.0396729409695
0.0408934392035
0.0424804128706
0.043701376766
0.0451658815145
0.0463868454099
0.0477293469012
0.0489503107965
0.0502928122878
0.0513917729259
0.0526122711599
0.0538327693939
0.054931730032
0.0560302250087
0.0571287199855
0.0581056773663
0.059204172343
0.0601806640625
0.061157155782
0.0621336475015
0.062988601625
0.0639646276832
0.0646971166134
0.0656736046076
0.0664070248604
0.0672601163387
0.067993067205
0.0686040148139
0.0694580376148
0.0700680539012
0.0706790015101
0.0714110210538
0.0718990340829
0.0725099816918
0.0731199979782
0.0736089423299
0.0739740207791
0.0745849683881
0.0749519094825
0.075438991189
0.0756839290261
0.0761719420552
0.0764159485698
0.0766599550843
0.0770259648561
0.0772709026933
0.0775149092078
0.0776359811425
0.0778809189796
0.0780029222369
0.0781258568168
0.0781249254942
0.0782469287515
0.0782469287515
0.0783689320087
0.0783689320087
0.0783698633313
0.0783689320087
0.0784909278154
0.0784909278154
0.078491859138
0.0786129310727
0.0786129310727
0.0786138623953
0.07873493433
0.0787358656526
0.07873493433
0.0788578689098
0.0788569375873
0.0788578689098
0.0789789408445
0.0789798721671
0.0789789408445
0.0791018754244
0.0792238786817
0.0791018754244
0.0793449506164
0.0792238786817
0.0793458819389
0.0793458819389
0.0794678851962
0.0795889571309
0.0794678851962
0.0795898884535
0.0797118917108
0.0797118917108
0.079833894968
0.0798348262906
0.079833894968
0.0799558982253
0.0799558982253
0.0800779014826
0.0802008360624
0.0801999047399
0.0801999047399
0.0803228393197
0.0804439112544
0.0804439112544
0.0805668458343
0.0805659145117
0.0806888490915
0.0806888490915
0.0808099210262
0.0808108523488
0.0809328556061
0.0810548588634
0.0810539275408
0.0811768621206
0.0811768621206
0.0812988653779
0.0814208686352
0.0814208686352
0.0815428718925
0.0815428718925
0.0816658064723
0.081786878407
0.081786878407
0.0819088816643
0.0820318162441
0.0820308849216
0.0821538195014
0.0822748914361
0.0823978260159
0.0823968946934
0.0823978260159
0.0826418325305
0.0826418325305
0.0827629044652
0.082885839045
0.082885839045
0.0830069109797
0.0831298455596
0.0832527801394
0.0832527801394
0.0833738520741
0.0834949240088
0.0836178585887
0.0836197212338
0.0837389305234
0.0838637277484
0.0839829370379
0.0841077342629
0.0841058716178
0.0842288061976
0.0843498781323
0.0844728127122
0.084595747292
0.0845938846469
0.0848397538066
0.0848378911614
0.0849608257413
0.0850837603211
0.085081897676
0.0853277668357
0.0854488387704
0.0854488387704
0.0855717733502
0.0858157798648
0.0858157798648
0.0859368517995
0.0860597863793
0.0860597863793
0.0863037928939
0.0864248648286
0.0864267274737
0.0866688713431
0.086791805923
0.0867936685681
0.0870358124375
0.0870358124375
0.0871587470174
0.0874008908868
0.0874027535319
0.0875238254666
0.0877696946263
0.0877678319812
0.0880137011409
0.0880118384957
0.0881347730756
0.0883787795901
0.0883787795901
0.0886227861047
0.0886246487498
0.0888667926192
0.0889878645539
0.0889897271991
0.0892337337136
0.0893548056483
0.0894777402282
0.089600674808
0.0897217467427
0.0899657532573
0.0899657532573
0.090086825192
0.0903326943517
0.0904537662864
0.0905767008662
0.0906977728009
0.0908207073808
0.0909417793155
0.0910647138953
0.0913087204099
0.0914297923446
0.0915527269244
0.0916756615043
0.091796733439
0.0920407399535
0.0920407399535
0.0922866091132
0.0924058184028
0.0926516875625
0.0926516875625
0.092895694077
0.0930167660117
0.0931397005916
0.0933837071061
0.093506641686
0.0936277136207
0.0937506482005
0.0938717201352
0.0941157266498
0.0942386612296
0.0944826677442
0.0944826677442
0.0947266742587
0.0949706807733
0.0949706807733
0.0952146872878
0.0953357592225
0.0955816283822
0.0957027003169
0.0958256348968
0.0960696414113
0.096190713346
0.0963136479259
0.0965576544404
0.0966805890203
0.096801660955
0.0970456674695
0.0971667394042
0.0974126085639
0.0975336804986
0.0976566150784
0.097900621593
0.0980235561728
0.0982657000422
0.0983886346221
0.0986326411366
0.0987555757165
0.0988766476512
0.0991206541657
0.0993646606803
0.0993665233254
0.0997316017747
0.0998526737094
0.0999756082892
0.100219614804
0.100342549384
0.100584693253
0.100709490478
0.100951634347
0.101074568927
0.101318575442
0.101439647377
0.101685516536
0.101927660406
0.102050594985
0.102173529565
0.102538608015
0.102538608015
0.102905549109
0.103028483689
0.103147692978
0.103393562138
0.103639431298
0.103758640587
0.104004509747
0.104248516262
0.104369588196
0.104613594711
0.104736529291
0.104980535805
0.10522454232
0.1053474769
0.105589620769
0.105835489929
0.105956561863
0.106202431023
0.106444574893
0.106688581407
0.106811515987
0.107055522501
0.107180319726
0.107418738306
0.107668332756
0.107910476625
0.108029685915
0.108398489654
0.108521424234
0.108644358814
0.109005711973
0.109132371843
0.109374515712
0.109620384872
0.109739594162
0.110108397901
0.110231332481
0.11047347635
0.11059268564
0.110961489379
0.111084423959
0.111453227699
0.111572436988
0.111691646278
0.112060450017
0.112306319177
0.112425528467
0.112671397626
0.113036476076
0.113159410655
0.113282345235
0.113647423685
0.113889567554
0.114016227424
0.114377580583
0.114504240453
0.114865593612
0.114992253482
0.115234397352
0.115476541221
0.115722410381
0.115968279541
0.11621042341
0.11645629257
0.116698436439
0.116821371019
0.117186449468
0.117432318628
0.117674462497
0.117801122367
0.118162475526
0.118408344686
0.118650488555
0.118777148426
0.119138501585
0.119384370744
0.119630239904
0.119872383773
0.120118252933
0.120360396802
0.120606265962
0.120848409832
0.121094278991
0.121340148151
0.12170150131
0.12182816118
0.122189514339
0.122316174209
0.122681252658
0.122923396528
0.123169265687
0.123415134847
0.123776488006
0.123903147876
0.124145291746
0.124510370195
0.124756239355
0.125002115965
0.125244259834
0.125609338284
0.125732272863
0.126097351313
0.126343220472
0.126589089632
0.126831233501
0.127196311951
0.127319246531
0.12768432498
0.128053128719
0.128172338009
0.128541141748
0.128783285618
0.129029154778
0.129271298647
0.129640102386
0.129882246256
0.130128115416
0.130493193865
0.130612403154
0.131104141474
0.131227076054
0.131592154503
0.131834298372
0.132080167532
0.132445245981
0.132691115141
0.132936984301
0.13329833746
0.133544206619
0.133790075779
0.134155154228
0.134401023388
0.134766101837
0.134885311127
0.135377049446
0.135499984026
0.135861337185
0.136230140924
0.136476010084
0.136718153954
0.137086957693
0.137329101562
0.137571245432
0.137940049171
0.138305127621
0.13855099678
0.13879314065
0.139161944389
0.139404088259
0.139769166708
0.140015035868
0.140257179737
0.140260905027
0.140380114317
0.140257179737
0.140015035868
0.139649957418
0.139281153679
0.13891607523
0.137940049171
0.137452036142
0.136718153954
0.135742127895
0.134766101837
0.133544206619
0.132326036692
0.130858272314
0.129636377096
0.127930194139
0.126466155052
0.124756239355
0.122804187238
0.120848409832
0.118896357715
0.116698436439
0.114258371294
0.112060450017
0.109862528741
0.106934450567
0.104490660131
0.101562581956
0.0988766476512
0.0959485694766
0.0927746221423
0.0895969495177
0.0864267274737
0.0827647671103
0.0795908197761
0.075925141573
0.0722669064999
0.0686049461365
0.0644512474537
0.0605471394956
0.0566393099725
0.0524930618703
0.0480934940279
0.0441893897951
0.0402852855623
0.0361315906048
0.032227486372
0.0285617988557
0.0246614199132
0.0209957342595
0.0173337757587
0.013671814464
0.0100098541006
0.00683590723202
0.00317394710146
-0.000245869159698
-0.00341609097086
-0.00683590723202
-0.00976771116257
-0.0131838014349
-0.0161118805408
-0.0192858278751
-0.021975485608
-0.025145707652
-0.0278316419572
-0.0307634454221
-0.0334456562996
-0.0361315906048
-0.0388212502003
-0.0412575863302
-0.0439472459257
-0.0461414419115
-0.0488273762167
-0.0510252974927
-0.0532232187688
-0.0554211400449
-0.0576153360307
-0.0598132573068
-0.0617690347135
-0.0637210905552
-0.0656731426716
-0.0676289200783
-0.069335103035
-0.0712871551514
-0.072754919529
-0.074464827776
-0.075925141573
-0.0776387751102
-0.0790990814567
-0.0803247019649
-0.0817850157619
-0.08301063627
-0.084470950067
-0.0854507014155
-0.0864230021834
-0.0876486226916
-0.0888667926192
-0.0893548056483
-0.0905767008662
-0.0913068577647
-0.0920407399535
-0.0927746221423
-0.0935047790408
-0.0939965173602
-0.094480805099
-0.0949725434184
-0.0954568311572
-0.0959485694766
-0.0959485694766
-0.0964328572154
-0.0964365825057
-0.0966787263751
-0.0969245955348
-0.0966787263751
-0.0966824516654
-0.0966787263751
-0.0964365825057
-0.096190713346
-0.0959448441863
-0.0957064256072
-0.0952146872878
-0.095091752708
-0.0948496088386
-0.0948458835483
-0.0949725434184
-0.0952146872878
-0.0955797657371
-0.0960715040565
-0.0966787263751
-0.0975318178535
-0.0982694253325
-0.0993646606803
-0.100586555898
-0.101681791246
-0.103149555624
-0.104617320001
-0.106323502958
-0.108029685915
-0.109985463321
-0.111937515438
-0.114016227424
-0.115599475801
-0.116821371019
-0.117309384048
-0.117432318628
-0.117063514888
-0.115968279541
-0.114623449743
-0.112548463047
-0.110108397901
-0.107057385147
-0.103391699493
-0.0994875952601
-0.0948496088386
-0.0897198840976
-0.0841058716178
-0.0780038535595
-0.0712908804417
-0.0640861690044
-0.0565163753927
-0.0483430884778
-0.040281560272
-0.0324696302414
-0.0246576946229
-0.0170916318893
-0.00964477658272
-0.00231713056564
0.00476092100143
0.0117197623476
0.0185519456863
0.025145707652
0.0317394733429
0.0379644334316
0.0443123243749
0.0502914153039
0.0561512969434
0.0618919692934
0.0675059854984
0.0728741288185
0.0782459974289
0.0832527801394
0.0882558450103
0.093020491302
0.0976547524333
0.102173529565
0.106446437538
0.11071562022
0.114746384323
0.118531279266
0.122312448919
0.125855207443
0.129271298647
0.132568180561
0.135622918606
0.13854727149
0.141359865665
0.1439191401
0.146485865116
0.148802995682
0.150877982378
0.152956694365
0.154782086611
0.156618654728
0.157959744334
0.159542992711
0.160645678639
0.161744639277
0.162716940045
0.163573756814
0.164065495133
0.164549782872
0.164795652032
0.165037795901
0.165037795901
0.164795652032
0.164549782872
0.164307639003
0.163331612945
0.162839874625
0.161621704698
0.160645678639
0.159423783422
0.158201888204
0.156495720148
0.154785811901
0.152830034494
0.150877982378
0.148683786392
0.146482139826
0.144045799971
0.141110271215
0.13867393136
0.135496258736
0.132568180561
0.129397958517
0.126220285892
0.123534344137
0.120360396802
0.117432318628
0.114500515163
0.111572436988
0.108644358814
0.105712555349
0.103026621044
0.100098542869
0.0974126085639
0.0947266742587
0.0917948707938
0.0893548056483
0.0864267274737
0.0839829370379
0.0813007280231
0.0788569375873
0.0761710107327
0.0734888017178
0.071045011282
0.0688470900059
0.0661611557007
0.0637210905552
0.0612772963941
0.0590831004083
0.0566430352628
0.054199244827
0.0520013235509
0.0498034022748
0.0473633371294
0.045411285013
0.0432133637369
0.0407695733011
0.03881752491
0.0368654727936
0.0346675515175
0.0324733555317
0.0305175762624
0.0285617988557
0.0266134720296
0.0246576946229
0.0227056425065
0.0209957342595
0.018797814846
0.0173337757587
0.0151358535513
0.013671814464
0.0117197623476
0.0102557232603
0.00829994678497
0.00659003807232
0.00512972427532
0.00341609097086
0.00170990813058
0.000242143854848
-0.0012181699276
-0.00268593407236
-0.00439584255219
-0.00561401201412
-0.00732392026111
-0.00854581594467
-0.0100098541006
-0.0112317493185
-0.0126920631155
-0.0139176836237
-0.0151358535513
-0.0166036188602
-0.0175759196281
-0.0188015401363
-0.020015982911
-0.0212416034192
-0.0222176294774
-0.023435799405
-0.0244155507535
-0.0253915768117
-0.0266097467393
-0.0273436289281
-0.0283196549863
-0.0292994063348
-0.0302717071027
-0.0310055892915
-0.0319816172123
-0.0327154994011
-0.0334493815899
-0.0341795384884
-0.0351555645466
-0.0356435775757
-0.0363774597645
-0.037107616663
-0.0375993549824
-0.0383295118809
-0.03881752491
-0.0393092595041
-0.0400394164026
-0.040281560272
-0.0410154424608
-0.0412613116205
-0.0417455993593
-0.0419951938093
-0.0424794815481
-0.0429674945772
-0.0429674945772
-0.0434592328966
-0.043701376766
-0.043701376766
-0.0441893897951
-0.0441893897951
-0.0444315336645
-0.0444352589548
-0.0444315336645
-0.0446811281145
-0.0446774028242
-0.0446774028242
-0.0446774028242
-0.0446774028242
-0.0444315336645
-0.0444352589548
-0.0444352589548
-0.0441893897951
-0.0439435206354
-0.043701376766
-0.043701376766
-0.0432133637369
-0.0429674945772
-0.0427253507078
-0.0422373376787
-0.041991468519
-0.0417493246496
-0.0410154424608
-0.0407695733011
-0.0402852855623
-0.0397935472429
-0.0390633940697
-0.03881752491
-0.0380836427212
-0.0373534858227
-0.0368654727936
-0.0361353158951
-0.0356435775757
-0.0346675515175
-0.033937394619
-0.0334456562996
-0.032227486372
-0.0317357480526
-0.0307634454221
-0.0300295632333
-0.0288076680154
-0.0280775111169
-0.0270977597684
-0.0261254590005
-0.025145707652
-0.0241696815938
-0.0229477863759
-0.021975485608
-0.0207498650998
-0.0195316970348
-0.0185556709766
-0.0173337757587
-0.0158697366714
-0.0148899843916
-0.0134296705946
-0.0122077753767
-0.0109858801588
-0.00952184200287
-0.00805407762527
-0.00659376336262
-0.00537186814472
-0.00366196013056
-0.00244006514549
-0.000733882130589
-0.000733882130589
