-1.31147771754e-05
-9.18660498428e-06
-5.72793396714e-06
-2.67616587735e-06
0.0
2.36316395785e-06
4.44462648375e-06
6.32263754596e-06
8.02849717729e-06
9.60915713222e-06
1.11272156573e-05
1.26139757413e-05
1.41320342664e-05
1.5743993572e-05
1.74811539182e-05
1.94070707948e-05
2.15669097088e-05
2.40397821472e-05
2.6841305953e-05
3.00028132187e-05
3.35868899128e-05
3.76091738872e-05
4.20696560468e-05
4.69840051665e-05
5.2367853641e-05
5.82211941946e-05
6.45000982331e-05
7.1183021646e-05
7.82258575782e-05
8.56129699969e-05
9.32660477702e-05
0.000101138139144
0.000109135384264
0.000117226452858
0.000125289676362
0.000133255292894
0.000141048571095
0.000148544364492
0.0001556800853
0.000162361786352
0.000168482234585
0.000173958265805
0.000178698581294
0.000182624979061
0.000185674740351
0.000187738478417
0.000188784280908
0.000188734484254
0.000187557801837
0.000185207274626
0.000181633033208
0.000176840461791
0.000170811457792
0.000163514836458
0.000154976631165
0.000145222540596
0.000134263522341
0.000122130906675
0.000108848478703
9.4509239716e-05
7.91529018898e-05
6.28266425338e-05
4.56150191894e-05
2.7583224437e-05
8.83195662027e-06
-1.05761891973e-05
-3.05419307551e-05
-5.09822348249e-05
-7.17819930287e-05
-9.2889116786e-05
-0.000114157315693
-0.000135518901516
-0.000156864247401
-0.000178109694389
-0.00019915640587
-0.000219889552682
-0.000240255976678
-0.000260126922512
-0.000279434025288
-0.000298107042909
-0.000316035439027
-0.000333165167831
-0.000349409005139
-0.000364706327673
-0.000379006989533
-0.000392221380025
-0.000404324266128
-0.000415256712586
-0.000424979662057
-0.000433466077084
-0.000440686300863
-0.000446636578999
-0.000451288127806
-0.000454655732028
-0.000456740148365
-0.000457571353763
-0.000457183195977
-0.000455587723991
-0.000452884414699
-0.000449117535027
-0.000444361328846
-0.000438718154328
-0.000432272878243
-0.000425177044235
-0.000417550443672
-0.000409497093642
-0.000401217199396
-0.000392870599171
-0.000384626328014
-0.000376676151063
-0.00036920394632
-0.000362433929695
-0.000356563861715
-0.000351804337697
-0.000348382251104
-0.00034651052556
-0.000346412911313
-0.000348274392309
-0.000352314877091
-0.000358689634595
-0.000367606000509
-0.000379213655833
-0.000393646128941
-0.000410985550843
-0.000431340449722
-0.000454770517536
-0.000481263414258
-0.000510778743774
-0.000543269794434
-0.000578669190872
-0.000616741133854
-0.000657315540593
-0.000700121396221
-0.000744928023778
-0.000791271566413
-0.000838786014356
-0.000886974390596
-0.00093539262889
-0.000983432517387
-0.00103047746234
-0.00107587990351
-0.00111896288581
-0.00115900905803
-0.00119523471221
-0.00122686836403
-0.00125312048476
-0.00127320853062
-0.00128630781546
-0.00129162392113
-0.00128835358191
-0.00127577595413
-0.00125316437334
-0.00121982209384
-0.00117510790005
-0.00111845473293
-0.00104943173937
-0.000967602885794
-0.000872521253768
-0.000764107739087
-0.000642200233415
-0.000506774231326
-0.000357917742804
-0.000195811167941
-2.09377030842e-05
0.000166151367011
0.000365168118151
0.000575119454879
0.000794968393166
0.00102393247653
0.0012607909739
0.00150434253737
0.00175303348806
0.0020052974578
0.00225980579853
0.0025146775879
0.00276806228794
0.00301799597219
0.0032628304325
0.00350045366213
0.00372872827575
0.00394584191963
0.00414966559038
0.00433816900477
0.00450956914574
0.00466183992103
0.00479309121147
0.00490166805685
0.00498606543988
0.00504465727136
0.00507602281868
0.00507911946625
0.00505300564691
0.00499678496271
0.00490973284468
0.00479156849906
0.00464228400961
0.00446181697771
0.00425042677671
0.00400867406279
0.00373762683012
0.00343819521368
0.00311171449721
0.00275961728767
0.00238400418311
0.00198681745678
0.00157036620658
0.00113686406985
0.000689314445481
0.000230506033404
-0.000236680949456
-0.000708750740159
-0.00118283194024
-0.00165537674911
-0.0021229677368
-0.0025821859017
-0.00302927312441
-0.00346119399182
-0.00387429958209
-0.00426533818245
-0.00463114632294
-0.00496838102117
-0.00527433492243
-0.00554633932188
-0.00578198442236
-0.00597888836637
-0.00613488769159
-0.00624856213108
-0.00631879549474
-0.00634431932122
-0.00632423395291
-0.00625857478008
-0.00614756299183
-0.00599159160629
-0.00579099263996
-0.00554742617533
-0.00526263518259
-0.00493842130527
-0.00457681342959
-0.00418076617643
-0.00375344301574
-0.00329824141227
-0.00281802937388
-0.00231706420891
-0.00179950124584
-0.00126953690778
-0.000731402251404
-0.000189717640751
0.000350898073521
0.000885520654265
0.0014100454282
0.00191970961168
0.00241001555696
0.00287644984201
0.00331467133947
0.00372089701705
0.00409142812714
0.00442255288363
0.00471085729077
0.00495384447277
0.00514907995239
0.00529444636777
0.00538783799857
0.00542845390737
0.00541572924703
0.00534909917042
0.00522835133597
0.00505458703265
0.00482915062457
0.00455335853621
0.00422892533243
0.0038587464951
0.00344595662318
0.00299368798733
0.00250536412932
0.00198534340598
0.00143818545621
0.000868449045811
0.000280866661342
-0.000318995240377
-0.000926354783587
-0.00153550715186
-0.00214105914347
-0.00273752072826
-0.00331938243471
-0.00388115947135
-0.004417471122
-0.00492337904871
-0.00539404386654
-0.00582459149882
-0.00621046032757
-0.00654795393348
-0.00683353748173
-0.00706371339038
-0.00723530678079
-0.00734646618366
-0.00739548029378
-0.00738067785278
-0.00730086769909
-0.00715623004362
-0.0069472217001
-0.00667432835326
-0.0063384603709
-0.0059419516474
-0.00548741454259
-0.00497744977474
-0.00441506225616
-0.00380416843109
-0.00314986635931
-0.00245631765574
-0.00172830407973
-0.0009714573971
-0.000191587634617
0.000605505774729
0.00141383742448
0.00222705700435
0.00303873908706
0.00384241179563
0.00463166600093
0.00540022505447
0.00614179484546
0.00685012573376
0.00751914037392
0.00814341939986
0.00871767103672
0.00923661608249
0.00969548802823
0.0100900502875
0.0104169249535
0.0106724612415
0.0108535233885
0.0109584303573
0.0109857209027
0.0109339253977
0.0108021656051
0.0105911158025
0.0103017194197
0.00993496272713
0.00949205085635
0.0089765181765
0.00839144177735
0.00774012785405
0.00702632591128
0.00625507254153
0.00543167488649
0.00456137955189
0.00364978215657
0.00270334002562
0.00172816880513
0.000731910055038
-0.000279215339106
-0.00129808625206
-0.00231757527217
-0.00333049427718
-0.00432980014011
-0.00530861830339
-0.00626061158255
-0.00717803137377
-0.0080548170954
-0.00888520572335
-0.00966357626021
-0.0103843072429
-0.011042191647
-0.0116332657635
-0.0121539812535
-0.0126000931486
-0.0129686268046
-0.0132578434423
-0.0134662725031
-0.0135923912749
-0.0136353261769
-0.0135956490412
-0.0134743526578
-0.0132723357528
-0.012991049327
-0.0126333478838
-0.0122023783624
-0.0117009393871
-0.011133111082
-0.0105033004656
-0.0098163606599
-0.00907713081688
-0.00829069968313
-0.00746243260801
-0.00659907748923
-0.00570608116686
-0.00478945299983
-0.00385532225482
-0.00290983263403
-0.00195871270262
-0.00100896926597
-6.58323988318e-05
0.000864984875079
0.00177782948595
0.00266729062423
0.00352914188989
0.00435797031969
0.0051496764645
0.00590015016496
0.00660624774173
0.00726535730064
0.00787391513586
0.00842972751707
0.00893151387572
0.00937810726464
0.00976854376495
0.0101017802954
0.0103784250095
0.0105990925804
0.0107644032687
0.010875322856
0.01093372982
0.010941692628
0.0109012890607
0.0108148334548
0.0106851579621
0.0105154886842
0.010308790952
0.0100682098418
0.00979701243341
0.00949896220118
0.00917740818113
0.00883576646447
0.00847738515586
0.00810542702675
0.00772359035909
0.00733489496633
0.00694213667884
0.00654782867059
0.00615515373647
0.00576640572399
0.00538349477574
0.00500806048512
0.00464230868965
0.00428760796785
0.00394483841956
0.00361478235573
0.00329806888476
0.00299554923549
0.00270692748018
0.00243201851845
0.00217048614286
0.00192217575386
0.00168605649378
0.00146116584074
0.00124640017748
0.00104091630783
0.000843219109811
0.000651906593703
0.000465486344183
0.000282700144453
0.000102007586975
-7.80562404543e-05
-0.000259012798779
-0.000442094664322
-0.000628555892035
-0.000819550943561
-0.00101631309371
-0.00121966307051
-0.00143026537262
-0.00164871837478
-0.00187567586545
-0.00211126403883
-0.0023554591462
-0.00260821520351
-0.00286909076385
-0.00313778966665
-0.0034134532325
-0.003695263993
-0.00398202706128
-0.00427274126559
-0.00456590857357
-0.00486013665795
-0.00515358522534
-0.00544471526518
-0.00573167391121
-0.00601268839091
-0.00628557195887
-0.00654855370522
-0.00679977796972
-0.00703709758818
-0.00725867645815
-0.00746266450733
-0.00764744356275
-0.00781120406464
-0.00795238558203
-0.00806953012943
-0.00816140137613
-0.00822699908167
-0.00826521124691
-0.00827516522259
-0.0082564689219
-0.00820881687105
-0.00813181512058
-0.00802546646446
-0.00789014156908
-0.00772635266185
-0.00753448111936
-0.00731545919552
-0.00707038491964
-0.00680038612336
-0.00650700181723
-0.00619154516608
-0.00585585599765
-0.00550159299746
-0.00513102347031
-0.00474593881518
-0.00434834975749
-0.00394089240581
-0.00352560728788
-0.00310474424623
-0.00268040364608
-0.00225532473996
-0.00183160742745
-0.00141128420364
-0.000996906775981
-0.00059035216691
-0.000193534942809
0.000191214814549
0.000562381639611
0.000918346631806
0.0012576340232
0.00157844403293
0.00187989091501
0.00216109398752
0.002420789795
0.00265829777345
0.00287336739711
0.00306550902314
0.00323452590965
0.00338030839339
0.00350326206535
0.00360366771929
0.00368197448552
0.00373878772371
0.00377496122383
0.00379152991809
0.00378945074044
0.00376982451417
0.0037340184208
0.003683360992
0.00361929018982
0.00354323396459
0.00345673505217
0.00336128054187
0.00325853796676
0.00315002119169
0.00303717772476
0.00292161409743
0.0028047922533
0.00268807681277
0.00257285730913
0.00246030744165
0.00235167285427
0.00224802573211
0.00215028971434
0.0020592501387
0.00197569048032
0.00190033973195
0.00183350243606
0.00177545449696
0.00172654830385
0.00168691854924
0.00165634870064
0.00163468415849
0.00162168138195
0.00161700695753
0.00162005855236
0.00163017038722
0.00164673198014
0.00166902027559
0.00169613107573
0.00172718463
0.00176129711326
0.00179750961252
0.00183490943164
0.0018725550035
0.00190945679788
0.00194473564625
0.00197762832977
0.00200733356178
0.00203308253549
0.00205421354622
0.00207029795274
0.00208089593798
0.00208559632301
0.0020841464866
0.00207656552084
0.0020628804341
0.00204316037707
0.00201761559583
0.00198673387058
0.00195104046725
0.00191101187374
0.00186734448653
0.00182089570444
0.00177247892134
0.00172305828892
0.001673529041
0.0016248812899
0.00157820247114
0.00153447396588
0.00149467692245
0.0014597667614
0.00143063417636
0.00140816520434
0.00139314634725
0.00138612440787
0.00138762767892
0.0013981484808
0.00141800928395
0.00144717947114
0.0014856166672
0.00153319712263
0.00158963142894
0.0016542354133
0.00172628485598
0.00180497416295
0.00188940612134
0.00197827187367
0.00207015359774
0.00216375058517
0.00225759763271
0.00234987330623
0.00243886350654
0.00252280756831
0.00259993458167
0.00266828062013
0.00272604473867
0.0027713321615
0.00280231027864
0.00281734042801
0.00281477090903
0.00279291672632
0.00275034294464
0.00268589705229
0.0025984228123
0.00248688925058
0.00235041324049
0.00218863668852
0.00200113933533
0.00178776623216
0.00154843367636
0.00128354388289
0.000993952853605
0.00068010535324
0.000342926941812
-1.63028435054e-05
-0.00039574955008
-0.000794077059254
-0.00120971293654
-0.00164001539815
-0.00208292342722
-0.00253614760004
-0.00299745006487
-0.00346359983087
-0.00393201876432
-0.00440012663603
-0.00486457441002
-0.00532259140164
-0.0057711629197
-0.00620744749904
-0.00662807654589
-0.00703033572063
-0.00741135468706
-0.00776841305196
-0.00809842720628
-0.0083991214633
-0.00866821873933
-0.00890301261097
-0.00910150632262
-0.00926198065281
-0.00938281603158
-0.00946223456413
-0.00949898920953
-0.00949233025312
-0.00944154523313
-0.00934598129243
-0.00920531060547
-0.00901990756392
-0.00879004970193
-0.0085163442418
-0.00819950457662
-0.00784099753946
-0.00744211860001
-0.00700478581712
-0.00653068348765
-0.00602230103686
-0.00548190902919
-0.00491254217923
-0.00431680120528
-0.00369797716849
-0.0030591157265
-0.00240417872556
-0.00173642439768
-0.00105970737059
-0.000377559539629
0.000305460300297
0.000985738472082
0.00165924138855
0.00232222839259
0.00297000561841
0.00359891727567
0.00420514959842
0.00478488905355
0.00533455749974
0.00585004780442
0.00632842443883
0.00676650879905
0.00716130854562
0.00750962784514
0.00780945457518
0.00805864669383
0.0082550952211
0.00839694589376
0.00848339498043
0.00851358752698
0.00848665460944
0.00840226747096
0.00826108362526
0.00806370936334
0.0078107630834
0.00750349136069
0.00714382296428
0.00673424964771
0.00627679377794
0.00577417900786
0.0052299159579
0.00464730989188
0.00403049588203
0.00338321551681
0.00271012727171
0.00201591802761
0.00130495231133
0.000582859443966
-0.000145346173667
-0.000874324003235
-0.0015987039078
-0.00231342646293
-0.00301235564984
-0.003690401325
-0.00434209080413
-0.00496218865737
-0.00554604828358
-0.00608819257468
-0.00658402312547
-0.00702908542007
-0.00741957547143
-0.00775178195909
-0.00802207738161
-0.00822712294757
-0.00836498849094
-0.00843360833824
-0.00843095220625
-0.00835580192506
-0.00820802804083
-0.00798776559532
-0.00769498711452
-0.00733059784397
-0.00689672771841
-0.00639558350667
-0.00582909490913
-0.00520083215088
-0.00451475987211
-0.00377513864078
-0.0029862462543
-0.00215303292498
-0.00128138193395
-0.000376805866836
0.000553909572773
0.00150480656885
0.00246893451549
0.00343932700343
0.00440900260583
0.00537087582052
0.00631817243993
0.00724278809503
0.00813794974238
0.00899670366198
0.00981245655566
0.0105786314234
0.0112886829302
0.0119366217405
0.0125176096335
0.0130259795114
0.0134569751099
0.0138064213097
0.0140713592991
0.0142489140853
0.0143362255767
0.0143314599991
0.0142343360931
0.0140445036814
0.0137618947774
0.0133873503655
0.0129233468324
0.0123723931611
0.0117370281368
0.0110208559781
0.0102288555354
0.00936611369252
0.00843770708889
0.00744953239337
0.00640808837488
0.00532140675932
0.00419604871422
0.0030395553913
0.00186010159086
0.000665869563818
-0.000534947321285
-0.00173406023532
-0.00292315217666
-0.00409387145191
-0.00523787271231
-0.00634719710797
-0.00741432420909
-0.00843179784715
-0.0093921739608
-0.0102891484275
-0.01111614611
-0.0118679599836
-0.0125389322639
-0.0131244491786
-0.0136212715879
-0.0140262609348
-0.0143362386152
-0.0145492441952
-0.0146649191156
-0.0146829299629
-0.0146029815078
-0.0144260181114
-0.0141544891521
-0.0137909371406
-0.0133379427716
-0.0127991149202
-0.0121794464067
-0.0114839691669
-0.0107177644968
-0.00988664571196
-0.00899748131633
-0.008057131432
-0.00707248132676
-0.00605086423457
-0.00500008231029
-0.00392800476402
-0.00284247542731
-0.00175136467442
-0.000662550562993
0.000416131253587
0.00147680891678
0.00251198839396
0.00351470219903
0.00447801081464
0.00539497146383
0.0062593515031
0.00706584611908
0.00780919473618
0.00848415307701
0.00908642448485
0.00961290765554
0.0100605972111
0.010426459834
0.0107085276395
0.010906200856
0.011018877849
0.0110461134464
0.0109883537516
0.0108473617584
0.0106249889359
0.0103231165558
0.00994447339326
0.00949294771999
0.0089724548161
0.00838689412922
0.0077408766374
0.00703977188095
0.00628899363801
0.00549401063472
0.00466058636084
0.00379536789842
0.0029038018547
0.00199250970036
0.0010678190738
0.000136080605444
-0.000796350010205
-0.00172312825453
-0.00263814255595
-0.00353556149639
-0.00440922379494
-0.00525414478034
-0.00606460915878
-0.00683593424037
-0.00756344012916
-0.00824245903641
-0.00886898115277
-0.00943984929472
-0.00995166134089
-0.010401760228
-0.0107875103131
-0.0111074624583
-0.0113602159545
-0.0115443505347
-0.0116592496634
-0.0117052420974
-0.0116827441379
-0.0115920910612
-0.0114343781024
-0.0112115917727
-0.0109257651493
-0.0105789033696
-0.0101738637313
-0.0097136143595
-0.0092017184943
-0.00864158198237
-0.00803704280406
-0.00739275244996
-0.00671246508136
-0.00600086245686
-0.00526252388954
-0.00450231414288
-0.00372547586448
-0.00293615320697
-0.00213955203071
-0.00134055083618
-0.000544000649825
0.000244885450229
0.00102219602559
0.00178321183193
0.00252359150909
0.00323898065835
0.00392512185499
0.00457924837247
0.00519761443138
0.00577681185678
0.00631375610828
0.00680676987395
0.0072534433566
0.00765161914751
0.00799963437021
0.00829707551748
0.00854304991663
0.0087368208915
0.00887827668339
0.00896825175732
0.00900737661868
0.00899641495198
0.00893666688353
0.00883011240512
0.00867879297584
0.00848483294249
0.00825055316091
0.00797904655337
0.00767350383103
0.00733670545742
0.00697208754718
0.00658333068714
0.0061742849648
0.00574823888019
0.00530914077535
0.00486102001742
0.00440728710964
0.0039519937709
0.003499065293
0.00305160996504
0.00261338753626
0.00218814471737
0.0017786846729
0.00138807250187
0.00101932184771
0.000674899492878
0.000357360811904
6.86647763359e-05
-0.000189629427041
-0.000415449816501
-0.000607780180871
-0.000765843840782
-0.000888938491698
-0.000976583687589
-0.00102865719236
-0.00104571599513
-0.0010283467127
-0.000977183342911
-0.000893268559594
-0.00077826238703
-0.00063394207973
-0.000461841351353
-0.000264180096565
-4.32930246461e-05
0.00019822086324
0.000457696121885
0.000732636428438
0.00101976341102
0.00131629931275
0.00161897379439
0.00192496017553
0.00223094015382
0.00253362418152
0.0028301437851
0.00311716133729
0.00339199812151
0.00365148601122
0.00389294978231
0.00411348138005
0.00431090639904
0.00448269210756
0.00462663266808
0.00474063213915
0.00482312543318
0.0048726182431
0.00488750776276
0.00486674020067
0.00480971997604
0.0047158356756
0.00458459137008
0.00441577052698
0.00420999806374
0.00396751565859
0.003689016914
0.00337534234859
0.00302774249576
0.00264798174612
0.00223715999164
0.00179751368705
0.00133090827148
0.000840067456011
0.00032680935692
-0.000205791104236
-0.000755356973968
-0.00131849048194
-0.00189281231724
-0.00247474643402
-0.00306137395091
-0.00364978658035
-0.0042362282984
-0.00481805531308
-0.00539154931903
-0.00595380645245
-0.00650192936882
-0.00703238463029
-0.00754283787683
-0.00802995357662
-0.00849115755409
-0.00892413035035
-0.00932620372623
-0.00969554390758
-0.0100295906886
-0.0103266909719
-0.010585530661
-0.0108044585213
-0.0109822079539
-0.0111178476363
-0.0112107368186
-0.0112604880705
-0.0112665584311
-0.0112289311364
-0.0111479880288
-0.0110242255032
-0.0108580738306
-0.0106502817944
-0.0104023143649
-0.0101153943688
-0.00979082938284
-0.00943008717149
-0.00903550349176
-0.00860895216465
-0.00815222412348
-0.00766801275313
-0.00715866219252
-0.00662645418197
-0.00607442902401
-0.0055050435476
-0.00492111500353
-0.00432520266622
-0.00372070423327
-0.00311018596403
-0.0024965563789
-0.00188239489216
-0.00127115799114
-0.000665342260618
-6.7643893999e-05
0.000519541383255
0.00109299097676
0.00165048718918
0.00218978733756
0.00270862597972
0.00320498482324
0.00367644010112
0.00412157271057
0.0045387451537
0.00492649152875
0.00528315268457
0.00560799008235
0.00590009242296
0.00615858146921
0.00638289283961
0.00657295854762
0.00672848057002
0.00684941839427
0.00693600717932
0.00698885461316
0.0070085581392
0.00699571939185
0.00695129763335
0.00687652872875
0.00677265739068
0.006640965119
0.00648293131962
0.00630029197782
0.0060948068276
0.00586820254102
0.00562226213515
0.00535925058648
0.00508110877126
0.00478987535462
0.00448763743043
0.00417657475919
0.00385881587863
0.00353652029298
0.00321181071922
0.00288676167838
0.0025634765625
0.00224403431639
0.00193039339501
0.00162428629119
0.00132786983158
0.00104285683483
0.000770955288317
0.000513673643582
0.000272540259175
4.90747188451e-05
-0.000155428904691
-0.000339855090715
-0.000503128801938
-0.000644188665319
-0.000762178329751
-0.000856493541505
-0.000926571083255
-0.000971839705016
-0.000991975772195
-0.000986938248388
-0.00095670344308
-0.000901218212675
-0.000820740940981
-0.000715854403097
-0.000586960988585
-0.000434664922068
-0.000259754800936
-6.33161325823e-05
0.000153587243403
0.00038986816071
0.000644174288027
0.00091496296227
0.00120064313523
0.00149960978888
0.00181010540109
0.00213013379835
0.00245754420757
0.00279066408984
0.00312720378861
0.00346490019001
0.00380150554702
0.00413476349786
0.00446234224364
0.0047819041647
0.00509096588939
0.00538745103404
0.00566891999915
0.00593314878643
0.00617789709941
0.00640094466507
0.00660015270114
0.00677381409332
0.00691995490342
0.00703670782968
0.00712246121839
0.00717589911073
0.00719576515257
0.00718072848395
0.00712985219434
0.00704259285703
0.00691845407709
0.00675678765401
0.00655755121261
0.00632105721161
0.00604776805267
0.00573778618127
0.00539202429354
0.00501171173528
0.00459831347689
0.00415269983932
0.00367670319974
0.00317241973244
0.00264220219105
0.00208762451075
0.00151136401109
0.000916432763916
0.000305018445943
-0.00031984000816
-0.000954925955739
-0.0015976986615
-0.00224474840797
-0.00289261108264
-0.00353874452412
-0.00417966768146
-0.00481189833954
-0.00543282506987
-0.00603910442442
-0.00662755593657
-0.00719579681754
-0.007740680594
-0.00825930479914
-0.00874982401729
-0.00920946151018
-0.00963629409671
-0.010028171353
-0.0103833880275
-0.0107007417828
-0.0109784062952
-0.0112155452371
-0.0114113008603
-0.0115652335808
-0.0116766421124
-0.0117453373969
-0.0117716323584
-0.0117558240891
-0.0116982180625
-0.0115995435044
-0.0114608285949
-0.0112833399326
-0.0110680339858
-0.0108165396377
-0.0105303907767
-0.0102116521448
-0.00986179243773
-0.00948311947286
-0.00907748378813
-0.00864746514708
-0.00819487310946
-0.00772243458778
-0.00723209558055
-0.00672669522464
-0.00620818231255
-0.00567940576002
-0.00514221191406
-0.00459948088974
-0.00405330816284
-0.00350568396971
-0.00295925140381
-0.00241560698487
-0.00187738519162
-0.00134628335945
-0.000823820126243
-0.000312205520459
0.000187270328752
0.000672600057442
0.00114274234511
0.00159660307691
0.00203247414902
0.00244969502091
0.00284706125967
0.00322397123091
0.00357978767715
0.00391358649358
0.00422517769039
0.0045143882744
0.00478059286252
0.00502378167585
0.00524401944131
0.00544148031622
0.00561607070267
0.00576809234917
0.00589801883325
0.00600615469739
0.00609296420589
0.00615896703675
0.0062048509717
0.00623123534024
0.00623879441991
0.00622826768085
0.00620045373216
0.0061561926268
0.00609630579129
0.00602162908763
0.00593299837783
0.00583138130605
0.00571764726192
0.00559266889468
0.00545730395243
0.00531237991527
0.00515891192481
0.00499767810106
0.00482948636636
0.00465514790267
0.00447546923533
0.00429111812264
0.00410298909992
0.00391168799251
0.00371793052182
0.00352234346792
0.00332551798783
0.00312803755514
0.00293048331514
0.00273327948526
0.00253708078526
0.00234226416796
0.00214929343201
0.00195856345817
0.00177044468001
0.00158530881163
0.00140350905713
0.00122536462732
0.00105114281178
0.00088114378741
0.000715632340871
0.000554850150365
0.00039902550634
0.000248367083259
0.000103082158603
-3.66488202417e-05
-0.000170664628968
-0.000298806407955
-0.000420926837251
-0.000536887033377
-0.000646582397167
-0.000749908562284
-0.000846774608362
-0.000937085889746
-0.00102079310454
-0.00109784386586
-0.00116817629896
-0.00123175582848
-0.00128855113871
-0.00133856537286
-0.00138177000917
-0.00141814281233
-0.0014476882061
-0.0014704259811
-0.00148632354103
-0.00149540090933
-0.00149764399976
-0.00149304454681
-0.00148160080425
-0.00146328378469
-0.00143809244037
-0.00140598719008
-0.00136692938395
-0.00132089445833
-0.00126784085296
-0.00120773038361
-0.00114055257291
-0.00106618762948
-0.000984646962024
-0.000895911245607
-0.000799986533821
-0.000696782197338
-0.000586400739849
-0.000468878308311
-0.00034425209742
-0.000212717408431
-7.43365089875e-05
7.06412029103e-05
0.000222000395297
0.000379363104003
0.000542449182831
0.000710753898602
0.00088374025654
0.00106101785786
0.00124179001432
0.00142522330862
0.00161075475626
0.00179745443165
0.00198418833315
0.00217008660547
0.00235405797139
0.00253485585563
0.00271136895753
0.00288224150427
0.00304609886371
0.00320177641697
0.00334777054377
0.00348262209445
0.00360505050048
0.00371354469098
0.00380684644915
0.00388354388997
0.00394224980846
0.00398176675662
0.00400094967335
0.00399871030822
0.00397394318134
0.0039257183671
0.00385342235677
0.00375632545911
0.00363388634287
0.00348561559804
0.00331162009388
0.00311172707006
0.00288610812277
0.0026348750107
0.00235895020887
0.00205882498994
0.00173551915213
0.00138979393523
0.00102344504558
0.000637640361674
0.000234261111473
-0.000185316283023
-0.000618502206635
-0.00106330751441
-0.0015177797759
-0.00197907933034
-0.0024450100027
-0.00291245453991
-0.00337897846475
-0.003842062084
-0.00429840246215
-0.00474561005831
-0.00518039800227
-0.0056002093479
-0.00600257283077
-0.00638441508636
-0.00674327975139
-0.00707686832175
-0.00738273002207
-0.0076588881202
-0.00790322478861
-0.00811406038702
-0.00828986428678
-0.00842948630452
-0.00853170920163
-0.00859556067735
-0.00862083677202
-0.00860730744898
-0.00855473149568
-0.00846333336085
-0.00833394471556
-0.00816743727773
-0.0079645588994
-0.00772677594796
-0.00745580065995
-0.00715348869562
-0.00682169571519
-0.00646238029003
-0.00607843510807
-0.0056722718291
-0.00524648278952
-0.00480380328372
-0.00434717396274
-0.00387954409234
-0.00340365455486
-0.00292290560901
-0.00244001788087
-0.00195793155581
-0.00147955480497
-0.00100768951233
-0.000544881098904
-9.36517390073e-05
0.000343467196217
0.000764224037994
0.00116677803453
0.00154947838746
0.00191016786266
0.0022475484293
0.00256066652946
0.00284861633554
0.00311047490686
0.00334568298422
0.00355423102155
0.00373612693511
0.00389137142338
0.00402031326666
0.00412375712767
0.00420251954347
0.00425743870437
0.00428960286081
0.00430041458458
0.00429128948599
0.0042636427097
0.00421903468668
0.00415918370709
0.00408581038937
0.00400064047426
0.00390542251989
0.00380186922848
0.0036917515099
0.0035767192021
0.00345843657851
0.00333838770166
0.00321804173291
0.00309887412004
0.00298219011165
0.00286909122951
0.00276048970409
0.00265748216771
0.00256090424955
0.00247130915523
0.0023892337922
0.00231509562582
0.00224928976968
0.00219182949513
0.00214274227619
0.00210200366564
0.0020694991108
0.00204481300898
0.00202757283114
0.00201736716554
0.00201369193383
0.0020158784464
0.0020232766401
0.00203519593924
0.00205094995908
0.00206975382753
0.00209084223025
0.00211343099363
0.00213676132262
0.00216012983583
0.00218276423402
0.00220396579243
0.002223047195
0.00223944266327
0.00225256499834
0.00226186448708
0.00226684403606
0.00226712576114
0.00226238952018
0.00225227768533
0.00223651528358
0.00221498217434
0.00218759127893
0.00215418217704
0.00211475766264
0.00206935009919
0.00201811059378
0.00196106219664
0.00189840164967
0.00183028739411
0.00175700220279
0.00167873234022
0.00159578304738
0.00150837551337
0.00141687458381
0.00132148887496
0.00122260919306
0.00112047826406
0.00101533671841
0.000907603651285
0.000797413697001
0.000685152190272
0.000571029027924
0.00045521298307
0.000338071055012
0.000219731591642
0.00010035293235
-1.97626559384e-05
-0.000140471209306
-0.000261674198555
-0.000383104488719
-0.000504634983372
-0.000626173161436
-0.000747446785681
-0.000868349859957
-0.000988704618067
-0.0011084228754
-0.00122717872728
-0.0013448279351
-0.00146117457189
-0.00157607556321
-0.0016891421983
-0.00180015712976
-0.00190887250938
-0.00201504165307
-0.00211821845733
-0.00221812934615
-0.00231442600489
-0.00240672705695
-0.0024946462363
-0.00257782288827
-0.00265574385412
-0.00272804731503
-0.00279430719092
-0.00285408669151
-0.0029069527518
-0.00295248674229
-0.00299029191956
-0.00301999156363
-0.00304117798805
-0.00305349798873
-0.00305667100474
-0.00305042252876
-0.00303449085914
-0.00300865620375
-0.00297282170504
-0.00292694731615
-0.00287092686631
-0.00280478806235
-0.00272869411856
-0.00264285947196
-0.00254745502025
-0.00244278088212
-0.00232930434868
-0.00220751436427
-0.00207793829031
-0.00194120104425
-0.00179793767165
-0.00164902419783
-0.00149525143206
-0.00133746839128
-0.00117668719031
-0.00101393985096
-0.000850279524457
-0.000686747196596
-0.000524604227394
-0.000364848587196
-0.000208715951885
-5.73751276534e-05
8.80051229615e-05
0.000226263873628
0.000356194679625
0.000476778164739
0.000586977752391
0.00068577833008
0.000772202562075
0.000845307193231
0.000904468994122
0.000948996574152
0.000978223746642
0.000991619657725
0.000988934538327
0.000969993765466
0.000934618001338
0.000882712716702
0.000814593106043
0.000730691361241
0.000631264643744
0.000516872096341
0.000388437474612
0.000246780255111
9.28971567191e-05
-7.20532625564e-05
-0.000246856536251
-0.000429874722613
-0.000619847967755
-0.000815164181404
-0.00101390411146
-0.00121447641868
-0.00141484534834
-0.00161334779114
-0.00180782319512
-0.00199646735564
-0.00217710901052
-0.00234796619043
-0.00250697694719
-0.00265235034749
-0.00278209918179
-0.00289448839612
-0.00298784649931
-0.00306069804356
-0.00311145652086
-0.00313870492391
-0.0031414446421
-0.00311869150028
-0.00306953839026
-0.00299319229089
-0.00288931420073
-0.00275783776306
-0.00259844353423
-0.00241133524105
-0.00219698622823
-0.00195599091239
-0.00168927409686
-0.00139759317972
-0.00108219974209
-0.000744977267459
-0.000387321430026
-1.07310379462e-05
0.000382277241442
0.000789605139289
0.0012091974495
0.00163828907534
0.00207440461963
0.00251480913721
0.00295696314424
0.0033976493869
0.00383422058076
0.0042637353763
0.00468327244744
0.00509015610442
0.00548120960593
0.00585387181491
0.0062054079026
0.0065331440419
0.00683472072706
0.00710801687092
0.00735053466633
0.00756023591384
0.0077355382964
0.00787491351366
0.00797688402236
0.00804007891566
0.00806353148073
0.00804697908461
0.00798984616995
0.00789177697152
0.00775308115408
0.00757425557822
0.00735578499734
0.00709831761196
0.00680305017158
0.00647175731137
0.00610581971705
0.00570689234883
0.00527720712125
0.00481917336583
0.00433518784121
0.00382776069455
0.00329983630218
0.00275449338369
0.00219482788816
0.00162394403014
0.00104522053152
0.00046214350732
-0.000121867145936
-0.000703329977114
-0.00127879320644
-0.00184476014692
-0.00239776191302
-0.00293437275104
-0.00345136318356
-0.00394563889131
-0.00441404618323
-0.00485356571153
-0.00526159210131
-0.00563574722037
-0.00597356352955
-0.00627276627347
-0.00653173448518
-0.00674903905019
-0.00692337751389
-0.00705324811861
-0.00713836122304
-0.00717847095802
-0.0071734180674
-0.00712315319106
-0.0070285005495
-0.00689058611169
-0.00671049766243
-0.00648940959945
-0.00622958969325
-0.00593326753005
-0.00560279004276
-0.00524043338373
-0.00484967697412
-0.0044334474951
-0.00399550050497
-0.00353905232623
-0.00306767015718
-0.00258576613851
-0.00209681782871
-0.00160529615823
-0.00111475784797
-0.000629518879578
-0.000153925371706
0.000308476039208
0.000753420579713
0.00117766147014
0.0015772995539
0.00194873672444
0.00228878390044
0.00259500090033
0.00286440900527
0.00309434277005
0.00328299379908
0.00342885032296
0.00353043712676
0.00358638097532
0.00359636894427
0.00356042385101
0.00347858923487
0.00335107045248
0.00317911221646
0.00296431477182
0.00270834402181
0.00241278740577
0.00208067311905
0.00171489396598
0.00131833436899
0.000894560362212
0.000446994265076
-1.97500812646e-05
-0.000501984322909
-0.000995050068013
-0.0014948801836
-0.00199651904404
-0.00249502784573
-0.00298619735986
-0.00346513418481
-0.00392721034586
-0.00436779530719
-0.00478234235197
-0.00516677740961
-0.0055171828717
-0.00582970771939
-0.00610056007281
-0.00632685609162
-0.00650602811947
-0.00663560582325
-0.00671303691342
-0.00673717493191
-0.00670721661299
-0.00662238849327
-0.00648205121979
-0.00628687255085
-0.00603819219396
-0.00573698291555
-0.00538470735773
-0.00498396251351
-0.00453782640398
-0.00404940033332
-0.00352192064747
-0.00295958342031
-0.00236699194647
-0.00174878130201
-0.00110963045154
-0.000454803142929
0.000210481128306
0.00088007026352
0.00154906150419
0.00221119238995
0.00286145019345
0.00349384592846
0.00410246057436
0.00468275509775
0.00522943586111
0.00573754776269
0.00620220554993
0.00661949347705
0.00698585994542
0.00729795172811
0.00755203794688
0.00774624152109
0.00787908583879
0.00794888753444
0.00795441120863
0.00789578072727
0.00777370389551
0.00758899142966
0.00734262820333
0.00703700818121
0.00667522940785
0.00626032194123
0.00579551793635
0.0052852705121
0.00473455712199
0.00414805067703
0.00353139941581
0.00288992398418
0.00223013246432
0.00155860744417
0.000880947627593
0.000204011026653
-0.000465596618596
-0.0011212445097
-0.00175639323425
-0.00236483756453
-0.00294085172936
-0.00347786722705
-0.00397027051076
-0.00441342452541
-0.00480258231983
-0.00513314455748
-0.0054011833854
-0.00560375582427
-0.00573874358088
-0.00580399576575
-0.00579766137525
-0.00571965565905
-0.00557057885453
-0.00535123422742
-0.00506235659122
-0.00470704818144
-0.00428851088509
-0.00381044740789
-0.00327666895464
-0.00269261654466
-0.00206434633583
-0.00139792647678
-0.0006996045704
2.36302857957e-05
0.000763270014431
0.0015122438781
0.00226232828572
0.00300490413792
0.00373234297149
0.00443585915491
0.00510713504627
0.00573835335672
0.00632211612538
0.00685013784096
0.00731554534286
0.00771174672991
0.00803353078663
0.00827504508197
0.00843104533851
0.00849836692214
0.00847459211946
0.00835727155209
0.00814448390156
0.00783671252429
0.00743578886613
0.00694284215569
0.00636013317853
0.00569253461435
0.0049457619898
0.00412559369579
0.0032382865902
0.00229265890084
0.00129777903203
0.000264223432168
-0.000799020752311
-0.00187958672177
-0.00296502956189
-0.00404293322936
-0.00510067865252
-0.00612481823191
-0.00710171181709
-0.00801815185696
-0.00886002648622
-0.00961390789598
-0.0102676972747
-0.010807223618
-0.0112207951024
-0.0114979743958
-0.0116287581623
-0.0116031775251
-0.0114119937643
-0.011049779132
-0.0105110602453
-0.00979105103761
-0.00888601690531
-0.00779596483335
-0.00652366364375
-0.00507016759366
-0.00343771581538
-0.00163507822435
0.000328666821588
0.00244443048723
0.00470157666132
0.00708454567939
0.00957683473825
0.0121632665396
0.014823381789
0.0175377521664
0.0202822908759
0.0230342298746
0.0257698073983
0.0284638870507
0.0310870055109
0.0336148068309
0.0360177569091
0.0382704101503
0.0403437502682
0.0422098897398
0.0438424609601
0.0452145859599
0.0463024750352
0.0470800064504
0.0475247018039
0.047617200762
0.0473390929401
0.0466715395451
0.0455999076366
0.0441143363714
0.0422081276774
0.0398713164032
0.0371008180082
0.0339007377625
0.0302741806954
0.0262294858694
0.0217727012932
0.0169265996665
0.0117058865726
0.00613209651783
0.000229714380112
-0.00597159937024
-0.0124326553196
-0.0191261749715
-0.0260112546384
-0.0330433249474
-0.0401774048805
-0.0473684333265
-0.0545683503151
-0.0617283284664
-0.0687925815582
-0.0757085829973
-0.0824232250452
-0.0888825058937
-0.0950324833393
-0.100821807981
-0.106193430722
-0.11110355705
-0.115500755608
-0.119336366653
-0.122568942606
-0.125158622861
-0.127071276307
-0.128269150853
-0.128725081682
-0.128420546651
-0.127337262034
-0.125456228852
-0.122773326933
-0.119289986789
-0.115011580288
-0.109943047166
-0.104102574289
-0.0975151509047
-0.0902118384838
-0.0822258591652
-0.0735918283463
-0.0643598809838
-0.054589856416
-0.0443293787539
-0.0336356498301
-0.0225823037326
-0.0112381363288
0.000327383342665
0.0120443981141
0.0238228626549
0.0355952605605
0.0472770296037
0.0587891712785
0.0700525641441
0.0809934735298
0.0915228873491
0.101579509676
0.111088983715
0.119982212782
0.12819634378
0.13566853106
0.142357051373
0.148207962513
0.153174996376
0.157229185104
0.160348877311
0.16250641644
0.163686111569
0.1638866961
0.163075879216
0.161297023296
0.158565148711
0.154907315969
0.150360584259
0.14496023953
0.138746514916
0.131771534681
0.124097593129
0.115788057446
0.106897242367
0.0975025594234
0.087673895061
0.077495932579
0.0670353025198
0.0563829131424
0.0456095710397
0.034801710397
0.0240393877029
0.0133953336626
0.00295722531155
-0.00720729213208
-0.0170156154782
-0.0264117568731
-0.035326320678
-0.043694652617
-0.0514636784792
-0.0585810095072
-0.0650060847402
-0.0706971734762
-0.0756178721786
-0.0797466039658
-0.0830680131912
-0.0855610966682
-0.0872204974294
-0.0880521535873
-0.0880648568273
-0.0872669965029
-0.0856793820858
-0.0833356976509
-0.0802712589502
-0.0765175297856
-0.0721220374107
-0.0671399235725
-0.0616263821721
-0.0556371994317
-0.0492367185652
-0.0424945913255
-0.0354770720005
-0.0282608475536
-0.0209125634283
-0.0135144898668
-0.00613482668996
0.00114441441838
0.00825796555728
0.0151311606169
0.0216897148639
0.0278704147786
0.0336091257632
0.0388483963907
0.0435306616127
0.0476011931896
0.051019590348
0.0537497848272
0.0557555854321
0.0569902695715
0.0574536807835
0.0571375638247
0.0560338646173
0.0541394017637
0.0514698214829
0.0480445325375
0.0438805781305
0.0390077456832
0.0334664285183
0.0273016709834
0.0205550678074
0.0132838394493
0.00554804177955
-0.00258756917901
-0.0110622597858
-0.0197994764894
-0.0287278722972
-0.0377715267241
-0.0468544363976
-0.0559002012014
-0.0648359805346
-0.0735762938857
-0.0820483565331
-0.0901788920164
-0.0978996679187
-0.105142720044
-0.111840210855
-0.11793256551
-0.123366989195
-0.12809856236
-0.132074832916
-0.135258331895
-0.137622013688
-0.139142274857
-0.139792606235
-0.139563173056
-0.138455525041
-0.136471152306
-0.133610904217
-0.129895329475
-0.125351324677
-0.120007060468
-0.113891772926
-0.10704869777
-0.0995287969708
-0.0913870334625
-0.0826677531004
-0.0734370574355
-0.0637668967247
-0.0537201203406
-0.0433594658971
-0.0327678732574
-0.0220152921975
-0.011176600121
-0.000331899616867
0.010455917567
0.021108198911
0.0315463095903
0.0417091064155
0.0515215173364
0.0609161071479
0.0698293372989
0.0782075077295
0.0860040783882
0.0931721404195
0.0996746271849
0.105466850102
0.110528901219
0.114840626717
0.118381887674
0.121138751507
0.12311334163
0.124312579632
0.124740757048
0.124410547316
0.123349122703
0.121585488319
0.119148723781
0.116075553
0.112409777939
0.108202710748
0.10350060463
0.0983578935266
0.0928283333778
0.0869733542204
0.0808550044894
0.0745305791497
0.0680613070726
0.0615115016699
0.0549363009632
0.0484001301229
0.0419545210898
0.035653848201
0.0295523982495
0.0237005054951
0.0181355439126
0.0128951855004
0.00802625250071
0.00355198932812
-0.000502252019942
-0.0041193543002
-0.00727543467656
-0.00996134337038
-0.012178930454
-0.0139255998656
-0.0152025334537
-0.0160197969526
-0.0163950715214
-0.0163464676589
-0.0158923398703
-0.0150587940589
-0.0138776591048
-0.0123798297718
-0.0105959400535
-0.00856439396739
-0.00632061483338
-0.00390485231765
-0.00135420099832
0.00129318761174
0.00399788655341
0.00672438321635
0.00943238288164
0.0120881386101
0.0146623691544
0.0171207245439
0.0194335281849
0.0215756446123
0.0235272441059
0.0252673104405
0.0267760585994
0.0280421283096
0.0290571320802
0.029813516885
0.0303055681288
0.0305345971137
0.0305058974773
0.0302246306092
0.0296968072653
0.0289357919246
0.0279572289437
0.0267761014402
0.0254084467888
0.0238742977381
0.0221956986934
0.020393230021
0.0184882208705
0.0165035258979
0.0144602684304
0.0123804463074
0.0102864895016
0.00819589197636
0.00612646294758
0.00409693177789
0.00212273770012
0.000215865205973
-0.00161595188547
-0.00336096691899
-0.00501142628491
-0.00656700320542
-0.00802814774215
-0.00939468853176
-0.010669500567
-0.0118612106889
-0.0129794562235
-0.0140349855646
-0.0150387594476
-0.0160074308515
-0.0169582702219
-0.0179080795497
-0.0188750308007
-0.0198787730187
-0.0209388937801
-0.0220758765936
-0.0233087390661
-0.0246560852975
-0.026135686785
-0.0277645066381
-0.0295587386936
-0.0315315797925
-0.0336918048561
-0.0360497012734
-0.0386146344244
-0.0413877591491
-0.0443671829998
-0.0475536584854
-0.0509426817298
-0.0545240566134
-0.0582825429738
-0.0622062124312
-0.0662792250514
-0.0704751983285
-0.0747695341706
-0.0791338831186
-0.0835419520736
-0.0879565104842
-0.0923426672816
-0.0966617017984
-0.100869521499
-0.104931749403
-0.10880304873
-0.112440861762
-0.11580491811
-0.11885239929
-0.121538743377
-0.123823307455
-0.125664398074
-0.127023890615
-0.127866894007
-0.128158926964
-0.127866253257
-0.126964405179
-0.125432014465
-0.123248249292
-0.120393387973
-0.116860762239
-0.112650103867
-0.107757747173
-0.102186501026
-0.0959490388632
-0.0890691131353
-0.0815602466464
-0.0734561830759
-0.0647821947932
-0.05558950454
-0.0459215417504
-0.0358128324151
-0.0253346078098
-0.0145330633968
-0.00348019506782
0.00776715809479
0.0191340390593
0.030552899465
0.0419507622719
0.0532490164042
0.0643789768219
0.0752656161785
0.0858289003372
0.0959996581078
0.105703771114
0.114880159497
0.123462870717
0.131386384368
0.138592526317
0.145038321614
0.150674551725
0.155460327864
0.159359037876
0.162352159619
0.164423003793
0.165550127625
0.165731847286
0.164978504181
0.163302749395
0.160717666149
0.157246112823
0.152932241559
0.147816181183
0.141942560673
0.13535708189
0.128130614758
0.120325423777
0.112010858953
0.103253535926
0.0941315665841
0.0847235843539
0.0751130729914
0.0653744414449
0.0555874630809
0.0458318516612
0.0361922122538
0.026740225032
0.0175456106663
0.00867707468569
0.000207574426895
-0.00780367571861
-0.0153062455356
-0.0222520995885
-0.0285900644958
-0.0342834182084
-0.0393006913364
-0.0436122305691
-0.0472014546394
-0.0500547848642
-0.0521735660732
-0.053560577333
-0.0542221963406
-0.0541671067476
-0.0534184165299
-0.0520049929619
-0.0499553866684
-0.0472995266318
-0.0440797284245
-0.0403380393982
-0.0361233465374
-0.0314796045423
-0.0264574624598
-0.0211130101234
-0.0154944062233
-0.00966050755233
-0.00366190355271
0.00244825240225
0.00861681811512
0.0147907212377
0.0209178067744
0.0269579477608
0.0328593887389
0.0385792814195
0.0440775044262
0.0493198111653
0.0542698465288
0.058898486197
0.0631732568145
0.0670761093497
0.0705870836973
0.0736862570047
0.0763587653637
0.0785978510976
0.0803972929716
0.0817504376173
0.0826561301947
0.0831183865666
0.0831434875727
0.0827370733023
0.0819071084261
0.0806674435735
0.0790327489376
0.0770176872611
0.0746381133795
0.0719157904387
0.0688571110368
0.0654823631048
0.0618260726333
0.0579153485596
0.0537729263306
0.0494231842458
0.0448906049132
0.0402006283402
0.0353790521622
0.0304517094046
0.0254443734884
0.0203823503107
0.015290656127
0.0101968823001
0.00512098707259
8.8480024715e-05
-0.0048764301464
-0.00975674297661
-0.0145283369347
-0.01917062141
-0.0236722752452
-0.0280131902546
-0.0321818888187
-0.036163110286
-0.0399536155164
-0.0435428544879
-0.0469274409115
-0.0501021258533
-0.0530738458037
-0.0558438673615
-0.058419123292
-0.0608057975769
-0.0630219429731
-0.0650815144181
-0.0670027583838
-0.0688034147024
-0.0705117657781
-0.0721533149481
-0.0737567692995
-0.075350522995
-0.0769679844379
-0.0786453336477
-0.0804167240858
-0.0823173448443
-0.0843836292624
-0.0866465866566
-0.0891169607639
-0.091860242188
-0.0949079245329
-0.0982903912663
-0.102037981153
-0.106181830168
-0.110735997558
-0.115717925131
-0.121145643294
-0.127029895782
-0.133365467191
-0.140149757266
-0.147370636463
-0.155017524958
-0.163061335683
-0.171462342143
-0.180180668831
-0.189179703593
-0.198391452432
-0.207751810551
-0.217178747058
-0.226607739925
-0.235945805907
-0.245090678334
-0.253939926624
-0.262395083904
-0.270336776972
-0.277651846409
-0.284211933613
-0.289902478456
-0.294598162174
-0.298175722361
-0.300512254238
-0.301484853029
-0.300975888968
-0.298879921436
-0.295092582703
-0.289509654045
-0.282038807869
-0.272608190775
-0.261164873838
-0.247633203864
-0.231969431043
-0.214164450765
-0.19421556592
-0.172119796276
-0.147873967886
-0.121545180678
-0.0931848138571
-0.0629035905004
-0.0307846292853
0.00305445003323
0.0384468175471
0.0752416327596
0.11328022182
0.152357205749
0.192270830274
0.232778578997
0.273653239012
0.314635187387
0.355470120907
0.395843058825
0.435517549515
0.474203646183
0.511568129063
0.547351777554
0.581240832806
0.612951338291
0.642205893993
0.668739914894
0.69226282835
0.71253156662
0.729335963726
0.742448508739
0.75165361166
0.756785273552
0.757723510265
0.754346549511
0.746535181999
0.734223425388
0.717418134212
0.696137368679
0.670355498791
0.640172123909
0.605700671673
0.567100048065
0.524495005608
0.478100329638
0.428190290928
0.375044196844
0.318913251162
0.260139882565
0.199107080698
0.136171832681
0.0717526450753
0.00625931704417
-0.0598893202841
-0.126204311848
-0.192228719592
-0.25753441453
-0.321619719267
-0.384014487267
-0.444277942181
-0.501919746399
-0.556513190269
-0.60766017437
-0.654910802841
-0.697865724564
-0.736214280128
-0.769634306431
-0.797781646252
-0.820395708084
-0.837283432484
-0.848289847374
-0.853251159191
-0.851897001266
-0.844369411469
-0.830703437328
-0.810925781727
-0.78510260582
-0.753429055214
-0.716117918491
-0.673413395882
-0.625545978546
-0.572932124138
-0.515899300575
-0.454903632402
-0.390368193388
-0.32279998064
-0.252699673176
-0.180636495352
-0.1071164608
-0.0327581763268
0.0418405272067
0.116119109094
0.189443573356
0.261229425669
0.330931663513
0.39793369174
0.46169513464
0.521672487259
0.577383875847
0.628371596336
0.67413765192
0.714318871498
0.748616099358
0.776691913605
0.798256039619
0.813127577305
0.821204900742
0.82238650322
0.816582322121
0.803841769695
0.784307301044
0.758076250553
0.725326776505
0.686307966709
0.641383171082
0.590901196003
0.535193920135
0.474752992392
0.410069465637
0.341695666313
0.270162433386
0.196029156446
0.119960702956
0.0425873994827
-0.0354968644679
-0.113608039916
-0.191092222929
-0.267332583666
-0.341640770435
-0.413440048695
-0.482070118189
-0.547037899494
-0.607664048672
-0.663513302803
-0.714106321335
-0.759015262127
-0.797760605812
-0.830083787441
-0.855685472488
-0.874344170094
-0.885813891888
-0.890010356903
-0.886912882328
-0.876509428024
-0.858793377876
-0.833920776844
-0.802115261555
-0.763580083847
-0.718568682671
-0.667451739311
-0.610660433769
-0.548594415188
-0.481690376997
-0.410554230213
-0.335700929165
-0.257709473372
-0.177247270942
-0.0948777124286
-0.0112614342943
0.0728560090065
0.156894341111
0.240151420236
0.322008281946
0.401762992144
0.478764265776
0.552453756332
0.622216165066
0.687476098537
0.747676312923
0.802390158176
0.8511890769
0.893599331379
0.929273784161
0.957929670811
0.979363560677
0.993332266808
0.999674201012
0.998349845409
0.989365577698
0.972736179829
0.948448181152
0.916676223278
0.877764582634
0.83195990324
0.779513895512
0.720864951611
0.656455993652
0.586692094803
0.512079060078
0.433183014393
0.350588649511
0.264836877584
0.176570206881
0.086391158402
-0.00495557114482
-0.0969042927027
-0.188801079988
-0.279908388853
-0.369667708874
-0.457428276539
-0.54248213768
-0.62434232235
-0.702404856682
-0.776141226292
-0.844998002052
-0.908552765846
-0.96639329195
-1.01813030243
-1.06339013577
-1.10194551945
-1.13357758522
-1.15807902813
-1.17529785633
-1.18522405624
-1.18784201145
-1.18314790726
-1.17122399807
-1.1522539854
-1.12644040585
-1.09398424625
-1.05516517162
-1.01032686234
-0.959855258465
-0.904121875763
-0.843526661396
-0.778579413891
-0.709765732288
-0.63753837347
-0.562479376793
-0.485055357218
-0.40579983592
-0.3253236413
-0.244078248739
-0.162583291531
-0.0814360827208
-0.00107638328336
0.0779872313142
0.155311435461
0.230488762259
0.303047180176
0.372629672289
0.438915848732
0.501615643501
0.560389459133
0.61502790451
0.665384232998
0.711233854294
0.752472341061
0.78904235363
0.820882201195
0.848008871078
0.870159327984
0.887606680393
0.900511801243
0.909001767635
0.913211166859
0.913348078728
0.909629106522
0.902275443077
0.891521632671
0.877630472183
0.860893666744
0.841560959816
0.819938898087
0.796305060387
0.770933687687
0.744122684002
0.716134548187
0.687251746655
0.657702565193
0.627755343914
0.597624599934
0.567530572414
0.537636876106
0.50814807415
0.479201823473
0.450922250748
0.423430800438
0.396796822548
0.371120005846
0.34640070796
0.322674781084
0.299962937832
0.278243541718
0.257457077503
0.237563863397
0.21851053834
0.200212314725
0.182560011744
0.165461227298
0.14881247282
0.132496625185
0.116383291781
0.10035713017
0.0842960402369
0.0680844187737
0.0515942685306
0.0347225479782
0.0173859149218
-0.00049747392768
-0.0190128274262
-0.0382180325687
-0.0581941492856
-0.0789676308632
-0.100538060069
-0.122945263982
-0.146178916097
-0.170198440552
-0.194958657026
-0.220426261425
-0.246521770954
-0.273142188787
-0.300181716681
-0.327547192574
-0.355099707842
-0.382689356804
-0.41016498208
-0.437375605106
-0.464170694351
-0.490364819765
-0.515785157681
-0.540270328522
-0.563628256321
-0.585712492466
-0.60634458065
-0.625358998775
-0.64261752367
-0.657966792583
-0.671285629272
-0.682440459728
-0.691320955753
-0.697849094868
-0.701943337917
-0.703521847725
-0.702185630798
-0.698280990124
-0.691794097424
-0.682728648186
-0.671117186546
-0.657010257244
-0.640474915504
-0.621565461159
-0.600412607193
-0.577113628387
-0.551795959473
-0.524583041668
-0.495666593313
-0.465189218521
-0.433348715305
-0.400299191475
-0.366254091263
-0.331413447857
-0.295961230993
-0.260133326054
-0.224102288485
-0.188106745481
-0.152317985892
-0.116945996881
-0.082176566124
-0.0481951832771
-0.0151841016486
0.016700040549
0.0473271459341
0.0765229687095
0.104164533317
0.13016295433
0.154414206743
0.176731273532
0.197099596262
0.215484574437
0.231854066253
0.246197536588
0.258495897055
0.268776834011
0.277073740959
0.283419460058
0.287863284349
0.290486007929
0.291371166706
0.290602207184
0.288277894258
0.284517258406
0.279440313578
0.273167848587
0.265829503536
0.257564067841
0.248514950275
0.238812744617
0.228600412607
0.218016520143
0.207199588418
0.196292132139
0.185410007834
0.174683600664
0.16422316432
0.15415507555
0.144570171833
0.135552883148
0.127199396491
0.11953446269
0.112656094134
0.106628991663
0.101500920951
0.0973021388054
0.0940447896719
0.0917287245393
0.0903596132994
0.0899279788136
0.0904021188617
0.0917478948832
0.0939311608672
0.0969055444002
0.100613094866
0.10498868674
0.109972208738
0.115495301783
0.121479563415
0.127854779363
0.134539574385
0.141464620829
0.148548364639
0.15571564436
0.162898674607
0.170024424791
0.17703461647
0.183867692947
0.190464019775
0.196777760983
0.202766209841
0.208393037319
0.213621690869
0.218428865075
0.222805738449
0.226622596383
0.229966312647
0.232847258449
0.235272690654
0.237248674035
0.238784268498
0.239896610379
0.240604802966
0.24092695117
0.240882351995
0.240490749478
0.239771738648
0.238745197654
0.237427666783
0.235829293728
0.233960196376
0.231831386685
0.229444488883
0.226792901754
0.223871201277
0.220670998096
0.217175364494
0.213360726833
0.209199562669
0.204667970538
0.199727058411
0.194343939424
0.188470974565
0.182073041797
0.175107240677
0.167521744967
0.159278318286
0.150333091617
0.140642657876
0.130169332027
0.118880800903
0.106736920774
0.0937223732471
0.0798143818974
0.0650028884411
0.0492602735758
0.0326092429459
0.0150839639828
-0.00330914300866
-0.0225383043289
-0.0425565205514
-0.06333258003
-0.0847851857543
-0.106885440648
-0.129529953003
-0.152632445097
-0.176118120551
-0.199881657958
-0.223822891712
-0.247817113996
-0.271762400866
-0.295528799295
-0.318999439478
-0.34203466773
-0.364516794682
-0.386306524277
-0.40728494525
-0.427313178778
-0.446263462305
-0.464022397995
-0.480467528105
-0.495492935181
-0.508984088898
-0.52083003521
-0.530957639217
-0.539280712605
-0.545711576939
-0.550187528133
-0.552664339542
-0.553095400333
-0.551437675953
-0.547670006752
-0.541793704033
-0.533804774284
-0.523707985878
-0.511525392532
-0.497315436602
-0.481111139059
-0.462957978249
-0.442936748266
-0.421136856079
-0.39764726162
-0.372546225786
-0.345956921577
-0.317990243435
-0.288782864809
-0.258460491896
-0.227164700627
-0.195029631257
-0.162219658494
-0.128885030746
-0.0951683521271
-0.0612490624189
-0.0272900406271
0.00654609780759
0.0401121973991
0.0732280015945
0.105730265379
0.13747254014
0.16828417778
0.198014572263
0.226513490081
0.253633230925
0.279254287481
0.303238362074
0.32546120882
0.345811843872
0.364172458649
0.380475014448
0.394623249769
0.406540304422
0.416161000729
0.423456043005
0.428378403187
0.430898308754
0.431010514498
0.428728491068
0.424066990614
0.417039841413
0.407701015472
0.396119505167
0.382364183664
0.366507023573
0.348643243313
0.328911244869
0.307412445545
0.28427875042
0.259659975767
0.233720541
0.206624433398
0.178536534309
0.149625852704
0.120114542544
0.0901677235961
0.0599933378398
0.0298068765551
-0.000215073814616
-0.0298528335989
-0.0589019432664
-0.087162591517
-0.11443888396
-0.140535622835
-0.165258541703
-0.188439711928
-0.20989279449
-0.229466229677
-0.246997758746
-0.26235601306
-0.275414019823
-0.286073625088
-0.294214576483
-0.299760550261
-0.302667707205
-0.302890598774
-0.300387233496
-0.295145303011
-0.287189811468
-0.276562571526
-0.263294011354
-0.247431457043
-0.229095205665
-0.208386674523
-0.18541392684
-0.160300210118
-0.133212283254
-0.104323402047
-0.0738052949309
-0.0418186746538
-0.00860950164497
0.0255971532315
0.0605628862977
0.0961016565561
0.131953701377
0.167852386832
0.203568205237
0.238852649927
0.273456245661
0.307128727436
0.339619755745
0.37067976594
0.400061398745
0.42757242918
0.452966421843
0.47603932023
0.496601998806
0.514496088028
0.529566466808
0.541655242443
0.550653994083
0.556482076645
0.559078514576
0.558378100395
0.554344117641
0.546988666058
0.536347389221
0.522197008133
0.504646480083
0.483956247568
0.460205823183
0.433515638113
0.403978258371
0.371751397848
0.33703866601
0.300012588501
0.260866463184
0.219831943512
0.177171304822
0.133170902729
0.0880745053291
0.0421591699123
-0.00425883615389
-0.0509150028229
-0.0975289717317
-0.143828734756
-0.189526960254
-0.234307557344
-0.277849912643
-0.320003241301
-0.360549896955
-0.399245858192
-0.435839414597
-0.470059216022
-0.501705646515
-0.530571877956
-0.55648702383
-0.579272568226
-0.598790168762
-0.614990890026
-0.627796709538
-0.637183368206
-0.643124938011
-0.645671904087
-0.644098162651
-0.639160394669
-0.630845785141
-0.619202256203
-0.604292631149
-0.586190521717
-0.564996063709
-0.540847599506
-0.513944804668
-0.48450049758
-0.452752918005
-0.418906509876
-0.383259356022
-0.346040993929
-0.307060152292
-0.266860991716
-0.225699052215
-0.183819696307
-0.141419738531
-0.0987805128098
-0.056194562465
-0.0138939218596
0.0278043206781
0.0686802715063
0.10847915709
0.147011473775
0.184083387256
0.219347625971
0.252855658531
0.284456968307
0.313942611217
0.341156989336
0.365897983313
0.38802844286
0.407475620508
0.424171060324
0.438082367182
0.449215441942
0.457532256842
0.462571918964
0.464895576239
0.464453905821
0.461237102747
0.455266475677
0.446591615677
0.435289680958
0.421483814716
0.405351370573
0.387086600065
0.366866827011
0.344420611858
0.320116698742
0.294209510088
0.266816467047
0.238079175353
0.208193153143
0.17735388875
0.145801320672
0.113742955029
0.0813878402114
0.0489203520119
0.0164780244231
-0.0158506501466
-0.0478545166552
-0.0793709903955
-0.110251516104
-0.140267893672
-0.169253870845
-0.197010263801
-0.223423823714
-0.248392164707
-0.271835058928
-0.293434232473
-0.313213467598
-0.33126360178
-0.347460538149
-0.361673504114
-0.373808979988
-0.383814930916
-0.391667455435
-0.397370457649
-0.40096539259
-0.402527362108
-0.401723504066
-0.398717105389
-0.393726110458
-0.386744439602
-0.377783864737
-0.366887241602
-0.354121595621
-0.33959582448
-0.323445469141
-0.30582639575
-0.286865592003
-0.266461610794
-0.24471116066
-0.221889540553
-0.198095336556
-0.173435345292
-0.148030608892
-0.122036769986
-0.0956324636936
-0.0689831674099
-0.0422290414572
-0.0155204599723
0.0110398652032
0.0373575538397
0.0633177608252
0.0888163819909
0.113720558584
0.137873634696
0.161140576005
0.18337996304
0.204509392381
0.224417060614
0.243039920926
0.260315597057
0.276065200567
0.290181308985
0.302823066711
0.313902318478
0.323350250721
0.331109911203
0.33714517951
0.341419935226
0.343942672014
0.344749778509
0.343891620636
0.341415971518
0.337380111217
0.331401050091
0.323937118053
0.315029472113
0.30471432209
0.293034255505
0.280068010092
0.265900433064
0.250626951456
0.234350949526
0.217215120792
0.199327677488
0.180818736553
0.161804512143
0.142323479056
0.122428692877
0.102346211672
0.0821694508195
0.06201633811
0.0419994778931
0.0222371034324
0.0028319102712
-0.0160717628896
-0.0343870185316
-0.0520005039871
-0.0688200518489
-0.0847572088242
-0.0997361019254
-0.113693937659
-0.126575574279
-0.138225674629
-0.148657172918
-0.15786844492
-0.165810018778
-0.17244233191
-0.177742511034
-0.181697994471
-0.184303045273
-0.185547605157
-0.185447275639
-0.184033229947
-0.181337043643
-0.177395820618
-0.172257676721
-0.165980532765
-0.158634841442
-0.150276243687
-0.140981093049
-0.130824252963
-0.119885899127
-0.108177289367
-0.0958400592208
-0.0829760208726
-0.0696746557951
-0.0560267753899
-0.0421245507896
-0.0280605386943
-0.0139281172305
0.000185180688277
0.01417019777
0.0279513262212
0.0414294674993
0.0545316599309
0.067164875567
0.0792523398995
0.0907314047217
0.10152784735
0.111573398113
0.120810486376
0.129194229841
0.136683538556
0.143229410052
0.148799747229
0.153371647
0.15692640841
0.159446313977
0.160919338465
0.161351159215
0.160747945309
0.159115701914
0.156468972564
0.152836456895
0.148246198893
0.142727687955
0.136319294572
0.129065215588
0.121014043689
0.112219415605
0.10273039341
0.0926128253341
0.0819243863225
0.0707278177142
0.0590878687799
0.0470785945654
0.0347634442151
0.0222120489925
0.00949395261705
-0.00331601966172
-0.0161609537899
-0.0289589911699
-0.0416488684714
-0.0541673488915
-0.0664511099458
-0.0784362629056
-0.0900580734015
-0.101274065673
-0.112025402486
-0.122258462012
-0.131921738386
-0.140983730555
-0.149399533868
-0.157129049301
-0.164140433073
-0.170408174396
-0.175909459591
-0.180615097284
-0.184514835477
-0.187594950199
-0.18984913826
-0.191268593073
-0.191851750016
-0.191431209445
-0.190176591277
-0.188093006611
-0.185191258788
-0.181487172842
-0.17698931694
-0.171715542674
-0.165689900517
-0.158938184381
-0.151487573981
-0.143373072147
-0.134632617235
-0.125317543745
-0.115468479693
-0.105136491358
-0.0943745076656
-0.0831601023674
-0.0716332867742
-0.059886302799
-0.0479802452028
-0.0359609723091
-0.0238992981613
-0.0118548804894
0.000100437406218
0.0119101125747
0.0234978627414
0.0348048210144
0.0457634069026
0.0562697537243
0.066209487617
0.0755487009883
0.0842262730002
0.0921748206019
0.0993419438601
0.10567419976
0.111121304333
0.115652956069
0.119251452386
0.12186960876
0.123300403357
0.123713970184
0.123086877167
0.121394462883
0.118625275791
0.114793390036
0.109919011593
0.10403598845
0.0971863642335
0.0892858728766
0.080538623035
0.0710204541683
0.0607798397541
0.0498714335263
0.0383652560413
0.0263471752405
0.0138944154605
0.00109961477574
-0.0118537237868
-0.0248422492296
-0.0377579927444
-0.0504915416241
-0.0629517436028
-0.0750342532992
-0.0866606011987
-0.0976694524288
-0.107811003923
-0.117082998157
-0.125366136432
-0.132550895214
-0.138559043407
-0.143335521221
-0.146838396788
-0.148755848408
-0.149201780558
-0.148159921169
-0.145554348826
-0.141353517771
-0.135554164648
-0.128174498677
-0.119102075696
-0.108473144472
-0.0964286774397
-0.0829668343067
-0.068138435483
-0.0519971624017
-0.0346125438809
-0.0160653330386
0.00333938468248
0.0234743859619
0.0442254655063
0.0654857829213
0.0871537774801
0.109162069857
0.131076261401
0.152724578977
0.173972889781
0.194643050432
0.214621081948
0.233847215772
0.252156198025
0.268900752068
0.284331649542
0.298226445913
0.310416460037
0.32088547945
0.329683721066
0.336142659187
0.340530246496
0.34287622571
0.343013226986
0.34091886878
0.336721658707
0.3302102983
0.321277648211
0.3104159832
0.29751393199
0.282564908266
0.265714764595
0.24707339704
0.226432278752
0.204533696175
0.18135215342
0.156946644187
0.131432980299
0.104994133115
0.0776983052492
0.0501330606639
0.0223855059594
-0.00544188171625
-0.0332459881902
-0.0609346814454
-0.0881350189447
-0.114534191787
-0.140024602413
-0.164463534951
-0.187823027372
-0.210109844804
-0.230817496777
-0.249847382307
-0.26721855998
-0.282776594162
-0.296530663967
-0.308604776859
-0.318528831005
-0.326350659132
-0.332251369953
-0.33611959219
-0.337978243828
-0.33801612258
-0.335923343897
-0.33183079958
-0.326067954302
-0.318549603224
-0.309340655804
-0.298632651567
-0.286305606365
-0.272500902414
-0.257668346167
-0.24174746871
-0.224811062217
-0.207024618983
-0.188418194652
-0.169136315584
-0.149621084332
-0.129863291979
-0.109925433993
-0.0899134725332
-0.0699384659529
-0.0501513853669
-0.0308926682919
-0.0121890893206
0.00591569114476
0.0233676601201
0.0401076190174
0.0558844655752
0.0705958455801
0.0841890946031
0.0966343283653
0.107913307846
0.118043795228
0.126821264625
0.134216010571
0.140281796455
0.144988432527
0.148347869515
0.150418460369
0.151187837124
0.150495529175
0.148630201817
0.145568564534
0.141331881285
0.135995969176
0.129658192396
0.122203312814
0.113906174898
0.104870863259
0.0951341241598
0.0847484320402
0.073808349669
0.0624083951116
0.0505675002933
0.0385742709041
0.0264764856547
0.0143361482769
0.00221428461373
-0.00982094928622
-0.0216877274215
-0.0331985615194
-0.0442726500332
-0.0548470877111
-0.0648603364825
-0.0742650553584
-0.0830319970846
-0.091121725738
-0.0982689335942
-0.104588091373
-0.110016286373
-0.11450124532
-0.1180299595
-0.120604753494
-0.122242197394
-0.122755013406
-0.122251302004
-0.120783567429
-0.118328005075
-0.114890642464
-0.110497139394
-0.105186983943
-0.0990127027035
-0.0918401703238
-0.0839405730367
-0.0753324851394
-0.0660553574562
-0.0561442524195
-0.0456591211259
-0.034652389586
-0.0231968108565
-0.0113436812535
0.000739733746741
0.0129845468327
0.0253272205591
0.0377022773027
0.0500463657081
0.0623020194471
0.0744125619531
0.0863357558846
0.0978296026587
0.108908332884
0.119527257979
0.129621192813
0.139132633805
0.148021250963
0.156252801418
0.163809657097
0.170692071319
0.176842957735
0.182009920478
0.186420038342
0.190051585436
0.192878559232
0.194889262319
0.19609156251
0.19650106132
0.196141824126
0.195051699877
0.193274304271
0.190841302276
0.18752451241
0.183639407158
0.179212972522
0.174267143011
0.168834760785
0.162946820259
0.156645804644
0.149978652596
0.142985835671
0.135717794299
0.128221854568
0.120543718338
0.112723968923
0.104759790003
0.0966680794954
0.088568918407
0.0804847106338
0.0724412351847
0.0644576773047
0.0565514005721
0.0487457178533
0.0410570017993
0.0334953293204
0.0260804221034
0.0188175030053
0.0117151010782
0.00478445645422
-0.00197393773124
-0.00855907611549
-0.0149670112878
-0.02120038867
-0.0272585544735
-0.033147957176
-0.0388688966632
-0.0444276817143
-0.0498082786798
-0.0550220347941
-0.0600790567696
-0.0649864301085
-0.0697459504008
-0.0743614062667
-0.0788386762142
-0.0831786245108
-0.0873829945922
-0.0914531946182
-0.0953924581409
-0.0991995930672
-0.102873906493
-0.106414541602
-0.109820716083
-0.113092646003
-0.116226486862
-0.119218625128
-0.122069686651
-0.124775968492
-0.127335056663
-0.129743516445
-0.132001340389
-0.134105399251
-0.136053577065
-0.137846246362
-0.139481112361
-0.140958756208
-0.142278909683
-0.143442854285
-0.144451856613
-0.145224645734
-0.145838841796
-0.146297156811
-0.146600812674
-0.146750718355
-0.146747559309
-0.146591931581
-0.146283745766
-0.145822271705
-0.145207241178
-0.144437238574
-0.143512383103
-0.142433717847
-0.141201481223
-0.139818400145
-0.138288393617
-0.136616915464
-0.134809166193
-0.132872208953
-0.130811810493
-0.128472581506
-0.12599465251
-0.123379692435
-0.120617620647
-0.117696672678
-0.114609740674
-0.111349634826
-0.107916608453
-0.104312092066
-0.100545048714
-0.0966232568026
-0.092559337616
-0.0882922783494
-0.0837959125638
-0.0791355594993
-0.0743038281798
-0.0692930966616
-0.064096480608
-0.0587249621749
-0.0531863793731
-0.0475050769746
-0.0416983924806
-0.0357499532402
-0.0296205785125
-0.0233577489853
-0.0169565808028
-0.0104315336794
-0.00380531558767
0.00290308729745
0.00966352690011
0.0164540968835
0.0232591237873
0.0300860628486
0.0369431562722
0.0438041500747
0.0506331324577
0.0573881343007
0.0640456750989
0.0705887973309
0.0769638940692
0.0831524953246
0.0892230346799
0.0951294228435
0.100805588067
0.106222257018
0.111376158893
0.116290979087
0.120721295476
0.124919846654
0.128825232387
0.132368475199
0.135518088937
0.13829909265
0.1407700032
0.142607584596
0.144140273333
0.145290434361
0.146005555987
0.14629124105
0.146210491657
0.14570595324
0.144681334496
0.143329724669
0.141584694386
0.139440789819
0.136964932084
0.134265750647
0.13101002574
0.127532958984
0.123770996928
0.119724646211
0.11547435075
0.111131563783
0.106462016702
0.101664289832
0.0967406779528
0.0917152836919
0.0866599231958
0.0816876664758
0.0765918642282
0.0715475454926
0.0665565058589
0.0616552531719
0.0569253563881
0.0524212606251
0.0480075925589
0.0438074991107
0.0398315899074
0.0361221544445
0.0327375531197
0.0296582635492
0.0268528070301
0.0243739951402
0.0222400669008
0.0204756874591
0.0191038548946
0.0180493053049
0.0173681303859
0.0170616433024
0.0171254239976
0.0175551734865
0.0183151420206
0.0194023959339
0.0208387337625
0.0225898716599
0.0246250703931
0.0269251316786
0.0294191483408
0.0321816913784
0.0351559184492
0.0382805392146
0.0415362901986
0.0448270253837
0.0482335947454
0.0517032332718
0.055161036551
0.0585796833038
0.0618783272803
0.0650713965297
0.068172454834
0.0710835754871
0.07377692312
0.0762208625674
0.078321158886
0.0801753848791
0.0816818326712
0.0828126147389
0.0836031809449
0.0838439390063
0.0837144032121
0.0831159502268
0.0820336043835
0.0805337205529
0.0784288048744
0.0758407562971
0.0727206543088
0.0690769255161
0.0649868026376
0.0603554286063
0.0551898777485
0.049500990659
0.043318733573
0.0367349460721
0.0297552328557
0.0222880337387
0.0143662849441
0.00606971187517
-0.00251358095556
-0.0113184154034
-0.0204269252717
-0.0298571418971
-0.0395017378032
-0.0492461845279
-0.059039875865
-0.0688260123134
-0.0787780806422
-0.0887336954474
-0.0985674113035
-0.108279317617
-0.117630802095
-0.126939117908
-0.136044114828
-0.14479662478
-0.153201371431
-0.161066547036
-0.168554455042
-0.175666093826
-0.182230770588
-0.188233792782
-0.193651884794
-0.198292598128
-0.202453047037
-0.205924540758
-0.208673104644
-0.210851565003
-0.212010681629
-0.212564975023
-0.212388202548
-0.21141025424
-0.209756702185
-0.2073533535
-0.204063609242
-0.200103551149
-0.195376515388
-0.189950868487
-0.184019580483
-0.177218154073
-0.169796645641
-0.161755949259
-0.15310266614
-0.143996834755
-0.134532034397
-0.124417193234
-0.113900110126
-0.102970838547
-0.0917288661003
-0.0803161934018
-0.0687775462866
-0.0569635890424
-0.0449968501925
-0.0329249277711
-0.020885694772
-0.00897338427603
0.00275019626133
0.0143734719604
0.0258563533425
0.0370990857482
0.0480040870607
0.058495439589
0.0685267299414
0.0780453011394
0.0871713757515
0.095788128674
0.103812023997
0.111192770302
0.117954172194
0.123913139105
0.129238292575
0.133913606405
0.137853309512
0.141022309661
0.143454775214
0.145207807422
0.146010458469
0.146166607738
0.145603448153
0.144289955497
0.142258986831
0.139583542943
0.13635198772
0.132273688912
0.127662152052
0.122495174408
0.116785757244
0.110579654574
0.103961616755
0.0970245599747
0.0897313654423
0.0820808336139
0.0742032006383
0.0661223903298
0.0578957684338
0.0496072024107
0.0413277968764
0.0331273786724
0.0250327922404
0.017045866698
0.00924000982195
0.00166360242292
-0.0056179263629
-0.0125588895753
-0.0190946552902
-0.0251880493015
-0.030803181231
-0.0359031669796
-0.0404844135046
-0.0445366501808
-0.0480218455195
-0.0509096235037
-0.053184773773
-0.0548397116363
-0.0558746978641
-0.0562995113432
-0.0561323612928
-0.0553098097444
-0.0539236776531
-0.0519741810858
-0.0494775399566
-0.0464587807655
-0.0429537184536
-0.0389983654022
-0.0346378721297
-0.029921643436
-0.0249042641371
-0.019614148885
-0.014080173336
-0.00837051682174
-0.00253144046292
0.00338641833514
0.00931960064918
0.0152126634493
0.0210075452924
0.0266477279365
0.0320791602135
0.0372534133494
0.0421300828457
0.0466500632465
0.0507525727153
0.0544366128743
0.0576590076089
0.0603846646845
0.0625759288669
0.064196318388
0.0652208924294
0.065636895597
0.0654326081276
0.0645982325077
0.063132725656
0.0610448941588
0.0583475977182
0.0550342798233
0.0510824583471
0.0465600378811
0.0414870493114
0.0358864963055
0.0297871399671
0.0232231877744
0.0162391383201
0.00888087786734
0.0011992873624
-0.00675679417327
-0.0149253541604
-0.0232529044151
-0.0316784121096
-0.0401491858065
-0.048606839031
-0.0569890029728
-0.0652423873544
-0.0732533335686
-0.0810074359179
-0.0884525626898
-0.095532938838
-0.102184459567
-0.108355894685
-0.113994471729
-0.119044929743
-0.123455710709
-0.127186328173
-0.130199730396
-0.132462948561
-0.133940890431
-0.134610205889
-0.134458079934
-0.133473366499
-0.131643980742
-0.128966733813
-0.125452175736
-0.121109463274
-0.115951426327
-0.109990254045
-0.10326307267
-0.0957729443908
-0.0875397548079
-0.0786449611187
-0.0691273584962
-0.059043161571
-0.0484392531216
-0.0373804233968
-0.0259194001555
-0.0141301173717
-0.00207550521009
0.0101625956595
0.0225216858089
0.0349181555212
0.0472740791738
0.0595112331212
0.0715517997742
0.0833240002394
0.094738945365
0.105729967356
0.116218447685
0.126136317849
0.135415613651
0.143988355994
0.151793852448
0.158781394362
0.164900690317
0.170103818178
0.174343720078
0.177595719695
0.179833486676
0.181030780077
0.181168392301
0.180246517062
0.178266406059
0.175229310989
0.171143785119
0.166036963463
0.159938782454
0.152879208326
0.144898697734
0.136041417718
0.126373589039
0.115940988064
0.104815773666
0.0930665135384
0.080777592957
0.0680041611195
0.0548483580351
0.0413966961205
0.0277392454445
0.0139663945884
0.000169009697856
-0.0135539500043
-0.0271171331406
-0.0404278822243
-0.0533878616989
-0.0659186318517
-0.0779365822673
-0.089357919991
-0.100095361471
-0.110086098313
-0.119261041284
-0.127565100789
-0.13492757082
-0.141305759549
-0.146666392684
-0.150971829891
-0.154186040163
-0.156297564507
-0.157300084829
-0.157189175487
-0.155961826444
-0.153636902571
-0.150240391493
-0.145800724626
-0.140345409513
-0.13392470777
-0.126594752073
-0.118403278291
-0.109419509768
-0.0997064560652
-0.0893405750394
-0.0784039795399
-0.0669752880931
-0.0551348999143
-0.0429779328406
-0.0305878408253
-0.0180604122579
-0.00548651348799
0.00704874936491
0.0194478146732
0.0316200740635
0.0434862822294
0.0549575611949
0.0659511312842
0.0763908922672
0.0862013027072
0.0953170359135
0.103676907718
0.111209370196
0.117874793708
0.123630717397
0.128429993987
0.132239282131
0.135035544634
0.13680550456
0.137535870075
0.137216329575
0.135854497552
0.13346517086
0.130065202713
0.12566755712
0.120312400162
0.114039167762
0.106888890266
0.0989011675119
0.0901409238577
0.0806617960334
0.0705348923802
0.0598141662776
0.0485774055123
0.036906529218
0.0248659271747
0.0125381015241
3.83151927963e-06
-0.0126484185457
-0.0253495685756
-0.0380115136504
-0.0505475588143
-0.0628909692168
-0.0749490633607
-0.0866563469172
-0.0979285240173
-0.108702041209
-0.11890693754
-0.128475829959
-0.137352108955
-0.145477205515
-0.152806803584
-0.159271985292
-0.164851590991
-0.169508099556
-0.173209890723
-0.17593023181
-0.17765378952
-0.178371027112
-0.178072139621
-0.176751121879
-0.174417421222
-0.171084031463
-0.166763871908
-0.161477461457
-0.155249521136
-0.148121833801
-0.140125289559
-0.131297707558
-0.121688865125
-0.111356891692
-0.100342854857
-0.0887134671211
-0.0765200406313
-0.0638408660889
-0.0507349967957
-0.0372693911195
-0.0235158558935
-0.00954720377922
0.00455660233274
0.0187367759645
0.032905228436
0.0469951704144
0.0609394609928
0.0746513530612
0.0880681276321
0.101114474237
0.113734044135
0.125853553414
0.137413084507
0.148349165916
0.158613473177
0.168141245842
0.176892280579
0.184823378921
0.19189119339
0.198056593537
0.203292712569
0.207575172186
0.210879400373
0.213185489178
0.214487403631
0.214781880379
0.214064791799
0.212339013815
0.209619030356
0.20592007041
0.201264411211
0.195672243834
0.189175069332
0.181817963719
0.173635169864
0.164668276906
0.154969856143
0.144594475627
0.133596628904
0.122033588588
0.109976693988
0.0974797606468
0.0846152976155
0.0714508667588
0.0580575838685
0.044514041394
0.0308781079948
0.0172278955579
0.0036401685793
-0.00982910953462
-0.0230967756361
-0.0361085608602
-0.0487962886691
-0.06109367311
-0.0729524195194
-0.0843042135239
-0.0951136499643
-0.105325631797
-0.114905290306
-0.123807512224
-0.132001847029
-0.139471560717
-0.146185189486
-0.152129486203
-0.157294377685
-0.161681979895
-0.165287494659
-0.168112546206
-0.170175850391
-0.171494811773
-0.172088429332
-0.171979442239
-0.171201854944
-0.169791698456
-0.167784944177
-0.16522026062
-0.162145361304
-0.158603474498
-0.154643401504
-0.150312826037
-0.145659044385
-0.140737459064
-0.135595872998
-0.130283370614
-0.124846205115
-0.119326971471
-0.113777346909
-0.108234390616
-0.102739617229
-0.0973215475678
-0.0920203477144
-0.0868609845638
-0.0818665847182
-0.0770557820797
-0.0724471658468
-0.0680551528931
-0.0638827681541
-0.0599312447011
-0.0562018193305
-0.0526918023825
-0.0493864156306
-0.046274419874
-0.0433378256857
-0.0405606068671
-0.0379186794162
-0.035382732749
-0.0329275466502
-0.0305250175297
-0.0281432587653
-0.0257485285401
-0.0233107730746
-0.0207965392619
-0.0181728303432
-0.0154093466699
-0.0124744931236
-0.00934030301869
-0.00597719941288
-0.00236607366242
0.00151870877016
0.00569772161543
0.0101854130626
0.0149908745661
0.0201225746423
0.0255921576172
0.0313933491707
0.0375239029527
0.0439726151526
0.0507323220372
0.0577854588628
0.0651063472033
0.0726724490523
0.0804568529129
0.088422767818
0.0965322554111
0.104751236737
0.113030485809
0.121329411864
0.129594624043
0.137776657939
0.145828232169
0.153687179089
0.161306232214
0.168626561761
0.17559376359
0.182154491544
0.188255593181
0.19384624064
0.198870822787
0.203289151192
0.207054391503
0.210122153163
0.212454125285
0.214018270373
0.21478715539
0.214730784297
0.213827252388
0.212065756321
0.209439128637
0.205936312675
0.201557680964
0.196316242218
0.19022282958
0.183297142386
0.175555184484
0.167035415769
0.157769709826
0.147803127766
0.137170389295
0.125931039453
0.114140659571
0.101854979992
0.0891292691231
0.0760380476713
0.0626506507397
0.0490364171565
0.035260848701
0.0214120969176
0.00755257112905
-0.00624222680926
-0.0198849458247
-0.0333152897656
-0.0464537553489
-0.0592273622751
-0.0715738907456
-0.0834248289466
-0.0947180017829
-0.105391398072
-0.115391992033
-0.124679796398
-0.133205980062
-0.140930444002
-0.147814407945
-0.153843671083
-0.158994495869
-0.163248851895
-0.166596904397
-0.169047296047
-0.170604124665
-0.171273976564
-0.17107655108
-0.170043110847
-0.16820499301
-0.165592849255
-0.162252008915
-0.158235445619
-0.153593793511
-0.148382693529
-0.142664775252
-0.136507987976
-0.129977241158
-0.123143777251
-0.116076372564
-0.108856014907
-0.101550027728
-0.0942323133349
-0.0869814828038
-0.0798611268401
-0.072941981256
-0.0663000047207
-0.0599894784391
-0.0540707074106
-0.0485983490944
-0.0436300896108
-0.0392063632607
-0.0353610403836
-0.0321319215
-0.0295509006828
-0.0276318117976
-0.0263828281313
-0.0258129648864
-0.0259189624339
-0.02669284679
-0.02811463736
-0.0301622413099
-0.0328112654388
-0.0360189341009
-0.0397368185222
-0.043917696923
-0.0485095754266
-0.0534498803318
-0.0586693175137
-0.0641033053398
-0.0696792975068
-0.0753203481436
-0.0809515342116
-0.0864923149347
-0.0918651297688
-0.0969952493906
-0.101802974939
-0.106213130057
-0.110150568187
-0.113551042974
-0.11634606123
-0.118473157287
-0.119875259697
-0.120506964624
-0.120324708521
-0.119284465909
-0.117356270552
-0.114522986114
-0.110770173371
-0.106083333492
-0.100461550057
-0.0939228013158
-0.0864796116948
-0.078152179718
-0.0689748451114
-0.0589888207614
-0.0482392199337
-0.0367837138474
-0.0246680751443
-0.0119797848165
0.00122259953059
0.0148678980768
0.0288676749915
0.0431353412569
0.0575916692615
0.0721425041556
0.0867045819759
0.101178728044
0.115469679236
0.129438698292
0.143039301038
0.156178936362
0.168771535158
0.18073990941
0.192006275058
0.2025051862
0.212161034346
0.220914185047
0.228711605072
0.235509887338
0.241258442402
0.245920747519
0.249478906393
0.2519133389
0.253203958273
0.253345608711
0.252348214388
0.250221669674
0.246978133917
0.242643132806
0.237251758575
0.230844289064
0.223456099629
0.215136870742
0.205953463912
0.195951461792
0.185199052095
0.17376409471
0.161712527275
0.149115040898
0.136049151421
0.12258964777
0.108805730939
0.094760812819
0.0805188119411
0.0661984905601
0.0518797673285
0.0376281626523
0.0235211644322
0.00962319038808
-0.00401473697275
-0.0173090230674
-0.0302182473242
-0.042672149837
-0.0546363033354
-0.0660473555326
-0.0768603608012
-0.0870433598757
-0.0965551063418
-0.10536365211
-0.113440863788
-0.120762988925
-0.127313479781
-0.133070454001
-0.138027250767
-0.14217787981
-0.14552077651
-0.148053154349
-0.149780660868
-0.150714695454
-0.150864481926
-0.150132954121
-0.148650914431
-0.146440267563
-0.143523186445
-0.139926090837
-0.135680750012
-0.130815044045
-0.125368073583
-0.119367875159
-0.112863309681
-0.105886921287
-0.098489895463
-0.0907072350383
-0.082594178617
-0.0741996765137
-0.0655688717961
-0.0567528232932
-0.0478124842048
-0.0387879498303
-0.0297400150448
-0.0207216758281
-0.0117818191648
-0.00297777354717
0.0056354352273
0.0139913056046
0.0220314562321
0.0297166891396
0.0369868241251
0.0438030324876
0.0501191914082
0.0558862499893
0.0610643774271
0.0656126067042
0.0695006772876
0.0726884678006
0.0751478821039
0.076857663691
0.0777970030904
0.0779447928071
0.0772915557027
0.075834274292
0.0735682398081
0.0704924091697
0.0666022151709
0.0618959367275
0.056438267231
0.050248939544
0.043367549777
0.0358334183693
0.0276820510626
0.0189633406699
0.00973589438945
5.49302494619e-05
-0.010015510954
-0.0204081833363
-0.0310537032783
-0.0418734773993
-0.0527986884117
-0.0637415573001
-0.0746323913336
-0.085391946137
-0.095930531621
-0.106166042387
-0.11592476815
-0.125195041299
-0.133907347918
-0.141986235976
-0.149364471436
-0.155966818333
-0.161729246378
-0.166599795222
-0.170529425144
-0.173465177417
-0.175374537706
-0.176234453917
-0.176023721695
-0.174723520875
-0.172333911061
-0.16886292398
-0.164321854711
-0.158718258142
-0.151942044497
-0.144185602665
-0.135486841202
-0.125895410776
-0.115459665656
-0.104244165123
-0.0923095047474
-0.0797186866403
-0.0665626898408
-0.0529107153416
-0.0388499572873
-0.0244665630162
-0.00984317436814
0.00491819344461
0.0197434723377
0.0345400609076
0.0492230765522
0.0636797323823
0.0777774229646
0.0914734005928
0.104679696262
0.117331959307
0.129352137446
0.140679568052
0.15125438571
0.161017030478
0.169919684529
0.177931129932
0.185011520982
0.191136524081
0.196288913488
0.2004648
0.203658476472
0.205871745944
0.207068368793
0.207138493657
0.206268891692
0.204477250576
0.201794236898
0.19825014472
0.193880394101
0.188719660044
0.182820901275
0.176229298115
0.169002726674
0.161192178726
0.152862772346
0.144080847502
0.134900733829
0.125388652086
0.115610666573
0.105593144894
0.0953576639295
0.0850638151169
0.0747519806027
0.0644779577851
0.0542899295688
0.0442353114486
0.0343483127654
0.0246819444001
0.0152666531503
0.00614393875003
-0.00266138045117
-0.0111091174185
-0.0191828981042
-0.026856655255
-0.0341158136725
-0.0409437194467
-0.0473236888647
-0.0532035417855
-0.0586107559502
-0.0635401308537
-0.0679990649223
-0.0719886124134
-0.075511470437
-0.0785719826818
-0.0811819434166
-0.0833529904485
-0.0850945189595
-0.0864221826196
-0.0873535126448
-0.0879064202309
-0.0880992114544
-0.087952464819
-0.0874868929386
-0.0867173746228
-0.0855850875378
-0.0841966047883
-0.0825709700584
-0.0807274580002
-0.0786826834083
-0.0764573886991
-0.0740698426962
-0.0715397372842
-0.0688873529434
-0.0661336183548
-0.0633013322949
-0.0604111179709
-0.0574848167598
-0.0545442849398
-0.051611315459
-0.048708692193
-0.0458554588258
-0.0430487133563
-0.0403145439923
-0.0376956984401
-0.0352045074105
-0.0328579843044
-0.030669702217
-0.0286540817469
-0.0268210899085
-0.0251818969846
-0.0237479154021
-0.0225276574492
-0.0215272083879
-0.0207517631352
-0.0202068910003
-0.0198936648667
-0.0198101196438
-0.0199547465891
-0.0203250050545
-0.0209047291428
-0.021674849093
-0.0226375255734
-0.0237800180912
-0.0250826645643
-0.026525804773
-0.0280914157629
-0.0297567099333
-0.0314968638122
-0.0332886911929
-0.0351059995592
-0.0369236506522
-0.0387137085199
-0.0404500626028
-0.0421052388847
-0.0436543226242
-0.0450695715845
-0.0463247708976
-0.0473945587873
-0.0482463054359
-0.0488293245435
-0.049155190587
-0.0492022968829
-0.0489538758993
-0.0483937077224
-0.0475060194731
-0.0462778136134
-0.044702321291
-0.0427743308246
-0.0404873341322
-0.0378421284258
-0.0348429977894
-0.0314969308674
-0.0278084184974
-0.0237896032631
-0.0194587092847
-0.0148321054876
-0.00992433726788
-0.00475800363347
0.000639436475467
0.00624101515859
0.0120074478909
0.0179104506969
0.0239148363471
0.0299909412861
0.0361053608358
0.0422169938684
0.0482985563576
0.0543086230755
0.0602119266987
0.0659767016768
0.0715660154819
0.0769483447075
0.0820902064443
0.0869655236602
0.0915440618992
0.095798522234
0.099710598588
0.103255778551
0.106418669224
0.109179742634
0.111529305577
0.113458417356
0.114907369018
0.115881413221
0.116415835917
0.116512559354
0.116173297167
0.115401953459
0.114209525287
0.112606845796
0.110606133938
0.108222089708
0.105472870171
0.102379381657
0.0989600643516
0.0952387079597
0.0912402942777
0.0869879573584
0.0825086012483
0.0778282135725
0.0729709714651
0.0679654255509
0.0628377497196
0.0576104260981
0.052310064435
0.0469607561827
0.0415834486485
0.0362011268735
0.0308331511915
0.0254960376769
0.0202000308782
0.014978508465
0.00984170846641
0.00480512296781
-0.000119875978271
-0.00492596207187
-0.0096085909754
-0.0141586363316
-0.0185708906502
-0.0228454694152
-0.0269786641002
-0.0309688802809
-0.0348158814013
-0.0385232307017
-0.0420910678804
-0.0455213859677
-0.0488168410957
-0.0519822686911
-0.055018208921
-0.057930868119
-0.0607231892645
-0.0633953735232
-0.0659526437521
-0.0683964565396
-0.0707281380892
-0.0729481354356
-0.0750568509102
-0.0770554319024
-0.0789411514997
-0.0807112231851
-0.0823628604412
-0.0838930308819
-0.0852975547314
-0.0865697935224
-0.0877040177584
-0.0886942148209
-0.0895332470536
-0.0902135968208
-0.0907282456756
-0.0910685807467
-0.0912282690406
-0.0911725312471
-0.0909219682217
-0.0904699712992
-0.0898115560412
-0.0889414250851
-0.0878563672304
-0.0865512788296
-0.0850263237953
-0.0832815021276
-0.0813168436289
-0.0791338086128
-0.0767364576459
-0.0741331875324
-0.0713272318244
-0.0683274939656
-0.0651455000043
-0.0617932416499
-0.0582809746265
-0.0546256676316
-0.0508404672146
-0.0469441972673
-0.0429538600147
-0.0388874001801
-0.0347625724971
-0.030601195991
-0.0264251455665
-0.0222502183169
-0.0180982425809
-0.0139870429412
-0.00994026847184
-0.00597266480327
-0.00210298248567
0.00165222585201
0.005276421085
0.00875679403543
0.0120805529878
0.0152369476855
0.0182152763009
0.02100757882
0.023611491546
0.0260212589055
0.028235996142
0.0302551034838
0.032080899924
0.0337197780609
0.0351747684181
0.036454424262
0.0375696606934
0.0385308265686
0.039350297302
0.0400406941772
0.0406178385019
0.0410979576409
0.0414965860546
0.041830625385
0.0421173051
0.0423741862178
0.0426184721291
0.0428671874106
0.0431357994676
0.043439887464
0.0437947809696
0.044214092195
0.0447090119123
0.0452891327441
0.0459651947021
0.0467449575663
0.0476316697896
0.0486279577017
0.0497369356453
0.0509585887194
0.0522876791656
0.0537188053131
0.0552453957498
0.0568595640361
0.0585479438305
0.0602970719337
0.0620920285583
0.063917376101
0.065754160285
0.0675810351968
0.0693738386035
0.0710985958576
0.0727486088872
0.0742989107966
0.0757258087397
0.0770065784454
0.0781169384718
0.0790337473154
0.0797339230776
0.0801951438189
0.0803971886635
0.0803213790059
0.0799489095807
0.0792618319392
0.0782472267747
0.0768938735127
0.0751916989684
0.0731306970119
0.0707059949636
0.0679186657071
0.064767241478
0.0612553395331
0.0573865883052
0.0531723834574
0.0486265085638
0.0437611304224
0.0385940149426
0.0331455394626
0.0274413153529
0.0215015895665
0.0153592629358
0.00903716683388
0.00257634278387
-0.00399761134759
-0.0106477327645
-0.0173404216766
-0.0240354537964
-0.0306960623711
-0.0372886545956
-0.0437724106014
-0.0501132421196
-0.0562707036734
-0.0622088015079
-0.0678939297795
-0.0732956081629
-0.0783486142755
-0.0830351933837
-0.0873449519277
-0.0912445932627
-0.0947130173445
-0.0977232083678
-0.100259184837
-0.102304682136
-0.103845879436
-0.104867689312
-0.105364762247
-0.105336412787
-0.104781828821
-0.103701069951
-0.102101303637
-0.0999966040254
-0.0974040105939
-0.0943346694112
-0.0908143445849
-0.0868683606386
-0.0825251862407
-0.0778157263994
-0.0727727487683
-0.0674321949482
-0.0618354566395
-0.0560211911798
-0.0500258095562
-0.0438917987049
-0.0376653373241
-0.0313839539886
-0.0250757411122
-0.0188049711287
-0.0126102035865
-0.00653661275283
-0.00062282953877
0.00508971652016
0.0105640804395
0.015765607357
0.020654451102
0.0252018943429
0.0293805375695
0.0331595279276
0.036517649889
0.0394304096699
0.0418898649514
0.0438806004822
0.045393589884
0.0464232638478
0.046973425895
0.0470494814217
0.0466565936804
0.0458040088415
0.0445096082985
0.0427924953401
0.0406424961984
0.0381075963378
0.035218320787
0.032004751265
0.0284950397909
0.0247195027769
0.0207157619298
0.0165224727243
0.0121763078496
0.00771638983861
0.00318568665534
-0.00137386133429
-0.0059226709418
-0.0104190269485
-0.0148206111044
-0.0190919134766
-0.0231937132776
-0.0270895734429
-0.0307496283203
-0.0341404676437
-0.0372404046357
-0.0399975143373
-0.0423970632255
-0.0444298125803
-0.0460792519152
-0.04732888937
-0.0481612570584
-0.0485687553883
-0.0485473275185
-0.0480940379202
-0.0472060330212
-0.0458891130984
-0.0441551655531
-0.0420181415975
-0.0394904576242
-0.036590129137
-0.0333440937102
-0.0297783315182
-0.0259160585701
-0.0217833463103
-0.0174102559686
-0.0128177721053
-0.00804991926998
-0.00314053869806
0.00187558296602
0.00696720276028
0.0120892981067
0.0172117818147
0.022291418165
0.0272902064025
0.0321726575494
0.0369010083377
0.041438203305
0.0457556061447
0.0498231947422
0.0536100044847
0.0570924058557
0.0602496229112
0.063053779304
0.0654428973794
0.0674511566758
0.0690615773201
0.0702651441097
0.0710479691625
0.0713986381888
0.0713136196136
0.0707944259048
0.0698435679078
0.0684655383229
0.0666702240705
0.0644764751196
0.0619019158185
0.0589649043977
0.0556882321835
0.0520968623459
0.0482099540532
0.0440144091845
0.0395832955837
0.0349373556674
0.0301108397543
0.0251317825168
0.020034475252
0.0148507505655
0.0096168955788
0.00437236716971
-0.00085110636428
-0.0060097053647
-0.0110771358013
-0.0160151254386
-0.0207919385284
-0.0253833942115
-0.0297601260245
-0.0338687598705
-0.0377116538584
-0.0412660315633
-0.0445100516081
-0.047423209995
-0.0499832779169
-0.052171126008
-0.0539718009531
-0.0553780980408
-0.0563829317689
-0.0569804497063
-0.0571702942252
-0.0569602251053
-0.0563582219183
-0.0553726814687
-0.053986851126
-0.0522017553449
-0.050066512078
-0.047593832016
-0.044794883579
-0.0416880957782
-0.0382977128029
-0.034645922482
-0.0307577848434
-0.0266641117632
-0.0223927441984
-0.0179799310863
-0.0134547520429
-0.00885032303631
-0.00419461773708
0.000483793439344
0.00515693891793
0.00979303847998
0.014366270043
0.0188470780849
0.0232045575976
0.0274049937725
0.0314215570688
0.0352277159691
0.038797788322
0.0421057082713
0.0451335385442
0.0478676743805
0.0502959638834
0.0524067245424
0.0541430898011
0.0555261038244
0.0565652810037
0.0572520941496
0.0575760006905
0.0575343966484
0.0571288689971
0.0563624165952
0.0552403628826
0.0537730157375
0.0519773699343
0.0498710609972
0.047471575439
0.0447989404202
0.0418505966663
0.0386381931603
0.0352097898722
0.031585238874
0.0277849957347
0.0238320920616
0.0197572559118
0.0155886542052
0.0113517995924
0.00708175124601
0.00280670705251
-0.00144406768959
-0.00564331328496
-0.00976653397083
-0.0137822953984
-0.0176679082215
-0.0214099157602
-0.0249799489975
-0.0283610187471
-0.0315272957087
-0.0344532802701
-0.0371209979057
-0.0395152457058
-0.0416222438216
-0.043429877609
-0.0449305512011
-0.0461227819324
-0.0470072850585
-0.0475435219705
-0.0477465316653
-0.0476376861334
-0.0472180619836
-0.0464887171984
-0.0454525388777
-0.0441178157926
-0.0424976050854
-0.0406090207398
-0.0384691767395
-0.0360958315432
-0.0335138514638
-0.0307480953634
-0.0278145112097
-0.0247049219906
-0.0214723050594
-0.0181383024901
-0.0147257158533
-0.0112588936463
-0.00776594644412
-0.00427103880793
-0.000805973948445
0.00260463100858
0.00593083072454
0.0091506075114
0.0122417025268
0.0151830986142
0.0179427824914
0.0205101817846
0.0228735115379
0.0250160265714
0.0269155111164
0.0285582821816
0.0299302060157
0.0310206338763
0.031819280237
0.0323210321367
0.0325271636248
0.032439853996
0.0320612937212
0.03138191998
0.0303942412138
0.0291301682591
0.0275946892798
0.0257942937315
0.0237395595759
0.0214446783066
0.0189287532121
0.0162085238844
0.0133033515885
0.01024017483
0.00704085547477
0.00372739252634
0.000320738065057
-0.00315807107836
-0.00668809469789
-0.0102466773242
-0.0138095635921
-0.0173494964838
-0.020843859762
-0.0242642350495
-0.0275844223797
-0.030779318884
-0.033832360059
-0.0367237813771
-0.039435647428
-0.0419566035271
-0.0442233979702
-0.046269480139
-0.0480838567019
-0.0496487505734
-0.0509532429278
-0.0519863665104
-0.0527407191694
-0.0532089024782
-0.0533906891942
-0.0532914809883
-0.0529182106256
-0.0522783063352
-0.0513812489808
-0.0501889698207
-0.0487400256097
-0.0470589622855
-0.045153811574
-0.043033502996
-0.0407132953405
-0.0382105670869
-0.0355405658484
-0.0327251553535
-0.0297888740897
-0.0267516262829
-0.0236369259655
-0.0204654429108
-0.0172423794866
-0.0139856608585
-0.0107263112441
-0.00747868930921
-0.00426209671423
-0.00109302985948
0.00200621993281
0.00501783331856
0.00792488455772
0.0107137802988
0.0133734494448
0.0158898979425
0.0182561129332
0.0204619169235
0.0224921721965
0.024358112365
0.0260551199317
0.0275787133723
0.0289264544845
0.030098117888
0.0310921464115
0.031911611557
0.0325639694929
0.0330568067729
0.0333995483816
0.0336025804281
0.0336785763502
0.0335937552154
0.0334025882185
0.0331132039428
0.0327347554266
0.0322772972286
0.0317515283823
0.0311690531671
0.0305421892554
0.0298834554851
0.0292069520801
0.0285256896168
0.0278532840312
0.0271996930242
0.0265525169671
0.0259274207056
0.0253464281559
0.0248135197908
0.0243327021599
0.0239073522389
0.02354218252
0.0232391059399
0.022998932749
0.0228226594627
0.0227115191519
0.0226656608284
0.0226823370904
0.0227566510439
0.0228566713631
0.023007299751
0.0232005044818
0.0234273187816
0.0236788522452
0.0239460486919
0.0242192149162
0.0244888011366
0.0247454252094
0.0249805469066
0.0251857731491
0.0253535881639
0.0254762619734
0.025535274297
0.0255098640919
0.0254141278565
0.0252388659865
0.0249749291688
0.0246134344488
0.0241480674595
0.0235745441169
0.0228889174759
0.0220889803022
0.0211732909083
0.0201444309205
0.0190040320158
0.0177551899105
0.0163911636919
0.0149106057361
0.013330899179
0.0116551043466
0.00988962501287
0.00804063212126
0.00611917674541
0.00413493812084
0.00210103252903
2.80174353975e-05
-0.0020690462552
-0.0041765072383
-0.00628247344866
-0.00837213266641
-0.0104337520897
-0.0124441776425
-0.0143992165104
-0.0162868313491
-0.0180915035307
-0.0197984650731
-0.021392673254
-0.0228598546237
-0.0241861809045
-0.025361308828
-0.0263738557696
-0.0272154025733
-0.0278782695532
-0.028358804062
-0.0286537576467
-0.0287434887141
-0.0286213383079
-0.0283035747707
-0.027789523825
-0.0270776599646
-0.0261672362685
-0.0250633098185
-0.0237720757723
-0.0223021190614
-0.0206612385809
-0.0188617818058
-0.016918880865
-0.0148475877941
-0.0126612847671
-0.0103759448975
-0.00800468493253
-0.00556107377633
-0.00306907226332
-0.000545936112758
0.0019903734792
0.00451792776585
0.00701554212719
0.00946287903935
0.011837285012
0.014117830433
0.0162850506604
0.0183177515864
0.0201977584511
0.0219103414565
0.0234395693988
0.0247707124799
0.0258696097881
0.0267381742597
0.027370961383
0.0277557708323
0.027880018577
0.0277361553162
0.027318995446
0.0266241803765
0.0256474763155
0.0243899840862
0.0228571277112
0.0210547614843
0.0189876873046
0.0166636146605
0.0140960970894
0.0112976348028
0.00827608723193
0.00504126865417
0.00161343382206
-0.00198656716384
-0.00574465235695
-0.00964212510735
-0.0136548401788
-0.0177584625781
-0.0219303555787
-0.0261435862631
-0.030374776572
-0.0345937348902
-0.0387815460563
-0.0429093502462
-0.0469537675381
-0.0508929789066
-0.0547076538205
-0.0583626292646
-0.0618026703596
-0.0650519505143
-0.0680913329124
-0.0708971992135
-0.073448985815
-0.0757267922163
-0.0777144879103
-0.0793970152736
-0.0807581394911
-0.0817878991365
-0.0824797749519
-0.0828289538622
-0.0828307718039
-0.0824842453003
-0.0817939117551
-0.080764785409
-0.079400524497
-0.0777060389519
-0.0756307393312
-0.0732353106141
-0.0705373510718
-0.0675465166569
-0.0642743334174
-0.0607359111309
-0.0569508783519
-0.0529302693903
-0.0487002767622
-0.0442773066461
-0.0396912097931
-0.034958768636
-0.0301117617637
-0.0251713767648
-0.0201632268727
-0.0151152433828
-0.0100495768711
-0.00499278213829
3.44219370163e-05
0.00500637153164
0.00989868957549
0.0146897351369
0.0193623751402
0.0238932687789
0.028263784945
0.0324535742402
0.0364478603005
0.0402292497456
0.0437787249684
0.0470832660794
0.0501342788339
0.0529216639698
0.0554344058037
0.0576668828726
0.0596189498901
0.0612895786762
0.0626773536205
0.0637850612402
0.0646194294095
0.0651875585318
0.0654971003532
0.0655566006899
0.0653553679585
0.064904011786
0.0642412006855
0.0633792281151
0.0623346157372
0.0611248314381
0.0597666725516
0.0582776926458
0.0566780082881
0.0549872517586
0.0532268583775
0.0514167882502
0.0495787113905
0.0477314628661
0.0458985082805
0.0440980345011
0.0423512235284
0.0406756103039
0.03908777982
0.0376051999629
0.0362440869212
0.0350154750049
0.0339307487011
0.0330018475652
0.0322377942502
0.0316435694695
0.0312200449407
0.030955279246
0.0308701992035
0.0309617575258
0.0312251914293
0.0316560268402
0.0322490595281
0.0329941101372
0.0338784232736
0.0348900333047
0.0360157042742
0.037239652127
0.0385434143245
0.0399078167975
0.0413148105145
0.0427432544529
0.0441725105047
0.045579161495
0.0469411797822
0.0482376851141
0.0494444966316
0.0505411550403
0.0515041984618
0.052312977612
0.0529479421675
0.0533894971013
0.053618516773
0.0536172613502
0.0533717907965
0.0528683960438
0.0520931594074
0.0510347895324
0.049685947597
0.0480405092239
0.046092286706
0.043838083744
0.0412616021931
0.0383840166032
0.0352097451687
0.0317415110767
0.0279893539846
0.0239673480392
0.0196857508272
0.0151573708281
0.0104027492926
0.00543988030404
0.000289039162453
-0.00502631254494
-0.0104842614383
-0.0160584803671
-0.0217197593302
-0.0274441707879
-0.0332033224404
-0.038964945823
-0.0447023063898
-0.0503857582808
-0.0559832453728
-0.061468295753
-0.0668091326952
-0.0719791799784
-0.0769511312246
-0.0816971808672
-0.0861942246556
-0.0904147401452
-0.0943386480212
-0.0979469195008
-0.101219117641
-0.104136824608
-0.106687873602
-0.108859427273
-0.11064183712
-0.11202608794
-0.113006070256
-0.113580934703
-0.113750867546
-0.113515667617
-0.112878933549
-0.111850142479
-0.110438413918
-0.108654029667
-0.106508739293
-0.104021184146
-0.101208113134
-0.098087400198
-0.0946806147695
-0.0910118222237
-0.0871033966541
-0.0829793587327
-0.0786670446396
-0.0741937831044
-0.0695847868919
-0.0648674368858
-0.0600716173649
-0.0552247315645
-0.0503517538309
-0.0454825758934
-0.0406412743032
-0.0358546636999
-0.0311443917453
-0.0265369974077
-0.0220527034253
-0.017712296918
-0.0135315945372
-0.00953270867467
-0.00572556257248
-0.00212485366501
0.00125967117492
0.00441977428272
0.00734612066299
0.0100370049477
0.0124927666038
0.0147112011909
0.0166944731027
0.01844820939
0.0199808329344
0.0212985798717
0.0224125068635
0.0233347211033
0.024080676958
0.0246646814048
0.0251018293202
0.0254108849913
0.0256102140993
0.0257187709212
0.0257555153221
0.0257401037961
0.0256922021508
0.0256315656006
0.025577602908
0.0255477856845
0.0255595613271
0.0256302822381
0.02577618137
0.0260098129511
0.0263432189822
0.0267885867506
0.0273560732603
0.0280510876328
0.0288785938174
0.0298429336399
0.030946681276
0.0321876183152
0.033561617136
0.0350650325418
0.0366922356188
0.0384334251285
0.0402764864266
0.0422100424767
0.044221110642
0.0462939292192
0.0484102442861
0.0505527071655
0.0527031458914
0.0548423342407
0.0569488182664
0.0590020790696
0.0609816685319
0.0628680884838
0.0646401122212
0.0662773475051
0.0677604600787
0.0690723285079
0.0701965242624
0.0711154937744
0.0718142464757
0.0722816511989
0.0725070312619
0.0724795758724
0.0721912384033
0.0716385021806
0.0708187520504
0.0697293058038
0.0683696269989
0.0667463764548
0.0648638904095
0.0627287551761
0.0603496320546
0.0577398650348
0.0549131557345
0.051883302629
0.048664662987
0.0452781803906
0.0417453087866
0.0380825176835
0.0343125537038
0.0304584205151
0.026543289423
0.0225884448737
0.018620910123
0.0146623142064
0.0107342787087
0.00686217984185
0.00307013839483
-0.000624531763606
-0.00419919472188
-0.00763309746981
-0.010907757096
-0.0140074826777
-0.0169167201966
-0.0196199622005
-0.0221060998738
-0.0243641808629
-0.0263869222254
-0.0281659439206
-0.0296973362565
-0.0309790652245
-0.0320117883384
-0.0327941216528
-0.0333301983774
-0.0336273312569
-0.0336926169693
-0.0335335694253
-0.0331613980234
-0.0325898490846
-0.0318335965276
-0.0309062097222
-0.0298254899681
-0.028609437868
-0.0272782798856
-0.0258505642414
-0.0243460163474
-0.0227875057608
-0.0211957599968
-0.0195921901613
-0.0179972052574
-0.0164333377033
-0.0149207636714
-0.0134803298861
-0.0121309598908
-0.010890359059
-0.00977670308203
-0.00880631245673
-0.00799374654889
-0.0073511954397
-0.00688995607197
-0.00662197871134
-0.00655390555039
-0.00669023580849
-0.00703523634002
-0.00759278424084
-0.00836157053709
-0.00933714956045
-0.0105165606365
-0.0118941143155
-0.0134616745636
-0.0152057893574
-0.0171152986586
-0.0191777832806
-0.0213767122477
-0.0236937440932
-0.0261092800647
-0.028605747968
-0.0311632696539
-0.0337569192052
-0.0363656878471
-0.038965895772
-0.0415373519063
-0.044054299593
-0.0464950352907
-0.0488367900252
-0.0510584712029
-0.0531395636499
-0.0550585053861
-0.0567967034876
-0.0583379566669
-0.059667378664
-0.0607694163918
-0.0616315305233
-0.062243770808
-0.0625996589661
-0.0626918822527
-0.0625149309635
-0.0620685219765
-0.0613544173539
-0.0603746436536
-0.0591314323246
-0.0576340854168
-0.0558923222125
-0.0539161637425
-0.0517177022994
-0.0493117570877
-0.0467151589692
-0.0439460575581
-0.041019435972
-0.0379581525922
-0.0347834117711
-0.0315131917596
-0.0281716454774
-0.0247789733112
-0.0213586632162
-0.0179309118539
-0.0145171713084
-0.0111373122782
-0.00781246926636
-0.00456041749567
-0.00140133488458
0.00165120465681
0.00458287540823
0.00737931579351
0.0100259818137
