-1.31147771754e-05
-9.19359808904e-06
-5.73544775762e-06
-2.69913425655e-06
-3.34300338523e-08
2.31743047152e-06
4.38504730482e-06
6.248216323e-06
7.93992603576e-06
9.50331832428e-06
1.09996808533e-05
1.24608859551e-05
1.39427984323e-05
1.55081943376e-05
1.71864103322e-05
1.9033846911e-05
2.10933612834e-05
2.34371764236e-05
2.60896904365e-05
2.90690313705e-05
3.2431071304e-05
3.6206740333e-05
4.03894482588e-05
4.49876279163e-05
5.00198802911e-05
5.54919351998e-05
6.13728625467e-05
6.76384734106e-05
7.42516058381e-05
8.11873615021e-05
8.84070323082e-05
9.58514938247e-05
0.000103459744423
0.000111164728878
0.000118925403513
0.000126630126033
0.000134241417982
0.000141683281981
0.000148848470417
0.000155691624968
0.00016201629478
0.00016783530009
0.000173088876181
0.000177700523636
0.00018159528554
0.000184723947314
0.000186985853361
0.000188340287423
0.000188730366062
0.000188107951544
0.00018644669035
0.000183698852197
0.000179846872925
0.000174899934791
0.000168838261743
0.000161651827511
0.000153382366989
0.000144045203342
0.000133654408273
0.000122234559967
0.000109708809759
9.6245232271e-05
8.18852422526e-05
6.66466439725e-05
5.06051910634e-05
3.38061690854e-05
1.63231034094e-05
-1.78807886186e-06
-2.04269072128e-05
-3.95298338844e-05
-5.90129711782e-05
-7.8795630543e-05
-9.87913517747e-05
-0.000118917159853
-0.000139102980029
-0.000159257790074
-0.000179317416041
-0.000199235510081
-0.000218747532926
-0.000237922358792
-0.000256706494838
-0.000275038648397
-0.000292851502309
-0.000310045405058
-0.000326566107105
-0.000342328567058
-0.000357266864739
-0.000371329369955
-0.000384454848245
-0.000396583171096
-0.00040769361658
-0.000417727685999
-0.000426680751843
-0.00043452376849
-0.000441244133981
-0.000446847872809
-0.000451314874226
-0.000454663502751
-0.00045654020505
-0.000457303249277
-0.000456991168903
-0.00045560131548
-0.000453201442724
-0.000449830462458
-0.000445535639301
-0.000440393545432
-0.000434478162788
-0.000427890452556
-0.000420760392444
-0.000413173722336
-0.000405266386224
-0.000397213647375
-0.000389150256524
-0.000381250574719
-0.000373681948986
-0.000366626336472
-0.000360294885468
-0.000354859948857
-0.000350536167389
-0.000347527035046
-0.000346041779267
-0.000346283282852
-0.000348437315552
-0.000352711969754
-0.000359260098776
-0.000368291133782
-0.00037994547165
-0.000394364673411
-0.000411644839915
-0.000431880413089
-0.000455174100352
-0.000481485010823
-0.000510819838382
-0.000543134287
-0.000578375242185
-0.000616338860709
-0.000656852032989
-0.000699654105119
-0.000744523538742
-0.00079104321776
-0.000838786014356
-0.000887292611878
-0.000936088501476
-0.00098458933644
-0.00103209167719
-0.00107796047814
-0.00112149212509
-0.00116186519153
-0.00119830027688
-0.00122989842203
-0.00125583284535
-0.00127520994283
-0.00128712318838
-0.00129065487999
-0.00128490140196
-0.00126902456395
-0.00124217791017
-0.00120349926874
-0.00115226383787
-0.00108782562893
-0.00100955343805
-0.000916893593967
-0.000809454300907
-0.000686982413754
-0.000549284508452
-0.000396225572331
-0.000227875483688
-4.45089499408e-05
0.00015357437951
0.000365785410395
0.000590449606534
0.000826855073683
0.00107367103919
0.00132988137193
0.00159349245951
0.00186301127542
0.00213665119372
0.00241221114993
0.00268787331879
0.00296156271361
0.00323143135756
0.00349516957067
0.0037442392204
0.00398063706234
0.00420137448236
0.00440356368199
0.00458399439231
0.00473999604583
0.00486947456375
0.00497116707265
0.00504376552999
0.00507515016943
0.00507267052308
0.00503427023068
0.00495724752545
0.00483987759799
0.00468210503459
0.00448453985155
0.0042432192713
0.00395988114178
0.0036405834835
0.003284385195
0.00289159477688
0.00246429187246
0.00200516823679
0.00151453108992
0.00100452511106
0.00047698567505
-6.56779156998e-05
-0.000621122017037
-0.00118496734649
-0.00174512586091
-0.0022964796517
-0.00283399177715
-0.00335495872423
-0.00385838188231
-0.00432425830513
-0.00475432723761
-0.00514136999846
-0.00548329763114
-0.00577924586833
-0.00601036148146
-0.00618415838107
-0.00629422208294
-0.00634185690433
-0.00631828792393
-0.00622619967908
-0.00606800196692
-0.00584124587476
-0.00554833607748
-0.00518687115982
-0.00477175274864
-0.00429978594184
-0.00377635797486
-0.00320146046579
-0.0025976151228
-0.00196288013831
-0.00130065530539
-0.000622146413662
5.4089963669e-05
0.000726546859369
0.00139395857695
0.00203517707996
0.00264024105854
0.00320630986243
0.00373024540022
0.00419133063406
0.00458638230339
0.00491420645267
0.00516565190628
0.00533436285332
0.00541786616668
0.00542056094855
0.00532483728603
0.00514741428196
0.0048833922483
0.0045321052894
0.00410322425887
0.00360295874998
0.00303216837347
0.00239477772266
0.00171523890458
0.00099114945624
0.000226898206165
-0.000549440272152
-0.00133284355979
-0.00212490861304
-0.00289633311331
-0.00363586214371
-0.00434547895566
-0.0050039505586
-0.00559694087133
-0.00612070551142
-0.00656915968284
-0.00692406482995
-0.00718253664672
-0.00734575279057
-0.00739540345967
-0.00733921863139
-0.00717722438276
-0.00689277984202
-0.00650941440836
-0.00601929565892
-0.00542040169239
-0.00473730405793
-0.00396651308984
-0.00310829421505
-0.00219309749082
-0.00122452434152
-0.000200750888325
0.000846125592943
0.00190138421021
0.00297366199084
0.00402637710795
0.00504393316805
0.00603168737143
0.00696165021509
0.00781556032598
0.0085933431983
0.00928174424917
0.0098597612232
0.0103255715221
0.0106772528961
0.0108946366236
0.0109815830365
0.0109408339486
0.0107515957206
0.0104353241622
0.0099904788658
0.00939858518541
0.00869940686971
0.00788253359497
0.00694577861577
0.00592732755467
0.00482367165387
0.00363371986896
0.00239613908343
0.00112189783249
-0.000197570756427
-0.00152512756176
-0.002838376211
-0.00414483621716
-0.00542263872921
-0.00663908896968
-0.00779431406409
-0.00888868700713
-0.00988134928048
-0.0107711292803
-0.0115717947483
-0.0122329313308
-0.0127743612975
-0.0131886126474
-0.0134703945369
-0.0136128598824
-0.0136188510805
-0.0135031845421
-0.0132290059701
-0.0128431487828
-0.0123343579471
-0.0117046851665
-0.0109694860876
-0.0101438034326
-0.0092292195186
-0.00822317693383
-0.00716889789328
-0.00606340775266
-0.0049111447297
-0.00372325722128
-0.00253644888289
-0.00134514027741
-0.000150642110384
0.00101900019217
0.00214757886715
0.00323711056262
0.00428962241858
0.00527398195118
0.00618720194325
0.00703008985147
0.007809585426
0.00849338062108
0.00909468904138
0.00960938632488
0.0100482320413
0.0103889955208
0.0106479888782
0.0108234602958
0.0109217092395
0.0109458565712
0.0108898673207
0.0107732824981
0.0105940969661
0.0103635080159
0.0100749414414
0.00974476151168
0.00938207097352
0.00898706540465
0.00856888480484
0.00812506210059
0.00766853708774
0.00720967072994
0.00674680387601
0.00628439243883
0.00582907861099
0.00537303928286
0.00493600592017
0.00451562553644
0.00411071768031
0.00372302206233
0.00335461087525
0.00300023402087
0.00266913790256
0.00235872296616
0.00206688651815
0.00179175054654
0.00153211515862
0.00128652912099
0.00105175783392
0.000829120341223
0.000616103294306
0.000409954343922
0.000208366691368
9.01847306523e-06
-0.000190050152014
-0.000391161156585
-0.000595986843109
-0.000804534298368
-0.00101855676621
-0.00123946834356
-0.00146806472912
-0.00170491705649
-0.00195061822888
-0.00220535625704
-0.00246890517883
-0.00274119037203
-0.00302181206644
-0.00330998748541
-0.00360475340858
-0.00390487816185
-0.00420928094536
-0.00451610656455
-0.00482023879886
-0.00512305181473
-0.00542258284986
-0.00571697298437
-0.00600433535874
-0.00628241244704
-0.00654940214008
-0.00680322991684
-0.00704227667302
-0.00726455915719
-0.00746837351471
-0.00765228271484
-0.00781469326466
-0.00795435719192
-0.00806998461485
-0.00816075596958
-0.00822596345097
-0.00826487410814
-0.00827696546912
-0.00826222635806
-0.00822072569281
-0.00815259944648
-0.00805706996471
-0.00793114304543
-0.00777996843681
-0.00760418223217
-0.00740446988493
-0.00718185026199
-0.00693744560704
-0.00667234603316
-0.00638763001189
-0.00608473643661
-0.00576533190906
-0.00543102575466
-0.00508408527821
-0.00472625950351
-0.00436004251242
-0.0039874939248
-0.00361090456136
-0.00322720035911
-0.00284107238986
-0.00245451601222
-0.00206906185485
-0.00168625963852
-0.00130750413518
-0.000935136573389
-0.000570944219362
-0.000216741085751
0.000125980484881
0.000456932379166
0.000776005035732
0.0010829399107
0.0013762175804
0.00165428163018
0.00191621179692
0.00216109398752
0.00238901982084
0.00259869452566
0.00278951413929
0.00296493968926
0.00312377349474
0.00326468842104
0.003387584351
0.00349373975769
0.00358429597691
0.00365392048843
0.00371041079052
0.00375227537006
0.00377895915881
0.0037915466819
0.00379272107966
0.00377926719375
0.003753362922
0.00371804554015
0.00367240840569
0.00361749273725
0.00355657190084
0.00348724634387
0.00341014796868
0.00332865538076
0.00324211991392
0.00315241655335
0.00306314928457
0.00296790944412
0.00287241558544
0.00277669308707
0.00268117245287
0.00258867326193
0.00249800039455
0.00240789935924
0.00232137460262
0.00223807548173
0.00215990282595
0.00208728783764
0.0020169231575
0.0019524510717
0.00189310673159
0.00184022833128
0.00179370795377
0.00175096350722
0.00171484879684
0.00168441212736
0.00166069658007
0.00164199771825
0.00162809120957
0.00162005098537
0.00161699170712
0.00162007473409
0.00162506953347
0.00163530476857
0.00164948333986
0.00166717742104
0.00168814440258
0.00171003816649
0.00173538771924
0.00176215695683
0.00179117964581
0.00181858835276
0.00184771697968
0.00187693303451
0.00190574489534
0.00193329760805
0.00195882609114
0.00198375852779
0.00200638896786
0.00202814652584
0.00204396573827
0.0020590168424
0.00207066582516
0.00208046915941
0.00208432856016
0.00208594440483
0.00208379724063
0.00207886239514
0.00206951377913
0.00205661845393
0.00204038294032
0.00202115252614
0.00199923128821
0.00197322899476
0.0019450095715
0.00191442971118
0.00188305578195
0.00184784142766
0.00181193009485
0.00177489814814
0.00173919810914
0.00170053273905
0.00166301464196
0.00162598863244
0.00159229536075
0.00155689136591
0.00152467691805
0.00149467692245
0.00146928115282
0.00144446722697
0.00142420327757
0.00140775344335
0.00139688572381
0.00138852035161
0.00138573313598
0.00138789205812
0.00139604485594
0.00140791968442
0.00142591365147
0.00144945341162
0.00147869612556
0.0015118207084
0.00155079341494
0.00159528525546
0.00164450658485
0.00169697962701
0.00175365863834
0.0018151080003
0.00187959312461
0.00194609689061
0.00201397505589
0.00208503869362
0.00215663458221
0.0022288041655
0.00229788594879
0.00236835540272
0.0024362266995
0.00250281556509
0.00256122136489
0.002618401777
0.00266988086514
0.00271607679315
0.00275278626941
0.00278292130679
0.00280448026024
0.0028166861739
0.00281897396781
0.00280872359872
0.00278753624298
0.00275332806632
0.0027093749959
0.00264709396288
0.00257239397615
0.00248203799129
0.002378171077
0.00225959345698
0.00212379172444
0.0019713670481
0.00180286110844
0.00162205705419
0.00142303761095
0.00120715785306
0.000974444614258
0.000727985752746
0.00047004368389
0.000195575179532
-9.51323017944e-05
-0.000399490207201
-0.000713693734724
-0.00103587144986
-0.00137163337786
-0.00172005721834
-0.00207644281909
-0.00243809167296
-0.0028013989795
-0.00317263789475
-0.00355098862201
-0.00393021199852
-0.00430867029354
-0.00468190945685
-0.00505304010585
-0.00542520871386
-0.00579098332673
-0.00614777673036
-0.00649605737999
-0.00682483427227
-0.00714894197881
-0.00746017787606
-0.00775392446667
-0.00803154334426
-0.00828558485955
-0.00851781014353
-0.0087332483381
-0.00892451498657
-0.00908969435841
-0.00923217367381
-0.00934275891632
-0.00942262727767
-0.00947740767151
-0.00950125791132
-0.00949283875525
-0.00945510808378
-0.00939045660198
-0.00927967205644
-0.0091414777562
-0.00897105969489
-0.00876634847373
-0.00852845050395
-0.00826081167907
-0.00796747859567
-0.00763071980327
-0.00726669747382
-0.00687312893569
-0.00645002583042
-0.00599936582148
-0.00552412075922
-0.00502768717706
-0.00451317569241
-0.00397279812023
-0.00341448024847
-0.00283950101584
-0.00225039990619
-0.0016492389841
-0.00104055460542
-0.000427269289503
0.000187446217751
0.000800654001068
0.00140942889266
0.00201205699705
0.00260728900321
0.00319146574475
0.00376099068671
0.0043121878989
0.00484169414267
0.00534581532702
0.00582165783271
0.00626710569486
0.00667956238613
0.00705738412216
0.00739538576454
0.00768876448274
0.00794136337936
0.00815065577626
0.00831413455307
0.00842998176813
0.0084968348965
0.00851336307824
0.00847848132253
0.0083917574957
0.00825359672308
0.00806434266269
0.00782438088208
0.00753461383283
0.00719668250531
0.00681225256994
0.00638296734542
0.00591075606644
0.00539862317964
0.00484885228798
0.00426346203312
0.00364615023136
0.00300177955069
0.00233473046683
0.00164881930687
0.000948295171838
0.000237928368733
-0.000476964458358
-0.00119205494411
-0.00190116534941
-0.00260011386126
-0.00328290020116
-0.00394417298958
-0.00457915477455
-0.00518209859729
-0.00574803352356
-0.00627219071612
-0.00674953171983
-0.00717543391511
-0.00754592008889
-0.00785714387894
-0.00810504797846
-0.00828657019883
-0.00839932635427
-0.00844092108309
-0.00840902049094
-0.00830260571092
-0.00812137126923
-0.00786498282105
-0.00753316795453
-0.00712740235031
-0.00664967810735
-0.00610172189772
-0.00548600731418
-0.00480629550293
-0.00406646495685
-0.00327070220374
-0.00242369971238
-0.00153299351223
-0.000604534056038
0.000354380346835
0.00133791076951
0.00233756494708
0.00334657612257
0.00435668276623
0.00535992113873
0.00634808186442
0.00731334323063
0.00824647303671
0.00913989637047
0.00998590979725
0.0107768494636
0.0115054287016
0.0121644465253
0.0127483541146
0.0132512655109
0.0136675769463
0.0139930760488
0.0142090767622
0.0143253095448
0.0143392672762
0.0142498007044
0.0140558853745
0.0137564055622
0.0133516276255
0.0128441005945
0.0122361984104
0.0115307709202
0.0107325697318
0.00984800886363
0.00888266414404
0.00784283038229
0.00672782678157
0.00555947609246
0.00434562005103
0.00309511739761
0.00181678205263
0.000520815548953
-0.000783535244409
-0.00208576535806
-0.00337663292885
-0.00464593758807
-0.0058850152418
-0.00707553932443
-0.00820664688945
-0.00927137956023
-0.0102610215545
-0.0111671751365
-0.0119822472334
-0.0126995416358
-0.0133142396808
-0.0138239497319
-0.0142266014591
-0.0144979022443
-0.0146492617205
-0.0146846268326
-0.014601374045
-0.014398612082
-0.0140788825229
-0.013645702973
-0.0131043549627
-0.0124615710229
-0.011705965735
-0.0108638498932
-0.00994431041181
-0.00895300507545
-0.00789781380445
-0.00678607448936
-0.00562800699845
-0.00443407287821
-0.00321153993718
-0.00197995919734
-0.00075401092181
0.000458674621768
0.00164837273769
0.00280635268427
0.00392487738281
0.00499617075548
0.00600145244971
0.00693095428869
0.00778064969927
0.00854202546179
0.0092097716406
0.00978139042854
0.0102556319907
0.0106219844893
0.0108703617007
0.0110127488151
0.0110452650115
0.0109668290243
0.0107805328444
0.0104915173724
0.0100966049358
0.0095967836678
0.00901213381439
0.0083441240713
0.00759623385966
0.00677546719089
0.00589054869488
0.00494315335527
0.00395264755934
0.00293153291568
0.00188574276399
0.000821411435027
-0.000254484708421
-0.00133416499011
-0.00240044668317
-0.00344071676955
-0.0044490895234
-0.00541733857244
-0.0063417381607
-0.00721990689635
-0.00803325977176
-0.00877322070301
-0.00943933241069
-0.0100256297737
-0.0105289956555
-0.0109518598765
-0.0112828612328
-0.0115145258605
-0.0116570629179
-0.0117061911151
-0.0116621023044
-0.0115299262106
-0.011304195039
-0.0109851006418
-0.0105895958841
-0.0101152658463
-0.00956516060978
-0.00894663762301
-0.00825787056237
-0.00751108629629
-0.00672164419666
-0.00588979432359
-0.00502048619092
-0.00412068422884
-0.00319319404662
-0.00225884281099
-0.00132509914692
-0.000395207753172
0.000526637828443
0.00143659010064
0.00232010497712
0.00316603644751
0.00397066632286
0.00473020737991
0.00544399628416
0.00610780902207
0.00670278491452
0.00723524997011
0.00769956316799
0.0080952392891
0.00842680130154
0.00868077669293
0.00886028353125
0.00897024199367
0.0090086562559
0.00897928513587
0.00888768397272
0.00871899630874
0.0084978081286
0.00822144001722
0.00789269898087
0.00751942209899
0.00709761260077
0.00664212275296
0.00616207998246
0.00565803376958
0.00513564888388
0.00460103573278
0.00405683880672
0.0035213904921
0.00299449590966
0.00248003914021
0.00198325095698
0.00150712078903
0.00106389413122
0.000656658026855
0.000286822818452
-4.38935021521e-05
-0.000332251976943
-0.000572537421249
-0.000763708725572
-0.000905840017367
-0.000998591538519
-0.00104268745054
-0.00103617017157
-0.000982608413324
-0.00088336376939
-0.000740628805943
-0.000556466460694
-0.000333278032485
-7.77089298936e-05
0.000206166063435
0.000514987972565
0.00084605946904
0.00119547522627
0.00155283405911
0.0019143645186
0.00227521150373
0.00263209734112
0.00298336497508
0.0033145903144
0.0036256343592
0.00391090009362
0.00416668085381
0.00439224112779
0.00457917666063
0.00472268043086
0.00482360227033
0.00487777031958
0.00488411728293
0.00484222080559
0.00474231876433
0.00459451135248
0.00439477385953
0.00414283527061
0.00384060642682
0.00348318414763
0.00308104185387
0.00263622426428
0.00214843940921
0.00161904434208
0.00105018995237
0.000449730345281
-0.00017434192705
-0.000820373534225
-0.00148658209946
-0.00217156228609
-0.00286536035128
-0.00355877750553
-0.00424782186747
-0.00492930365726
-0.00560198817402
-0.00626477319747
-0.00689494470134
-0.0074990154244
-0.00806966144592
-0.00860417820513
-0.00910528004169
-0.00956091005355
-0.00996278971434
-0.0103167071939
-0.0106164477766
-0.0108621744439
-0.0110588474199
-0.0111852185801
-0.0112542491406
-0.0112665845081
-0.0112180346623
-0.0111113656312
-0.0109536489472
-0.0107212634757
-0.0104412641376
-0.010111508891
-0.00972962193191
-0.00929956976324
-0.00882841739804
-0.00830089487135
-0.00774337816983
-0.0071557178162
-0.00653701974079
-0.00589109677821
-0.00522355083376
-0.00453049270436
-0.00383014418185
-0.00312549108639
-0.00241723726504
-0.00170850218274
-0.00100172881503
-0.000301004503854
0.000383032864193
0.00104661739897
0.00168746127747
0.00230391975492
0.00289476639591
0.00345913064666
0.00398332532495
0.00447065709159
0.00491802673787
0.00532396975905
0.00568833108991
0.00601249141619
0.00629316316918
0.006521968171
0.00670794770122
0.0068489741534
0.00694469781592
0.00699688214809
0.00700869457796
0.0069788065739
0.0069019831717
0.00679099047557
0.00664536003023
0.0064655803144
0.0062542646192
0.00601500924677
0.00575183937326
0.00545775191858
0.00514658773318
0.00482096010819
0.00448213610798
0.00413212087005
0.00377384084277
0.00341091956943
0.00304644438438
0.00267876987346
0.00231813499704
0.00196633138694
0.00162471272051
0.00129532685969
0.000980254262686
0.000681777775753
0.000401738536311
0.000142011951539
-9.39579622354e-05
-0.000304494576994
-0.000488735677209
-0.000645533727948
-0.000773994717747
-0.00087355816504
-0.000943612598348
-0.000983513193205
-0.000992951798253
-0.000970743538346
-0.000918397039641
-0.000836148683447
-0.00072477030335
-0.000584968365729
-0.000417432398535
-0.000223362600082
-3.93461232306e-06
0.000239556131419
0.000505836680532
0.000792659178842
0.00109659321606
0.00141605932731
0.00174890784547
0.0020926410798
0.00244487822056
0.00280284462497
0.00316411978565
0.00352606130764
0.0038861464709
0.00424172729254
0.00459060119465
0.0049299094826
0.00525564467534
0.00556124420837
0.00584808643907
0.0061138891615
0.00635575130582
0.00657129054889
0.006758260075
0.00691443448886
0.0070378142409
0.00712665403262
0.00717959413305
0.00719536514953
0.00717273075134
0.00711095472798
0.00700962310657
0.00686833634973
0.00668679736555
0.0064652049914
0.00620415108278
0.00590400164947
0.00556510454044
0.00518668908626
0.00477353623137
0.00432714866474
0.00384918507189
0.0033416596707
0.00280718249269
0.00224779988639
0.00166657206137
0.00106589484494
0.000448987761047
-0.000181164010428
-0.00082186673535
-0.00146922038402
-0.00212061917409
-0.00277220108546
-0.0034213825129
-0.00406466703862
-0.00469888513908
-0.00532058626413
-0.00592736527324
-0.00651614414528
-0.00708412658423
-0.00762836774811
-0.00814688950777
-0.00863704551011
-0.00909708347172
-0.00952493678778
-0.00991886947304
-0.0102776391432
-0.0105999559164
-0.0108849992976
-0.0111316433176
-0.0113396700472
-0.0115090776235
-0.0116360150278
-0.0117198955268
-0.0117649883032
-0.0117717031389
-0.0117406183854
-0.0116722201928
-0.011567344889
-0.0114270886406
-0.0112523762509
-0.0110442927107
-0.0108042033389
-0.0105336494744
-0.0102343959734
-0.00990849267691
-0.00955813936889
-0.00918568205088
-0.0087938439101
-0.0083851935342
-0.00795981381088
-0.00751293264329
-0.00705410726368
-0.00658523710445
-0.00610709143803
-0.00562159437686
-0.00512998644263
-0.00463466346264
-0.00413779309019
-0.00364239141345
-0.00315050571226
-0.00266370619647
-0.00217907992192
-0.00169975555036
-0.00122717826162
-0.00076256581815
-0.000306954141706
0.000137235692819
0.000568731047679
0.000985988648608
0.0013889457332
0.00177576218266
0.00214991415851
0.00251041143201
0.00285565946251
0.00318405777216
0.00349485129118
0.00378890614957
0.00406326167285
0.00431983405724
0.00456240959466
0.00478865718469
0.00499684968963
0.00518764182925
0.00536368042231
0.00551682058722
0.00565590010956
0.00578119466081
0.00589015195146
0.00598307931796
0.00606376677752
0.00612470228225
0.00617195013911
0.00620778417215
0.0062294639647
0.00623847125098
0.00624025333673
0.00622011115775
0.00619311723858
0.00615583406761
0.00610734755173
0.00605233944952
0.00598591007292
0.00590878166258
0.00582518661395
0.00573285249993
0.00563576864079
0.00553285935894
0.00541943963617
0.00530216936022
0.00517865410075
0.00505297584459
0.0049236449413
0.0047868238762
0.00464748591185
0.00450432579964
0.00436223996803
0.00421576807275
0.00406617298722
0.00391458021477
0.00376196298748
0.00361403520219
0.00345827382989
0.00330380653031
0.0031484181527
0.00299540604465
0.00284394714981
0.00269038160332
0.00253717275336
0.00238534319215
0.00223898165859
0.00208970136009
0.00194212794304
0.00179576873779
0.00165393645875
0.00151399709284
0.00137460639235
0.00123677623924
0.0011027030414
0.000972988782451
0.000843945366796
0.000716710928828
0.000592957483605
0.000474288768601
0.000357357115718
0.000242293375777
0.00013060143101
2.39904766204e-05
-7.94913430582e-05
-0.000181106268428
-0.00027936353581
-0.000372943177354
-0.000462163065095
-0.000549421820324
-0.00063325377414
-0.00071275542723
-0.000787255063187
-0.000859569001477
-0.000928400375415
-0.000993003835902
-0.00105261197314
-0.00110950588714
-0.00116292457096
-0.00121222657617
-0.00125671573915
-0.00129797402769
-0.00133579201065
-0.00136959983502
-0.00139891833533
-0.0014244732447
-0.00144663685933
-0.00146481883712
-0.0014789752895
-0.00148881250061
-0.00149527506437
-0.00149776507169
-0.00149676389992
-0.00149084324948
-0.00148155377246
-0.00146822619718
-0.00145193771459
-0.00143013638444
-0.00140490790363
-0.00137551559601
-0.00134366215207
-0.00130573951174
-0.00126427004579
-0.00121844583191
-0.0011703640921
-0.00111618055962
-0.00105807185173
-0.000995359267108
-0.000929879373871
-0.000859700376168
-0.000784568954259
-0.000704697449692
-0.00062141160015
-0.000534843711648
-0.00044275826076
-0.000345645297784
-0.000244793278398
-0.000141449010698
-3.32352683472e-05
8.03184957476e-05
0.000197755449335
0.000317762460327
0.000440304807853
0.000568356597796
0.000700273201801
0.000834364793263
0.000969544809777
0.00110820122063
0.00125086761545
0.00139501143713
0.00154011708219
0.00168362888508
0.00183076353278
0.00197893381119
0.00212597893551
0.0022714396473
0.00241377064958
0.00255728303455
0.00269806804135
0.00283528584987
0.0029671464581
0.00309379561804
0.00321773998439
0.00333508313634
0.00344578712247
0.00354769965634
0.00364011782221
0.00372597132809
0.00380127015524
0.00386614492163
0.00392045779154
0.00395862665027
0.00398679822683
0.00400098087266
0.00400054315105
0.00398787902668
0.00395533023402
0.00390776293352
0.00384393101558
0.00376216345467
0.00366357946768
0.00355072435923
0.00341386627406
0.00326046999544
0.0030880428385
0.00289633614011
0.0026870444417
0.00246235425584
0.00221783481538
0.00195494876243
0.00167377456091
0.00137494725641
0.00106055417564
0.000732533982955
0.000392226647818
3.84818122257e-05
-0.000329226866597
-0.000709170009941
-0.00109939079266
-0.00149765121751
-0.00190130842384
-0.00230903574266
-0.00271871639416
-0.00312784919515
-0.00353913218714
-0.00394969200715
-0.00435651326552
-0.00475657917559
-0.00514699378982
-0.00552662648261
-0.00589374592528
-0.00624764990062
-0.00657692691311
-0.0068901674822
-0.00718458089978
-0.00745732337236
-0.00770553806797
-0.00792705826461
-0.00811989232898
-0.00828307215124
-0.00841556116939
-0.00851650442928
-0.00858522485942
-0.00862149521708
-0.008624907583
-0.0085862679407
-0.0085138939321
-0.00840757228434
-0.00826741568744
-0.00809354986995
-0.00788629148155
-0.00764655834064
-0.00737549271435
-0.00707474630326
-0.00674562714994
-0.00638999976218
-0.00601005600765
-0.00560803804547
-0.00518644647673
-0.00474760122597
-0.0042942170985
-0.00382927595638
-0.00335538783111
-0.00287562375888
-0.00239265663549
-0.00190986692905
-0.00142974895425
-0.000955156458076
-0.000489184458274
-3.40696715284e-05
0.000407251296565
0.000832206162158
0.00123913411517
0.0016257672105
0.00198989151977
0.00233008922078
0.00264519825578
0.00293405284174
0.00319539499469
0.00342883635312
0.00363423582166
0.00381136476062
0.0039602057077
0.00408145179972
0.0041758553125
0.00424433127046
0.00428535556421
0.00430128024891
0.00429503945634
0.00426818616688
0.00422241119668
0.00415952783078
0.00408142618835
0.00398999685422
0.00388724147342
0.00377502758056
0.0036555218976
0.00353086832911
0.00340302055702
0.00327394204214
0.00314570427872
0.00301938061602
0.00289399246685
0.00277453940362
0.00266202795319
0.00255732680671
0.00246089347638
0.0023731905967
0.00229480396956
0.00222613778897
0.00216740183532
0.00211890670471
0.0020810214337
0.00205078069121
0.00202954746783
0.00201752991416
0.00201371940784
0.00201697344892
0.00202627596445
0.00204078294337
0.0020597835537
0.00208260957152
0.00210872036405
0.00213323975913
0.00215861690231
0.00218371977098
0.0022071658168
0.00222779950127
0.00224481755868
0.0022576644551
0.00226606056094
0.00226974277757
0.00226396787912
0.00225265743211
0.00223487732001
0.00220997072756
0.00217749853618
0.00213736738078
0.00208991672844
0.00203570537269
0.00197211513296
0.00190145114902
0.00182474404573
0.00174175284337
0.00165240606293
0.00155705341604
0.00145622575656
0.0013505226234
0.00123864703346
0.00112292228732
0.00100421032403
0.000882404739968
0.000757528818212
0.000629888207186
0.000499696470797
0.000367230793927
0.000232570964727
9.73797723418e-05
-3.842030128e-05
-0.00017479500093
-0.000311700365273
-0.000449176091934
-0.000587367452681
-0.000725811347365
-0.000862945744302
-0.000999160460196
-0.00113430933561
-0.00126800569706
-0.00140031683259
-0.00153140258044
-0.00166170799639
-0.00178796495311
-0.00191083841491
-0.00203058379702
-0.00214636814781
-0.00225761532784
-0.00236425199546
-0.00246647885069
-0.00256413430907
-0.00265153450891
-0.00273281335831
-0.00280670053326
-0.00287209404632
-0.00292827421799
-0.00297518307343
-0.00301308324561
-0.00304039428011
-0.00305344769731
-0.00305628567003
-0.00304771400988
-0.00302678486332
-0.00299309310503
-0.00294691883028
-0.00288875494152
-0.00281794625334
-0.00273151719011
-0.00263446685858
-0.00252629513852
-0.00240695662796
-0.00227671931498
-0.00213630101644
-0.00198675598949
-0.0018291490851
-0.00166269263718
-0.00149045302533
-0.00131452200003
-0.00113571062684
-0.000955006922595
-0.000773764913902
-0.000593381584622
-0.000415232556406
-0.000240953057073
-7.1988113632e-05
8.93481847015e-05
0.000241400150117
0.000382797967177
0.00051224953495
0.00062865333166
0.000730758009013
0.000817428517621
0.000887772766873
0.000941074744333
0.000976216455456
0.000991572975181
0.000987995532341
0.00096534169279
0.00092340662377
0.000862254295498
0.000782372255344
0.000684311962686
0.00056856952142
0.000436051428551
0.000287991308141
0.000125537379063
-5.01767353853e-05
-0.000237077314523
-0.000433028762927
-0.000636218581349
-0.000844780937769
-0.00105652783532
-0.00126931769773
-0.00148097134661
-0.00168936594855
-0.00189201487228
-0.00208673649468
-0.00227129482664
-0.00244356342591
-0.00260133482516
-0.00274264998734
-0.00286546908319
-0.00296798720956
-0.00304861762561
-0.00310571747832
-0.00313776405528
-0.00314369704574
-0.003121023532
-0.00307063385844
-0.00299179786816
-0.00288437586278
-0.00274840230122
-0.00258389743976
-0.00239101564512
-0.00217053177767
-0.00192348542623
-0.00165075669065
-0.0013531986624
-0.00103274546564
-0.000691143097356
-0.000329754286213
4.91895079904e-05
0.00044358058949
0.000851056072861
0.00126909813844
0.00169571803417
0.00212802225724
0.00256311846897
0.00299877882935
0.00343192042783
0.00386028364301
0.00428094062954
0.00469125015661
0.00508867669851
0.00546997273341
0.00583159783855
0.00617280416191
0.00649134581909
0.00678542023525
0.00705302553251
0.00729231303558
0.00750153977424
0.00767920119688
0.00782412942499
0.00793502107263
0.00801068916917
0.00805035792291
0.00805367622524
0.00802031811327
0.00795007310808
0.00784309394658
0.00770025700331
0.00752239627764
0.00731041515246
0.00706560071558
0.00678928429261
0.00647841719911
0.00613625720143
0.00576632050797
0.00537043437362
0.00494985235855
0.00450652698055
0.00404237769544
0.00355979334563
0.00306128826924
0.00255026342347
0.00202908366919
0.00150057289284
0.00096814299468
0.00043377323891
-0.000101076693682
-0.000633599644061
-0.0011615116382
-0.00168247928377
-0.00219358806498
-0.00269150477834
-0.00317350402474
-0.00363670126535
-0.00407909555361
-0.00449886452407
-0.00489478418604
-0.00526009500027
-0.00559746893123
-0.00590724730864
-0.00618686107919
-0.00643407087773
-0.00664713606238
-0.00682492135093
-0.00696702348068
-0.00707401428372
-0.00714743090793
-0.00717863347381
-0.00717371562496
-0.00713471323252
-0.00706065399572
-0.00695136142895
-0.00680750561878
-0.00663062371314
-0.00642349384725
-0.00618934212252
-0.00592404557392
-0.00562985939905
-0.00531180668622
-0.00497086206451
-0.00460865721107
-0.00422798469663
-0.00383259565569
-0.00342611270025
-0.00301211117767
-0.00258672237396
-0.00215602084063
-0.00172217458021
-0.00128784589469
-0.00085668877
-0.000432005705079
-1.75325312739e-05
0.000383821257856
0.000770366867073
0.00114203291014
0.00149646250065
0.00183027703315
0.00214070593938
0.00242506433278
0.0026816597674
0.0029097723309
0.00310494028963
0.00326907681301
0.00340219959617
0.00350205483846
0.00356670911424
0.00359577918425
0.0035903530661
0.00355199165642
0.00347530608997
0.00336466869339
0.00322061544284
0.00304312678054
0.00283327372745
0.00259319250472
0.0023255078122
0.00203265668824
0.00171225972008
0.00136836071033
0.00100244383793
0.0006167688407
0.000215457708691
-0.000197877176106
-0.000620301463641
-0.00104831496719
-0.00148165272549
-0.00191861530766
-0.00235578790307
-0.0027884314768
-0.00321236229502
-0.00362467905506
-0.00402325903997
-0.00440043443814
-0.00475930050015
-0.00509858131409
-0.00541342003271
-0.00569983990863
-0.00595485605299
-0.00617764005437
-0.00636871997267
-0.00651500513777
-0.00662715360522
-0.00670168735087
-0.0067354477942
-0.00672704027966
-0.00667672697455
-0.00658602965996
-0.00645648408681
-0.00627650227398
-0.0060582854785
-0.00580000085756
-0.0055011222139
-0.00516334967688
-0.00478965230286
-0.00438429275528
-0.00395026849583
-0.00348202954046
-0.0029866443947
-0.00246647535823
-0.00192399742082
-0.0013635950163
-0.000789303623606
-0.000205918593565
0.000381853838917
0.00097150565125
0.00156062853057
0.00214758934453
0.00272787525319
0.00329603883438
0.0038469133433
0.00437668012455
0.00488128140569
0.00535922590643
0.00580234406516
0.00621023308486
0.00658393232152
0.00691907573491
0.00721186958253
0.00745839020237
0.00765676284209
0.00780664943159
0.00790826696903
0.00796195305884
0.00795375369489
0.00789683498442
0.00778997130692
0.00763205811381
0.00742284068838
0.00716339563951
0.00685635022819
0.00650479178876
0.00611186446622
0.00568090286106
0.00521158939227
0.00470599951223
0.0041711893864
0.00361034576781
0.00302684889175
0.00242571113631
0.0018123347545
0.00119168765377
0.000569137162529
-4.99699817738e-05
-0.000660594610963
-0.00125797803048
-0.00183659943286
-0.00239244359545
-0.00292205088772
-0.00342050171457
-0.00388262677006
-0.00430390425026
-0.00468006217852
-0.00500736059621
-0.00528202299029
-0.0055012148805
-0.00566327990964
-0.00576692540199
-0.00581072503701
-0.00579367950559
-0.0057102907449
-0.00556582491845
-0.00536085991189
-0.00509558990598
-0.00477154878899
-0.00439117755741
-0.00395732186735
-0.00347261875868
-0.00294107245281
-0.00236804946326
-0.00175841746386
-0.00111730222125
-0.0004506080586
0.000235299332417
0.000934451178182
0.00164060911629
0.00234681693837
0.00304478127509
0.00373015902005
0.00439517246559
0.0050327447243
0.00563638610765
0.00619926583022
0.00671425182372
0.00717456452549
0.00757456058636
0.0079090744257
0.00817289575934
0.00836107879877
0.0084699401632
0.00849719624966
0.00844078324735
0.00829843897372
0.00806930568069
0.00775422248989
0.00735461805016
0.00687141204253
0.00630709528923
0.00566267361864
0.00494499411434
0.00415964843705
0.00331166363321
0.00240933336318
0.0014599947026
0.000471915234812
-0.00054530572379
-0.00158250622917
-0.00262808334082
-0.00367088615894
-0.00470017688349
-0.00570349534974
-0.006668434944
-0.00758255086839
-0.00843373220414
-0.00920935999602
-0.00989727303386
-0.0104865524918
-0.0109644075856
-0.0113203572109
-0.0115451700985
-0.0116293923929
-0.0115637648851
-0.011340489611
-0.0109545933083
-0.0104012507945
-0.00967525318265
-0.00877415016294
-0.00769766001031
-0.00644739205018
-0.0050252713263
-0.00343248411082
-0.00167693151161
0.000233327868045
0.00229020905681
0.00448408862576
0.00679936399683
0.00922190956771
0.0117365969345
0.0143273817375
0.0169742852449
0.0196560565382
0.0223514214158
0.025038542226
0.0276916623116
0.0302881356329
0.0328010991216
0.0352036952972
0.0374720990658
0.0395773462951
0.0414939261973
0.0431952737272
0.0446563586593
0.0458528921008
0.0467604994774
0.0473549328744
0.0476166084409
0.0475270934403
0.0470684729517
0.0462230183184
0.0449796505272
0.0433287508786
0.0412634946406
0.0387753508985
0.0358653701842
0.0325348712504
0.0287911854684
0.0246375482529
0.0200868416578
0.0151596516371
0.00987203046679
0.00424275035039
-0.00169858289883
-0.0079227341339
-0.0143976816908
-0.0210876595229
-0.0279566124082
-0.0349609814584
-0.0420536473393
-0.0491938963532
-0.0563333779573
-0.0634175240993
-0.0703951492906
-0.0772213563323
-0.0838371813297
-0.0901897400618
-0.0962289944291
-0.101901687682
-0.107155054808
-0.111941248178
-0.116214297712
-0.119926042855
-0.123033806682
-0.125502571464
-0.127294778824
-0.128375127912
-0.128719002008
-0.128307178617
-0.127121344209
-0.125144466758
-0.12237136066
-0.118806861341
-0.114452905953
-0.109316520393
-0.103417679667
-0.0967810377479
-0.0894373655319
-0.0814161151648
-0.0727562755346
-0.0635120198131
-0.0537289902568
-0.0434633009136
-0.0327777825296
-0.021740552038
-0.0104140983894
0.00112727214582
0.0128140533343
0.0245567318052
0.0362887196243
0.047926094383
0.0593905597925
0.0706092938781
0.0814981460571
0.0919796451926
0.101982980967
0.111439727247
0.120285980403
0.12845043838
0.135879725218
0.142524570227
0.148335680366
0.153267487884
0.157293915749
0.160388574004
0.162526741624
0.163693159819
0.1638866961
0.16308504343
0.161323189735
0.158610567451
0.154981508851
0.150469213724
0.145105168223
0.138935178518
0.132007434964
0.124387942255
0.116126775742
0.107289783657
0.0979492664337
0.0881792679429
0.0780539140105
0.0676487982273
0.0570436455309
0.0463186874986
0.0355542600155
0.024824436754
0.0142166567966
0.00379723683
-0.0063470993191
-0.016153300181
-0.0255471747369
-0.0344739109278
-0.042864985764
-0.0506630763412
-0.0578199252486
-0.0642986148596
-0.0700517818332
-0.0750444829464
-0.0792565941811
-0.0826691910625
-0.0852634012699
-0.0870312973857
-0.0879779234529
-0.0881121009588
-0.0874417051673
-0.0859843865037
-0.083773881197
-0.080841422081
-0.0772231146693
-0.0729605332017
-0.0681052133441
-0.0627160295844
-0.0568425655365
-0.0505485832691
-0.0439057461917
-0.036976531148
-0.0298327710479
-0.022549495101
-0.0151939839125
-0.00784378964454
-0.000573011930101
0.00654313806444
0.0134413074702
0.0200481750071
0.0262941718102
0.032117113471
0.0374604873359
0.0422657690942
0.0464818254113
0.050062853843
0.0529735907912
0.0551788657904
0.0566447451711
0.0573529601097
0.0572945252061
0.0564604997635
0.0548435822129
0.052453558892
0.049309194088
0.0454292297363
0.0408343039453
0.0355610921979
0.0296567641199
0.0231596902013
0.0161184947938
0.00859170872718
0.000643020495772
-0.00766385067254
-0.0162639953196
-0.0250852480531
-0.0340527743101
-0.0430871807039
-0.0521226637065
-0.0610789954662
-0.0698801353574
-0.0784500911832
-0.0867097526789
-0.0945992469788
-0.1020469293
-0.108968243003
-0.115309521556
-0.121022604406
-0.126056402922
-0.130366012454
-0.13390339911
-0.136642709374
-0.138556748629
-0.139621406794
-0.139816895127
-0.139141961932
-0.137598186731
-0.13518550992
-0.131914675236
-0.127809688449
-0.122898370028
-0.117208525538
-0.110774107277
-0.10364356637
-0.0958671718836
-0.0874952897429
-0.0785830542445
-0.0691956654191
-0.0593993812799
-0.0492655299604
-0.0388532020152
-0.028245780617
-0.017507025972
-0.00672105234116
0.00404902920127
0.0147206895053
0.0252268817276
0.0355001948774
0.0454627610743
0.0550575219095
0.064222894609
0.0728973671794
0.0810269117355
0.0885641425848
0.0954727903008
0.101705886424
0.107227951288
0.112023495138
0.116067901254
0.119345068932
0.121843747795
0.123570255935
0.124529637396
0.124727256596
0.124180011451
0.122916266322
0.120964564383
0.118353910744
0.115124538541
0.111320532858
0.106992706656
0.102186925709
0.0969540923834
0.0913575962186
0.0854533910751
0.0792999491096
0.0729600638151
0.066488340497
0.0599483139813
0.0534034483135
0.0469040349126
0.0405101031065
0.0342723429203
0.0282439123839
0.0224695689976
0.0169889777899
0.0118417972699
0.00706658000126
0.00269244122319
-0.00126405246556
-0.00477840797976
-0.00783321540803
-0.0104228174314
-0.0125442007557
-0.0141975088045
-0.0153852459043
-0.0161188635975
-0.0164160113782
-0.0162945985794
-0.0157735571265
-0.0148803498596
-0.0136459525675
-0.012101367116
-0.0102782901376
-0.00821396522224
-0.00594428600743
-0.00350933917798
-0.000945940089878
0.00170802057255
0.004414672032
0.00713610043749
0.00983519200236
0.0124775590375
0.0150329014286
0.0174707658589
0.0197583958507
0.0218739975244
0.0237956307828
0.0255044195801
0.0269803013653
0.0282122902572
0.0291933976114
0.0299157146364
0.0303721688688
0.0305647477508
0.0305007062852
0.0301848109812
0.0296244733036
0.0288331732154
0.0278262402862
0.0266189519316
0.0252285860479
0.0236739944667
0.0219781044871
0.0201613493264
0.0182451102883
0.0162513069808
0.0142030082643
0.0121200857684
0.0100258048624
0.007937326096
0.00587243633345
0.0038488516584
0.00188348582014
-1.4155869394e-05
-0.00183532224037
-0.00356853753328
-0.00520675769076
-0.00675090961158
-0.00819993484765
-0.00955570675433
-0.0108197331429
-0.0120018823072
-0.013111801818
-0.0141607429832
-0.0151596758515
-0.0161257348955
-0.0170762445778
-0.0180284883827
-0.0190000757575
-0.0200118273497
-0.0210829433054
-0.0222340393811
-0.0234840065241
-0.0248521454632
-0.0263549946249
-0.0280110239983
-0.0298361089081
-0.0318414494395
-0.0340365841985
-0.0364342518151
-0.0390395894647
-0.0418540909886
-0.0448757559061
-0.0481070354581
-0.0515404716134
-0.0551648959517
-0.0589666776359
-0.0629301816225
-0.0670396834612
-0.0712694376707
-0.0755927190185
-0.0799828320742
-0.0844077169895
-0.0888349488378
-0.0932229533792
-0.0975343957543
-0.101734191179
-0.105775229633
-0.109616048634
-0.113213077188
-0.116522781551
-0.119500301778
-0.122103765607
-0.124289661646
-0.126015901566
-0.127247214317
-0.127946063876
-0.128076776862
-0.127607122064
-0.126514583826
-0.124776788056
-0.122371479869
-0.119282275438
-0.11550732702
-0.111042842269
-0.1058864519
-0.100042365491
-0.0935329347849
-0.0863760784268
-0.0785924196243
-0.070209145546
-0.0612726733088
-0.0518225952983
-0.0419025048614
-0.031561370939
-0.0208657905459
-0.00987350102514
0.00135273032356
0.0127412341535
0.0242239646614
0.0357262939215
0.0471735559404
0.0584850274026
0.0695954039693
0.0804119035602
0.0908740609884
0.100897334516
0.110418580472
0.1193703264
0.127685114741
0.135296672583
0.142159223557
0.148222491145
0.153444156051
0.157778099179
0.161202386022
0.163699805737
0.165248572826
0.165836438537
0.165471896529
0.16416528821
0.161930710077
0.158787205815
0.154768243432
0.149921372533
0.144286364317
0.137913808227
0.130862951279
0.123182788491
0.114959158003
0.106265060604
0.0971748679876
0.08776897192
0.0781325027347
0.0683414712548
0.0584772937
0.0486215874553
0.0388608537614
0.0292703155428
0.0199275128543
0.0108935907483
0.00224807742052
-0.00594550650567
-0.013632635586
-0.0207604076713
-0.0272834189236
-0.0331546775997
-0.0383445173502
-0.0428282767534
-0.0465861968696
-0.0495977923274
-0.0518602058291
-0.0533781088889
-0.0541580729187
-0.0542067885399
-0.0535459220409
-0.0522057041526
-0.0502153076231
-0.0476049408317
-0.0444150157273
-0.0406919904053
-0.0364844538271
-0.0318374224007
-0.026802379638
-0.0214340407401
-0.01578710787
-0.00991913024336
-0.00388194643892
0.00227010645904
0.00848273932934
0.0146987754852
0.020873837173
0.0269550699741
0.032898593694
0.0386577025056
0.0441915690899
0.0494627989829
0.0544393844903
0.0590888857841
0.0633786171675
0.0672883093357
0.0708012580872
0.0738949850202
0.0765537172556
0.0787721499801
0.0805437639356
0.0818621590734
0.0827254354954
0.0831387415528
0.0831078514457
0.0826387479901
0.0817396938801
0.0804261118174
0.0787126794457
0.076614394784
0.0741495862603
0.0713366866112
0.0682000592351
0.0647578537464
0.0610361173749
0.0570579245687
0.0528484396636
0.0484328381717
0.0438365340233
0.0390858650208
0.0342073589563
0.0292301811278
0.0241752229631
0.0190734248608
0.0139408502728
0.008814657107
0.00371717778035
-0.0013289777562
-0.00630182446912
-0.0111793503165
-0.0159403141588
-0.0205674916506
-0.025045087561
-0.0293572098017
-0.0334868058562
-0.0374288186431
-0.0411741174757
-0.0447140336037
-0.0480459183455
-0.0511672273278
-0.0540852025151
-0.0568011179566
-0.0593212321401
-0.061658680439
-0.063827469945
-0.065845027566
-0.0677280575037
-0.069500438869
-0.071187980473
-0.0728190392256
-0.0744212567806
-0.0760265439749
-0.0776710137725
-0.0793883949518
-0.0812148228288
-0.0831866189837
-0.0853409394622
-0.087716139853
-0.0903471186757
-0.0932692363858
-0.0965135544538
-0.100112766027
-0.104094222188
-0.108484081924
-0.113300547004
-0.118554256856
-0.124262809753
-0.130435630679
-0.137058585882
-0.144129037857
-0.151634737849
-0.159552499652
-0.167851775885
-0.176488533616
-0.185418277979
-0.194600075483
-0.203958779573
-0.213420793414
-0.22291263938
-0.232353597879
-0.241643607616
-0.250683099031
-0.25936087966
-0.267573803663
-0.275204628706
-0.282126992941
-0.288216233253
-0.293296068907
-0.297271549702
-0.300040632486
-0.3014780581
-0.301461219788
-0.299880117178
-0.296626836061
-0.291597038507
-0.284684568644
-0.275816529989
-0.264933735132
-0.251961112022
-0.236843764782
-0.21955306828
-0.200103461742
-0.178473234177
-0.154686272144
-0.128769129515
-0.100806877017
-0.0708734467626
-0.0390468463302
-0.00545325968415
0.0297704152763
0.0664534419775
0.104419715703
0.14350707829
0.183470353484
0.22410184145
0.265133798122
0.306348413229
0.347446769476
0.388149917126
0.428177684546
0.467240214348
0.505056023598
0.541289925575
0.575677275658
0.60792517662
0.637722074986
0.664804399014
0.68890362978
0.709753334522
0.72713303566
0.740824103355
0.750611960888
0.756310880184
0.757797956467
0.754953026772
0.747656345367
0.735829949379
0.719477713108
0.698606491089
0.673223495483
0.643368601799
0.609193444252
0.570844531059
0.528468728065
0.482232630253
0.432429492474
0.379341214895
0.323249846697
0.264439642429
0.20332223177
0.140290275216
0.0757365971804
0.0100391302258
-0.0563145577908
-0.122862868011
-0.189143970609
-0.254725337029
-0.319099873304
-0.381822556257
-0.442355871201
-0.500294208527
-0.555174708366
-0.606594204903
-0.654097735882
-0.69727987051
-0.735808670521
-0.769380033016
-0.797657310963
-0.820359587669
-0.8372874856
-0.848294794559
-0.853213846684
-0.851921081543
-0.844316363335
-0.830527842045
-0.810598552227
-0.784580826759
-0.752679288387
-0.715109288692
-0.672116994858
-0.623962342739
-0.570996165276
-0.513651072979
-0.452338457108
-0.387454330921
-0.319577038288
-0.249144732952
-0.176801383495
-0.103024020791
-0.0284379310906
0.046354342252
0.120788224041
0.194224998355
0.266076564789
0.335794150829
0.402756094933
0.466389387846
0.526216328144
0.581689953804
0.632407963276
0.677820384502
0.717618227005
0.751458764076
0.779024362564
0.800021111965
0.814302027225
0.82175463438
0.822266757488
0.815763413906
0.802316427231
0.782056450844
0.755100786686
0.72162771225
0.681882798672
0.636268258095
0.585091531277
0.528741657734
0.467702180147
0.402498632669
0.333622306585
0.261641442776
0.187162816525
0.110780820251
0.0331650190055
-0.0450488179922
-0.123210221529
-0.200701922178
-0.276828110218
-0.350939065218
-0.422462671995
-0.490734070539
-0.555230140686
-0.6153383255
-0.670602500439
-0.720540225506
-0.764679253101
-0.802658379078
-0.834117472172
-0.858842730522
-0.876567780972
-0.88707190752
-0.890289962292
-0.886206746101
-0.874804317951
-0.856098413467
-0.830248892307
-0.797501564026
-0.758050620556
-0.712159752846
-0.660191237926
-0.602625012398
-0.539837777615
-0.472308248281
-0.400590002537
-0.325228631496
-0.24688231945
-0.16606913507
-0.0834330841899
0.000279628380667
0.0844904854894
0.168450832367
0.251587629318
0.333240926266
0.412639796734
0.489217042923
0.562356352806
0.631484389305
0.696028113365
0.755468189716
0.809331476688
0.857199966908
0.898655772209
0.93332105875
0.960964083672
0.981350064278
0.994282007217
0.999584376812
0.997244954109
0.987274467945
0.969704210758
0.94458180666
0.912114500999
0.872581243515
0.826210260391
0.773263931274
0.714184403419
0.649410784245
0.579346358776
0.504537880421
0.425478756428
0.342785537243
0.257039189339
0.168840274215
0.0788336321712
-0.0123748425394
-0.10409039259
-0.195664331317
-0.28645375371
-0.375816524029
-0.463110297918
-0.547760307789
-0.629161298275
-0.706755459309
-0.779984772205
-0.848344266415
-0.911446988583
-0.968823254108
-1.02011942863
-1.0649715662
-1.10315525532
-1.13445472717
-1.15866410732
-1.17563068867
-1.18535959721
-1.18783509731
-1.18305313587
-1.17109823227
-1.15216171741
-1.1264269352
-1.09409987926
-1.05547583103
-1.0108808279
-0.960696041584
-0.905288159847
-0.845050215721
-0.780516922474
-0.71210694313
-0.64033049345
-0.565729796886
-0.488727509975
-0.409959614277
-0.32991963625
-0.249127730727
-0.168058663607
-0.0872633680701
-0.00728994607925
0.0714697241783
0.148540586233
0.223486065865
0.29590845108
0.365379333496
0.431648612022
0.494337975979
0.553199827671
0.607985556126
0.65852612257
0.704652190208
0.746205151081
0.783138513565
0.81539618969
0.842991650105
0.865888834
0.884190440178
0.897997021675
0.907422363758
0.912591218948
0.913693726063
0.910943567753
0.904552817345
0.894744277
0.881772339344
0.865914702415
0.84743231535
0.826601684093
0.803601861
0.778731405735
0.752369165421
0.724791705608
0.696254730225
0.666991651058
0.637286782265
0.607343494892
0.577389359474
0.547578632832
0.518114864826
0.489164501429
0.46085563302
0.433264911175
0.406499534845
0.380668401718
0.35578674078
0.331876724958
0.308960556984
0.287027448416
0.266053497791
0.245969444513
0.226744800806
0.208294659853
0.190532162786
0.173359185457
0.156684890389
0.140387415886
0.124356977642
0.108475282788
0.0926239937544
0.0766889676452
0.0605539418757
0.0441255271435
0.0272881891578
0.00995060987771
-0.00796869769692
-0.0265254303813
-0.045799292624
-0.0658440738916
-0.0866599008441
-0.108284279704
-0.130724430084
-0.153952762485
-0.177947595716
-0.202654585242
-0.228015944362
-0.253976672888
-0.280423492193
-0.307254552841
-0.33435317874
-0.361615031958
-0.388881772757
-0.416007936001
-0.442846566439
-0.469237327576
-0.495012879372
-0.520005762577
-0.54404938221
-0.566979289055
-0.5886323452
-0.60884565115
-0.627458930016
-0.644331753254
-0.659330844879
-0.672330379486
-0.683186948299
-0.691816031933
-0.698135137558
-0.702061295509
-0.703521847725
-0.70230036974
-0.69856262207
-0.692301392555
-0.683509588242
-0.672229409218
-0.658513307571
-0.642413496971
-0.623996019363
-0.603368520737
-0.580633461475
-0.55592995882
-0.529373347759
-0.501122951508
-0.471341818571
-0.44019344449
-0.407849550247
-0.374499559402
-0.340334951878
-0.305547386408
-0.270329982042
-0.234878748655
-0.19940648973
-0.164075940847
-0.129093304276
-0.0946369990706
-0.0608846284449
-0.0280289910734
0.00379910739139
0.0344436764717
0.0637522041798
0.0916133001447
0.117897935212
0.142507344484
0.165367692709
0.186402574182
0.205535724759
0.222756683826
0.238022148609
0.251314371824
0.262637615204
0.272025734186
0.279500484467
0.28509876132
0.288879841566
0.290923178196
0.291308879852
0.290118157864
0.287452250719
0.283425956964
0.27815669775
0.271755099297
0.264353632927
0.256077528
0.247066691518
0.237444803119
0.227352648973
0.216917231679
0.20626989007
0.195540383458
0.18484736979
0.174304842949
0.164026856422
0.154128402472
0.144690945745
0.135802730918
0.127550974488
0.120009727776
0.113228991628
0.107259854674
0.102144405246
0.0979031920433
0.0945597961545
0.0921262055635
0.090606443584
0.0899979993701
0.0902725830674
0.0913989320397
0.0933440253139
0.0960699170828
0.0995211005211
0.10363882035
0.1083644256
0.113635726273
0.119381658733
0.125529766083
0.132004544139
0.138739734888
0.145656883717
0.152687013149
0.159758031368
0.166801854968
0.173758178949
0.180567532778
0.187170386314
0.193511649966
0.199557766318
0.205264493823
0.210596352816
0.215523958206
0.220031604171
0.224104613066
0.227726623416
0.230895012617
0.233611866832
0.235885560513
0.237719804049
0.239127144217
0.240125373006
0.240732342005
0.240966662765
0.24084687233
0.240392461419
0.2396222651
0.238556280732
0.23720946908
0.23559063673
0.23371039331
0.231579437852
0.229197844863
0.226557910442
0.223657116294
0.220484226942
0.217023521662
0.213252156973
0.209141492844
0.204670235515
0.199803069234
0.194501280785
0.188728913665
0.182441413403
0.175603091717
0.16816778481
0.160092130303
0.151333197951
0.141852781177
0.131620377302
0.120590604842
0.108739770949
0.0960410013795
0.0824788361788
0.0680450797081
0.0527125671506
0.0365018509328
0.0194201376289
0.00148183340207
-0.0172956287861
-0.0368626080453
-0.0571789294481
-0.0782060921192
-0.099870659411
-0.12209700048
-0.144824519753
-0.167947217822
-0.191390559077
-0.215050876141
-0.238818109035
-0.262582331896
-0.286219030619
-0.309618681669
-0.33265593648
-0.355205386877
-0.377129465342
-0.398326426744
-0.418645918369
-0.437973916531
-0.456186056137
-0.473157346249
-0.488786876202
-0.502962589264
-0.515576541424
-0.526516079903
-0.535684108734
-0.543032169342
-0.54848331213
-0.551985263824
-0.553492069244
-0.55296087265
-0.550352752209
-0.545659422874
-0.538878977299
-0.530015945435
-0.519072592258
-0.50608587265
-0.491099327803
-0.474166423082
-0.455330699682
-0.434671998024
-0.412276118994
-0.388242065907
-0.362636774778
-0.335604697466
-0.307268708944
-0.277719855309
-0.247116059065
-0.215586081147
-0.183277025819
-0.150336146355
-0.116930872202
-0.0832044407725
-0.0493184812367
-0.0154514657333
0.0182518400252
0.0516283735633
0.0845148935914
0.116732440889
0.148152351379
0.178576216102
0.207898080349
0.235951080918
0.262577146292
0.287649184465
0.311064571142
0.33267429471
0.352372229099
0.370064795017
0.385661870241
0.399068146944
0.410212695599
0.419044673443
0.425528347492
0.42961537838
0.431278944016
0.430525690317
0.427366644144
0.421812146902
0.413886338472
0.403656244278
0.391184031963
0.376536250114
0.359792172909
0.341076850891
0.320501685143
0.298198789358
0.274275541306
0.248917654157
0.222292676568
0.194538488984
0.165856733918
0.136442452669
0.106462992728
0.0761464834213
0.0456780977547
0.0152827324346
-0.0148594481871
-0.0445069409907
-0.0734516605735
-0.101505219936
-0.128465086222
-0.154128745198
-0.178288519382
-0.200782075524
-0.221438109875
-0.240077123046
-0.256548523903
-0.270726114511
-0.282490998507
-0.291721403599
-0.298315167427
-0.302216798067
-0.303375005722
-0.301734477282
-0.29724240303
-0.289943516254
-0.279867678881
-0.267051368952
-0.251533448696
-0.233409538865
-0.212800517678
-0.189808487892
-0.164553448558
-0.137217268348
-0.107970237732
-0.0770102366805
-0.0444946885109
-0.0106813404709
0.0241908747703
0.0599021837115
0.0962128266692
0.13286280632
0.169566050172
0.206055819988
0.242102056742
0.277400910854
0.311703026295
0.344724744558
0.376218676567
0.405925095081
0.433624356985
0.459080606699
0.482061624527
0.502363562584
0.519824206829
0.534263193607
0.545519530773
0.553471684456
0.558038771152
0.559129297733
0.556662559509
0.550614714622
0.540998220444
0.527833878994
0.511133670807
0.490980744362
0.467484623194
0.440762966871
0.41094994545
0.378200232983
0.342724442482
0.304752618074
0.264480412006
0.222174152732
0.178095892072
0.13252748549
0.0857738628983
0.0381348989904
-0.0101167280227
-0.058615423739
-0.107041813433
-0.15510109067
-0.202475592494
-0.248825594783
-0.293857544661
-0.337268471718
-0.378759771585
-0.418058753014
-0.454928904772
-0.489064186811
-0.520311117172
-0.548439264297
-0.573254108429
-0.594594299793
-0.612348973751
-0.626413166523
-0.636695146561
-0.643115401268
-0.645671904087
-0.644139528275
-0.638763964176
-0.629573404789
-0.616670131683
-0.600169301033
-0.580196917057
-0.556871950626
-0.530379414558
-0.500941753387
-0.4687538445
-0.434045284986
-0.39705273509
-0.358047962189
-0.317302912474
-0.27511253953
-0.231770113111
-0.187535718083
-0.142755404115
-0.0977325662971
-0.0527445860207
-0.00808762107044
0.0359423272312
0.0790289193392
0.120938159525
0.161355763674
0.200088277459
0.236845448613
0.271422922611
0.303620815277
0.333289116621
0.360217273235
0.384258300066
0.405337840319
0.423342049122
0.438189029694
0.449811160564
0.458196908236
0.46335169673
0.465274393559
0.463980674744
0.459542810917
0.451882719994
0.441200137138
0.427637666464
0.41133376956
0.392440319061
0.371120214462
0.347520977259
0.321831017733
0.294252067804
0.264986276627
0.234253451228
0.202258527279
0.169213056564
0.135378360748
0.100967600942
0.0662266537547
0.0313499048352
-0.00341723207384
-0.0378296598792
-0.0716883763671
-0.104790374637
-0.136948868632
-0.167930707335
-0.197554156184
-0.225690916181
-0.252170562744
-0.276838123798
-0.299546808004
-0.320219039917
-0.33873796463
-0.355025559664
-0.3689853549
-0.380585879087
-0.389793157578
-0.396574050188
-0.400775462389
-0.402454525232
-0.401717871428
-0.398588806391
-0.393096238375
-0.385300934315
-0.375287204981
-0.36312931776
-0.348907679319
-0.332730650902
-0.314720511436
-0.294990122318
-0.273683637381
-0.250933974981
-0.226883888245
-0.201712176204
-0.175563409925
-0.148587673903
-0.12096773088
-0.0928877219558
-0.0644908174872
-0.0359594859183
-0.00746074831113
0.0208389591426
0.0487736351788
0.0761844366789
0.102924488485
0.128861382604
0.15382425487
0.177702516317
0.200368866324
0.221711874008
0.2416203022
0.25999122858
0.276757031679
0.291688710451
0.304865241051
0.316212415695
0.325696617365
0.333293169737
0.338976800442
0.342727720737
0.344551742077
0.344471246004
0.342508882284
0.33868932724
0.333061099052
0.325693279505
0.316653579473
0.306011170149
0.293848901987
0.280276417732
0.265398770571
0.249321714044
0.232154235244
0.214041888714
0.195096790791
0.175447389483
0.155236184597
0.134611591697
0.113681249321
0.0926137939095
0.0715242177248
0.0505543649197
0.0298247747123
0.00948700960726
-0.0103546530008
-0.0295879356563
-0.0480836033821
-0.0657596811652
-0.0824856385589
-0.0981964841485
-0.112805269659
-0.126208856702
-0.138335734606
-0.149154409766
-0.158629581332
-0.166714161634
-0.173372000456
-0.178596138954
-0.182381883264
-0.184729546309
-0.185638949275
-0.185136646032
-0.183258667588
-0.18004232645
-0.175524130464
-0.169763460755
-0.162829354405
-0.15478669107
-0.145703837276
-0.135666832328
-0.124766647816
-0.113088451326
-0.100728824735
-0.0877780765295
-0.0743433535099
-0.0605192109942
-0.046413552016
-0.0321270488203
-0.0177456457168
-0.00338978762738
0.0108613157645
0.0248923152685
0.0386352166533
0.0519820824265
0.0648641735315
0.0771881192923
0.0888853743672
0.0998932942748
0.11014303565
0.119569696486
0.128129139543
0.135782077909
0.142484247684
0.148199498653
0.152906537056
0.156589403749
0.159233123064
0.160827174783
0.161377683282
0.160894036293
0.159386366606
0.156868442893
0.153369233012
0.148920208216
0.143556371331
0.137310653925
0.130234509706
0.122374117374
0.113779105246
0.104506842792
0.0946065708995
0.0841565877199
0.073201701045
0.0618163906038
0.0500551611185
0.0379980504513
0.0257006827742
0.0132420258597
0.000687688414473
-0.0119100706652
-0.0244729705155
-0.0369430966675
-0.0492543801665
-0.0613612756133
-0.0731924697757
-0.084697201848
-0.0958196148276
-0.106523655355
-0.116749800742
-0.126457482576
-0.135603934526
-0.144163921475
-0.152092546225
-0.159361034632
-0.165944591165
-0.17182123661
-0.17696595192
-0.181364491582
-0.184999793768
-0.187865659595
-0.189951643348
-0.191253587604
-0.191769883037
-0.191505521536
-0.190462782979
-0.18864735961
-0.186071977019
-0.182751536369
-0.178702607751
-0.173939108849
-0.168488606811
-0.162370190024
-0.155598789454
-0.148220002651
-0.140269264579
-0.13178384304
-0.122801035643
-0.113365210593
-0.10351151228
-0.0932918265462
-0.0827586278319
-0.071949519217
-0.060929056257
-0.0497404560447
-0.0384495817125
-0.027106422931
-0.0157638285309
-0.00449190055951
0.00665588770062
0.0176203940064
0.0283476561308
0.0387681424618
0.0488277748227
0.0584687925875
0.0676409453154
0.0762813016772
0.0843398571014
0.091769464314
0.0985189750791
0.104548253119
0.109815694392
0.114279307425
0.117914952338
0.120692357421
0.12258309871
0.123571015894
0.12364718318
0.122804053128
0.121034666896
0.118344582617
0.114749439061
0.110264882445
0.104905039072
0.0987059250474
0.0917011871934
0.0839330777526
0.0754427611828
0.0662854090333
0.0565222389996
0.046214427799
0.0354200601578
0.0242244657129
0.0126923955977
0.000924614432734
-0.0109906932339
-0.0229701343924
-0.0349113978446
-0.046734854579
-0.0583429001272
-0.0696423873305
-0.0805396139622
-0.0909451544285
-0.100757934153
-0.109899967909
-0.118283398449
-0.125813528895
-0.13241879642
-0.138023868203
-0.142566561699
-0.145971879363
-0.148190334439
-0.149178147316
-0.148893237114
-0.147295847535
-0.144366204739
-0.140094935894
-0.134471133351
-0.127401053905
-0.118991144001
-0.109291516244
-0.0983309596777
-0.0861420184374
-0.0727922990918
-0.0583409704268
-0.0428604893386
-0.026430984959
-0.00915129389614
0.00888670701534
0.0275747738779
0.046808950603
0.0664588958025
0.0864037200809
0.106532610953
0.126710340381
0.146808177233
0.166653960943
0.185977593064
0.204763025045
0.222866371274
0.240157470107
0.25648650527
0.27175077796
0.285805493593
0.298547029495
0.309853285551
0.319649457932
0.327852994204
0.334384441376
0.339196801186
0.342258602381
0.343529850245
0.342536985874
0.339705556631
0.335024833679
0.328483521938
0.32007881999
0.309846937656
0.29782217741
0.284055203199
0.268620967865
0.251610219479
0.233130484819
0.213274806738
0.192170917988
0.169772148132
0.146406322718
0.122257113457
0.0974743589759
0.0721681639552
0.0464751236141
0.0205487273633
-0.00546475918964
-0.0314199365675
-0.0571872107685
-0.0826380699873
-0.107627160847
-0.131840705872
-0.155187413096
-0.177551195025
-0.198833182454
-0.218900471926
-0.237654402852
-0.255005836487
-0.270886689425
-0.285249173641
-0.298059612513
-0.309322804213
-0.318468987942
-0.325901955366
-0.331615686417
-0.335573226213
-0.337744891644
-0.3381293118
-0.33676892519
-0.333721727133
-0.32906666398
-0.322897434235
-0.314859002829
-0.305380791426
-0.294621616602
-0.282624006271
-0.269436210394
-0.255136013031
-0.239825710654
-0.223623648286
-0.206676110625
-0.18902759254
-0.17065782845
-0.152003645897
-0.133135408163
-0.11412794888
-0.0950672030449
-0.0760442912579
-0.0571745894849
-0.0385594777763
-0.0202902276069
-0.00250133196823
0.0146113485098
0.0309933573008
0.0465647988021
0.0612689219415
0.0750363767147
0.0878397896886
0.0996402129531
0.110333636403
0.119745247066
0.127969041467
0.134964033961
0.140701845288
0.145173534751
0.148394361138
0.150392979383
0.151216581464
0.150614365935
0.148865148425
0.146002262831
0.142040759325
0.137016355991
0.130976602435
0.12400495261
0.116185002029
0.107428349555
0.0979899168015
0.087980017066
0.0774384364486
0.0664342418313
0.055033609271
0.0433308593929
0.0314050763845
0.0193252135068
0.00729052582756
-0.00461828801781
-0.0163390636444
-0.0278052333742
-0.0389572679996
-0.049737084657
-0.0600673109293
-0.0697459951043
-0.0787750706077
-0.0870936587453
-0.0946358889341
-0.101370222867
-0.107279382646
-0.112358272076
-0.116375252604
-0.119420737028
-0.121501259506
-0.122571066022
-0.122618712485
-0.121657297015
-0.119717992842
-0.116705164313
-0.112658433616
-0.107712194324
-0.101849719882
-0.0950936377048
-0.0874736607075
-0.0790448263288
-0.0698180347681
-0.0598690584302
-0.0493698082864
-0.0383475124836
-0.0268510431051
-0.0149285830557
-0.00263305474073
0.00996790919453
0.0226832032204
0.0354293994606
0.0481406114995
0.0607554204762
0.0732224434614
0.085520811379
0.0975105166435
0.108989186585
0.119992308319
0.130421698093
0.140239015222
0.149426564574
0.158014595509
0.165724411607
0.172581240535
0.178637295961
0.183818534017
0.188111200929
0.19156652689
0.194267109036
0.195739254355
0.196448236704
0.196325942874
0.19533585012
0.193520262837
0.190979272127
0.187621936202
0.183430284262
0.178682371974
0.17333163321
0.167389541864
0.160932838917
0.154080674052
0.146576866508
0.138828009367
0.130840808153
0.12259747833
0.114137873054
0.105534441769
0.0967500954866
0.0878911539912
0.0791013389826
0.0703471004963
0.061634901911
0.052988126874
0.0444304943085
0.0359493307769
0.0277037136257
0.0196578484029
0.0117922332138
0.00410502264276
-0.00342458160594
-0.0107550499961
-0.0178408063948
-0.0246888045222
-0.0313233919442
-0.037771128118
-0.0440694615245
-0.0501701645553
-0.0560376234353
-0.0617146492004
-0.0672009438276
-0.0725151449442
-0.077709376812
-0.0827561020851
-0.0875523239374
-0.0922063738108
-0.0966857522726
-0.100994534791
-0.105184771121
-0.109256856143
-0.113017253578
-0.116650797427
-0.120099268854
-0.123348429799
-0.126446664333
-0.129433080554
-0.132016777992
-0.134471252561
-0.136719435453
-0.138734221458
-0.140558451414
-0.142267972231
-0.14350387454
-0.144612118602
-0.145505040884
-0.146146938205
-0.14658087492
-0.146900683641
-0.146716073155
-0.146417230368
-0.145910978317
-0.145154327154
-0.144184783101
-0.143091157079
-0.141506522894
-0.139809206128
-0.137905925512
-0.135749980807
-0.133366048336
-0.130828797817
-0.127806827426
-0.124650411308
-0.121269486845
-0.117607980967
-0.1136816293
-0.10954054445
-0.104917012155
-0.100114531815
-0.0950525775552
-0.089677400887
-0.0839936882257
-0.078027613461
-0.0716174393892
-0.0649925023317
-0.0581030994654
-0.0509142391384
-0.0434183068573
-0.0356328226626
-0.0275254901499
-0.0192473269999
-0.0107901543379
-0.00214889179915
0.0066777896136
0.0156821012497
0.0247621871531
0.0338414385915
0.0428893826902
0.0518661439419
0.0607662238181
0.0695954337716
0.0781727135181
0.0864338353276
0.094362989068
0.101897634566
0.109003953636
0.115704216063
0.121850542724
0.1273149997
0.132182091475
0.136365607381
0.13984040916
0.142629802227
0.144735619426
0.145859763026
0.14629919827
0.145980715752
0.14487709105
0.143030419946
0.140521883965
0.137179434299
0.133189156651
0.128659263253
0.123578637838
0.117987863719
0.111979022622
0.105647847056
0.098868265748
0.0919911786914
0.0850365310907
0.0780469030142
0.0710901543498
0.0642631724477
0.057623591274
0.0512284971774
0.0452594198287
0.0397418700159
0.034720890224
0.0302447006106
0.0263602081686
0.0231117177755
0.0205219201744
0.0186536889523
0.0174961742014
0.0170484855771
0.0173023995012
0.0182419791818
0.0198579672724
0.0220689810812
0.024851070717
0.02814187482
0.0318755842745
0.0359843447804
0.0403972752392
0.0450511574745
0.0498542301357
0.0546276830137
0.0593466237187
0.0639026537538
0.0682003051043
0.0721466094255
0.0756657794118
0.0786834284663
0.0811195001006
0.0827652066946
0.0836830958724
0.083795465529
0.0830450281501
0.081382907927
0.0787701308727
0.0751901641488
0.0706483274698
0.0650907233357
0.0585226863623
0.0510565303266
0.042717218399
0.0335233099759
0.0235315486789
0.0127949137241
0.00138716131914
-0.0106331324205
-0.0231821425259
-0.0361059308052
-0.0492817647755
-0.0626208931208
-0.0760070979595
-0.089328572154
-0.102481253445
-0.115353778005
-0.127845942974
-0.139867901802
-0.15132278204
-0.162127822638
-0.171983912587
-0.180908724666
-0.188867002726
-0.195780992508
-0.201582506299
-0.206198260188
-0.209584459662
-0.211713865399
-0.212568417192
-0.212131589651
-0.210412144661
-0.207431480289
-0.2032096982
-0.197663292289
-0.190831631422
-0.182901754975
-0.173916369677
-0.163925975561
-0.153015851974
-0.141266569495
-0.128748118877
-0.11556237191
-0.101800262928
-0.087583810091
-0.0729968845844
-0.0581598542631
-0.0431758575141
-0.0281534735113
-0.0132070248947
0.00156703731045
0.0160603951663
0.0301794745028
0.0438197180629
0.0568979680538
0.0692913532257
0.0809467509389
0.0917859598994
0.101759105921
0.110810250044
0.118888989091
0.12595666945
0.131988376379
0.13696834445
0.140874221921
0.143702402711
0.145464360714
0.146175757051
0.145851716399
0.144517451525
0.142218247056
0.138997167349
0.134899765253
0.129978835583
0.124298051
0.117929980159
0.110938414931
0.103394240141
0.0953764393926
0.0869639888406
0.0782350078225
0.0692681670189
0.0601438693702
0.0509466119111
0.0417504683137
0.0326267741621
0.0236560609192
0.0149074597284
0.0064398557879
-0.00167377071921
-0.00938356574625
-0.016632406041
-0.0233752764761
-0.0295656062663
-0.0351678915322
-0.0401575528085
-0.044506303966
-0.0481849722564
-0.0511812455952
-0.0534925609827
-0.0551146119833
-0.0560437329113
-0.0562897361815
-0.0558755919337
-0.0548258796334
-0.0531665459275
-0.0509280487895
-0.0481547899544
-0.0448477119207
-0.0410639308393
-0.0368533693254
-0.0322600454092
-0.02733082138
-0.022112172097
-0.0166617706418
-0.0110315354541
-0.00528513034806
0.000518897431903
0.00632713409141
0.0120879495516
0.0177634414285
0.0233252681792
0.0287210475653
0.0339008569717
0.0388083979487
0.0433979704976
0.0476315207779
0.0514905303717
0.0549055673182
0.0578711144626
0.0604109913111
0.0624804273248
0.064038477838
0.0650707110763
0.0655915811658
0.0656312778592
0.0650476738811
0.0639736130834
0.0623796917498
0.0602593310177
0.0576351992786
0.0545571893454
0.0510196536779
0.0469865389168
0.0425237938762
0.0376361645758
0.0323693305254
0.0267918892205
0.020936511457
0.0147566404194
0.00828473456204
0.0015677860938
-0.00531268585473
-0.0122855082154
-0.0193248875439
-0.0265164002776
-0.0337924845517
-0.0410473719239
-0.0482267253101
-0.0552472062409
-0.0622336827219
-0.069137185812
-0.0758355036378
-0.0822990983725
-0.0884054005146
-0.0943293198943
-0.0999914258718
-0.105283841491
-0.110255509615
-0.114639796317
-0.118777371943
-0.122476115823
-0.125715211034
-0.128443032503
-0.13067150116
-0.132462948561
-0.133713454008
-0.134549379349
-0.134645596147
-0.134338051081
-0.133467152715
-0.132162645459
-0.130201175809
-0.127755045891
-0.124759055674
-0.121331728995
-0.117386437953
-0.11291141808
-0.107922293246
-0.102551974356
-0.0967887118459
-0.090519413352
-0.0838010013103
-0.0767943933606
-0.0694985985756
-0.0617745295167
-0.0536844581366
-0.0454385094345
-0.0370155274868
-0.0282405037433
-0.0192303806543
-0.0102065494284
-0.00112205184996
0.00822387449443
0.0176399294287
0.0269354712218
0.036189340055
0.0455849207938
0.0548679567873
0.0638896748424
0.07283821702
0.0817428082228
0.0903801470995
0.0986161157489
0.106765434146
0.114655099809
0.122202947736
0.129186376929
0.136048719287
0.142467200756
0.148400723934
0.153866514564
0.158988445997
0.163620650768
0.167601376772
0.171205803752
0.174264073372
0.17687484622
0.178699210286
0.180135399103
0.180997654796
0.181262016296
0.180955499411
0.180068388581
0.178796827793
0.176669880748
0.174101740122
0.170968145132
0.167391821742
0.16317024827
0.158402115107
0.153304323554
0.147577270865
0.141358837485
0.134676784277
0.127771139145
0.120281480253
0.112347915769
0.104210048914
0.0957610309124
0.086884945631
0.0777105540037
0.0685400888324
0.0590085051954
0.0491993129253
0.0393440723419
0.0295407399535
0.0194703713059
0.00931695196778
-0.000648758956231
-0.0105874296278
-0.020633848384
-0.0305203460157
-0.0400826409459
-0.0495953597128
-0.0590054020286
-0.068065777421
-0.0767056122422
-0.0852454379201
-0.0934323742986
-0.101183749735
-0.108413234353
-0.115418151021
-0.121916331351
-0.127853184938
-0.133310258389
-0.13833014667
-0.142785847187
-0.14657574892
-0.149886265397
-0.152609825134
-0.15479336679
-0.156191706657
-0.157106712461
-0.157373651862
-0.157175272703
-0.156092181802
-0.154528468847
-0.152321621776
-0.14970138669
-0.146248310804
-0.142296686769
-0.137756228447
-0.132875978947
-0.127255529165
-0.121167644858
-0.114576637745
-0.107752427459
-0.100314803421
-0.092475168407
-0.0842499211431
-0.0758626833558
-0.0671458020806
-0.0580855198205
-0.0487603545189
-0.039361756295
-0.0299171097577
-0.0202544741333
-0.0104591045529
-0.000690288783517
0.00891976710409
0.0184894166887
0.0280691366643
0.0375056825578
0.0466703660786
0.0555002875626
0.0641493722796
0.0725634694099
0.0805819183588
0.0881869718432
0.0952418148518
0.101958729327
0.108219124377
0.113916799426
0.119091205299
0.123531281948
0.127479657531
0.130826666951
0.1334939152
0.135546267033
0.13684643805
0.137463897467
0.137429460883
0.136664420366
0.135214358568
0.133198022842
0.13026753068
0.126733481884
0.122514605522
0.117616221309
0.112115673721
0.106114946306
0.0993608906865
0.0920652300119
0.08421215415
0.0758361965418
0.0670078769326
0.057815041393
0.0482829324901
0.0383408851922
0.0280691664666
0.0175140947104
0.00674194889143
-0.00415815180168
-0.0151212885976
-0.0261022280902
-0.0370319187641
-0.0479549840093
-0.0588181391358
-0.0695393979549
-0.0800294205546
-0.090225353837
-0.100076235831
-0.109555378556
-0.118556581438
-0.127032577991
-0.135045051575
-0.142536595464
-0.149423420429
-0.155652984977
-0.161172971129
-0.165968477726
-0.170026183128
-0.173341423273
-0.175870195031
-0.177413418889
-0.178179353476
-0.17813155055
-0.17723736167
-0.175478801131
-0.172852441669
-0.169361457229
-0.165012225509
-0.159828856587
-0.153833284974
-0.147064566612
-0.139548137784
-0.131307914853
-0.122365899384
-0.112670369446
-0.10236337781
-0.091472864151
-0.0800533294678
-0.0681419596076
-0.055795725435
-0.0430684946477
-0.0300130974501
-0.0167057476938
-0.00320429331623
0.0104327956215
0.0241325479001
0.0378209091723
0.0514434203506
0.064925044775
0.0781987681985
0.0911994576454
0.103861518204
0.116118639708
0.127907052636
0.139168262482
0.149843528867
0.159873217344
0.169197186828
0.177777037024
0.185561284423
0.192502439022
0.19855505228
0.203693673015
0.20788346231
0.211097940803
0.213309764862
0.214509427547
0.214687556028
0.213834702969
0.211949422956
0.209041029215
0.205125436187
0.200214549899
0.194329127669
0.187502726912
0.17977425456
0.171176239848
0.161751955748
0.151555091143
0.140640750527
0.129070073366
0.116900861263
0.104208819568
0.091052941978
0.0775167942047
0.0636764764786
0.0496041812003
0.0353786572814
0.0210786443204
0.00678836461157
-0.00742219341919
-0.0214763041586
-0.0352553315461
-0.0486788488925
-0.0616924166679
-0.0742077976465
-0.0861760899425
-0.0975299328566
-0.108213990927
-0.118176490068
-0.127371460199
-0.13576297462
-0.143322348595
-0.15002758801
-0.155872017145
-0.160855278373
-0.164989888668
-0.168040141463
-0.170223891735
-0.171568587422
-0.172084376216
-0.171788692474
-0.17071351409
-0.168897882104
-0.166387632489
-0.163246363401
-0.159546807408
-0.155368030071
-0.150586396456
-0.145402699709
-0.139945194125
-0.134249359369
-0.128356739879
-0.122319892049
-0.116193197668
-0.110049523413
-0.103956699371
-0.0979177132249
-0.091926664114
-0.0861697942019
-0.080645672977
-0.0753557533026
-0.0703105553985
-0.0655259341002
-0.0610150583088
-0.0567948035896
-0.0527618974447
-0.0490300171077
-0.0455601364374
-0.042313683778
-0.0392489023507
-0.0363302417099
-0.0335272103548
-0.0307795275003
-0.0280442722142
-0.0253160018474
-0.0225300937891
-0.0196277834475
-0.0165566205978
-0.0132643654943
-0.00969522073865
-0.00583304977044
-0.00165779679082
0.00287715974264
0.00781162688509
0.0131824063137
0.0190366245806
0.0253284890205
0.0320468172431
0.0391905978322
0.046755567193
0.0547588393092
0.0632229372859
0.0720109194517
0.0810613110662
0.0903520360589
0.0998163670301
0.109443709254
0.11926818639
0.128946810961
0.138514712453
0.147896468639
0.156989991665
0.165794998407
0.174275115132
0.181975990534
0.189128786325
0.195544317365
0.201171308756
0.206100776792
0.209822446108
0.212585568428
0.214300885797
0.214865937829
0.214365243912
0.212494343519
0.209405019879
0.205154031515
0.199631825089
0.192941084504
0.184874758124
0.175677463412
0.165459394455
0.15414519608
0.141841351986
0.128417983651
0.114316150546
0.0995637029409
0.084147259593
0.0681696459651
0.0516668818891
0.0351051241159
0.0184471905231
0.00171127484646
-0.015029755421
-0.0313897505403
-0.0472547486424
-0.0626023113728
-0.0774817839265
-0.0915140509605
-0.104597769678
-0.116670697927
-0.127781927586
-0.137800335884
-0.146484881639
-0.153903201222
-0.16003587842
-0.164992943406
-0.168356180191
-0.170493677258
-0.17128649354
-0.170933306217
-0.169081345201
-0.166195169091
-0.162196591496
-0.157232552767
-0.15119305253
-0.144431427121
-0.137014403939
-0.129017308354
-0.120471946895
-0.111672103405
-0.102773442864
-0.0938067734241
-0.0848638415337
-0.0761725604534
-0.0679279267788
-0.0601293519139
-0.0528618022799
-0.0462996661663
-0.0405899994075
-0.0357177183032
-0.0317424684763
-0.0287428405136
-0.026784369722
-0.0258365068585
-0.0259321313351
-0.0270089656115
-0.0290598813444
-0.0320423729718
-0.0359399169683
-0.0405562929809
-0.0458412766457
-0.0517252460122
-0.058148227632
-0.0648166686296
-0.0716679021716
-0.0785983726382
-0.0855377018452
-0.0921323671937
-0.09834998101
-0.104070954025
-0.10920843482
-0.113451011479
-0.116806097329
-0.119153223932
-0.120408557355
-0.120381698012
-0.119124226272
-0.116530388594
-0.112542673945
-0.10713339597
-0.10040448606
-0.0922780111432
-0.082719668746
-0.0718955546618
-0.0599529854953
-0.0468224734068
-0.0325137265027
-0.0173737071455
-0.00154646555893
0.0150090726092
0.0322486907244
0.0497072115541
0.0672514438629
0.0849028453231
0.102615877986
0.119844615459
0.136534810066
0.152657076716
0.168236702681
0.182637691498
0.195989102125
0.208171993494
0.219339132309
0.228749394417
0.236806437373
0.243289485574
0.248457357287
0.251572012901
0.253227949142
0.253198832273
0.25166669488
0.248274028301
0.243410661817
0.237069860101
0.229288890958
0.220045670867
0.209480285645
0.19788891077
0.185188725591
0.171558052301
0.156817555428
0.141648575664
0.125892788172
0.109637901187
0.0928845256567
0.0760800093412
0.0593081302941
0.042533095926
0.0258084386587
0.00934333261102
-0.00657908711582
-0.0219870656729
-0.0368990302086
-0.0512505099177
-0.0647341832519
-0.0773434638977
-0.0890654996037
-0.0999869927764
-0.109892293811
-0.118713125587
-0.12647511065
-0.1331628263
-0.138890370727
-0.143412590027
-0.146840929985
-0.149201840162
-0.150484114885
-0.150801464915
-0.149993777275
-0.14818315208
-0.145483717322
-0.14185769856
-0.137383893132
-0.132093399763
-0.12592022121
-0.119164526463
-0.111782878637
-0.103809311986
-0.0953373908997
-0.0863098949194
-0.0769630521536
-0.0673961564898
-0.0576063357294
-0.0476409085095
-0.0375784374774
-0.0274456590414
-0.0174487307668
-0.00765065010637
0.00191380688921
0.0112017057836
0.0201696772128
0.0287456773221
0.0367732457817
0.0442222841084
0.0510402023792
0.0571858212352
0.0626233145595
0.0673381537199
0.0712464526296
0.0742422491312
0.0763852074742
0.0776426047087
0.077983096242
0.0773990824819
0.0759008228779
0.0735005736351
0.070134408772
0.0658520832658
0.0607415363193
0.0548143163323
0.0480923317373
0.0406249724329
0.0324525497854
0.0236254613847
0.0142024606466
0.00424725189805
-0.00612435908988
-0.0168311819434
-0.0277905799448
-0.038917273283
-0.0501356311142
-0.0613625980914
-0.0725129842758
-0.0834992080927
-0.094245813787
-0.104670077562
-0.114699676633
-0.124256372452
-0.13309495151
-0.141281470656
-0.148745536804
-0.15542063117
-0.161249682307
-0.16618591547
-0.170185029507
-0.173202753067
-0.175210013986
-0.176193073392
-0.176136761904
-0.175028473139
-0.172870442271
-0.169679358602
-0.165469095111
-0.160252809525
-0.154067412019
-0.146951973438
-0.138947352767
-0.130100041628
-0.120457440615
-0.110085897148
-0.099046908319
-0.0874026194215
-0.07522457093
-0.0625877305865
-0.0495594702661
-0.0362260639668
-0.0226515457034
-0.00892037618905
0.00489073479548
0.0187132842839
0.0324601791799
0.0460731424391
0.0594811290503
0.0726079717278
0.0853905379772
0.0977754592896
0.109697647393
0.121099293232
0.131936252117
0.142165035009
0.151737987995
0.16061796248
0.16876809299
0.176170408726
0.182804211974
0.188647806644
0.193696945906
0.1979483217
0.201415374875
0.204103142023
0.205967262387
0.206916317344
0.207126125693
0.206606939435
0.205366417766
0.203419581056
0.200786322355
0.197490677238
0.193555921316
0.189020887017
0.183934152126
0.178349405527
0.172323122621
0.16591180861
0.159022957087
0.151711791754
0.144113600254
0.136248335242
0.128136828542
0.11982177943
0.111339114606
0.102742440999
0.0940937027335
0.0854471921921
0.0768279954791
0.068136036396
0.0595077984035
0.0509596318007
0.0425126180053
0.0341910272837
0.0260451994836
0.0181144084781
0.0104223163798
0.00297978450544
-0.00423585018143
-0.0112109016627
-0.0179350078106
-0.024384200573
-0.0305315069854
-0.0363541729748
-0.0418567173183
-0.0470249764621
-0.0518445149064
-0.0563902966678
-0.060636062175
-0.0645571127534
-0.0681455656886
-0.0714174360037
-0.0744111388922
-0.0769794806838
-0.0793079435825
-0.0813692212105
-0.0831352695823
-0.0846098735929
-0.0858295857906
-0.0868039801717
-0.0874289721251
-0.087867602706
-0.0880805924535
-0.0880551338196
-0.0878219529986
-0.0874442905188
-0.0867725536227
-0.0859429091215
-0.0849598199129
-0.0838034749031
-0.0825010538101
-0.0811193585396
-0.0795385763049
-0.0778394788504
-0.0760484263301
-0.0741481631994
-0.0721732825041
-0.0701933726668
-0.0680543035269
-0.0658805295825
-0.0636633709073
-0.0614046342671
-0.0591494515538
-0.0569206736982
-0.0546122640371
-0.052329774946
-0.0500534698367
-0.0478077679873
-0.0456476733088
-0.0434856079519
-0.0413698144257
-0.0393112190068
-0.037317737937
-0.0354300513864
-0.0336294621229
-0.0318869613111
-0.0302455499768
-0.0287009030581
-0.027282865718
-0.025996748358
-0.0247910749167
-0.0237156879157
-0.0227627214044
-0.0219483152032
-0.0212808381766
-0.0207105334848
-0.0202858764678
-0.0199937000871
-0.0198396947235
-0.019824527204
-0.0199099425226
-0.0201398450881
-0.0204938128591
-0.0209699459374
-0.021555159241
-0.0222320947796
-0.0230333749205
-0.023930804804
-0.0249189753085
-0.0259668063372
-0.0270888004452
-0.0282946098596
-0.0295507833362
-0.0308583360165
-0.0321565791965
-0.0335057750344
-0.0348808690906
-0.0362495519221
-0.0376239828765
-0.0389144718647
-0.0402230769396
-0.0414854623377
-0.0426927097142
-0.0438196249306
-0.0448549799621
-0.0458305925131
-0.0466954745352
-0.0474735200405
-0.0480740740895
-0.0485768653452
-0.0489426217973
-0.049157679081
-0.0492399707437
-0.0491049662232
-0.048831295222
-0.0483698733151
-0.047755304724
-0.0469281189144
-0.0459092371166
-0.0446921773255
-0.0432815775275
-0.0417256094515
-0.0399081259966
-0.0379033908248
-0.035691216588
-0.0333204716444
-0.0307702161372
-0.028002711013
-0.0250327009708
-0.0218957085162
-0.0186509788036
-0.0152102699503
-0.0115867387503
-0.00780337816104
-0.00392644153908
3.36877710652e-05
0.00415608612821
0.00841413717717
0.0127472449094
0.017108399421
0.0215128976852
0.026040058583
0.0306093841791
0.0351689495146
0.0396739318967
0.0442202836275
0.0487905405462
0.0532994940877
0.0577503480017
0.0620363652706
0.0663541182876
0.0705765485764
0.07467263937
0.078582264483
0.0823803767562
0.0860855132341
0.0896041989326
0.0929932594299
0.096034348011
0.0990020409226
0.101768471301
0.104317881167
0.106631167233
0.108661174774
0.110530249774
0.112136103213
0.113550752401
0.114602923393
0.115454807878
0.11606708169
0.116414889693
0.116607062519
0.116352520883
0.115949377418
0.115279428661
0.114390790462
0.113291464746
0.111866556108
0.110257074237
0.108402237296
0.106396995485
0.104152798653
0.101678557694
0.0990232378244
0.0961759462953
0.0932492539287
0.090090058744
0.0867766290903
0.0833167433739
0.0797310844064
0.0761265307665
0.0723374933004
0.0684540867805
0.0644757375121
0.060436449945
0.0564217977226
0.0523050762713
0.0481397137046
0.0439310222864
0.0397138930857
0.0355556868017
0.0313913673162
0.0272079203278
0.023026984185
0.0188817679882
0.0148135060444
0.010818021372
0.00683807488531
0.00289029628038
-0.000997506896965
-0.00479397317395
-0.00848784577101
-0.0121071031317
-0.0156858190894
-0.0191957633942
-0.0226100292057
-0.025926483795
-0.0291215796024
-0.0322572290897
-0.0353352874517
-0.0383266843855
-0.0412209741771
-0.0440439097583
-0.0467087365687
-0.0493445061147
-0.0519195236266
-0.0544073320925
-0.0568125322461
-0.0591657869518
-0.0613458864391
-0.0635152608156
-0.0656289979815
-0.0676604062319
-0.0696188062429
-0.0715416371822
-0.0732908695936
-0.0750113204122
-0.076687105
-0.0782823935151
-0.0797944888473
-0.08125153929
-0.0826131999493
-0.0838318914175
-0.0850155055523
-0.0861187279224
-0.0871173590422
-0.0880177691579
-0.0888488590717
-0.0895415768027
-0.0900722965598
-0.0905297249556
-0.0908720195293
-0.0910762473941
-0.0911436453462
-0.09109518677
-0.0909572318196
-0.0905268937349
-0.0899946540594
-0.0893252342939
-0.0884913057089
-0.087483510375
-0.0863086208701
-0.0849881768227
-0.0835417732596
-0.0818315446377
-0.0799608752131
-0.0779383033514
-0.075749412179
-0.0733911171556
-0.0708670988679
-0.0681943595409
-0.0653939247131
-0.0624842680991
-0.0593948066235
-0.05616787076
-0.0528356693685
-0.0494019463658
-0.0458703972399
-0.0422574132681
-0.0385787263513
-0.0348545834422
-0.0311044622213
-0.0273453556001
-0.0235828850418
-0.0198009889573
-0.0160428155214
-0.0123177533969
-0.00863975100219
-0.00502549577504
-0.00148840784095
0.00195578113198
0.00529173901305
0.00850690808147
0.011591013521
0.0145384408534
0.0173412971199
0.0199816152453
0.0224618110806
0.0247888788581
0.0269554723054
0.0289579108357
0.0307940077037
0.0324659980834
0.0339755266905
0.0353242866695
0.0365187451243
0.0375676378608
0.0384814105928
0.0392698422074
0.0399448908865
0.0405204221606
0.0410103015602
0.0414162278175
0.0417386293411
0.0420173928142
0.0422669090331
0.0425012074411
0.0427346862853
0.0429810024798
0.0432534515858
0.0435653068125
0.0439305007458
0.0443604625762
0.0448645614088
0.0454524457455
0.0461338311434
0.0469158142805
0.0478011742234
0.0487934164703
0.049894567579
0.0511058457196
0.0524219460785
0.0538383945823
0.0553485751152
0.0569464787841
0.058618683368
0.0603525675833
0.0621330291033
0.0639465674758
0.0657723844051
0.0675916150212
0.0693830698729
0.0711056515574
0.0727530345321
0.0743040293455
0.0757350921631
0.0770197510719
0.078135304153
0.0790557190776
0.0797576978803
0.0802162587643
0.0804098546505
0.0803185477853
0.0799214467406
0.0791991353035
0.0781365931034
0.0767223313451
0.0749426260591
0.072787553072
0.0702509060502
0.0673336386681
0.064033344388
0.0603497512639
0.0562908537686
0.0518678948283
0.0470946244895
0.0419790409505
0.0365466624498
0.0308188796043
0.0248195808381
0.0185769740492
0.0121167926118
0.00547969480976
-0.00130298710428
-0.00819229893386
-0.0151553507894
-0.0221437830478
-0.029119618237
-0.036037273705
-0.0428490974009
-0.0495098680258
-0.0559765025973
-0.0622088015079
-0.068165704608
-0.0738040581346
-0.0790859758854
-0.0839726701379
-0.0884293019772
-0.0924262627959
-0.0959297716618
-0.0989135280252
-0.101356714964
-0.103241957724
-0.104549773037
-0.10526818037
-0.105394080281
-0.104925557971
-0.103860892355
-0.102205596864
-0.0999759286642
-0.0971882715821
-0.0938577875495
-0.0900092944503
-0.0856794565916
-0.0808976143599
-0.0756972208619
-0.070122204721
-0.0642190426588
-0.0580342113972
-0.051611803472
-0.0450064428151
-0.0382686294615
-0.0314583964646
-0.0246138051152
-0.0178039614111
-0.0110916327685
-0.00453742966056
0.00181256106589
0.00790729932487
0.0137020563707
0.0191437397152
0.0241943411529
0.0288161449134
0.0329744629562
0.0366346314549
0.0397707894444
0.0423661768436
0.0444042906165
0.0458701178432
0.0467591360211
0.0470754913986
0.0468236021698
0.0460091046989
0.0446514040232
0.0427621267736
0.0403517559171
0.0374781228602
0.0341815277934
0.030499374494
0.0264736190438
0.022150253877
0.0175758972764
0.0128059759736
0.00788783188909
0.00287921354175
-0.00216702627949
-0.00719584384933
-0.0121524324641
-0.0169825721532
-0.0216404385865
-0.0260713510215
-0.0302284564823
-0.0340455286205
-0.0374830402434
-0.04051245749
-0.0430972762406
-0.0452140644193
-0.0468390770257
-0.0479479245842
-0.0485257171094
-0.0485672131181
-0.0480687953532
-0.0470277406275
-0.0454521104693
-0.0433580875397
-0.0407628752291
-0.0376828834414
-0.0341461859643
-0.0301598813385
-0.0257941111922
-0.0210857838392
-0.0160854216665
-0.0108313681558
-0.00537379831076
0.000238886117586
0.00595713080838
0.0117286927998
0.0174988973886
0.0232165325433
0.0288338586688
0.0343010276556
0.0395666733384
0.0445806570351
0.0492470934987
0.0535600893199
0.0574804842472
0.0609733574092
0.064006537199
0.0665487572551
0.0685736760497
0.0700666382909
0.0710144862533
0.0714046135545
0.0712367966771
0.0705175697803
0.0692533403635
0.0674518719316
0.0650511234999
0.0621617808938
0.0588056221604
0.0550066120923
0.0507962852716
0.0462134703994
0.0412900447845
0.0360693447292
0.030595947057
0.024922112003
0.0190902426839
0.0131523013115
0.0071583786048
0.00115799403284
-0.00478208996356
-0.0106064928696
-0.0162632223219
-0.0217101573944
-0.0268996674567
-0.0317914187908
-0.0363453812897
-0.0405220277607
-0.0442909188569
-0.047623347491
-0.0504973679781
-0.0528870150447
-0.0547815561295
-0.0561187565327
-0.0569106079638
-0.0571720711887
-0.0569067634642
-0.0561195090413
-0.0548151284456
-0.053005643189
-0.0507126972079
-0.0479591451585
-0.0447688512504
-0.041173491627
-0.0372092910111
-0.0329117700458
-0.0283089596778
-0.0234356932342
-0.0183714181185
-0.013158172369
-0.00783897191286
-0.00245917774737
0.0029327319935
0.00829509925097
0.0135802971199
0.0187424346805
0.0237429477274
0.0285353735089
0.0330853872001
0.0373588651419
0.0412807427347
0.0448253601789
0.0479813925922
0.050724606961
0.0530290007591
0.0548761449754
0.056255236268
0.0571567267179
0.0575721301138
0.0575023666024
0.0569558776915
0.0559408180416
0.0544663108885
0.0525467284024
0.0501479059458
0.0473597757518
0.0442031510174
0.0407073684037
0.0369029566646
0.0328227207065
0.0284998081625
0.0239737201482
0.0192866008729
0.0144744915888
0.00958319939673
0.00465491227806
-0.000273312791251
-0.00515516381711
-0.00993645936251
-0.0145729249343
-0.0190284978598
-0.0232665427029
-0.0272531062365
-0.0309581235051
-0.0343495383859
-0.037400726229
-0.0400902070105
-0.0423986725509
-0.0443087629974
-0.0458105504513
-0.0468986593187
-0.0475667752326
-0.0477685369551
-0.0475363656878
-0.0468926168978
-0.045844823122
-0.0444034226239
-0.0425875037909
-0.0404182597995
-0.0379168204963
-0.0351084321737
-0.032024718821
-0.0286991931498
-0.0251644477248
-0.0214549377561
-0.0176083762199
-0.0136639308184
-0.00965072587132
-0.00562637671828
-0.0016335954424
0.00229157623835
0.00611034361646
0.00978956837207
0.0132942702621
0.0165864545852
0.0196381025016
0.0224222112447
0.0249109882861
0.0270788278431
0.0289080254734
0.0303832385689
0.0314905010164
0.0322155803442
0.0325304269791
0.0324483811855
0.0319774337113
0.0311196520925
0.0298869609833
0.0282905548811
0.026342201978
0.0240607541054
0.0214679911733
0.0185890831053
0.0154469460249
0.0120717762038
0.00849593989551
0.00475157983601
0.000868977513164
-0.00311560439877
-0.00716669345275
-0.0112471487373
-0.0153048224747
-0.0193127337843
-0.0232343450189
-0.0270366873592
-0.0306830182672
-0.0341468788683
-0.037397056818
-0.0404041297734
-0.0431439578533
-0.0455938875675
-0.0477363578975
-0.0495509579778
-0.0510251075029
-0.0521512329578
-0.0529217980802
-0.0533303879201
-0.0533778294921
-0.0530689246953
-0.0524079017341
-0.0513796880841
-0.0499998815358
-0.0483062714338
-0.0463143512607
-0.0440416708589
-0.0415100008249
-0.0387455374002
-0.0357695035636
-0.0326101966202
-0.0292930863798
-0.0258482266217
-0.0223058592528
-0.0186915881932
-0.0150359654799
-0.0113695366308
-0.00771762616932
-0.00410832837224
-0.000566449598409
0.00288173300214
0.00621536979452
0.00941334012896
0.012456825003
0.0153314713389
0.0180182978511
0.0205098707229
0.0227828305215
0.0248377304524
0.0266708396375
0.028280697763
0.029669560492
0.0308387130499
0.0317912176251
0.0325365103781
0.0330832377076
0.0334403812885
0.0336193591356
0.0336343646049
0.0335000939667
0.0332311168313
0.0328432507813
0.0323530398309
0.0317778587341
0.0311343353242
0.0304389372468
0.0297076981515
0.0289566069841
0.0282018333673
0.0274568330497
0.0267338864505
0.026045223698
0.0254030507058
0.0248156264424
0.0242895465344
0.0238314252347
0.023447509855
0.0231397226453
0.022908302024
0.022753464058
0.0226748548448
0.0226682703942
0.0227280277759
0.0228483173996
0.0230230614543
0.0232429616153
0.0234983041883
0.0237786658108
0.0240736454725
0.0243718791753
0.0246604159474
0.0249277614057
0.0251613035798
0.0253492929041
0.0254796724766
0.0255407784134
0.0255189817399
0.0254073459655
0.0251968447119
0.0248779803514
0.0244429465383
0.0238867104053
0.0232044439763
0.0223916713148
0.0214449260384
0.0203652065247
0.0191532745957
0.0178111605346
0.0163396149874
0.0147475302219
0.0130394343287
0.0112236384302
0.00930844992399
0.00730554247275
0.00522852735594
0.00308779766783
0.00089854322141
-0.00132369808853
-0.00356510374695
-0.00580729590729
-0.00803527515382
-0.010231891647
-0.0123786767945
-0.0144594600424
-0.0164581593126
-0.0183563753963
-0.0201382320374
-0.021789630875
-0.0232932902873
-0.0246376171708
-0.0258091818541
-0.0267966557294
-0.0275884307921
-0.0281763654202
-0.0285550318658
-0.0287181343883
-0.0286601223052
-0.0283798184246
-0.0278786979616
-0.02715780586
-0.0262195058167
-0.0250694192946
-0.0237167477608
-0.0221707243472
-0.0204415433109
-0.0185402613133
-0.0164837669581
-0.0142882084474
-0.0119697190821
-0.00954774487764
-0.0070409104228
-0.00447134720162
-0.00186000589747
0.000771435210481
0.00339871807955
0.00600151671097
0.0085556814447
0.0110387336463
0.0134288007393
0.0157053191215
0.0178443938494
0.0198264997452
0.0216258931905
0.0232268217951
0.0246165841818
0.0257765166461
0.0266949012876
0.0273592881858
0.027757992968
0.0278792697936
0.0277170892805
0.0272672846913
0.0265261027962
0.0254900939763
0.024160746485
0.0225433390588
0.0206422749907
0.0184639114887
0.0160178132355
0.0133179565892
0.010378469713
0.00721175596118
0.00383564084768
0.000270496762823
-0.00346520938911
-0.00734953861684
-0.0113615896553
-0.0154778761789
-0.019673038274
-0.023911960423
-0.0281815156341
-0.0324566364288
-0.0367138125002
-0.0409267991781
-0.0450649522245
-0.0491066798568
-0.0530241876841
-0.0567935369909
-0.0603870414197
-0.0637813284993
-0.0669567063451
-0.069890588522
-0.0725639313459
-0.0749580413103
-0.0770599916577
-0.0788584724069
-0.0803411379457
-0.0814973190427
-0.0823240503669
-0.0828171670437
-0.0829294770956
-0.0826685801148
-0.0820648297668
-0.0811194553971
-0.0798326581717
-0.0782052278519
-0.076244302094
-0.0739581957459
-0.0713579505682
-0.0684543475509
-0.0652607530355
-0.0617956146598
-0.0580797381699
-0.0541307479143
-0.0499697476625
-0.0456228069961
-0.0411138348281
-0.0364609211683
-0.0316944159567
-0.0268250647932
-0.0218648146838
-0.0168587062508
-0.0118236653507
-0.00678743608296
-0.00177305715624
0.00319824297912
0.00810204725713
0.0129151679575
0.0176130142063
0.0221757758409
0.0265814233571
0.0308085624129
0.0348436608911
0.0386718213558
0.0422770343721
0.0456513501704
0.0487844906747
0.0516699664295
0.054253410548
0.0565747506917
0.0586321465671
0.0604227855802
0.0619427040219
0.0631903558969
0.0641659572721
0.06487480551
0.0653220787644
0.0655137598515
0.0654598623514
0.0651743635535
0.0646719262004
0.0639675706625
0.063077814877
0.062021844089
0.0608187951148
0.059454228729
0.0579475983977
0.0563474111259
0.054670419544
0.0529340282083
0.0511560253799
0.0493544377387
0.0475477203727
0.0457548610866
0.0439954139292
0.0422877930105
0.0406490452588
0.0390962846577
0.0376473069191
0.0363158173859
0.0351140648127
0.0340528599918
0.0331309698522
0.0323432087898
0.0317193828523
0.0312620028853
0.030973598361
0.0308563616127
0.0309079252183
0.0311234481633
0.0314981788397
0.0320277325809
0.0327036119998
0.0335151925683
0.0344505235553
0.0354996882379
0.0366498865187
0.0378856658936
0.0391914509237
0.040549185127
0.041904643178
0.0432778298855
0.0446498990059
0.0459990687668
0.0473039597273
0.048543471843
0.0496945902705
0.0507368370891
0.0516484007239
0.0524098798633
0.0530037768185
0.0534133836627
0.053621981293
0.053615398705
0.0533827021718
0.0529138483107
0.0521974265575
0.0512037426233
0.0499158129096
0.0483572557569
0.0465212874115
0.0444000549614
0.0419932343066
0.0393024235964
0.0363297834992
0.0330766104162
0.029552295804
0.0257670655847
0.0217351913452
0.0174693912268
0.0129827251658
0.008296540007
0.00342722376809
-0.00160453666467
-0.0067798839882
-0.0120802242309
-0.0174689292908
-0.0229320712388
-0.0284552015364
-0.0340046621859
-0.0395602211356
-0.0450949072838
-0.050578430295
-0.0559832453728
-0.0612844154239
-0.0664517208934
-0.0714604333043
-0.0762851387262
-0.080900542438
-0.0852846577764
-0.0894181132317
-0.0932817906141
-0.0968589782715
-0.100137256086
-0.103101029992
-0.105738833547
-0.107970237732
-0.109837345779
-0.111349307001
-0.112497903407
-0.1132767573
-0.11368381232
-0.113716907799
-0.113373957574
-0.112658329308
-0.111577823758
-0.110140711069
-0.108353927732
-0.106231682003
-0.103789865971
-0.101046979427
-0.0980176255107
-0.0947258919477
-0.0911895483732
-0.0874348580837
-0.0834800973535
-0.0793547704816
-0.0750762522221
-0.070673532784
-0.0661255419254
-0.0614937879145
-0.0568089187145
-0.0520965382457
-0.0473755300045
-0.0426742583513
-0.0380147024989
-0.0334136299789
-0.0288951098919
-0.0244831498712
-0.0201942455024
-0.016045095399
-0.0120525229722
-0.0082332957536
-0.00460227765143
-0.00116543332115
0.00206454028375
0.00508008338511
0.00787660200149
0.0104501256719
0.0128011750057
0.0149289201945
0.0168341156095
0.0185251589864
0.0200081076473
0.0212899893522
0.0223788488656
0.0232883021235
0.0240308307111
0.0246203038841
0.0250584948808
0.0253731962293
0.0255820285529
0.0257017873228
0.0257500074804
0.0257444605231
0.0257033891976
0.0256449971348
0.025587439537
0.0255474578589
0.0255412571132
0.0255849957466
0.0256947483867
0.0258835665882
0.026162808761
0.0265438742936
0.0270376764238
0.0276520308107
0.0283912438899
0.0292593669146
0.0302610881627
0.0313967205584
0.0326630659401
0.0340568386018
0.0355746746063
0.0372096858919
0.0389504618943
0.0407871305943
0.0427099391818
0.0447027906775
0.0467523187399
0.0488411784172
0.0509518496692
0.0530687123537
0.0551702491939
0.0572369918227
0.0592513047159
0.0611916482449
0.063040368259
0.064776070416
0.0663792788982
0.0678329840302
0.0691192299128
0.0702222660184
0.0711255669594
0.0718142464757
0.0722779333591
0.0725055485964
0.0724868103862
0.0722132250667
0.0716815665364
0.0708887428045
0.0698323398829
0.0685113295913
0.0669303163886
0.0650945678353
0.0630105659366
0.0606847964227
0.0581295825541
0.0553593970835
0.0523860752583
0.0492242015898
0.0458940379322
0.0424130186439
0.0388021357358
0.0350777357817
0.0312677435577
0.0273889563978
0.023467944935
0.019527470693
0.0155866108835
0.011674345471
0.00780793465674
0.00401376886293
0.00031254728674
-0.00327870808542
-0.00673409784213
-0.0100394384935
-0.0131738912314
-0.0161265768111
-0.0188789218664
-0.0214174352586
-0.023734183982
-0.025820415467
-0.0276665445417
-0.0292663760483
-0.0306193437427
-0.0317245982587
-0.0325808748603
-0.033190254122
-0.0335589759052
-0.0336943715811
-0.0336036868393
-0.0332960225642
-0.0327850878239
-0.0320849902928
-0.0312094204128
-0.030174439773
-0.0289982315153
-0.0277003254741
-0.0262991376221
-0.0248151794076
-0.0232691094279
-0.0216831211001
-0.0200787466019
-0.0184765886515
-0.0168985314667
-0.0153656452894
-0.013898331672
-0.0125165209174
-0.0112394168973
-0.0100836632773
-0.00906721595675
-0.00820638984442
-0.00751229235902
-0.00699802255258
-0.00667510926723
-0.00655238423496
-0.00663450732827
-0.00692584225908
-0.00743129476905
-0.0081505663693
-0.0090804612264
-0.0102167017758
-0.0115551277995
-0.0130882132798
-0.0148033611476
-0.0166884493083
-0.0187321882695
-0.020916827023
-0.0232257544994
-0.0256404224783
-0.0281397048384
-0.0307047944516
-0.0333117805421
-0.0359378755093
-0.0385615378618
-0.0411582142115
-0.0437042713165
-0.046176109463
-0.048550311476
-0.0508061125875
-0.0529213063419
-0.0548748672009
-0.0566462501884
-0.05821852386
-0.0595770590007
-0.0607050359249
-0.0615892224014
-0.0622196048498
-0.0625888034701
-0.062689550221
-0.0625151619315
-0.0620656050742
-0.0613425225019
-0.0603472106159
-0.0590770244598
-0.0575362592936
-0.0557466521859
-0.0537174493074
-0.0514629669487
-0.0489971712232
-0.0463403016329
-0.0435070060194
-0.04051874578
-0.0373937003314
-0.0341551788151
-0.0308249145746
-0.0274249333888
-0.0239778608084
-0.0205063447356
-0.0170330945402
-0.0135800484568
-0.0101676145568
-0.00681604398414
-0.00354406354018
-0.000373148272047
0.00268303765915
0.00560954678804
0.00839142594486
0.0110166007653
0.0134781477973
0.0157659929246
0.0178736038506
0.0197967234999
0.0215352382511
0.0230891983956
0.0244587697089
0.0256470683962
0.0266623776406
0.027511337772
0.0282010305673
0.0287423003465
0.029147259891
0.0294289402664
0.0295998454094
0.0296744517982
0.0296683032066
0.029596876353
0.0294756982476
0.0293204002082
0.0291464067996
0.0289693884552
0.028804609552
0.0286660101265
0.0285664815456
0.028518980369
0.02853609249
0.0286274384707
0.0288015436381
0.0290665458888
0.0294303447008
0.0298966951668
0.0304688196629
0.0311486627907
0.0319384969771
0.0328362956643
0.0339501276612
0.034746106714
0.0364765189588
0.0
