0.0
0.0
0.0
-1.21801695059e-05
-7.07378740117e-06
-3.35086065206e-06
-9.86662939795e-07
2.06155870153e-10
-3.75065525304e-07
-2.11221345126e-06
-5.22785376234e-06
-9.70394921751e-06
-1.55599118443e-05
-2.27788259508e-05
-3.13561540679e-05
-4.13153575209e-05
-5.26373078173e-05
-6.52319940855e-05
-7.90245394455e-05
-9.39325036597e-05
-0.000109880202217
-0.000126719081891
-0.000144312813063
-0.000162489683134
-0.000181144438102
-0.000200052207219
-0.000219071953325
-0.000237961023231
-0.000256563653238
-0.000274677498965
-0.00029206162435
-0.000308551796479
-0.000323923246469
-0.000337994686561
-0.000350578775397
-0.000361465819879
-0.000370503548766
-0.000377533404389
-0.000382432248443
-0.000385064457078
-0.000385296123568
-0.000383068283554
-0.000378335767891
-0.00037103871
-0.000361140904715
-0.000348672241671
-0.000333701405907
-0.000316243298585
-0.000296363141388
-0.000274204823654
-0.000249909760896
-0.000223653201829
-0.000195544300368
-0.000165839126566
-0.000134779096697
-0.000102572434116
-6.94760819897e-05
-3.57620629075e-05
-1.7489713855e-06
3.22982450598e-05
6.60766600049e-05
9.92849018076e-05
0.000131606764626
0.000162728290888
0.000192377337953
0.000220209927647
0.000245971546974
0.000269377051154
0.000290180934826
0.00030810944736
0.000322971289279
0.000334556767484
0.000342666491633
0.000347149878507
0.000347918481566
0.00034483789932
0.000337834586389
0.000326895795297
0.000312009069603
0.000293205113849
0.000270501594059
0.000244026814471
0.000213901657844
0.000180260147317
0.000143253404531
0.000103132762888
6.01243373239e-05
1.44987425301e-05
-3.34871510859e-05
-8.35520913824e-05
-0.00013529714488
-0.000188405218069
-0.000242583046202
-0.000297380669508
-0.000352463568561
-0.000407427374739
-0.0004618531093
-0.000515402294695
-0.000567657814827
-0.000618200050667
-0.00066667975625
-0.000712736800779
-0.000755965593271
-0.000796040869318
-0.000832611578517
-0.000865358684678
-0.000894022232387
-0.000918269099202
-0.000937859178521
-0.000952594913542
-0.000962251739111
-0.000966635008808
-0.000965603569057
-0.000959037744906
-0.000946876301896
-0.000929034140427
-0.000905420165509
-0.000876086414792
-0.000841094297357
-0.000800434267148
-0.000754212785978
-0.000702531076968
-0.000645527092274
-0.000583393673878
-0.000516275234986
-0.000444457284175
-0.000368097884348
-0.000287504779408
-0.000202937007998
-0.000114706941531
-2.31000867643e-05
7.14802736184e-05
0.00016873095592
0.000268265168415
0.000369732442778
0.000472790998174
0.000576953811105
0.000681860314216
0.000787185679656
0.000892379670404
0.000997172901407
0.00110104808118
0.00120370730292
0.00130469363648
0.00140353839379
0.00149999081623
0.00159360421821
0.00168400909752
0.00177080044523
0.00185370852705
0.00193238293286
0.00200648955069
0.00207570707425
0.00213979464024
0.002198463073
0.00225148559548
0.00229858607054
0.00233961222693
0.00237436569296
0.0024026799947
0.00242443196476
0.00243949540891
0.00244780676439
0.00244927685708
0.00244387122802
0.00243157264777
0.00241240649484
0.00238639931194
0.00235359044746
0.0023140932899
0.00226800446399
0.00221542292275
0.00215650931932
0.0020914664492
0.00202050129883
0.00194376555737
0.00186150847003
0.0017739838222
0.00168147543445
0.00158425606787
0.00148255180102
0.00137677928433
0.00126722734421
0.0011542129796
0.00103806203697
0.000919095298741
0.00079774443293
0.000674326438457
0.000549144926481
0.000422671117121
0.00029514732887
0.000167064383277
3.86430037906e-05
-8.96400160855e-05
-0.000217542430619
-0.000344676169334
-0.000470646104077
-0.000595249643084
-0.000718126830179
-0.000838944339193
-0.000957373064011
-0.00107325904537
-0.0011862909887
-0.00129620579537
-0.00140277214814
-0.00150580436457
-0.00160509138368
-0.00170043972321
-0.00179173983634
-0.00187879335135
-0.00196151225828
-0.00203976617195
-0.00211349036545
-0.00218264665455
-0.00224714633077
-0.00230699102394
-0.00236211158335
-0.00241256994195
-0.00245839287527
-0.00249958154745
-0.00253621605225
-0.00256834668107
-0.00259605026804
-0.00261942925863
-0.00263857352547
-0.00265358947217
-0.0026646181941
-0.00267175864428
-0.00267513329163
-0.00267489464022
-0.0026711653918
-0.00266407057643
-0.00265373196453
-0.00264029367827
-0.00262387515977
-0.00260456255637
-0.00258250464685
-0.00255776452832
-0.00253044441342
-0.00250063510612
-0.00246837642044
-0.00243371422403
-0.00239670695737
-0.00235738046467
-0.0023157056421
-0.00227172137238
-0.00222537363879
-0.00217667547986
-0.00212552887388
-0.00207191985101
-0.00201573967934
-0.00195695855655
-0.00189543771558
-0.00183112337254
-0.00176393822767
-0.00169374165125
-0.00162044819444
-0.00154398544692
-0.00146425666753
-0.00138122984208
-0.00129475200083
-0.00120481883641
-0.00111140450463
-0.0010144719854
-0.000914036820177
-0.000810146040749
-0.000702840858139
-0.000592200492974
-0.000478294707136
-0.000361408368917
-0.000241674686549
-0.00011926163279
5.53202335141e-06
0.000132459914312
0.000261071167188
0.000391081557609
0.000522162299603
0.000653703231364
0.000785373034887
0.000916577177122
0.00104691355955
0.00117565621622
0.00130238640122
0.00142638757825
0.00154719455168
0.00166412256658
0.00177648675162
0.00188380968757
0.00198543816805
0.00208077672869
0.00216924515553
0.00225024763495
0.00232336600311
0.00238812528551
0.00244405306876
0.00249074609019
0.00252789142542
0.00255528884009
0.00257267989218
0.00257987296209
0.00257689272985
0.00256378157064
0.00254061166197
0.00250747287646
0.00246472773142
0.00241259951144
0.00235152221285
0.00228215474635
0.0022051166743
0.00212114071473
0.00203093374148
0.00193535524886
0.00183529243805
0.00173187709879
0.00162598770112
0.00151882693172
0.00141140946653
0.00130505720153
0.00120084185619
0.00110001268331
0.00100383884273
0.000913437979762
0.000830076925922
0.000754943932407
0.000689067004714
0.000633547781035
0.000589421833865
0.000557675899472
0.00053909549024
0.000534343824256
0.000544171431102
0.00056918564951
0.000609647948295
0.000665762112476
0.000737768947147
0.000825710711069
0.000929258414544
0.0010480665369
0.00118165067397
0.00132946751546
0.00149054417852
0.00166382431053
0.00184826203622
0.00204274291173
0.00224547274411
0.00245489110239
0.00266946433112
0.00288718705997
0.00310610677116
0.0033241994679
0.00353917083703
0.00374902994372
0.00395125849172
0.00414372887462
0.00432390207425
0.00448962301016
0.00463847536594
0.00476831756532
0.00487677939236
0.00496168760583
0.00502120377496
0.00505337119102
0.0050562787801
0.0050283074379
0.0049681593664
0.00487462710589
0.0047465423122
0.00458290800452
0.0043834708631
0.00414790259674
0.00387588888407
0.00356759969145
0.00322375749238
0.00284511456266
0.00243244739249
0.00198701163754
0.00151064444799
0.00100520974956
0.000472569226986
-8.49479110911e-05
-0.000664514896926
-0.00126358040143
-0.00187874329276
-0.0025070477277
-0.00314495549537
-0.00378888938576
-0.00443555181846
-0.00508060771972
-0.00572041142732
-0.00635131448507
-0.00696880696341
-0.00756928976625
-0.00814916472882
-0.00870404578745
-0.00923060066998
-0.00972478929907
-0.0101837385446
-0.0106037212536
-0.0109818493947
-0.0113150067627
-0.0116011546925
-0.0118376808241
-0.0120224840939
-0.0121538732201
-0.0122307473794
-0.0122521007434
-0.012216870673
-0.0121249463409
-0.0119765903801
-0.011772185564
-0.0115121752024
-0.0111980149522
-0.0108311390504
-0.0104134744033
-0.00994686875492
-0.00943388603628
-0.00887752510607
-0.00828103907406
-0.00764690898359
-0.00697895651683
-0.00628102710471
-0.0055569820106
-0.00481064524502
-0.00404616352171
-0.00326779764146
-0.00247976882383
-0.00168595183641
-0.000891331350431
-9.97103124973e-05
0.000684746599291
0.00145786674693
0.00221583945677
0.00295497174375
0.00367192015983
0.00436236290261
0.0050236415118
0.00565286492929
0.00624753208831
0.00680428370833
0.00732145877555
0.00779751781374
0.0082301935181
0.00861815083772
0.0089607341215
0.00925697106868
0.00950648356229
0.00970895588398
0.00986446533352
0.00997375417501
0.0100371921435
0.010055616498
0.0100294593722
0.00996047072113
0.00985085312277
0.00970204733312
0.00951626803726
0.00929586030543
0.00904275104403
0.00875955168158
0.00844844244421
0.00811221450567
0.00775342667475
0.00737494369969
0.00697895511985
0.0065683638677
0.00614603888243
0.0057141375728
0.00527535332367
0.00483214342967
0.00438692979515
0.00394229730591
0.00349982036278
0.00306177022867
0.00263013551012
0.00220680003986
0.00179324857891
0.00139094516635
0.0010013297433
0.000625703018159
0.000265127717284
-7.98921537353e-05
-0.000408318359405
-0.00071945640957
-0.00101297884248
-0.00128858396783
-0.00154609570745
-0.00178510334808
-0.00200587394647
-0.00220854440704
-0.00239327107556
-0.00256031029858
-0.00271011725999
-0.00284316204488
-0.00295990263112
-0.00306090945378
-0.00314670195803
-0.00321796443313
-0.00327533646487
-0.00331944506615
-0.00335095869377
-0.00337052368559
-0.00337881874293
-0.00337644969113
-0.00336402119137
-0.00334214838222
-0.00331139797345
-0.00327230244875
-0.00322536425665
-0.00317105581053
-0.00310981366783
-0.00304210092872
-0.00296824402176
-0.00288855819963
-0.00280345766805
-0.00271317060106
-0.00261804740876
-0.00251828995533
-0.00241412967443
-0.00230589299463
-0.00219370657578
-0.00207791524008
-0.00195864564739
-0.00183626194485
-0.00171091954689
-0.0015830132179
-0.0014527005842
-0.00132042891346
-0.00118645082694
-0.00105120369699
-0.000915125303436
-0.000778545276262
-0.000642098370008
-0.000506163109094
-0.000371298403479
-0.000238138090936
-0.000107205982204
2.08312631003e-05
0.00014527636813
0.00026559305843
0.000381011835998
0.000490807462484
0.000594395562075
0.000691034772899
0.000780014321208
0.000860743632074
0.000932520080823
0.00099475949537
0.00104688678402
0.00108841038309
0.00111879606266
0.00113762996625
0.00114462396596
0.00113948353101
0.0011219305452
0.00109187827911
0.00104936945718
0.000994420726784
0.000927141518332
0.000847772287671
0.000756748777349
0.00065450090915
0.000541464949492
0.000418357289163
0.000285991758574
0.000145162281115
-3.27295788338e-06
-0.000158197275596
-0.000318588048685
-0.000483265641378
-0.000651013222523
-0.000820549146738
-0.000990465050563
-0.00115942559205
-0.00132600648794
-0.00148881122004
-0.00164635234978
-0.0017970893532
-0.00193948438391
-0.00207233382389
-0.00219428958371
-0.00230397400446
-0.00240010721609
-0.00248156185262
-0.00254726596177
-0.00259612104855
-0.00262716342695
-0.00263967365026
-0.00263299560174
-0.00260647386312
-0.00255955546163
-0.00249209580943
-0.00240396684967
-0.00229504867457
-0.00216537015513
-0.00201532663777
-0.00184540683404
-0.00165605486836
-0.00144790112972
-0.00122193002608
-0.000979041913524
-0.000720537325833
-0.000447438331321
-0.000161257688887
0.00013650447363
0.000444317003712
0.000760568014812
0.00108357483987
0.00141116627492
0.00174161954783
0.00207303906791
0.0024034215603
0.00273074489087
0.00305312802084
0.00336828269064
0.00367437372915
0.00396944908425
0.00425152247772
0.00451885303482
0.00476944306865
0.00500170513988
0.0052139153704
0.00540461717173
0.00557230180129
0.00571577670053
0.00583374034613
0.00592513289303
0.00598922604695
0.00602520536631
0.00603238493204
0.00601031444967
0.00595883186907
0.00587787060067
0.00576734170318
0.00562742585316
0.00545857287943
0.00526148686185
0.00503663951531
0.0047848848626
0.00450722081587
0.00420506391674
0.00387942790985
0.00353172258474
0.00316341849975
0.00277649704367
0.0023724345956
0.00195288669784
0.00152024184354
0.0010762787424
0.000623024301603
0.000162346113939
-0.000303155742586
-0.000771504244767
-0.00124077964574
-0.00170834700111
-0.00217226194218
-0.00263036531396
-0.00308070913889
-0.00352081377059
-0.00394890131429
-0.00436318432912
-0.00476130982861
-0.00514168431982
-0.00550266448408
-0.00584273505956
-0.00615993188694
-0.00645307265222
-0.0067210434936
-0.00696235382929
-0.00717595452443
-0.00736098224297
-0.00751677341759
-0.00764246052131
-0.00773744145408
-0.00780141865835
-0.00783413369209
-0.00783544406295
-0.00780522823334
-0.00774368084967
-0.00765120936558
-0.00752814952284
-0.00737490970641
-0.00719218421727
-0.006981019862
-0.00674220081419
-0.00647653732449
-0.00618553673849
-0.00587042141706
-0.00553253106773
-0.00517310434952
-0.00479411194101
-0.00439710216597
-0.00398383429274
-0.00355582730845
-0.00311540882103
-0.00266436929815
-0.00220454763621
-0.00173770776019
-0.00126663618721
-0.000793142069597
-0.000319307553582
0.000153099259478
0.000621594488621
0.00108446041122
0.00153972231783
0.00198547868058
0.00242020073347
0.0028417382855
0.00324862496927
0.00363922980614
0.00401220098138
0.00436640251428
0.00470018200576
0.00501253129914
0.00530257821083
0.00556949991733
0.00581258675084
0.00603094883263
0.00622433144599
0.00639247102663
0.00653504673392
0.00665191048756
0.00674324855208
0.00680917780846
0.00684993248433
0.00686585437506
0.00685752462596
0.00682553928345
0.00677053118125
0.00669314805418
0.00659440038726
0.00647514825687
0.00633630575612
0.00617887452245
0.00600394001231
0.00581259047613
0.00560593791306
0.00538509339094
0.0051512052305
0.00490544829518
0.00464893970639
0.00438270764425
0.0041081123054
0.00382612575777
0.00353785906918
0.00324435392395
0.00294657866471
0.00264552445151
0.00234216754325
0.00203737895936
0.00173200410791
0.00142681912985
0.00112262228504
0.000820161832962
0.00052002974553
0.000222855233005
-7.0613103162e-05
-0.000360105594154
-0.000645014806651
-0.000924907450099
-0.00119931413792
-0.0014678487787
-0.00173019850627
-0.00198601861484
-0.00223497487605
-0.00247679161839
-0.00271122180857
-0.00293791037984
-0.00315679749474
-0.00336756091565
-0.0035699729342
-0.0037638079375
-0.0039488314651
-0.00412474013865
-0.00429145433009
-0.00444864761084
-0.00459607504308
-0.00473347166553
-0.00486051663756
-0.00497702555731
-0.00508265616372
-0.00517710018903
-0.00526000000536
-0.00533109763637
-0.00539004150778
-0.00543648004532
-0.0054700486362
-0.00549045018852
-0.00549731310457
-0.00549030909315
-0.00546912942082
-0.00543345231563
-0.00538299931213
-0.00531747331843
-0.00523671135306
-0.00514044100419
-0.00502848485485
-0.00490081589669
-0.00475730234757
-0.00459804618731
-0.00442286441103
-0.00423211790621
-0.00402586394921
-0.00380451814272
-0.00356815801933
-0.00331750325859
-0.00305288075469
-0.00277513219044
-0.00248460751027
-0.00218245037831
-0.00186931644566
-0.00154648534954
-0.00121462752577
-0.000875326804817
-0.000529752811417
-0.000179026013939
0.000175110835698
0.000531423836946
0.000887799775228
0.00124280166347
0.00159496208653
0.00194212608039
0.00228265020996
0.00261472864076
0.00293667824008
0.00324638560414
0.00354215898551
0.00382217997685
0.00408478872851
0.00432809349149
0.00455057760701
0.00475064944476
0.00492676207796
0.00507775228471
0.00520230829716
0.00529931066558
0.00536773027852
0.00540697341785
0.00541652133688
0.00539583712816
0.00534459808841
0.00526303891093
0.00515144970268
0.00501012429595
0.00483961589634
0.00464105326682
0.00441565690562
0.00416461750865
0.00388942053542
0.00359211512841
0.00327477394603
0.00293952645734
0.00258870399557
0.00222510052845
0.00185158359818
0.00147117604502
0.00108651292976
0.000701114651747
0.000318293081364
-5.86125679547e-05
-0.000426063255873
-0.0007809852832
-0.00111975357868
-0.00143891957123
-0.00173504394479
-0.00200528698042
-0.00224640290253
-0.00245519471355
-0.0026290807873
-0.00276561081409
-0.00286243762821
-0.00291735981591
-0.00292853172868
-0.00289484462701
-0.00281521608122
-0.00268848892301
-0.00251439469866
-0.00229313969612
-0.00202536652796
-0.0017112653004
-0.0013523332309
-0.00095030234661
-0.000507633492816
-2.62465964624e-05
0.000491238432005
0.00104067719076
0.00161889533047
0.0022216772195
0.00284494156949
0.00348373199813
0.00413340004161
0.00478833820671
0.00544348917902
0.0060930964537
0.00673171551898
0.00735300267115
0.00795143935829
0.00852115359157
0.00905630365014
0.00955103989691
0.0099998600781
0.0103975338861
0.0107388263568
0.0110185397789
0.0112322792411
0.0113761527464
0.0114462850615
0.0114389089867
0.0113513646647
0.0111817894503
0.0109282666817
0.0105890193954
0.010163734667
0.00965292472392
0.0090573867783
0.00837722979486
0.00761495344341
0.00677359709516
0.00585625926033
0.00486663961783
0.00380854285322
0.00268785608932
0.0015106589999
0.00028142138035
-0.000991845619865
-0.00230298913084
-0.00364400376566
-0.00500672869384
-0.0063842642121
-0.00776669383049
-0.00914685055614
-0.0105147724971
-0.011863136664
-0.0131817944348
-0.0144627038389
-0.0156978014857
-0.016877707094
-0.0179951284081
-0.0190426707268
-0.0200115125626
-0.0208957027644
-0.0216895565391
-0.0223860088736
-0.0229797940701
-0.0234668068588
-0.0238435231149
-0.0241065677255
-0.0242523998022
-0.0242801941931
-0.0241894125938
-0.0239795446396
-0.0236493237317
-0.0232004597783
-0.0226372499019
-0.0219623297453
-0.0211787763983
-0.0202915519476
-0.019306037575
-0.018228219822
-0.0170626621693
-0.0158171448857
-0.0144991083071
-0.0131160616875
-0.0116764707491
-0.0101873502135
-0.00865814089775
-0.00709753297269
-0.00551505852491
-0.00391799770296
-0.00231684953906
-0.000718945695553
0.000866178481374
0.00242949603125
0.00396439572796
0.00546118291095
0.0069135306403
0.00831327587366
0.00965451169759
0.0109312366694
0.0121361510828
0.0132652875036
0.0143146319315
0.015278714709
0.0161543227732
0.0169396139681
0.0176318697631
0.018229464069
0.0187311917543
0.0191373713315
0.0194485131651
0.0196651257575
0.0197884067893
0.0198209770024
0.0197655595839
0.0196249894798
0.0194024872035
0.0191025119275
0.0187295414507
0.0182880815119
0.0177830364555
0.0172199662775
0.0166044738144
0.015942486003
0.015239178203
0.014500846155
0.0137334978208
0.0129435518757
0.0121361752972
0.0113178594038
0.0104935895652
0.00966947991401
0.00885131023824
0.00804317835718
0.00725070107728
0.00647836644202
0.00573009997606
0.00501016387716
0.00432143453509
0.00366805517115
0.00305253546685
0.0024765713606
0.001942636678
0.00145240488928
0.00100702361669
0.000606810674071
0.000252072582953
-5.7070661569e-05
-0.000320783554344
-0.000540433917195
-0.000717259361409
-0.000852520053741
-0.00094808160793
-0.0010064127855
-0.0010299840942
-0.00102131650783
-0.000983313890174
-0.000919282494579
-0.000832533754874
-0.000726395577658
-0.000604466011282
-0.000470284867333
-0.000327589281369
-0.000180139380973
-3.1400599255e-05
0.000114906142699
0.000255384220509
0.000386421394069
0.000504726776853
0.000607381225564
0.000691432738677
0.000753868371248
0.000792303180788
0.000804650189821
0.000788898207247
0.000743044714909
0.000665774277877
0.000556233746465
0.000413590983953
0.000237012194702
2.64743939624e-05
-0.000217729830183
-0.000494898180477
-0.000804657989647
-0.00114578474313
-0.00151656055823
-0.00191513518803
-0.00234012585133
-0.00278899515979
-0.00325899128802
-0.00374738732353
-0.00425139022991
-0.00476752407849
-0.00529281422496
-0.00582355028018
-0.00635597715154
-0.00688690599054
-0.00741229671985
-0.0079280808568
-0.00843099039048
-0.00891681946814
-0.00938238110393
-0.0098235225305
-0.0102368788794
-0.0106193572283
-0.0109674939886
-0.0112783759832
-0.0115491310135
-0.0117770740762
-0.0119602456689
-0.0120964944363
-0.012183830142
-0.0122210374102
-0.012207259424
-0.0121416319162
-0.012023428455
-0.0118528474122
-0.0116304559633
-0.0113567924127
-0.0110325813293
-0.0106594553217
-0.0102395871654
-0.00977458804846
-0.00926677044481
-0.00871905311942
-0.00813497416675
-0.00751723116264
-0.00686975335702
-0.00619589537382
-0.00550045073032
-0.00478696264327
-0.00406033778563
-0.0033244213555
-0.00258462084457
-0.00184521614574
-0.00111052533612
-0.000385879509849
0.000324436026858
0.00101580913179
0.0016837088624
0.00232397997752
0.00293289776891
0.00350580224767
0.00403913483024
0.00452951062471
0.00497451843694
0.00537093402818
0.00571609009057
0.00600821105763
0.00624547014013
0.00642678327858
0.00655113207176
0.00661844853312
0.00662906328216
0.00658323103562
0.00648154923692
0.00632593547925
0.00611819094047
0.00586062250659
0.00555545417592
0.00520583661273
0.0048157335259
0.00438856938854
0.00392790092155
0.00343879614957
0.0029257577844
0.0023935388308
0.0018469778588
0.00129133602604
0.000731954583898
0.000174159460585
-0.000376738025807
-0.000915445678402
-0.00143669941463
-0.00193521822803
-0.00240590213798
-0.00284411339089
-0.00324511434883
-0.00360474735498
-0.00391856580973
-0.00418304279447
-0.00439521344379
-0.00455162674189
-0.00464959908277
-0.00468736374751
-0.00466344505548
-0.00457635940984
-0.00442510936409
-0.00420981599018
-0.00393117964268
-0.00358953373507
-0.00318587059155
-0.00272241351195
-0.00220155529678
-0.00162572879344
-0.000997459515929
-0.000321679399349
0.00039844843559
0.00115851324517
0.00195401441306
0.00277972174808
0.00363022903912
0.00449977023527
0.00538361631334
0.00627536978573
0.0071685933508
0.00805808790028
0.00893700309098
0.00980015937239
0.0106407441199
0.0114535326138
0.0122319702059
0.0129710901529
0.0136659033597
0.0143104344606
0.0149001022801
0.0154308257625
0.0158985629678
0.0162992905825
0.0166295338422
0.0168868899345
0.0170690733939
0.0171737652272
0.0171993486583
0.0171453710645
0.0170114897192
0.0167975109071
0.0165035966784
0.0161313805729
0.0156827419996
0.0151589233428
0.0145627371967
0.0138969551772
0.0131656536832
0.0123715922236
0.0115194665268
0.0106137013063
0.0096590872854
0.008659995161
0.00762252323329
0.0065518268384
0.00545358750969
0.00433345325291
0.00319719826803
0.00205069826916
0.000899839098565
-0.000249492470175
-0.00139100395609
-0.00252030044794
-0.00363137177192
-0.00471870182082
-0.00577668985352
-0.00680180359632
-0.00778851332143
-0.00873326230794
-0.00963116623461
-0.0104798572138
-0.0112753948197
-0.0120150391012
-0.0126966033131
-0.0133178066462
-0.013877463527
-0.0143740475178
-0.0148066356778
-0.0151752671227
-0.0154800582677
-0.0157210733742
-0.0158990193158
-0.0160154104233
-0.0160717889667
-0.0160697344691
-0.0160113256425
-0.015899175778
-0.015736002475
-0.0155246378854
-0.0152678973973
-0.0149694141001
-0.0146323367953
-0.0142604084685
-0.0138570060953
-0.01342556905
-0.0129701662809
-0.012494277209
-0.0120014566928
-0.0114951776341
-0.010978884995
-0.0104560377076
-0.00992983952165
-0.00940316449851
-0.00887888483703
-0.00835988111794
-0.00784865394235
-0.0073472764343
-0.00685802521184
-0.00638247840106
-0.00592271145433
-0.0054794405587
-0.00505420332775
-0.00464769778773
-0.00426103500649
-0.00389410811476
-0.00354748591781
-0.00322121684439
-0.00291521265171
-0.00262884912081
-0.00236190087162
-0.0021137194708
-0.00188359629828
-0.00167053646874
-0.00147353799548
-0.00129168387502
-0.00112372159492
-0.000968503882177
-0.000824806338642
-0.000691457767971
-0.000567108567338
-0.000450668303529
-0.000340799539117
-0.000236406645854
-0.000136256727274
-3.94160197175e-05
5.52042329218e-05
0.000148552979226
0.000241552101215
0.000334918877343
0.000429356383393
0.000525597832166
0.000624228036031
0.00072564202128
0.000830238626804
0.000938448007219
0.00105053395964
0.0011666752398
0.00128697452601
0.00141168641858
0.00154081510846
0.00167450297158
0.00181272625923
0.00195543444715
0.00210272194818
0.00225469702855
0.00241122744046
0.0025724384468
0.00273840734735
0.00290933600627
0.00308520905674
0.00326625071466
0.00345267611556
0.00364476279356
0.00384272774681
0.00404706411064
0.00425803102553
0.00447605317459
0.0047014625743
0.00493492046371
0.00517674488947
0.00542728137225
0.00568711245432
0.00595680717379
0.00623652338982
0.00652668671682
0.00682774465531
0.00713972840458
0.00746291037649
0.00779722770676
0.00814262963831
0.00849905051291
0.0088661480695
0.00924330111593
0.00962983909994
0.0100249350071
0.0104279769585
0.0108373751864
0.0112515268847
0.0116694336757
0.0120889088139
0.0125081408769
0.0129245305434
0.0133360205218
0.0137402275577
0.0141338063404
0.0145139647648
0.0148777142167
0.0152218034491
0.015542701818
0.015836879611
0.0161007754505
0.0163307711482
0.0165231302381
0.0166740380228
0.0167799219489
0.0168370697647
0.0168420057744
0.016791285947
0.0166814941913
0.0165095012635
0.0162725169212
0.0159681178629
0.0155935678631
0.0151467742398
0.0146264098585
0.0140311708674
0.0133597375825
0.0126115866005
0.0117871584371
0.010886926204
0.0099113760516
0.00886239204556
0.00774148665369
0.00655170157552
0.0052962070331
0.00397728011012
0.00260078813881
0.0011708191596
-0.000308640970616
-0.00183070776984
-0.00338950869627
-0.00497844815254
-0.00659089721739
-0.00821966584772
-0.00985677819699
-0.0114941885695
-0.013123867102
-0.0147375017405
-0.0163264013827
-0.0178811382502
-0.0193944871426
-0.020856410265
-0.0222598593682
-0.0235950555652
-0.024854844436
-0.0260301008821
-0.0271142534912
-0.0281001422554
-0.0289806481451
-0.0297498386353
-0.0304019507021
-0.0309323035181
-0.0313364937901
-0.031610481441
-0.0317522473633
-0.0317598544061
-0.0316315218806
-0.0313664898276
-0.0309663470834
-0.0304322037846
-0.0297660492361
-0.0289699733257
-0.028049422428
-0.0270088855177
-0.025853227824
-0.0245876684785
-0.0232209973037
-0.0217603426427
-0.0202142018825
-0.0185894928873
-0.0168965347111
-0.0151450680569
-0.0133447935805
-0.0115066310391
-0.00963937304914
-0.00775537732989
-0.00586345046759
-0.00397589802742
-0.00210205907933
-0.000251310149906
0.00156428117771
0.00333584984764
0.00505452696234
0.00671151885763
0.00829803012311
0.0098060593009
0.0112290410325
0.0125605715439
0.0137937078252
0.0149241676554
0.015947252512
0.0168605558574
0.0176598057151
0.0183433238417
0.0189100280404
0.0193600859493
0.0196934565902
0.019910492003
0.0200139842927
0.020006781444
0.0198917258531
0.0196723621339
0.0193540286273
0.0189417265356
0.0184409543872
0.0178575478494
0.0171987898648
0.0164710525423
0.0156821832061
0.0148390885442
0.0139490859583
0.0130209671333
0.0120621379465
0.0110804215074
0.0100835459307
0.00907920580357
0.00807508546859
0.00707864388824
0.00609669275582
0.00513586355373
0.00420330418274
0.00330435065553
0.00244506751187
0.00162955059204
0.000863575492986
0.000150863153976
-0.000504755182192
-0.00110083108302
-0.00163454690482
-0.00210350146517
-0.0025068486575
-0.00284402188845
-0.00311442930251
-0.00331792258658
-0.00345573318191
-0.00352942268364
-0.00354056921788
-0.00349101517349
-0.00338382949121
-0.0032221856527
-0.00300956424326
-0.0027491056826
-0.00244536064565
-0.00210264092311
-0.00172576040495
-0.00131910224445
-0.000887573347427
-0.000436191825429
2.98289851344e-05
0.000505982490722
0.000987131730653
0.0014681898756
0.00194477988407
0.00241165165789
0.00286502018571
0.00330031453632
0.00371363875456
0.0041012368165
0.00445950962603
0.00478579476476
0.00507716136053
0.0053308843635
0.00554521381855
0.00571875786409
0.00585004407912
0.00593799073249
0.00598233332857
0.00598325114697
0.00594099145383
0.00585590861738
0.00572930602357
0.00556278275326
0.00535821355879
0.00511729577556
0.00484258774668
0.00453699985519
0.0042034056969
0.00384475011379
0.00346466596238
0.00306640472263
0.00265380530618
0.00223072478548
0.00180056458339
0.00136761972681
0.000935334945098
0.000507972901687
8.89890216058e-05
-0.000318064965541
-0.000709648884367
-0.00108225818258
-0.00143286865205
-0.00175876670983
-0.00205722078681
-0.00232555833645
-0.00256170518696
-0.00276436912827
-0.00293185375631
-0.00306284846738
-0.00315658631735
-0.00321305869147
-0.00323215639219
-0.00321384659037
-0.00315892091021
-0.00306874606758
-0.00294469250366
-0.00278816139325
-0.00260125380009
-0.0023867462296
-0.0021470815409
-0.00188502436504
-0.00160389684606
-0.00130701728631
-0.000998257193714
-0.000681068515405
-0.00035929310252
-3.68100263586e-05
0.000282024004264
0.000593309639953
0.000893067568541
0.00117731955834
0.00144198164344
0.00168338988442
0.00189773179591
0.0020815928001
0.00223184819333
0.00234501599334
0.00241838721558
0.00244964286685
0.00243661063723
0.00237706350163
0.00226940214634
0.0021127841901
0.00190641277004
0.00164949614555
0.00134188134689
0.000984467798844
0.000577722501475
0.000122562269098
-0.000379379489459
-0.000926051987335
-0.00151542085223
-0.00214458513074
-0.00281105493195
-0.00351122580469
-0.00424145720899
-0.00499812234193
-0.00577725470066
-0.00657430104911
-0.00738468067721
-0.00820339098573
-0.00902648363262
-0.00984811875969
-0.0106639973819
-0.011468260549
-0.0122562376782
-0.0130232097581
-0.0137633802369
-0.0144720654935
-0.0151443425566
-0.0157756097615
-0.0163610354066
-0.0168966446072
-0.017377788201
-0.0178006254137
-0.0181618724018
-0.0184576716274
-0.0186848882586
-0.0188409220427
-0.0189235601574
-0.0189304798841
-0.018859654665
-0.0187101084739
-0.0184810683131
-0.0181717164814
-0.0177798587829
-0.0173065084964
-0.0167542379349
-0.016123464331
-0.0154158845544
-0.0146330567077
-0.0137781938538
-0.0128534510732
-0.0118614956737
-0.0108059886843
-0.00969083886594
-0.00851998757571
-0.0072975018993
-0.00602818885818
-0.00471778213978
-0.00337004289031
-0.00199146964587
-0.000586312438827
0.0008382195374
0.00227702152915
0.00372497295029
0.00517464196309
0.00662064692006
0.00805692747235
0.0094774113968
0.0108754904941
0.0122466916218
0.0135844657198
0.0148823792115
0.0161362886429
0.0173398554325
0.0184890795499
0.0195777527988
0.0206019990146
0.0215577986091
0.0224411152303
0.0232479758561
0.0239751879126
0.0246201716363
0.0251801013947
0.0256529469043
0.0260365866125
0.0263304114342
0.0265331976116
0.0266442149878
0.0266632791609
0.0265912003815
0.0264287181199
0.0261765867472
0.025836346671
0.0254103261977
0.0249011386186
0.0243106652051
0.0236421301961
0.0228996351361
0.0220866575837
0.0212065130472
0.0202642474324
0.0192642919719
0.0182114802301
0.0171106718481
0.0159669648856
0.0147858774289
0.0135729303584
0.0123342731968
0.0110742887482
0.00979995727539
0.00851578265429
0.00722876843065
0.00594397820532
0.00466629071161
0.00340247899294
0.00215740548447
0.000936387630645
-0.000255123653915
-0.00141351588536
-0.00253338273615
-0.00360965589061
-0.00463960459456
-0.00561845721677
-0.00654350174591
-0.00741039775312
-0.00821714941412
-0.0089614354074
-0.00964096840471
-0.0102536994964
-0.0107986042276
-0.0112725282088
-0.0116768842563
-0.0120117627084
-0.0122775398195
-0.0124751003459
-0.0126056093723
-0.0126702990383
-0.0126712666824
-0.0126111516729
-0.0124925514683
-0.0123181333765
-0.0120915183797
-0.0118167726323
-0.0114975543693
-0.0111380051821
-0.0107429688796
-0.010317181237
-0.00986535381526
-0.0093928752467
-0.00890478491783
-0.00840649660677
-0.00790342595428
-0.00740100303665
-0.00690455501899
-0.00641941651702
-0.00595115451142
-0.00550457369536
-0.00508501473814
-0.00469665369019
-0.00434446055442
-0.00403277995065
-0.00376546382904
-0.00354574830271
-0.0033768620342
-0.00326203345321
-0.0032035112381
-0.00320269726217
-0.00326090957969
-0.00337951816618
-0.00355873256922
-0.00379778002389
-0.00409593060613
-0.00445200363174
-0.00486428616568
-0.00532960658893
-0.00584475742653
-0.00640652002767
-0.00701053626835
-0.00765211228281
-0.00832556560636
-0.00902516860515
-0.00974530912936
-0.0104793598875
-0.0112195527181
-0.0119591737166
-0.0126909017563
-0.0134068103507
-0.0140989422798
-0.0147592872381
-0.0153796169907
-0.0159525945783
-0.0164697822183
-0.0169237200171
-0.017306342721
-0.0176110044122
-0.0178309306502
-0.0179593488574
-0.0179898347706
-0.0179126225412
-0.0177282765508
-0.0174323283136
-0.0170209594071
-0.0164919476956
-0.0158444587141
-0.0150766288862
-0.0141883250326
-0.0131808351725
-0.0120567306876
-0.0108185168356
-0.00946907885373
-0.00801385659724
-0.00645942101255
-0.00481313792989
-0.00308018503711
-0.00127130048349
0.0006041181623
0.00253679673187
0.00451447395608
0.0065260999836
0.00855867005885
0.0105991447344
0.0126344505697
0.0146498018876
0.0166327152401
0.0185678172857
0.0204398203641
0.0222354549915
0.0239414740354
0.0255422405899
0.0270246062428
0.0283756256104
0.0295835584402
0.0306362193078
0.0315229259431
0.0322331674397
0.0327590219676
0.0330934152007
0.0332284159958
0.0331587269902
0.0328820683062
0.0323960743845
0.0316995866597
0.0307916998863
0.0296766348183
0.0283586401492
0.0268428400159
0.0251336842775
0.0232430230826
0.0211795438081
0.0189559999853
0.0165832228959
0.014076708816
0.0114526189864
0.00872706715018
0.00591687858105
0.00304235937074
0.000121922894323
-0.0028206394054
-0.00576812913641
-0.00869615003467
-0.011584572494
-0.0144117297605
-0.0171560719609
-0.0197967719287
-0.0223132781684
-0.0246850382537
-0.0268906913698
-0.0289147552103
-0.030738633126
-0.0323475934565
-0.0337238162756
-0.034855928272
-0.0357339642942
-0.0363479740918
-0.0366883128881
-0.036750100553
-0.0365320518613
-0.0360324904323
-0.0352506674826
-0.0341894179583
-0.0328575521708
-0.0312624536455
-0.0294120963663
-0.027318559587
-0.0249983258545
-0.0224680006504
-0.0197442453355
-0.0168465934694
-0.0137998703867
-0.0106262015179
-0.00734740495682
-0.00399157777429
-0.000584344030358
0.00284695671871
0.00627499399707
0.00967235770077
0.0130115179345
0.0162633135915
0.0194034762681
0.0224023070186
0.0252385288477
0.0278854612261
0.0303207226098
0.0325218401849
0.0344711989164
0.0361477583647
0.0375296324492
0.0386102870107
0.0393806956708
0.0398351363838
0.0399661399424
0.0397685542703
0.0392441302538
0.0383979901671
0.0372347608209
0.0357600264251
0.033987775445
0.0319327153265
0.0296120923012
0.0270442571491
0.0242497827858
0.0212581437081
0.0180947482586
0.0147865489125
0.0113645168021
0.00786252971739
0.00431447057053
0.000754334265366
-0.00278084352612
-0.00625788699836
-0.00963688455522
-0.0128845302388
-0.0159622430801
-0.0188375879079
-0.0214765798301
-0.0238452851772
-0.0259128138423
-0.0276519898325
-0.0290384814143
-0.0300449002534
-0.0306502506137
-0.0308396089822
-0.0305998325348
-0.0299168471247
-0.028781928122
-0.0271964464337
-0.0251608025283
-0.0226777102798
-0.0197526179254
-0.0164042450488
-0.0126472907141
-0.00850322842598
-0.003996017389
0.000841916480567
0.00597520824522
0.0113684292883
0.0169847309589
0.0227784588933
0.0286976881325
0.0346994884312
0.0407282151282
0.0467322170734
0.0526542812586
0.0584398843348
0.0640259608626
0.0693547576666
0.074372947216
0.0790193900466
0.0832337737083
0.0869654864073
0.0901594012976
0.09276714921
0.0947349444032
0.0960201695561
0.0965862721205
0.0963970571756
0.0954171270132
0.0936185568571
0.090986661613
0.0875091776252
0.0831709578633
0.0779640302062
0.0719043985009
0.0650018304586
0.0572682805359
0.0487279631197
0.0394094213843
0.029356341809
0.0186138283461
0.00721523305401
-0.00476592872292
-0.0172708053142
-0.0302210524678
-0.0435623563826
-0.0572208203375
-0.0711038559675
-0.0851476117969
-0.0992638766766
-0.113355308771
-0.127334564924
-0.141097694635
-0.154545679688
-0.167570024729
-0.18007850647
-0.191949725151
-0.203073069453
-0.213342815638
-0.222653150558
-0.23089005053
-0.237948015332
-0.243729069829
-0.248143747449
-0.250849813223
-0.251962304115
-0.25141903758
-0.249156847596
-0.245108231902
-0.2392218858
-0.231478363276
-0.221869885921
-0.210403501987
-0.197140291333
-0.182153791189
-0.165401667356
-0.147016122937
-0.127314686775
-0.106408491731
-0.084397867322
-0.0614136755466
-0.0376466959715
-0.0132592311129
0.0115915555507
0.0365592129529
0.0613786540926
0.0858464613557
0.109779506922
0.13301025331
0.155343085527
0.176647484303
0.196783870459
0.215518802404
0.23243971169
0.247658908367
0.261053711176
0.272533297539
0.281991004944
0.289389401674
0.294718146324
0.297987580299
0.299204349518
0.298417925835
0.295688509941
0.290738582611
0.283995956182
0.275554507971
0.265512555838
0.253966480494
0.241018712521
0.22680786252
0.21147480607
0.195137500763
0.177942946553
0.160049945116
0.141592204571
0.12273593992
0.103621989489
0.0844000428915
0.0652295425534
0.0462519079447
0.027604918927
0.00942997541279
-0.00814660266042
-0.0249465629458
-0.0408071838319
-0.0556211918592
-0.0692551359534
-0.0816157758236
-0.0926384553313
-0.102265536785
-0.110445685685
-0.117165081203
-0.122434072196
-0.126272678375
-0.128704786301
-0.129786446691
-0.129590451717
-0.128188759089
-0.125649273396
-0.122067257762
-0.117602147162
-0.112363144755
-0.106467835605
-0.0999724790454
-0.093033567071
-0.0857443064451
-0.0781919062138
-0.0704542249441
-0.0625979080796
-0.0546916648746
-0.0468085668981
-0.0390256978571
-0.0314112007618
-0.0240325573832
-0.0168675556779
-0.00995246320963
-0.00332035403699
0.00297957076691
0.00889076944441
0.0143632004037
0.0193790085614
0.0239615794271
0.0281207505614
0.031800031662
0.0349574536085
0.0375856570899
0.0396710895002
0.0412142723799
0.0422340668738
0.0426863394678
0.0425573438406
0.0418639853597
0.0406288728118
0.0387775190175
0.0363557972014
0.0333557240665
0.0297779850662
0.0256316252053
0.0209316387773
0.0156967826188
0.00994956679642
0.00370383146219
-0.00301723717712
-0.0101927435026
-0.0177881438285
-0.025765741244
-0.0340735390782
-0.0426531136036
-0.0514309704304
-0.060324575752
-0.0692596882582
-0.0781505182385
-0.0869092494249
-0.0954473018646
-0.103669583797
-0.111490622163
-0.118846356869
-0.125686883926
-0.131958425045
-0.13731521368
-0.141938716173
-0.145732104778
-0.148618012667
-0.150562554598
-0.151576533914
-0.151693984866
-0.150548383594
-0.148507446051
-0.145512580872
-0.14153458178
-0.136598855257
-0.130758449435
-0.124081134796
-0.116374462843
-0.108000524342
-0.0989680886269
-0.0892994701862
-0.0790572464466
-0.0683130100369
-0.0571336559951
-0.0455832444131
-0.033775344491
-0.0218774732202
-0.00994291622192
0.00195721536875
0.0137524548918
0.0253717899323
0.0367451943457
0.0478172823787
0.058492552489
0.0686178430915
0.0781891867518
0.0871622860432
0.0954834148288
0.10310909152
0.110019929707
0.116186276078
0.121587917209
0.126219034195
0.13008312881
0.133181333542
0.135517910123
0.137112036347
0.137984395027
0.138158202171
0.137590229511
0.136399284005
0.134627267718
0.132311403751
0.129496365786
0.126227453351
0.122555717826
0.118529610336
0.114192351699
0.109596148133
0.104793518782
0.0998241081834
0.0947120338678
0.0895038768649
0.0842584297061
0.079018637538
0.0738228559494
0.0687007680535
0.0636818483472
0.0587949641049
0.0540705025196
0.0495235621929
0.0451797172427
0.0410515740514
0.0371630676091
0.0335255749524
0.0301502496004
0.0270436890423
0.0242147967219
0.0216541457921
0.0193395465612
0.0172905623913
0.015503026545
0.0139722879976
0.0126888807863
0.0116436732933
0.0108270635828
0.0102294608951
0.00983919668943
0.00964173860848
0.00960667897016
0.00972824171185
0.00999785400927
0.0103983180597
0.0109121156856
0.0115209547803
0.0122081097215
0.0129585340619
0.0137581247836
0.014579160139
0.0154106188565
0.0162503346801
0.0170793849975
0.0178814623505
0.0186395775527
0.0193406902254
0.0199755802751
0.0205391421914
0.020995484665
0.0213548541069
0.0216125845909
0.0217555724084
0.0217733290046
0.0216586124152
0.0214074514806
0.0210193302482
0.0204965416342
0.0198098327965
0.018972793594
0.0179861690849
0.0168462414294
0.0155510660261
0.0141038252041
0.0125057781115
0.0107639227062
0.00888510420918
0.0068721990101
0.00472164247185
0.00243865745142
2.77496365015e-05
-0.00250489963219
-0.00515144644305
-0.00790290907025
-0.0107489898801
-0.0136802829802
-0.0166865698993
-0.0197567697614
-0.0228850878775
-0.0260610878468
-0.0292776152492
-0.0325112678111
-0.0357469990849
-0.0389952734113
-0.0422425679862
-0.0454767607152
-0.0486871823668
-0.0518624000251
-0.0549914352596
-0.0580633170903
-0.0610670894384
-0.0639960616827
-0.0668389350176
-0.0695884823799
-0.0722371786833
-0.0747766718268
-0.0772022306919
-0.0795067474246
-0.0816852748394
-0.0837342515588
-0.0856495499611
-0.0874289423227
-0.0890697613358
-0.0905705168843
-0.0919334441423
-0.0931598320603
-0.0942538455129
-0.0952200368047
-0.0959420725703
-0.0965314134955
-0.096986785531
-0.0973027423024
-0.0974718034267
-0.0974861085415
-0.0973399505019
-0.0970321819186
-0.0965689644217
-0.0959622561932
-0.0952238589525
-0.0941723585129
-0.0929829031229
-0.0916326716542
-0.0900970101357
-0.0883544459939
-0.0863971412182
-0.0842246562243
-0.0818413421512
-0.079252563417
-0.0763073936105
-0.0731625035405
-0.0697916969657
-0.0661755651236
-0.0622988194227
-0.0581580623984
-0.0537491180003
-0.0490777492523
-0.0441457852721
-0.0389372557402
-0.0334605835378
-0.0277710538357
-0.0218741483986
-0.0157777611166
-0.00948902778327
-0.0030258577317
0.00359775708057
0.0103576118127
0.017239516601
0.0242233183235
0.0312197450548
0.0382172316313
0.0451886281371
0.0520992912352
0.0589111410081
0.065593868494
0.0721180737019
0.0784566551447
0.0845923572779
0.0905073136091
0.0960331484675
0.101216360927
0.106047973037
0.110494427383
0.114520780742
0.11810401082
0.121228903532
0.123891472816
0.126102209091
0.127871632576
0.128951340914
0.129571080208
0.129715204239
0.12936732173
0.128521993756
0.127190947533
0.125397875905
0.123173519969
0.120560981333
0.117493487895
0.114004187286
0.1102251634
0.106171123683
0.101859353483
0.0973140820861
0.0925700515509
0.087664745748
0.0826446115971
0.0775510966778
0.0724195614457
0.0671869665384
0.0620120838284
0.0569128058851
0.0519072674215
0.047015119344
0.0422601029277
0.0376577526331
0.0332306064665
0.0289895944297
0.0249551385641
0.0211361516267
0.0175397638232
0.0141743514687
0.0110437916592
0.00814739614725
0.00547997746617
0.00304488022812
0.00083978578914
-0.00114681734703
-0.00292576081119
-0.00450677797198
-0.00590220885351
-0.00712565192953
-0.00819197110832
-0.00911467988044
-0.00990818720311
-0.0105877388269
-0.011167993769
-0.0116631845012
-0.0120869930834
-0.0124521721154
-0.0127708064392
-0.0130551308393
-0.013315320015
-0.0135594466701
-0.0137954205275
-0.0140307946131
-0.0142711941153
-0.0145195564255
-0.0147783774883
-0.0150502230972
-0.0153361679986
-0.015634201467
-0.0159426983446
-0.0162596702576
-0.0165826845914
-0.0169069059193
-0.0172279793769
-0.0175413135439
-0.0178265720606
-0.018093071878
-0.0183345358819
-0.0185452941805
-0.0187190882862
-0.0188501700759
-0.0189327895641
-0.0189614016563
-0.0189306605607
-0.0188369266689
-0.0186782795936
-0.0184534788132
-0.0181621219963
-0.017804665491
-0.0173822939396
-0.0168741289526
-0.0163045562804
-0.0156731270254
-0.0149823296815
-0.0142366867512
-0.0134414564818
-0.0126040065661
-0.0117339463904
-0.0108448956162
-0.00994882546365
-0.00903802830726
-0.00813412852585
-0.00725071085617
-0.00640143733472
-0.00560180330649
-0.00486692227423
-0.00421522604302
-0.00366486678831
-0.00322872260585
-0.00291978614405
-0.00276153767481
-0.00277413055301
-0.00297757145017
-0.00339056178927
-0.00403095735237
-0.00491596153006
-0.00604928843677
-0.00747268414125
-0.00921036489308
-0.0112749757245
-0.0136767663062
-0.0164234079421
-0.0195346269757
-0.0229786727577
-0.0268602073193
-0.031186606735
-0.0359538719058
-0.0411666817963
-0.0468391850591
-0.0529791712761
-0.0595689713955
-0.0667425841093
-0.0744899958372
-0.0828133970499
-0.0917051658034
-0.101167581975
-0.111207619309
-0.12185202539
-0.133098050952
-0.144937932491
-0.157348915935
-0.17028208077
-0.183761224151
-0.197659671307
-0.21189314127
-0.226352110505
-0.240905568004
-0.255401968956
-0.269653111696
-0.283475071192
-0.296674698591
-0.309052675962
-0.320429593325
-0.330653131008
-0.339565724134
-0.347011864185
-0.352824836969
-0.356680989265
-0.358592092991
-0.358615875244
-0.356718927622
-0.352923959494
-0.347327202559
-0.339632064104
-0.330265134573
-0.319269239902
-0.306640177965
-0.292358934879
-0.276502549648
-0.259282201529
-0.240605860949
-0.2201577425
-0.198048427701
-0.17423671484
-0.148900538683
-0.12215847522
-0.0934418961406
-0.0627208054066
-0.0299372524023
0.00486658886075
0.0416879244149
0.0805531293154
0.121587708592
0.16488674283
0.210356190801
0.257876753807
0.30719229579
0.357686072588
0.408972799778
0.460604697466
0.512023329735
0.562662899494
0.611870229244
0.659038424492
0.703690588474
0.745527923107
0.78351521492
0.816418766975
0.844635307789
0.867487728596
0.88455426693
0.895663201809
0.900807380676
0.90002810955
0.891695737839
0.877511739731
0.857400596142
0.831473052502
0.799885451794
0.762793600559
0.7204220891
0.673138558865
0.621238946915
0.564992010593
0.50474691391
0.440936237574
0.373946666718
0.30407834053
0.231768652797
0.157464191318
0.081597790122
0.00455292593688
-0.0732306092978
-0.15124681592
-0.229111984372
-0.306295245886
-0.382421940565
-0.456999510527
-0.529610991478
-0.599795401096
-0.667062938213
-0.731014609337
-0.791229307652
-0.847201943398
-0.898440301418
-0.944300830364
-0.984701752663
-1.01914989948
-1.04724919796
-1.06862711906
-1.08299314976
-1.08951306343
-1.08820223808
-1.07893574238
-1.06161868572
-1.03618586063
-1.00262284279
-0.961115777493
-0.91181987524
-0.854983329773
-0.790890693665
-0.720027983189
-0.642955482006
-0.560168385506
-0.472393631935
-0.380311131477
-0.284468472004
-0.186542913318
-0.0873139873147
0.0123299937695
0.111524857581
0.20944416523
0.305277228355
0.398156702518
0.487291276455
0.571539342403
0.649547874928
0.721040189266
0.785365879536
0.841962575912
0.890367686749
0.9301404953
0.961036860943
0.982973873615
0.995853424072
0.999620676041
0.994388341904
0.979309499264
0.955734491348
0.923910915852
0.884270727634
0.837226390839
0.783268988132
0.722866594791
0.656691610813
0.585323810577
0.509421944618
0.429624527693
0.346631854773
0.261210590601
0.174034580588
0.0858273804188
-0.00271284161136
-0.090858399868
-0.177893310785
-0.26316934824
-0.346026450396
-0.425853788853
-0.501970350742
-0.573826372623
-0.640944123268
-0.702819108963
-0.758926510811
-0.808913946152
-0.852415323257
-0.889157414436
-0.918855726719
-0.941260516644
-0.956275224686
-0.963826954365
-0.963828146458
-0.955722928047
-0.940125107765
-0.917194664478
-0.887061238289
-0.849883675575
-0.806017041206
-0.755792140961
-0.699603557587
-0.637805700302
-0.570957422256
-0.499546378851
-0.424160987139
-0.345323294401
-0.263730108738
-0.179961666465
-0.0947603061795
-0.00870567560196
0.0774934589863
0.163207530975
0.247682750225
0.330291241407
0.410437643528
0.487492620945
0.560836672783
0.629959106445
0.694296121597
0.753418326378
0.806880176067
0.854315876961
0.895335376263
0.929711818695
0.957236766815
0.977700948715
0.990938365459
0.996943175793
0.995239019394
0.986325204372
0.970243632793
0.947168290615
0.91731595993
0.880904376507
0.838168025017
0.78943413496
0.735097885132
0.675558149815
0.611224770546
0.542550206184
0.47006097436
0.394289195538
0.315774470568
0.235048040748
0.152701720595
0.0693339779973
-0.0144504532218
-0.0980986878276
-0.180985689163
-0.262596875429
-0.342256188393
-0.419526189566
-0.49382096529
-0.564657568932
-0.63151216507
-0.693974494934
-0.751662433147
-0.804188489914
-0.851169347763
-0.892337679863
-0.927513539791
-0.956494390965
-0.979095578194
-0.995279073715
-1.00505423546
-1.00842952728
-1.00439977646
-0.99412971735
-0.977808892727
-0.95563095808
-0.927811741829
-0.894647061825
-0.856465280056
-0.813567698002
-0.766397416592
-0.715392112732
-0.661110401154
-0.604078888893
-0.543834686279
-0.482159405947
-0.419460296631
-0.356093645096
-0.292383611202
-0.228682622313
-0.165431186557
-0.102967597544
-0.0416470728815
0.0175264645368
0.0744005143642
0.128875091672
0.180846467614
0.230290785432
0.276980906725
0.320298433304
0.36049041152
0.397541880608
0.431567102671
0.462834537029
0.491665184498
0.517397761345
0.540480852127
0.561307132244
0.579951345921
0.59655559063
0.611359357834
0.624638676643
0.636620819569
0.647469520569
0.656361699104
0.664354264736
0.671480894089
0.67778468132
0.683318734169
0.688128530979
0.692228972912
0.695635080338
0.698366224766
0.700418114662
0.701764583588
0.702378094196
0.702233314514
0.70129609108
0.699521839619
0.696869492531
0.693310797215
0.688823997974
0.683390974998
0.677006483078
0.668806791306
0.659546375275
0.649158418179
0.637556254864
0.624664247036
0.610381662846
0.594666898251
0.577531456947
0.559024572372
0.53923791647
0.518262565136
0.495349347591
0.470994591713
0.44528144598
0.418094336987
0.389442712069
0.359394460917
0.328087896109
0.29563704133
0.262175917625
0.227139487863
0.190963640809
0.153614655137
0.115188270807
0.0757544115186
0.0355066768825
-0.00543828355148
-0.0469441115856
-0.0889453813434
-0.13136857748
-0.174284547567
-0.217602476478
-0.261163175106
-0.304717928171
-0.348136156797
-0.391222566366
-0.433855831623
-0.475936710835
-0.517331063747
-0.557962715626
-0.597019255161
-0.634976089001
-0.671659529209
-0.706831097603
-0.740262269974
-0.771782100201
-0.801192641258
-0.828344106674
-0.853056192398
-0.875216722488
-0.894673526287
-0.911356985569
-0.925176560879
-0.936073005199
-0.943987429142
-0.948931276798
-0.950918972492
-0.94998139143
-0.946178793907
-0.939629375935
-0.929323077202
-0.916383802891
-0.900841832161
-0.88273614645
-0.862105548382
-0.839007258415
-0.813489019871
-0.785688638687
-0.755838871002
-0.724171638489
-0.690982222557
-0.655938327312
-0.618904948235
-0.580574274063
-0.5409938097
-0.500198364258
-0.458382219076
-0.415842860937
-0.372915059328
-0.329859703779
-0.285944253206
-0.241856142879
-0.19762276113
-0.153416156769
-0.109436534345
-0.0660266727209
-0.0233393441886
0.0185115206987
0.0597176291049
0.100164666772
0.139647871256
0.177878022194
0.214680060744
0.249881818891
0.283452540636
0.314977258444
0.344783902168
0.372784584761
0.398735195398
0.422438055277
0.443765610456
0.46262049675
0.478968679905
0.492779493332
0.50402700901
0.512007296085
0.517315506935
0.519838571548
0.519529163837
0.516375720501
0.510387539864
0.501585543156
0.490049153566
0.475893825293
0.459253311157
0.440244376659
0.419049322605
0.39585801959
0.370874553919
0.344320654869
0.316421508789
0.287424683571
0.257562279701
0.227095171809
0.196265339851
0.1650968045
0.134003281593
0.103161677718
0.0727939084172
0.0430533029139
0.0141301834956
-0.0137632079422
-0.0404398664832
-0.0657163411379
-0.0894422754645
-0.111495964229
-0.131785809994
-0.150058120489
-0.166468173265
-0.180916428566
-0.19327403605
-0.203400358558
-0.211242333055
-0.216829910874
-0.220247939229
-0.221148788929
-0.219831943512
-0.216282367706
-0.210447326303
-0.202372923493
-0.192195340991
-0.180103242397
-0.165724292397
-0.149406626821
-0.131077408791
-0.110794171691
-0.0887233018875
-0.0650135800242
-0.0396532788873
-0.012471454218
0.0164973121136
0.0471384190023
0.07928917557
0.11285854131
0.1477073282
0.183806985617
0.22101713717
0.259242743254
0.298203766346
0.337815463543
0.377930939198
0.418315827847
0.458282440901
0.497612953186
0.535864472389
0.572543084621
0.607140123844
0.639132499695
0.668152570724
0.693945169449
0.716443121433
0.734235823154
0.747667014599
0.756845653057
0.761464595795
0.761468946934
0.75696015358
0.748102784157
0.735118210316
0.71821564436
0.697624564171
0.673635721207
0.64664798975
0.617055356503
0.585183918476
0.551318407059
0.515640497208
0.478285104036
0.439307779074
0.39891949296
0.357475966215
0.315396636724
0.271826565266
0.227090001106
0.18118353188
0.134291529655
0.0867650210857
0.0387891344726
-0.0100652119145
-0.0600300319493
-0.110928013921
-0.162529543042
-0.214625477791
-0.267075836658
-0.31987658143
-0.37291392684
-0.426020503044
-0.478936821222
-0.531336009502
-0.582668244839
-0.632409393787
-0.680090606213
-0.725185871124
-0.767204523087
-0.805637419224
-0.840036511421
-0.870136916637
-0.895967543125
-0.917259454727
-0.932313084602
-0.942708849907
-0.948143541813
-0.948490798473
-0.943898379803
-0.93471300602
-0.921289026737
-0.903910279274
-0.882891535759
-0.858014345169
-0.830466985703
-0.800478339195
-0.768435657024
-0.734273076057
-0.698286175728
-0.660958886147
-0.622493445873
-0.583062529564
-0.542782783508
-0.501762151718
-0.460306733847
-0.418777644634
-0.377528041601
-0.335559219122
-0.293617933989
-0.251619488001
-0.209757387638
-0.168380111456
-0.127843976021
-0.0874725729227
-0.0474169515073
-0.00779141765088
0.0310866981745
0.0689131096005
0.105624876916
0.141322523355
0.176268354058
0.210204303265
0.242819830775
0.273963212967
0.303686648607
0.331634938717
0.358019113541
0.382944315672
0.406148612499
0.427479237318
0.446817189455
0.464076966047
0.47921693325
0.492193222046
0.502932727337
0.511348366737
0.517327368259
0.520782291889
0.521631896496
0.519807338715
0.515270471573
0.508032917976
0.498132348061
0.485624194145
0.470575630665
0.453046888113
0.433130681515
0.410889267921
0.386420845985
0.359894961119
0.331476151943
0.301400870085
0.269361436367
0.236302882433
0.2023665905
0.167649999261
0.132305189967
0.0965425893664
0.0605689957738
0.0246704444289
-0.0105496533215
-0.0449466332793
-0.0783504322171
-0.110624730587
-0.141624182463
-0.171055242419
-0.198372319341
-0.223561942577
-0.246450647712
-0.266879051924
-0.284752011299
-0.299993932247
-0.312549650669
-0.322360545397
-0.328868150711
-0.332531660795
-0.333314716816
-0.331223905087
-0.32626748085
-0.31845420599
-0.307819604874
-0.294420003891
-0.278314501047
-0.259558230639
-0.238227069378
-0.214418232441
-0.188232213259
-0.159767836332
-0.129129841924
-0.0964667573571
-0.061923339963
-0.0256282184273
0.012241194956
0.051516443491
0.091885946691
0.133057132363
0.174767032266
0.216680809855
0.258490771055
0.299857854843
0.340453475714
0.379925787449
0.418000847101
0.454400509596
0.488911360502
0.520549833775
0.549161911011
0.574724733829
0.596892297268
0.615343868732
0.629851877689
0.640311419964
0.646689772606
0.648961007595
0.645770251751
0.638388693333
0.62665116787
0.610462963581
0.589833199978
0.56487184763
0.535718500614
0.502611398697
0.46552953124
0.42456060648
0.380565345287
0.33378046751
0.284433215857
0.232739493251
0.179060950875
0.123732596636
0.067127995193
0.00953447725624
-0.0483248718083
-0.105991765857
-0.163034364581
-0.219166964293
-0.273963570595
-0.327152132988
-0.378344863653
-0.427348941565
-0.473870635033
-0.517225086689
-0.556896805763
-0.593060016632
-0.625449895859
-0.653816998005
-0.67798602581
-0.69784283638
-0.713346123695
-0.724459052086
-0.731238603592
-0.733752906322
-0.730861127377
-0.723774254322
-0.712554216385
-0.697254002094
-0.677950263023
-0.654776275158
-0.62792879343
-0.597636222839
-0.564129590988
-0.527713894844
-0.488677412271
-0.446852475405
-0.402948439121
-0.357473254204
-0.310688495636
-0.262862503529
-0.214259251952
-0.165181025863
-0.115963213146
-0.0668778494
-0.0182387772948
0.0297191720456
0.0764327719808
0.121550045907
0.16481398046
0.206016004086
0.244884043932
0.281213283539
0.314879119396
0.345774292946
0.373614132404
0.39770257473
0.418427467346
0.435596227646
0.449061334133
0.458805143833
0.464912295341
0.467549115419
0.465600222349
0.460278570652
0.45142865181
0.439019680023
0.423231840134
0.404410481453
0.382017403841
0.357124686241
0.329926133156
0.300470858812
0.268994808197
0.235864385962
0.201015338302
0.165424078703
0.129321679473
0.0928467512131
0.0562340654433
0.0197254419327
-0.0164353530854
-0.0516883321106
-0.0857461467385
-0.118440151215
-0.149595499039
-0.179028749466
-0.20662650466
-0.232260480523
-0.255801290274
-0.277141720057
-0.296007931232
-0.312393307686
-0.326378971338
-0.337957978249
-0.347155988216
-0.35401982069
-0.358605533838
-0.360993921757
-0.36131003499
-0.359705865383
-0.355868190527
-0.350314199924
-0.343146085739
-0.334413319826
-0.324131280184
-0.312355726957
-0.299189507961
-0.284832328558
-0.269361555576
-0.252273768187
-0.234041526914
-0.214588567615
-0.193918257952
-0.17209738493
-0.149193316698
-0.125241503119
-0.100292608142
-0.0743421092629
-0.0474186576903
-0.0195469707251
0.00916775874794
0.0385129898787
0.0682676136494
0.098183400929
0.127983123064
0.157426059246
0.186235755682
0.214165151119
0.240965858102
0.266425281763
0.29039812088
0.312820225954
0.332809746265
0.350634366274
0.366158932447
0.379212409258
0.389716953039
0.397678524256
0.403155505657
0.406220704317
0.406180262566
0.403804898262
0.399122178555
0.392183214426
0.383044809103
0.371786832809
0.358521103859
0.343350589275
0.326379209757
0.30771830678
0.287488460541
0.265802562237
0.242789998651
0.218562304974
0.19325825572
0.167001873255
0.139915585518
0.112157128751
0.0838487222791
0.0551380552351
0.0261501763016
-0.00283181783743
-0.0316517725587
-0.0600831247866
-0.0879670158029
-0.115122415125
-0.141341790557
-0.166462779045
-0.190308481455
-0.212740138173
-0.23362493515
-0.252866864204
-0.269957602024
-0.28491550684
-0.297723203897
-0.308224827051
-0.316331923008
-0.32198920846
-0.325212806463
-0.326102495193
-0.32388779521
-0.319356352091
-0.312404483557
-0.303009301424
-0.291252881289
-0.27732899785
-0.261046409607
-0.242846533656
-0.223059624434
-0.201712489128
-0.17894166708
-0.154988095164
-0.129924654961
-0.104195900261
-0.0781835839152
-0.0520045757294
-0.0258134175092
0.000212894752622
0.0258831977844
0.0509214960039
0.0749869868159
0.0979374945164
0.11962801218
0.13993729651
0.15875954926
0.175982102752
0.191529855132
0.205325454473
0.217331022024
0.227488785982
0.235722735524
0.242001831532
0.246462017298
0.249139770865
0.250090271235
0.24940405786
0.247000321746
0.243108347058
0.237818598747
0.231227964163
0.223408043385
0.21441398561
0.204306438565
0.193182557821
0.181167051196
0.168431192636
0.15491476655
0.140571057796
0.12557323277
0.109953396022
0.0938006639481
0.0772715434432
0.0605097822845
0.0433905720711
0.0259160734713
0.00817238073796
-0.00975090544671
-0.0277024004608
-0.0455935895443
-0.0633629262447
-0.0809048861265
-0.0983219817281
-0.115479841828
-0.132229685783
-0.148439019918
-0.163971662521
-0.178750440478
-0.192729234695
-0.205858021975
-0.2177939713
-0.228740915656
-0.238649472594
-0.247441828251
-0.255030691624
-0.26136046648
-0.266389071941
-0.270120561123
-0.272575885057
-0.273797303438
-0.273841440678
-0.272280931473
-0.26960209012
-0.265785217285
-0.260803580284
-0.254666000605
-0.247415781021
-0.239138573408
-0.22992181778
-0.219866871834
-0.208780243993
-0.19679120183
-0.184053555131
-0.170575633645
-0.156404659152
-0.141623497009
-0.126321300864
-0.110580317676
-0.094492867589
-0.0781345516443
-0.0615712180734
-0.0447871610522
-0.0279632974416
-0.0111760711297
0.00546412169933
0.0218588672578
0.037890214473
0.0534633547068
0.0684797391295
0.082841143012
0.0964503288269
0.109228588641
0.121096566319
0.131988808513
0.141835361719
0.150576353073
0.158182665706
0.164615526795
0.16984371841
0.173851177096
0.176640570164
0.178219720721
0.178601562977
0.177808821201
0.175884947181
0.17271232605
0.168489307165
0.163254082203
0.157057672739
0.149949640036
0.141985282302
0.13321390748
0.12370814383
0.11353995651
0.102795593441
0.091570340097
0.0799500048161
0.0680249482393
0.0557547807693
0.043276078999
0.030659513548
0.0179623682052
0.00527773052454
-0.0072983824648
-0.0196758396924
-0.0317698866129
-0.0435176901519
-0.0548213645816
-0.0656979754567
-0.0761080831289
-0.0859577953815
-0.095166169107
-0.103649862111
-0.11136354506
-0.118289418519
-0.124285787344
-0.129397258162
-0.13364765048
-0.136945649981
-0.139229178429
-0.140480995178
-0.140726834536
-0.140008807182
-0.138024315238
-0.135042488575
-0.131003722548
-0.125866442919
-0.11962801218
-0.112327232957
-0.104024164379
-0.0947254896164
-0.0842938348651
-0.0728487595916
-0.0603846460581
-0.0469453968108
-0.0325636491179
-0.0172991175205
-0.00121170899365
0.015632757917
0.033173751086
0.0513624437153
0.0701341107488
0.0893848389387
0.108982205391
0.12882617116
0.148802727461
0.168723642826
0.188448905945
0.207803472877
0.226622253656
0.24475428462
0.262030005455
0.278290808201
0.293333053589
0.307036519051
0.319322258234
0.330073237419
0.339193254709
0.346619367599
0.352304577827
0.356207370758
0.358312577009
0.358646780252
0.357019752264
0.353654116392
0.34859713912
0.341911882162
0.333658367395
0.323872715235
0.312591612339
0.299864381552
0.285784512758
0.270465165377
0.254043966532
0.236683800817
0.218180477619
0.19867181778
0.178317278624
0.157143190503
0.135270699859
0.112824112177
0.0900151878595
0.0669663920999
0.0435001961887
0.0197152476758
-0.00431460514665
-0.0284339506179
-0.0525148287416
-0.0763946250081
-0.100028857589
-0.123241566122
-0.146166935563
-0.168742150068
-0.190828531981
-0.212244734168
-0.232889458537
-0.252641439438
-0.271415293217
-0.289158701897
-0.305773794651
-0.321156829596
-0.33496016264
-0.347330927849
-0.358170509338
-0.367363333702
-0.374805539846
-0.380427896976
-0.384171575308
-0.385586827993
-0.384938240051
-0.382242262363
-0.377508163452
-0.370739936829
-0.361952364445
-0.351240485907
-0.33873835206
-0.324647367001
-0.309025645256
-0.291832864285
-0.273762226105
-0.254901498556
-0.23538839817
-0.215399935842
-0.195141881704
-0.174836918712
-0.154665216804
-0.134808763862
-0.115432336926
-0.0965982526541
-0.0784937888384
-0.0611388385296
-0.0445959046483
-0.0288598760962
-0.0139376772568
0.000141006312333
0.0133702959865
0.0257538538426
0.0373028367758
0.0480249747634
0.0579033866525
0.0669403970242
0.0751480683684
0.0825280100107
0.0890860781074
0.0948341116309
0.0997924357653
0.103972308338
0.107386060059
0.110033750534
0.111913621426
0.113025598228
0.113418526947
0.113103419542
0.112035572529
0.110281608999
0.107885085046
0.104893133044
0.101356118917
0.0973205715418
0.0928332060575
0.0879434123635
0.0827084183693
0.0771927163005
0.0714681446552
0.065485149622
0.0594073869288
0.0532994531095
0.047174949199
0.0410530529916
0.0349642708898
0.028938094154
0.0229995455593
0.017165299505
0.0114427721128
0.00587698211893
0.000467595236842
-0.00479120854288
-0.00989577826113
-0.0148504348472
-0.0196465700865
-0.0242844969034
-0.0287599824369
-0.033066753298
-0.0371997952461
-0.0411500185728
-0.044908773154
-0.0484669059515
-0.0518115609884
-0.0549288392067
-0.0578063502908
-0.0604342743754
-0.0627965182066
-0.0648812800646
-0.0665957704186
-0.0680010467768
-0.0690743103623
-0.0697927102447
-0.0701287761331
-0.0700569078326
-0.0695544704795
-0.068605735898
-0.067204028368
-0.0653459578753
-0.0630217120051
-0.0601223446429
-0.0567264780402
-0.0528000406921
-0.0483185686171
-0.0432779677212
-0.0376875177026
-0.0315753445029
-0.0249450393021
-0.0177335273474
-0.00994221027941
-0.00157246529125
0.0073526292108
0.0167989172041
0.0267321169376
0.0371245704591
0.0479090735316
0.0592484474182
0.0711050257087
0.0834115892649
0.0961047783494
0.109161645174
0.122595719993
0.136165574193
0.150169089437
0.164530351758
0.179146125913
0.19393697381
0.208840578794
0.22379617393
0.238760620356
0.253657281399
0.268413752317
0.282919079065
0.297052145004
0.310678780079
0.323651254177
0.335811108351
0.346993148327
0.357046365738
0.365802943707
0.373108685017
0.378793418407
0.38266658783
0.384555250406
0.384325563908
0.381889462471
0.377204239368
0.370037972927
0.360038548708
0.347719430923
0.332947313786
0.315641373396
0.295832514763
0.273611694574
0.249121159315
0.222059622407
0.193207770586
0.162618353963
0.130360692739
0.0965793132782
0.0614101663232
0.0250326693058
-0.0123592959717
-0.0503318086267
-0.0885716825724
-0.12687201798
-0.164998486638
-0.202704146504
-0.23978702724
-0.276063799858
-0.311336070299
-0.345314413309
-0.377213835716
-0.407250225544
-0.435169905424
-0.460733294487
-0.483745843172
-0.50404971838
-0.521509170532
-0.536050617695
-0.547657012939
-0.556026637554
-0.560579001904
-0.561968028545
-0.560122847557
-0.554969787598
-0.546487212181
-0.534734785557
-0.519796192646
-0.501794457436
-0.480899631977
-0.457316339016
-0.430472880602
-0.401434510946
-0.370344728231
-0.337367355824
-0.30268111825
-0.266522020102
-0.229154229164
-0.190852627158
-0.151874631643
-0.112504608929
-0.0729813575745
-0.0338670574129
0.00456893164665
0.0421011075377
0.07852602005
0.113556884229
0.147014349699
0.178704917431
0.20844425261
0.236097738147
0.261029690504
0.283419340849
0.303154915571
0.32011950016
0.334242343903
0.345484167337
0.353800266981
0.35922652483
0.361833184958
0.36169013381
0.358440548182
0.352411776781
0.343889921904
0.332934081554
0.319639623165
0.304141432047
0.286609590054
0.267220944166
0.246181696653
0.223726153374
0.199707463384
0.174860835075
0.149343818426
0.12335126102
0.0970713868737
0.070691101253
0.0444336235523
0.0184883121401
-0.00692830979824
-0.0314600579441
-0.0549166686833
-0.0771362781525
-0.0979730039835
-0.117329902947
-0.135095730424
-0.151198372245
-0.165582478046
-0.177824169397
-0.18813598156
-0.196461990476
-0.202788025141
-0.207113400102
-0.209453046322
-0.209871530533
-0.208457112312
-0.205292508006
-0.200103834271
-0.193357542157
-0.185131803155
-0.17549918592
-0.164551004767
-0.152385041118
-0.139130651951
-0.12490016222
-0.109809413552
-0.0940019935369
-0.0775297731161
-0.0605865046382
-0.0433604307473
-0.025977935642
-0.00852980464697
0.00887284614146
0.0261263102293
0.0431446582079
0.0598360709846
0.0761329978704
0.0917348116636
0.106612168252
0.12066192925
0.133806839585
0.145972147584
0.157135218382
0.167297303677
0.176348879933
0.184076786041
0.190684914589
0.196151211858
0.200472921133
0.203670173883
0.20579226315
0.206903934479
0.207064941525
0.206329405308
0.204755708575
0.202403888106
0.199337437749
0.195623919368
0.191338092089
0.186558112502
0.181351363659
0.175786048174
0.169917702675
0.163789138198
0.157431647182
0.150878369808
0.14415358007
0.137315154076
0.130427926779
0.123565621674
0.116551652551
0.10950113833
0.102451048791
0.0953956618905
0.08837313205
0.0814408063889
0.0746662914753
0.0678223595023
0.0610660463572
0.0543771758676
0.0477686598897
0.041274074465
0.0349320471287
0.0287222508341
0.022575031966
0.0165264587849
0.0105782002211
0.00473626237363
-0.000982354860753
-0.00657463446259
-0.0120502552018
-0.0174138527364
-0.0226790122688
-0.0278500020504
-0.0329215340316
-0.0379154682159
-0.0428335368633
-0.0476880595088
-0.0524828620255
-0.057238124311
-0.0619637109339
-0.066634580493
-0.0712945833802
-0.0759661868215
-0.0806616023183
-0.0854006111622
-0.0901888310909
-0.0950347334146
-0.0999497994781
-0.104936942458
-0.110003471375
-0.115166433156
-0.120441265404
-0.125839650631
-0.131112292409
-0.136446923018
-0.141816139221
-0.147171512246
-0.152474120259
-0.157689243555
-0.162792265415
-0.167759999633
-0.172579094768
-0.177238360047
-0.181357592344
-0.185190618038
-0.188664034009
-0.191705912352
-0.194248214364
-0.196238145232
-0.19763289392
-0.198409825563
-0.198553010821
-0.198044270277
-0.196505114436
-0.194252133369
-0.191237226129
-0.187406331301
-0.18272189796
-0.177170813084
-0.170750036836
-0.16345885396
-0.155326575041
-0.14637516439
-0.136479005218
-0.125788167119
-0.114408671856
-0.102363020182
-0.0896717235446
-0.0763813704252
-0.062538407743
-0.048215996474
-0.0334698036313
-0.0183683559299
-0.00297884177417
0.0125282201916
0.0280672628433
0.0435576625168
0.0589083433151
0.0740407407284
0.0888739004731
0.103335358202
0.117354854941
0.130887508392
0.14363078773
0.155594050884
0.166735425591
0.176971584558
0.186227709055
0.194452852011
0.201613843441
0.207714900374
0.212777897716
0.216321378946
0.218742087483
0.219997048378
0.220052734017
0.218899607658
0.216578543186
0.213171482086
0.208767771721
0.203159078956
0.19660435617
0.189274430275
0.181206062436
0.172458335757
0.163112148643
0.153272211552
0.143039360642
0.132505610585
0.121777914464
0.110948048532
0.100097171962
0.0892467051744
0.0785571336746
0.0680832341313
0.0578922629356
0.0480155386031
0.038502715528
0.0293919760734
0.0207163970917
0.0125048058107
0.00477334810421
-0.00246417638846
-0.00919056870043
-0.0154063971713
-0.0211114995182
-0.0263142101467
-0.0310153476894
-0.0352239646018
-0.0389526188374
-0.0422160811722
-0.0450260043144
-0.0474018827081
-0.0493793524802
-0.0509960353374
-0.0522185750306
-0.0531167909503
-0.0537356883287
-0.0540900528431
-0.0541978441179
-0.054086625576
-0.0537974834442
-0.0533819012344
-0.0527862459421
-0.0520919077098
-0.0513371005654
-0.0505302548409
-0.0496916398406
-0.0488608442247
-0.0480856522918
-0.0472935847938
-0.0465706512332
-0.0459367781878
-0.0453934632242
-0.0449599027634
-0.0446671135724
-0.044520765543
-0.0444554463029
-0.044568516314
-0.0448480769992
-0.0452864430845
-0.0458861812949
-0.0466630384326
-0.0475783459842
-0.0486209541559
-0.0498429834843
-0.0512125641108
-0.052708286792
-0.054319921881
-0.0560444109142
-0.0578825250268
-0.059694301337
-0.0615940988064
-0.0635410919785
-0.0654978007078
-0.0674266293645
-0.069300994277
-0.0710986554623
-0.0728059485555
-0.0744064003229
-0.0757588297129
-0.0769463852048
-0.0779393017292
-0.0787002965808
-0.0791970640421
-0.0794006362557
-0.0792881846428
-0.0788456648588
-0.0780680477619
-0.0769517570734
-0.0754916891456
-0.0735632106662
-0.0712733641267
-0.0686095654964
-0.0655663236976
-0.0621307641268
-0.0583157576621
-0.0541339367628
-0.0496072694659
-0.0447575636208
-0.0396100357175
-0.0341946482658
-0.028502786532
-0.0225642491132
-0.0164208710194
-0.0100946817547
-0.00362199614756
0.00294961687177
0.0095801865682
0.0162207540125
0.0228337459266
0.0293701738119
0.0357976816595
0.0420451834798
0.048136934638
0.0540290027857
0.0596676804125
0.0650034993887
0.0699884444475
0.0745931193233
0.0787942111492
0.0825876072049
0.0858139768243
0.0885952189565
0.0909052416682
0.0926946923137
0.0939278155565
0.0945991426706
0.094731643796
0.0943647325039
0.0932956859469
0.091718249023
0.0895946323872
0.0869105756283
0.0836806669831
0.0799523666501
0.0757864043117
0.0710188001394
0.0658000335097
0.0601217746735
0.0539897419512
0.0474624894559
0.0406032018363
0.0334611684084
0.0259667746723
0.018181944266
0.0101389968768
0.00189124967437
-0.00650201598182
-0.0149725247175
-0.02347449027
-0.0319652184844
-0.0403929688036
-0.0487652011216
-0.0570078417659
-0.0650557950139
-0.0728401690722
-0.0802916288376
-0.0873483642936
-0.0939478352666
-0.100049979985
-0.105591207743
-0.110512666404
-0.114754989743
-0.11826146394
-0.120974875987
-0.122834041715
-0.123787373304
-0.123787291348
-0.122801207006
-0.120799191296
-0.117753975093
-0.113670997322
-0.108550354838
-0.102401003242
-0.0952396839857
-0.0870988368988
-0.0780170857906
-0.0680360943079
-0.0572186335921
-0.0456220805645
-0.0333227142692
-0.020394558087
-0.00695018516853
0.00682926550508
0.0208412166685
0.0349918082356
0.0491862744093
0.0633339434862
0.0773473381996
0.0910987630486
0.104292929173
0.11692545563
0.128873482347
0.140036016703
0.150361314416
0.159823194146
0.168264403939
0.175437480211
0.181492447853
0.186338305473
0.18991792202
0.192228808999
0.193295702338
0.193169921637
0.191454321146
0.188579380512
0.184515491128
0.179265260696
0.172853350639
0.165317520499
0.15673917532
0.147190108895
0.136702612042
0.125228464603
0.113076254725
0.100287623703
0.086929358542
0.0730678364635
0.0587939918041
0.0441905148327
0.0293332319707
0.0143238706514
-0.000757377187256
-0.0158052165061
-0.030665917322
-0.0452572144568
-0.0595040768385
-0.0733275935054
-0.0866358354688
-0.099375538528
-0.11147467047
-0.122874200344
-0.133543357253
-0.143433347344
-0.152233675122
-0.160099878907
-0.166993275285
-0.172862172127
-0.177664622664
-0.181377053261
-0.184007242322
-0.185584276915
-0.186146989465
-0.185316756368
-0.183504790068
-0.180685281754
-0.176843330264
-0.17200255394
-0.166226223111
-0.159605830908
-0.15207323432
-0.143727898598
-0.134803235531
-0.12530644238
-0.115277841687
-0.104793593287
-0.0939356386662
-0.0827900394797
-0.071328163147
-0.0598384477198
-0.0483513362706
-0.0369083210826
-0.0255619492382
-0.0143714519218
-0.00339182373136
0.00733195291832
0.0177462678403
0.0277545973659
0.0373311154544
0.0464570559561
0.0551032088697
0.0632587000728
0.0709071829915
0.0780328735709
0.0846289992332
0.0906814113259
0.0961897373199
0.101147785783
0.105551697314
0.109402395785
0.112703338265
0.115457035601
0.117664724588
0.119334124029
0.120471999049
0.121086128056
0.12118242681
0.120680205524
0.119678497314
0.118189223111
0.116224087775
0.113796897233
0.110922902822
0.107616178691
0.103891797364
0.0997687354684
0.0952650681138
0.0903993621469
0.085191808641
0.0796667262912
0.0738493129611
0.0677596703172
0.0614244602621
0.0548711530864
0.0481175556779
0.0411935001612
0.0341271273792
0.026920221746
0.0196406636387
0.0123161580414
0.00497203879058
-0.00235908618197
-0.00965502019972
-0.0168863143772
-0.0240199565887
-0.0310365278274
-0.037897374481
-0.0445811226964
-0.0510638803244
-0.0573165155947
-0.0633170157671
-0.069044932723
-0.0744765326381
-0.0795947313309
-0.0843808203936
-0.0888212397695
-0.0929036736488
-0.0966196656227
-0.0999597609043
-0.102923721075
-0.1055181548
-0.107757337391
-0.109489291906
-0.110878057778
-0.111923784018
-0.112616404891
-0.11294349283
-0.112899541855
-0.112497292459
-0.11176943779
-0.11075373739
-0.109273761511
-0.107467584312
-0.105346031487
-0.102888390422
-0.100086010993
-0.0969443172216
-0.0934750810266
-0.0896925106645
-0.0856040641665
-0.0812073126435
-0.0765013769269
-0.0714342519641
-0.0660879686475
-0.0604798197746
-0.0546287633479
-0.0485614426434
-0.0423108078539
-0.035902377218
-0.0293558295816
-0.022734189406
-0.0160830691457
-0.00944179203361
-0.00285438867286
0.00364405103028
0.0100152678788
0.0162212084979
0.0222327578813
0.0280235875398
0.0335749164224
0.0387990511954
0.0436682999134
0.048179320991
0.0523060187697
0.0560381598771
0.0593869872391
0.0623830929399
0.0648831129074
0.0669877976179
0.0687053501606
0.070028051734
0.0709881037474
0.0716501027346
0.0719119459391
0.0718896314502
0.0716262161732
0.071126960218
0.0704343095422
0.0696197748184
0.0686173513532
0.0675370246172
0.0664382353425
0.0653248652816
0.0642278566957
0.0631988719106
0.0622903853655
0.0613869689405
0.0606591627002
0.0601023882627
0.0597130320966
0.05949857831
0.0594756901264
0.0596595369279
0.0600615367293
0.0606433525681
0.0613806471229
0.0623201653361
0.0634393468499
0.0647178664804
0.0661344528198
0.0676643177867
0.0692864730954
0.0709815919399
0.0727270171046
0.0744965672493
0.0762631520629
0.077880539
0.0794177427888
0.080833107233
0.0820835828781
0.0831249579787
0.0839153677225
0.0844135507941
0.0845803916454
0.0843824073672
0.0837904140353
0.0827766358852
0.0812622532248
0.0791785642505
0.0765920728445
0.0734621882439
0.0697500556707
0.0654316022992
0.0604896061122
0.0549063943326
0.0486893132329
0.0417570397258
0.0342712663114
0.0262274630368
0.0176438689232
0.00852737762034
-0.00109748041723
-0.0111469244584
-0.0214585959911
-0.0319867357612
-0.0426644906402
-0.0534586459398
-0.064325042069
-0.0751361995935
-0.0856949016452
-0.09600546211
-0.105971172452
-0.115537941456
-0.124643750489
-0.133253246546
-0.141314193606
-0.148787528276
-0.155629783869
-0.161795496941
-0.167256310582
-0.171998739243
-0.17604316771
-0.179416432977
-0.182144165039
-0.184268042445
-0.185818046331
-0.186807692051
-0.187236383557
-0.187108784914
-0.186446934938
-0.185303077102
-0.183755084872
-0.181672528386
-0.179046705365
-0.176052674651
-0.172643482685
-0.168803200126
-0.164572194219
-0.16001842916
-0.155211851001
-0.149817347527
-0.144154384732
-0.138206779957
-0.131979450583
-0.12549585104
-0.118794627488
-0.111928574741
-0.104947246611
-0.0978874564171
-0.0907730609179
-0.08352188766
-0.0762799680233
-0.0690698474646
-0.0619111321867
-0.054846059531
-0.0478900447488
-0.0410793945193
-0.0344439782202
-0.0280069187284
-0.0217930395156
-0.015821967274
-0.010100370273
-0.00464065326378
0.000567853276152
0.00551170064136
0.0101971141994
0.0146218910813
0.0187798459083
0.0226753670722
0.0263113304973
0.0296980869025
0.0328498035669
0.0357869453728
0.0384713709354
0.0409979149699
0.0433690622449
0.0455880910158
0.0476591475308
0.0496058091521
0.0514736063778
0.053160764277
0.0548358336091
0.0564740523696
0.0580689460039
0.0596576184034
0.0612139180303
0.0627703145146
0.0643972158432
0.0660630986094
0.0677864328027
0.0696244463325
0.0714360177517
0.0734060257673
0.0755208432674
0.0777657181025
0.0801528915763
0.0827066376805
0.0854448378086
0.0883807390928
0.0915221348405
0.0948744863272
0.0984314009547
0.102193519473
0.106148295105
0.110294997692
0.114614583552
0.119080252945
0.123658977449
0.128299325705
0.132952228189
0.137574329972
0.142156973481
0.146701291203
0.150852426887
0.154781073332
0.158426374197
0.161694079638
0.164523556828
0.166892558336
0.168794840574
0.170214638114
0.170814037323
0.170864462852
0.17032366991
0.169158518314
0.167344272137
0.164864078164
0.161710724235
0.157880499959
0.153361961246
0.148152410984
0.142257258296
0.1356805861
0.128415152431
0.120470672846
0.111858166754
0.102586209774
0.0926672145724
0.0821138247848
0.0709456205368
0.0591793842614
0.0467941686511
0.0339313000441
0.0206438768655
0.00698467111215
-0.00697051221505
-0.0211614631116
-0.0355089865625
-0.0499494671822
-0.0644119083881
-0.0788522139192
-0.0930967032909
-0.10696323961
-0.120439700782
-0.13341923058
-0.145812392235
-0.15755276382
-0.168606325984
-0.178979188204
-0.188290685415
-0.196616858244
-0.203966081142
-0.210255309939
-0.215430170298
-0.219494491816
-0.222482100129
-0.224432989955
-0.224879443645
-0.224294036627
-0.222636640072
-0.219885036349
-0.216054901481
-0.211182460189
-0.20531873405
-0.198537752032
-0.190907180309
-0.182222694159
-0.172806963325
-0.162743270397
-0.152066260576
-0.140831127763
-0.129080891609
-0.116894975305
-0.104337103665
-0.0914883986115
-0.0784121677279
-0.0651918724179
-0.0518193878233
-0.0385030321777
-0.0252971798182
-0.0122516462579
0.000574513571337
0.0131289986894
0.0253576524556
0.0372122265399
0.0486420318484
0.0596072636545
0.0700790509582
0.0798648074269
0.0890053063631
0.0974631085992
0.105197690427
0.112173900008
0.118362024426
0.123752586544
0.128349989653
0.132172435522
0.13490973413
0.136820971966
0.137867167592
0.138019755483
0.137284263968
0.135698929429
0.133319318295
0.130071282387
0.125999301672
0.121277600527
0.115921102464
0.109965853393
0.103469885886
0.096498966217
0.0891271084547
0.0814293250442
0.0734762623906
0.065332390368
0.057076357305
0.0487794540823
0.0405023433268
0.0323018021882
0.0242217220366
0.0162994079292
0.00856541190296
0.00104875396937
-0.00623332848772
-0.0132548473775
-0.0199860390276
-0.0264035891742
-0.0324739664793
-0.03818295151
-0.0435317456722
-0.0484450161457
-0.0530173555017
-0.0572195574641
-0.0610142238438
-0.0643777996302
-0.067307792604
-0.0698329508305
-0.0718079730868
-0.0733919665217
-0.0745361968875
-0.0752056092024
-0.0753972753882
-0.0751410871744
-0.0744773074985
-0.07325707376
-0.0716250017285
-0.0695670992136
-0.0670822709799
-0.0641868859529
-0.0609206408262
-0.057325001806
-0.053394921124
-0.0491096265614
-0.0445470921695
-0.0397207774222
-0.0346614122391
-0.0294075906277
-0.0240132287145
-0.0185239091516
-0.0129736894742
-0.00735748698935
-0.00172460265458
0.00389362708665
0.0094517217949
0.0149046676233
0.0202085487545
0.0253200698644
0.030206957832
0.034837257117
0.0391718745232
0.0431817770004
0.0468760207295
0.0502190031111
0.0531779043376
0.0557308420539
0.057858094573
0.0595453567803
0.0607882551849
0.0615955591202
0.0619773231447
0.0618370473385
0.0612716786563
0.0602802559733
0.0588661320508
0.0570359267294
0.0548002943397
0.0521847456694
0.0492199920118
0.0459443330765
0.0423895381391
0.0385402850807
0.0344347693026
0.0301229171455
0.0256308317184
0.0209876243025
0.0162370316684
0.0114202452824
0.00657809525728
0.00175831106026
-0.00301128486171
-0.00770576205105
-0.0123066464439
-0.0167837720364
-0.021100172773
-0.0252166464925
-0.029098380357
-0.0327185243368
-0.0360540449619
-0.0390907078981
-0.041760083288
-0.0441137254238
-0.0461227186024
-0.047755420208
-0.048991728574
-0.0498225130141
-0.0502470731735
-0.0502683185041
-0.0498921535909
-0.0490523464978
-0.047811485827
-0.0461737774312
-0.0441343672574
-0.0417025350034
-0.038893327117
-0.0357290655375
-0.032230772078
-0.0284226667136
-0.0243378765881
-0.0200018137693
-0.015445202589
-0.0106794806197
-0.00575633207336
-0.000716288515832
0.00440306495875
0.00955685228109
0.0147009016946
0.019787138328
0.0247715674341
0.0296066980809
0.034243222326
0.0386428646743
0.0427579581738
0.0465467013419
0.0499691367149
0.052992656827
0.0555843226612
0.0577109083533
0.0593468844891
0.0604741349816
0.0610772557557
0.0611391142011
0.0606528520584
0.0596210509539
0.0580464191735
0.0559343621135
0.0532978326082
0.0501593202353
0.046541787684
0.0424708798528
0.0379816032946
0.0331090986729
0.0278950631618
0.0223852172494
0.0166179519147
0.0106508368626
0.00453101098537
-0.0016914519947
-0.00796246808022
-0.0142335323617
-0.0204467847943
-0.0265574045479
-0.0325091890991
-0.0382374487817
-0.0437117218971
-0.048886500299
-0.0537273809314
-0.0582015700638
-0.0622725151479
-0.0659163072705
-0.0691151097417
-0.0718499198556
-0.0741054192185
-0.0758742690086
-0.0771549791098
-0.0779506340623
-0.0782634988427
-0.0781027302146
-0.077486127615
-0.0764311477542
-0.0749570280313
-0.0730863288045
-0.0708496794105
-0.0682762935758
-0.0653938949108
-0.0622356496751
-0.0588373281062
-0.0552311129868
-0.0514521375299
-0.0475315973163
-0.0435039177537
-0.0394032597542
-0.0352591946721
-0.0311017744243
-0.0269547440112
-0.0228454209864
-0.0188002958894
-0.0148366028443
-0.0109718274325
-0.0072193373926
-0.00359745463356
-0.000113633519504
0.00322725856677
0.00641892943531
0.0094583388418
0.0123420096934
0.015075808391
0.017664341256
0.0201113652438
0.0224244799465
0.0246159154922
0.0266990661621
0.0286498982459
0.0305175706744
0.0323140323162
0.0340496897697
0.0357332006097
0.0373749397695
0.0389821194112
0.0405647419393
0.0421378314495
0.0437173955142
0.0453040078282
0.0468601584435
0.048459302634
0.0500978566706
0.0517741441727
0.0534826144576
0.0552202351391
0.0569913499057
0.0588057078421
0.0606718920171
0.0624743290246
0.0643235370517
0.0662015974522
0.0680870264769
0.0699578896165
0.0717945769429
0.0735827311873
0.075314886868
0.0769861117005
0.0785665884614
0.0799480825663
0.0812232121825
0.082359701395
0.083323918283
0.0840836912394
0.0846131592989
0.0848943442106
0.0849164202809
0.0846754536033
0.0841671973467
0.0832299888134
0.0819876268506
0.0804110318422
0.0784751027822
0.0761585980654
0.0734527260065
0.0703551769257
0.0668826326728
0.0630505606532
0.0588298328221
0.0541726648808
0.0491453744471
0.0437422767282
0.0379751734436
0.0318574048579
0.0254155490547
0.018691521138
0.0117191476747
0.00451625324786
-0.00292350910604
-0.0105788344517
-0.0184156466275
-0.0263834130019
-0.0344386994839
-0.04252178967
-0.0505954325199
-0.0586358122528
-0.0665092021227
-0.0743306279182
-0.0820526853204
-0.0895972624421
-0.0969074442983
-0.103928737342
-0.110646426678
-0.117055147886
-0.122937574983
-0.128442779183
-0.1335311234
-0.138128966093
-0.142179504037
-0.145633459091
-0.148456454277
-0.150618717074
-0.152099922299
-0.152873665094
-0.152905493975
-0.152154877782
-0.150497630239
-0.148030176759
-0.144731417298
-0.14058598876
-0.135597959161
-0.129779487848
-0.123154550791
-0.115735433996
-0.107571303844
-0.0986492931843
-0.0890804603696
-0.0789313986897
-0.0682880505919
-0.0572297088802
-0.0458467341959
-0.0342128165066
-0.0224227402359
-0.0105791147798
0.00123462337069
0.0129134459421
0.0243778582662
0.0355269759893
0.0461595728993
0.0562190040946
0.065617993474
0.0742675513029
0.0821063667536
0.0890969187021
0.0952184274793
0.100270077586
0.104259207845
0.107217289507
0.10909397155
0.109887741506
0.109653927386
0.108381047845
0.105978809297
0.102687574923
0.0985021069646
0.0934571772814
0.0876413732767
0.0811021253467
0.073909394443
0.0662954077125
0.0582902058959
0.0499671399593
0.0414158180356
0.0327081866562
0.0240327771753
0.0155235957354
0.00722427805886
-0.000800689449534
-0.00848712678999
-0.01572795026
-0.0223968029022
-0.0284470897168
-0.0338344573975
-0.0385330878198
-0.0425304956734
-0.0457792952657
-0.0481916405261
-0.0498304776847
-0.0506915338337
-0.0507747419178
-0.0501036047935
-0.0487192794681
-0.0466560572386
-0.0438718572259
-0.0405175425112
-0.0366340056062
-0.0322699844837
-0.027476567775
-0.0223181135952
-0.0168546941131
-0.01115255896
-0.0052754804492
0.000712688954081
0.00674067717046
0.0127376280725
0.0186458788812
0.0244055390358
0.0299747101963
0.0353019945323
0.0403463877738
0.0450741536915
0.0494466051459
0.0534359961748
0.0570258498192
0.0601969510317
0.0629373714328
0.065236620605
0.0671027973294
0.0685449019074
0.0694857761264
0.0700153782964
0.0701458677649
0.0698866546154
0.0692413002253
0.068215996027
0.0668302103877
0.0651217848063
0.0631363466382
0.0608109720051
0.0581926070154
0.0553241409361
0.0522033423185
0.0488579683006
0.0453290790319
0.0416711680591
0.0378098599613
0.0338040180504
0.0296688545495
0.0254279263318
0.0211169812828
0.0167770683765
0.0124379871413
0.00806794315577
0.00370707642287
-0.000625814602245
-0.00489780073985
-0.0090685384348
-0.0131074497476
-0.0169899910688
-0.0206993464381
-0.024198576808
-0.0274932701141
-0.0305676069111
-0.0333989076316
-0.0359681025147
-0.0382528565824
-0.0402399525046
-0.0419206619263
-0.0432933568954
-0.0443586744368
-0.0451170951128
-0.0455702617764
-0.0456722937524
-0.0454832799733
-0.0450081527233
-0.0442527160048
-0.0432301536202
-0.0419572964311
-0.0404511652887
-0.038730353117
-0.0368196330965
-0.034743629396
-0.0325302146375
-0.0302068386227
-0.0278022028506
-0.0253464542329
-0.0228701028973
-0.020404022187
-0.0179786272347
-0.0156230898574
-0.0133679909632
-0.0112419761717
-0.00927343405783
-0.00748737435788
-0.00590668339282
-0.0045556104742
-0.00345725170337
-0.0026251883246
-0.00207364209928
-0.0018171047559
-0.00186637125444
-0.00222416664474
-0.0028914778959
-0.00386930652894
-0.0051553719677
-0.00673857145011
-0.0086052455008
-0.0107442876324
-0.0131375016645
-0.0157620087266
-0.0185926537961
-0.0216025281698
-0.0247646458447
-0.0280439071357
-0.0314057953656
-0.034818649292
-0.0382413305342
-0.0416385233402
-0.044968213886
-0.0481942407787
-0.051276691258
-0.0541781820357
-0.0568611882627
-0.0592882148921
-0.0614259652793
-0.0632434561849
-0.064712099731
-0.0658009946346
-0.0664889141917
-0.0667570605874
-0.0665867999196
-0.065937012434
-0.0647885575891
-0.0631747022271
-0.061089951545
-0.0585344284773
-0.0555188134313
-0.0520492382348
-0.0481407493353
-0.0438087545335
-0.0390783473849
-0.0339754037559
-0.0285238195211
-0.0227638166398
-0.0167247317731
-0.010445558466
-0.003965979442
0.00267343409359
0.00941977929324
0.0162144415081
0.0230110026896
0.0297676287591
0.0364355295897
0.0429683923721
0.0493215061724
0.0554556772113
0.0613244771957
0.0668934881687
0.0721272975206
0.0769957005978
0.0814758017659
0.0855369418859
0.0890445336699
0.0920694991946
0.0945974886417
0.0966083854437
0.0980920568109
0.0990405157208
0.0994450971484
0.0993078500032
0.0986391827464
0.0974519997835
0.0957610160112
0.0935886204243
0.0909591689706
0.0877739936113
0.0841872468591
0.0802262499928
0.0759112164378
0.0712704733014
0.0663276612759
0.0611171089113
0.0556755587459
0.0500311776996
0.0442306622863
0.0383004024625
0.0322842933238
0.0262047294527
0.0200964920223
0.0140248769894
0.00802442617714
0.00211768294685
-0.00366675923578
-0.00930007733405
-0.0147603787482
-0.0200216453522
-0.0250639840961
-0.0298682451248
-0.0344187133014
-0.0386981405318
-0.0426588766277
-0.0462855286896
-0.0495847761631
-0.0525478385389
-0.0551656484604
-0.0574281439185
-0.0593322105706
-0.06087391451
-0.0620545186102
-0.0628762543201
-0.0633450299501
-0.0634693428874
-0.0632521361113
-0.0626199394464
-0.0616679415107
-0.0604026168585
-0.0588314794004
-0.0569624230266
-0.0548070371151
-0.0523803159595
-0.0496980808675
-0.0467799119651
-0.0436478815973
-0.0403240770102
-0.0368285775185
-0.0331590026617
-0.0293619800359
-0.0254809744656
-0.0215368680656
-0.0175523124635
-0.0135491918772
-0.00955555122346
-0.00559288775548
-0.00168814498466
0.0021319524385
0.00584805058315
0.00943276099861
0.0128601761535
0.0160907935351
0.0191095080227
0.0218993742019
0.0244433451444
0.0267238989472
0.0287267044187
0.0304426401854
0.0318617485464
0.0329756587744
0.0337836183608
0.0342853143811
0.0344731882215
0.0343143492937
0.033856973052
0.0331082046032
0.0320746228099
0.0307653974742
0.0291971638799
0.0273851808161
0.025347577408
0.0231062863022
0.0206849258393
0.0181100275367
0.0153999021277
0.0125770326704
0.00969376694411
0.00677675800398
0.0038520146627
0.000950674992055
-0.0019018847961
-0.0046724928543
-0.00733399903402
-0.00986011885107
-0.0122225135565
-0.0143945878372
-0.0163447409868
-0.0180350672454
-0.0194564163685
-0.0205874238163
-0.021412294358
-0.0219156257808
-0.022082220763
-0.0219019707292
-0.0213704667985
-0.0204833801836
-0.0192370340228
-0.017633933574
-0.0156671274453
-0.0133595615625
-0.0107295811176
-0.00779340974987
-0.00457105506212
-0.00108155619819
0.00265089655295
0.00659842276946
0.0107304174453
0.0150183821097
0.0194291844964
0.0239223688841
0.0284162424505
0.0328921899199
0.0373051166534
0.041608620435
0.0457597486675
0.04970542714
0.0534082129598
0.0568222515285
0.0599073283374
0.0626273974776
0.0649473294616
0.0667360201478
0.068022146821
0.0687847658992
0.0689893737435
0.0686013177037
0.0675936937332
0.0659496486187
0.0636569783092
0.0607021786273
0.0570840463042
0.0528097748756
0.0478259958327
0.0422010496259
0.0359735302627
0.0291596613824
0.0217854697257
0.0138703621924
0.00546520994976
-0.00339653296396
-0.0126716019586
-0.0223169382662
-0.0322728008032
-0.0424252562225
-0.0527031607926
-0.0630503743887
-0.0733875930309
-0.0836393982172
-0.0937297493219
-0.103587888181
-0.113139800727
-0.122325710952
-0.131083399057
-0.139340400696
-0.146795108914
-0.153572261333
-0.159594535828
-0.164786234498
-0.169075280428
-0.172399997711
-0.174720346928
-0.176004901528
-0.176227629185
-0.175380572677
-0.173309728503
-0.170007616282
-0.165601357818
-0.160079345107
-0.153438404202
-0.145679265261
-0.136820942163
-0.12691193819
-0.116001270711
-0.104133889079
-0.0913595110178
-0.0776838287711
-0.0633359253407
-0.0483850464225
-0.0329101346433
-0.016988703981
-0.000714829773642
0.0158240068704
0.0325227640569
0.0492877438664
0.0660361647606
0.0824969261885
0.0986016914248
0.114254705608
0.129337266088
0.143748879433
0.157375723124
0.170142769814
0.1819627285
0.192791745067
0.202570036054
0.210870668292
0.217902585864
0.223621293902
0.227952286601
0.230835214257
0.23224581778
0.232173994184
0.230625286698
0.227636829019
0.223211556673
0.217078000307
0.209629267454
0.200894877315
0.190900787711
0.179689794779
0.167324826121
0.153907701373
0.139536187053
0.124328538775
0.108293049037
0.0916378200054
0.0745806246996
0.0572258941829
0.039675001055
0.0220519136637
0.00446991762146
-0.0129441395402
-0.0300829913467
-0.0468268506229
-0.0629141256213
-0.0782615691423
-0.0927600860596
-0.106307029724
-0.11879914254
-0.130161836743
-0.140333995223
-0.149256318808
-0.156906202435
-0.163042068481
-0.167687356472
-0.170898854733
-0.172655105591
-0.172941327095
-0.171755999327
-0.169133022428
-0.165136218071
-0.159836739302
-0.153134137392
-0.145178124309
-0.136169880629
-0.126164630055
-0.115238144994
-0.103483967483
-0.091016612947
-0.0779525488615
-0.0644100755453
-0.0504711568356
-0.036353956908
-0.0222274605185
-0.00820941478014
0.00560196489096
0.019092252478
0.0321498848498
0.0446849055588
0.0565985254943
0.0676865279675
0.0778546482325
0.087051153183
0.0951975211501
0.102226212621
0.108095154166
0.112775780261
0.116250403225
0.118500620127
0.119330197573
0.118940196931
0.117322832346
0.114496581256
0.110486395657
0.10533759743
0.0991148948669
0.0919041335583
0.0836835876107
0.0746143758297
0.0648562014103
0.0544843003154
0.0435742922127
0.0322229601443
0.0205267705023
0.00858568958938
-0.00349421240389
-0.0155389094725
-0.0274127814919
-0.0390182174742
-0.0502654053271
-0.0610691532493
-0.0713469609618
-0.0810349658132
-0.0900754705071
-0.0981843546033
-0.105446092784
-0.11178278923
-0.117142885923
-0.121487848461
-0.124791502953
-0.127065062523
-0.12833429873
-0.128339663148
-0.127322688699
-0.125296518207
-0.122263155878
-0.118240103126
-0.113274633884
-0.107443489134
-0.100819118321
-0.0932828709483
-0.0851515755057
-0.0764715969563
-0.0672969296575
-0.0576944462955
-0.0477384887636
-0.037529360503
-0.027128027752
-0.0166615340859
-0.00627839146182
0.00394407473505
0.0139384586364
0.0236495863646
0.0330042093992
0.0419592410326
0.0503938272595
0.0582033768296
0.0653652399778
0.0718291476369
0.0775682851672
0.0825556591153
0.0867919549346
0.0902881473303
0.0928433462977
0.0946182608604
0.0956053212285
0.0958049818873
0.0952343121171
0.0939294546843
0.0919491276145
0.0892486870289
0.0858988910913
0.0820260941982
0.0776547938585
0.0728247240186
0.0675914362073
0.0620210282505
0.0561643652618
0.0500465333462
0.0438404791057
0.0375778153539
0.031299944967
0.0250535570085
0.0188894774765
0.0128588620573
0.00700566451997
0.00143892655615
-0.00382184167393
-0.00875680148602
-0.0133376773447
-0.0175529904664
-0.0213959235698
-0.0247990246862
-0.0277646724135
-0.0303020700812
-0.0324137248099
-0.0341074988246
-0.0354035459459
-0.0363330505788
-0.0368754453957
-0.0370585657656
-0.0369412787259
-0.0365454629064
-0.0358966886997
-0.0350283533335
-0.0339822880924
-0.0328000187874
-0.0314689800143
-0.0300634987652
-0.0286257024854
-0.0271772462875
-0.025741038844
-0.0243402104825
-0.0230003669858
-0.0217462964356
-0.0205966550857
-0.0195376817137
-0.0186037030071
-0.0178086683154
-0.0171483475715
-0.0166183803231
-0.0162169896066
-0.0159368943423
-0.0157671757042
-0.0156971160322
-0.0157155226916
-0.0158063191921
-0.0159510374069
-0.0161312427372
-0.0163117069751
-0.0164877008647
-0.0166375059634
-0.0167400594801
-0.0167748536915
-0.0167222060263
-0.0165628492832
-0.0162782985717
-0.0158514380455
-0.0152683472261
-0.0145151438192
-0.0135784260929
-0.0124477716163
-0.0111168352887
-0.00958043243736
-0.00783132575452
-0.00586801953614
-0.00369203113951
-0.00130715733394
0.00128500326537
0.00407704152167
0.00706210313365
0.0102230478078
0.0135533362627
0.0170379783958
0.0206606704742
0.024401538074
0.0282429810613
0.0321706980467
0.0361592099071
0.040163397789
0.044176325202
0.0481841191649
0.0521670393646
0.0560934208333
0.0599417090416
0.0636854842305
0.0672957375646
0.0707469731569
0.0740140080452
0.0770695134997
0.0798909664154
0.0824598819017
0.0847605317831
0.0867813378572
0.0885092243552
0.0898388624191
0.0908258408308
0.0914764925838
0.0917688682675
0.0916849374771
0.0912117362022
0.0903378725052
0.0890596657991
0.0873791053891
0.0853109061718
0.0828674510121
0.0800649523735
0.0767762809992
0.0731325596571
0.0691312402487
0.064773440361
0.0600679963827
0.0550274848938
0.0496843680739
0.0440636575222
0.038202047348
0.0321223177016
0.0258329920471
0.0193349942565
0.012676699087
0.00588016398251
-0.00103082845453
-0.0080149192363
-0.0150319375098
-0.0220464207232
-0.0290158521384
-0.0359224230051
-0.0427358262241
-0.0493700392544
-0.05587233603
-0.0622127056122
-0.0683487951756
-0.0742366015911
-0.0798398777843
-0.0851249620318
-0.0900750979781
-0.0946740582585
-0.0989181399345
-0.102712005377
-0.106065712869
-0.109039537609
-0.111603833735
-0.113727845252
-0.11539477855
-0.116603411734
-0.117367736995
-0.117713972926
-0.117675505579
-0.117041572928
-0.116044193506
-0.114664725959
-0.112883739173
-0.110703766346
-0.108150988817
-0.105263851583
-0.102083258331
-0.0985722243786
-0.0946839153767
-0.0905440971255
-0.0861448571086
-0.0815029665828
-0.0766365006566
-0.0715797170997
-0.0663640275598
-0.0610246136785
-0.0555876120925
-0.0500785112381
-0.0445248000324
-0.0389098003507
-0.0333164520562
-0.0277734752744
-0.022317185998
-0.0169885903597
-0.0118162482977
-0.00683962367475
-0.00208614533767
0.00241094548255
0.00662130489945
0.0105208996683
0.0140927648172
0.0173159651458
0.0201734472066
0.022637533024
0.024715334177
0.0264039635658
0.0277036260813
0.0286250729114
0.0291803497821
0.0293815787882
0.0292468499392
0.0288017522544
0.028074439615
0.0270954929292
0.0259012877941
0.0245019923896
0.0229534097016
0.0213105678558
0.0196080505848
0.0178803168237
0.016166549176
0.0145069463179
0.012941245921
0.0114937433973
0.0102184591815
0.00914978515357
0.00830820482224
0.00771775236353
0.0074008195661
0.00737825594842
0.00764949293807
0.00823606271297
0.00913518853486
0.0103424396366
0.0118592204526
0.013688467443
0.0158029310405
0.0181638468057
0.0207649171352
0.0235747564584
0.0265700742602
0.0297482088208
0.0330570302904
0.0364150814712
0.0398241207004
0.0432333759964
0.0466135591269
0.0499599538743
0.0532163232565
0.0562716387212
0.0591634139419
0.0618379861116
0.0642621070147
0.066431120038
0.0683537870646
0.0698343217373
0.0710007399321
0.0718145444989
0.072241358459
0.0722730010748
0.0719233974814
0.0712094530463
0.0699722319841
0.068382166326
0.0664204731584
0.0640770867467
0.0613580048084
0.0582803301513
0.0548689328134
0.0511488504708
0.047077383846
0.0427495986223
0.038203060627
0.0334537625313
0.0285246390849
0.023439662531
0.0182290039957
0.0129181062803
0.00754720019177
0.00213641976006
-0.00328167108819
-0.0086546363309
-0.0139516843483
-0.0191459879279
-0.0242089163512
-0.0291224382818
-0.0338531173766
-0.0383830070496
-0.0426868051291
-0.0467503927648
-0.0505543351173
-0.0540818944573
-0.0573223493993
-0.0602643787861
-0.0628968477249
-0.0652157589793
-0.0672116056085
-0.0688511654735
-0.0701454281807
-0.0711118355393
-0.0717546343803
-0.0720784515142
-0.0720886960626
-0.0717918053269
-0.0711983889341
-0.0703199505806
-0.0691673159599
-0.0677515342832
-0.0660902708769
-0.0641956180334
-0.0620860718191
-0.0597736164927
-0.0572770386934
-0.0546107217669
-0.0517963282764
-0.0488453581929
-0.0457770973444
-0.0426050983369
-0.0393501631916
-0.0360233783722
-0.0326426699758
-0.029219539836
-0.0257733967155
-0.0223111882806
-0.0188500601798
-0.0154004292563
-0.0119726238772
-0.00857914146036
-0.0052293506451
-0.00193251878954
0.00130530376919
0.00447116838768
0.0075613562949
0.0105676325038
0.013484842144
0.0163056030869
0.0190278273076
0.0216441377997
0.0241512972862
0.0265451204032
0.0288211032748
0.0309782959521
0.0330124050379
0.0349205248058
0.0367001108825
0.0383356884122
0.0398287028074
0.0411829948425
0.0423983335495
0.0434702932835
0.044396109879
0.0451732724905
0.0457982644439
0.0462681911886
0.0465798191726
0.0467294789851
0.0467142872512
0.0465312823653
0.0461775623262
0.0456503629684
0.0449474975467
0.0440668649971
0.0430078580976
0.0417681708932
0.0403468944132
0.0387459769845
0.0369643270969
0.0350043028593
0.0328635536134
0.0305452812463
0.0280544832349
0.0253698304296
0.0225143022835
0.0194966774434
0.0163158215582
0.0129834702238
0.00950215291232
0.00587875302881
0.00197823997587
-0.00131451454945
-0.00704327970743
-0.00408779317513
0.00103034265339
-0.000357827200787
9.32924012886e-05
0.0
0.0
0.0
0.0
0.0
0.0
0.0
0.0
0.0
0.0
0.0
0.0
0.0
0.0
0.0
0.0
0.0
0.0
0.0
0.0
0.0
0.0
0.0
0.0
0.0
0.0
0.0
0.0
0.0
0.0
0.0
0.0
0.0
0.0
0.0
0.0
0.0
0.0
0.0
0.0
0.0
0.0
0.0
0.0
0.0
0.0
0.0
0.0
0.0
0.0
