0.0
0.000122003249999
0.000122003249999
0.000122003249999
0.000244472175837
0.000244006499997
0.000244006499997
0.000366475404007
0.00036600974272
0.000366475404007
0.000488012999995
0.000488478690386
0.000610016286373
0.00061048194766
0.00061048194766
0.000732485146727
0.000732485146727
0.00073201948544
0.000854954065289
0.000854488404002
0.000976491661277
0.000854488404002
0.00109849497676
0.000976491661277
0.00109849497676
0.00109896063805
0.00122049823403
0.00122096389532
0.00122049823403
0.00134296703618
0.00134250137489
0.00134296703618
0.00146497029345
0.00146450463217
0.00158697355073
0.00146497029345
0.00158697355073
0.001708976808
0.001708976808
0.001708976808
0.001708976808
0.00183098006528
0.00183098006528
0.00195298332255
0.00195344910026
0.00195298332255
0.00207498669624
0.00207545235753
0.00207498669624
0.00219745561481
0.00219745561481
0.00219698995352
0.00231945887208
0.00231945887208
0.00231899321079
0.00231945887208
0.00244146212935
0.0025634651538
0.0025634651538
0.0025634651538
0.0025634651538
0.00268546841107
0.00268546841107
0.00268593407236
0.00280747166835
0.00280747166835
0.00280770449899
0.00292970775627
0.00292970775627
0.00292970775627
0.00305171101354
0.00305171101354
0.00305171101354
0.00317394710146
0.00317371427082
0.00317394710146
0.00329595035873
0.00329571752809
0.00329595035873
0.00341795361601
0.00341795361601
0.00341795361601
0.00354018970393
0.00341795361601
0.00366196013056
0.00354018970393
0.00366196013056
0.0036621929612
0.00378419621848
0.00378419621848
0.00378419621848
0.00378419621848
0.00390619947575
0.00390619947575
0.0040284357965
0.00402820296586
0.0040284357965
0.00402820296586
0.00415043905377
0.00415043905377
0.00415043905377
0.00427244231105
0.00427244231105
0.00427244231105
0.00439444556832
0.00439467839897
0.00439444556832
0.00439444556832
0.00451668165624
0.00451668165624
0.00463868491352
0.00463845208287
0.00463868491352
0.00463868491352
0.00476092100143
0.00476068817079
0.00476068817079
0.00488292425871
0.00476068817079
0.00500492705032
0.00488269142807
0.00500492705032
0.00500492705032
0.00500492705032
0.0051269303076
0.0051269303076
0.00524893356487
0.0051269303076
0.00524916639552
0.00524893356487
0.00537116965279
0.00537093682215
0.00537116965279
0.00537116965279
0.00549317291006
0.00549317291006
0.00549317291006
0.00561517616734
0.00549317291006
0.00573717942461
0.00561540899798
0.00573717942461
0.00573741225526
0.00573717942461
0.00585941551253
0.00585941551253
0.00585941551253
0.00585941551253
0.00598141876981
0.00598141876981
0.00598141876981
0.00610342202708
0.00610365485772
0.00610342202708
0.00610342202708
0.006225658115
0.006225658115
0.00634766137227
0.006225658115
0.00634742854163
0.00634766137227
0.00646989746019
0.00634766137227
0.00646966462955
0.00659190071747
0.00646966462955
0.00659166788682
0.00659190071747
0.00659166788682
0.00671390397474
0.00671390397474
0.00671390397474
0.00683590723202
0.00683590723202
0.00683590723202
0.00683590723202
0.00683614006266
0.00695791048929
0.00695791048929
0.00708014657721
0.00695814331993
0.00707991374657
0.00708014657721
0.00720214983448
0.00720214983448
0.00720214983448
0.00720214983448
0.00720214983448
0.00732415309176
0.0073243859224
0.00744615634903
0.00732415309176
0.00744638917968
0.00744638917968
0.00744615634903
0.00756839243695
0.00756839243695
0.00756839243695
0.00756839243695
0.00769039569423
0.00769039569423
0.00769039569423
0.0078123989515
0.00769062852487
0.0078123989515
0.0078123989515
0.00793463550508
0.00793463550508
0.00793463550508
0.00793440267444
0.00793463550508
0.00805663876235
0.00805663876235
0.00805663876235
0.00817864201963
0.00805663876235
0.00817887485027
0.0083006452769
0.00817887485027
0.0083006452769
0.00830087810755
0.0083006452769
0.00830087810755
0.00842288136482
0.00842288136482
0.00842264853418
0.00854511745274
0.00842288136482
0.0085448846221
0.0085448846221
0.00866688787937
0.0085448846221
0.00866712071002
0.00866688787937
0.00878912396729
0.00866712071002
0.00878889113665
0.00878912396729
0.00891112722456
0.00878912396729
0.00891112722456
0.00891112722456
0.00891112722456
0.00903313048184
0.00891112722456
0.00903336331248
0.00903313048184
0.00915513373911
0.00915536656976
0.00903313048184
0.00927736982703
0.00915536656976
0.00915513373911
0.00927736982703
0.00927736982703
0.00927736982703
0.00939937308431
0.00939937308431
0.00939960591495
0.00939937308431
0.00939937308431
0.00952137634158
0.00952160917222
0.00952137634158
0.00952160917222
0.00952137634158
0.0096436124295
0.0096436124295
0.0096436124295
0.00976561568677
0.00964337959886
0.00976561568677
0.00976561568677
0.00976584851742
0.00988761801273
0.00976561568677
0.00988761801273
0.00988785084337
0.01000962127
0.00988761801273
0.0100098541006
0.0100098541006
0.01000962127
0.0101318573579
0.0100098541006
0.0101318573579
0.0101318573579
0.0101318573579
0.0102538606152
0.0101318573579
0.0102538606152
0.0102538606152
0.0102538606152
0.0103760967031
0.0103758638725
0.0103760967031
0.0103758638725
0.0103760967031
0.0103758638725
0.0104980999604
0.0104980999604
0.0104978671297
0.0104980999604
0.0106201032177
0.0106201032177
0.0106201032177
0.0106201032177
0.0106203360483
0.0106201032177
0.0107421064749
0.0107421064749
0.0107423393056
0.0107421064749
0.0108643425629
0.0108641097322
0.0107423393056
0.0108641097322
0.0109863458201
0.0108643425629
0.0109863458201
0.0109863458201
0.0109863458201
0.0109861129895
0.0109863458201
0.011108581908
0.0111083490774
0.0111083490774
0.0111083490774
0.0111083490774
0.0112305851653
0.0111083490774
0.01123046875
0.01123046875
0.0113525884226
0.01123046875
0.0113524720073
0.01123046875
0.0113525884226
0.0114745916799
0.0113525884226
0.0113524720073
0.0114745916799
0.0114747080952
0.0114745916799
0.0114745916799
0.0115967113525
0.0114745916799
0.0115965949371
0.0115967113525
0.0115967113525
0.0117187146097
0.0115967113525
0.0117187146097
0.0117188310251
0.0117187146097
0.0117187146097
0.0117187146097
0.0118408342823
0.0117188310251
0.0118408342823
0.011840717867
0.0118408342823
0.0119629539549
0.0118408342823
0.0119628375396
0.0119629539549
0.0119628375396
0.0119628375396
0.0119629539549
0.0120849572122
0.0119628375396
0.0120849572122
0.0120849572122
0.0120849572122
0.0122070768848
0.0120849572122
0.0122070768848
0.0122069604695
0.0122070768848
0.0122069604695
0.0122070768848
0.0122070768848
0.0123290801421
0.0123290801421
0.0123290801421
0.0123290801421
0.0123291965574
0.0123290801421
0.0124511998147
0.0123290801421
0.0124510833994
0.0124511998147
0.0124511998147
0.0124511998147
0.012573203072
0.0124511998147
0.012573203072
0.0125733194873
0.012573203072
0.012573203072
0.0126953227445
0.012573203072
0.0126953227445
0.0125733194873
0.0126953227445
0.0126952063292
0.0126953227445
0.0128174424171
0.0126953227445
0.0128173260018
0.0126953227445
0.0128173846751
0.0128173846751
0.0129394456744
0.0128173846751
0.0128173846751
0.0129394456744
0.0129395043477
0.0128173846751
0.0129394456744
0.0129394456744
0.013061507605
0.0129394456744
0.013061507605
0.0129395043477
0.013061507605
0.013061507605
0.013061507605
0.013061565347
0.013061507605
0.0131835686043
0.013061565347
0.0131835686043
0.0131836272776
0.0131835686043
0.0131835686043
0.0131836272776
0.0133056305349
0.0131836272776
0.0133056305349
0.0131836272776
0.0133056305349
0.0133056882769
0.0133056882769
0.0133056305349
0.0134277502075
0.0133056305349
0.0134277502075
0.0133056882769
0.0134277213365
0.0134277213365
0.0134277502075
0.0134277213365
0.0134277502075
0.0135498112068
0.0134277213365
0.0135498112068
0.0135498112068
0.0134277213365
0.0135498112068
0.0135498112068
0.0136718731374
0.0135497823358
0.0135498112068
0.0136718731374
0.0135498112068
0.0136718731374
0.0136718731374
0.0136718871072
0.0136718731374
0.0136718731374
0.0136718731374
0.0137939490378
0.0136718731374
0.0137939490378
0.0136718656868
0.0137939490378
0.0137939415872
0.0137939490378
0.0137939453125
0.0137939453125
0.0139160137624
0.0137939462438
0.013916015625
0.0137939453125
0.0139160146937
0.0139160174876
0.0139160137624
0.0139160137624
0.0139160174876
0.0139160174876
0.0139160100371
0.0140380868688
0.0139160100371
0.0140380868688
0.0139160249382
0.0140380868688
0.0140380868688
0.0140380868688
0.0140380868688
0.0140380868688
0.0140380719677
0.0141601767391
0.0140380868688
0.0140380868688
0.0141601478681
0.0141601478681
0.0140380868688
0.0141601478681
0.0141601767391
0.0141601478681
0.0141601478681
0.0141601767391
0.0142822097987
0.0141601478681
0.0141601767391
0.0142822097987
0.0141601767391
0.0142822386697
0.0142821799964
0.0141601767391
0.0142822386697
0.0142822386697
0.0142821799964
0.014404299669
0.0142822386697
0.0142822386697
0.0142822386697
0.014404299669
0.0142821799964
0.014404299669
0.0142822386697
0.014404299669
0.014404299669
0.014404299669
0.014404299669
0.014404299669
0.014404299669
0.014404299669
0.014404299669
0.014404299669
0.0145263615996
0.014404299669
0.0145263615996
0.014404299669
0.0145263615996
0.0145263615996
0.014404299669
0.0145263615996
0.0145263615996
0.0145263615996
0.0145263615996
0.0145263615996
0.0145264193416
0.0145263029262
0.0145264193416
0.0146484225988
0.0145264193416
0.0146484225988
0.0145263029262
0.0146484225988
0.0145264193416
0.0146484225988
0.0145264193416
0.0146484225988
0.0146484225988
0.0146484225988
0.0146484225988
0.0146484225988
0.0146484225988
0.0146484225988
0.0146485390142
0.0146484225988
0.0146484225988
0.0147705422714
0.0146484225988
0.0146484225988
0.0147705422714
0.0146484225988
0.0147704258561
0.0146484225988
0.0147705422714
0.0146484225988
0.0147705422714
0.0147705422714
0.0147704258561
0.0146485390142
0.0147704258561
0.0147705422714
0.0147705422714
0.0147704258561
0.0147705422714
0.0147705422714
0.0147704258561
0.0147705422714
0.0147705422714
0.0148925455287
0.0147705422714
0.0147705422714
0.0147704258561
0.014892661944
0.0147704258561
0.0148925455287
0.0147705422714
0.0148925455287
0.0147705422714
0.0148925455287
0.0147705422714
0.0148925455287
0.0147705422714
0.0148925455287
0.014892661944
0.0147704258561
0.014892661944
0.0148925455287
0.0148925455287
0.014892661944
0.0147704258561
0.0148925455287
0.0148925455287
0.0148927783594
0.0148925455287
0.0148925455287
0.0148925455287
0.0148925455287
0.0148925455287
0.0148925455287
0.0148925455287
0.0148927783594
0.0148925455287
0.015014548786
0.0148925455287
0.0148925455287
0.0148927783594
0.0148925455287
0.0148925455287
0.015014548786
0.0148925455287
0.0148927783594
0.0148925455287
0.015014548786
0.0148925455287
0.0148925455287
0.0150147816166
0.0148925455287
0.0148925455287
0.0150147816166
0.0148925455287
0.0148925455287
0.015014548786
0.0148925455287
0.0148927783594
0.015014548786
0.0148925455287
0.0148925455287
0.0150147816166
0.0148925455287
0.015014548786
0.0148925455287
0.0148927783594
0.015014548786
0.0148925455287
0.0150147816166
0.0148925455287
0.0148925455287
0.015014548786
0.0148925455287
0.0150147816166
0.0148925455287
0.0148925455287
0.0150147816166
0.0148925455287
0.015014548786
0.0148925455287
0.0148925455287
0.0150147816166
0.0148925455287
0.0148925455287
0.015014548786
0.0148927783594
0.0148925455287
0.015014548786
0.0148925455287
0.0148925455287
0.0148927783594
0.015014548786
0.0148925455287
0.0148925455287
0.0148925455287
0.0148927783594
0.015014548786
0.0148925455287
0.0148925455287
0.0148925455287
0.0148927783594
0.0148925455287
0.0148925455287
0.0148925455287
0.0148925455287
0.0148925455287
0.0148925455287
0.0148927783594
0.0148925455287
0.0148925455287
0.0148925455287
0.0148925455287
0.0148925455287
0.0148925455287
0.0147705422714
0.0148925455287
0.0148927783594
0.0148925455287
0.0147705422714
0.0148925455287
0.0148925455287
0.0147705422714
0.0148925455287
0.0147705422714
0.0148925455287
0.0147705422714
0.0148925455287
0.0147705422714
0.0148925455287
0.0147705422714
0.0147703094408
0.0148927783594
0.0147703094408
0.0147705422714
0.0147705422714
0.0147705422714
0.0147705422714
0.0147705422714
0.0147705422714
0.0147703094408
0.0147705422714
0.0147705422714
0.0147705422714
0.0147705422714
0.0147705422714
0.0146483061835
0.0147705422714
0.0147705422714
0.0146483061835
0.0147705422714
0.0146485390142
0.0147705422714
0.0146483061835
0.0147705422714
0.0146485390142
0.0146483061835
0.0146485390142
0.0147703094408
0.0146487718448
0.0146483061835
0.0146483061835
0.0146483061835
0.0146487718448
0.0146483061835
0.0145263029262
0.0146483061835
0.0146487718448
0.0145263029262
0.0146483061835
0.0145263029262
0.0146487718448
0.0145263029262
0.0146483061835
0.0145263029262
0.0145263029262
0.0145263029262
0.0146487718448
0.0145263029262
0.0145263029262
0.0145263029262
0.014404299669
0.0145263029262
0.0145263029262
0.0145267685875
0.0144038340077
0.0145267685875
0.014404299669
0.0145263029262
0.014404299669
0.014404299669
0.014404299669
0.0145263029262
0.014404299669
0.014404299669
0.014404299669
0.014404299669
0.0142822964117
0.014404299669
0.014404299669
0.0142822964117
0.014404299669
0.0142818307504
0.014404299669
0.0142822964117
0.0142822964117
0.0142822964117
0.0142822964117
0.0142822964117
0.0142818307504
0.0142822964117
0.0142822964117
0.0141602931544
0.0142822964117
0.0141598274931
0.0142822964117
0.0141602931544
0.0141602931544
0.0141598274931
0.0141602931544
0.0141602931544
0.0141602931544
0.0141598274931
0.0141602931544
0.0141602931544
0.0140378242359
0.0141602931544
0.0140378242359
0.0140382898971
0.0140382898971
0.0141598274931
0.0140382898971
0.0140378242359
0.0139162866399
0.0140378242359
0.0140382898971
0.0139158209786
0.0140382898971
0.0139158209786
0.0140382898971
0.0139158209786
0.0139162866399
0.0139158209786
0.0139162866399
0.0139158209786
0.0137938177213
0.0139162866399
0.0137938177213
0.0139158209786
0.0137942833826
0.0137938177213
0.0137938177213
0.0137938177213
0.0137942833826
0.0137938177213
0.0137938177213
0.013671814464
0.0137942833826
0.013671814464
0.013671814464
0.0137938177213
0.013671814464
0.013671814464
0.0135498112068
0.0136722801253
0.013671814464
0.0135498112068
0.013671814464
0.0135498112068
0.0135498112068
0.0135498112068
0.0135498112068
0.0135498112068
0.0135498112068
0.0134278079495
0.0135498112068
0.0134273422882
0.0134278079495
0.0135498112068
0.0134278079495
0.0133058046922
0.0134278079495
0.0134273422882
0.0133058046922
0.0134278079495
0.0133058046922
0.0133053390309
0.0133058046922
0.0133058046922
0.0133058046922
0.0133053390309
0.0133058046922
0.0131833357736
0.0131838014349
0.0133058046922
0.0131833357736
0.0131838014349
0.0130613325164
0.0131838014349
0.0131833357736
0.0130617981777
0.0130613325164
0.0131838014349
0.0130613325164
0.0129393292591
0.0130617981777
0.0130613325164
0.0129393292591
0.0130617981777
0.0129393292591
0.0129393292591
0.0129397949204
0.0129393292591
0.0129393292591
0.0128173260018
0.0129397949204
0.0128173260018
0.0128173260018
0.0128173260018
0.0128173260018
0.0128173260018
0.0126953227445
0.0128173260018
0.0126953227445
0.0126953227445
0.0126953227445
0.0126953227445
0.0126953227445
0.0126953227445
0.0125733194873
0.0125733194873
0.0125733194873
0.012572853826
0.0125733194873
0.0125733194873
0.0125733194873
0.01245131623
0.0124508505687
0.01245131623
0.01245131623
0.0124508505687
0.01245131623
0.0123293129727
0.0124508505687
0.0123293129727
0.0123288473114
0.0123293129727
0.0123293129727
0.0122068440542
0.0123288473114
0.0122073097154
0.0122068440542
0.0122073097154
0.0122068440542
0.0120848407969
0.0122073097154
0.0120848407969
0.0120848407969
0.0120853064582
0.0120848407969
0.0120848407969
0.0119628375396
0.0120848407969
0.0119633032009
0.0119628375396
0.0119628375396
0.0118408342823
0.0119628375396
0.0118408342823
0.0118408342823
0.0118408342823
0.0118408342823
0.0118408342823
0.0117183653638
0.0118408342823
0.0117188310251
0.0117188310251
0.0117188310251
0.0115968277678
0.0117183653638
0.0115968277678
0.0115968277678
0.0115963621065
0.0115968277678
0.0115968277678
0.0114743588492
0.0114748245105
0.0114743588492
0.0114748245105
0.0114748245105
0.0114743588492
0.011352355592
0.0113528212532
0.011352355592
0.0113528212532
0.0112303523347
0.011352355592
0.011230817996
0.0112303523347
0.0112303523347
0.0112303523347
0.0111083490774
0.011230817996
0.0111083490774
0.0111083490774
0.0111083490774
0.0109863458201
0.0111083490774
0.0109863458201
0.0109863458201
0.0109863458201
0.0108643425629
0.0109863458201
0.0108638769016
0.0108643425629
0.0108643425629
0.0108643425629
0.0107423393056
0.0107418736443
0.0107423393056
0.0107423393056
0.0107418736443
0.0107423393056
0.0106203360483
0.010619870387
0.0106203360483
0.010619870387
0.0104978671297
0.010498332791
0.010619870387
0.0103763295338
0.0104978671297
0.0104978671297
0.0103763295338
0.0103758638725
0.0103758638725
0.0103758638725
0.0102538606152
0.0102543262765
0.0102538606152
0.0102538606152
0.0102538606152
0.0101318573579
0.0102538606152
0.0101318573579
0.0100098541006
0.0101318573579
0.0100093884394
0.0101318573579
0.00988785084337
0.0100098541006
0.0100098541006
0.00988738518208
0.00988785084337
0.00988785084337
0.00988738518208
0.00976584851742
0.00988785084337
0.00976538285613
0.00964337959886
0.00976584851742
0.00964337959886
0.00964384526014
0.00964337959886
0.00964337959886
0.00964384526014
0.00952184200287
0.00952091068029
0.00952184200287
0.00939890742302
0.00952184200287
0.00939890742302
0.00939983874559
0.00939983874559
0.00927690416574
0.00927690416574
0.00927783548832
0.00927690416574
0.00927783548832
0.00915490090847
0.00915583223104
0.00915490090847
0.00915583223104
0.0090328976512
0.0090328976512
0.00903382897377
0.0090328976512
0.00891089439392
0.0090328976512
0.0089118257165
0.00878889113665
0.00891089439392
0.00878889113665
0.00878889113665
0.00878982245922
0.00878889113665
0.00866688787937
0.00866688787937
0.00866688787937
0.00866688787937
0.0085448846221
0.0085448846221
0.0085448846221
0.0085448846221
0.00842288136482
0.0085448846221
0.00830087810755
0.00842288136482
0.00842288136482
0.00830087810755
0.00830087810755
0.00817887485027
0.00830087810755
0.00817887485027
0.0081779435277
0.00817887485027
0.008056871593
0.00817887485027
0.008056871593
0.00793393701315
0.008056871593
0.00793486833572
0.00793393701315
0.00793486833572
0.00781286507845
0.00781193329021
0.00781286507845
0.00781286507845
0.00768993003294
0.00769086135551
0.00768993003294
0.00769086135551
0.00756792677566
0.00769086135551
0.00744592351839
0.00756885809824
0.00744592351839
0.00756792677566
0.00732485158369
0.00744592351839
0.00732392026111
0.00732485158369
0.00732392026111
0.00732392026111
0.00720284832641
0.00720191700384
0.00720191700384
0.00707991374657
0.00707991374657
0.00708084506914
0.00707991374657
0.00695791048929
0.00695791048929
0.00695791048929
0.00695791048929
0.00683590723202
0.00683590723202
0.00683590723202
0.00671390397474
0.00671390397474
0.00671390397474
0.00671390397474
0.00659190071747
0.00659190071747
0.00659190071747
0.00659190071747
0.00646989746019
0.00646896613762
0.00646989746019
0.00634789420292
0.00634789420292
0.00634696288034
0.00634789420292
0.00622589094564
0.00622589094564
0.00622495962307
0.00610388768837
0.00622495962307
0.00610388768837
0.00598188443109
0.00610295636579
0.00598188443109
0.00585894985124
0.00598188443109
0.00585894985124
0.00585988117382
0.00573694659397
0.00585894985124
0.00573787791654
0.00573694659397
0.00561587465927
0.0056149433367
0.0056149433367
0.0056149433367
0.005493871402
0.00549294007942
0.00537093682215
0.00549294007942
0.00537186814472
0.00537093682215
0.00524893356487
0.00524893356487
0.00524893356487
0.00524893356487
0.0051269303076
0.0051269303076
0.0051269303076
0.00500492705032
0.0051269303076
0.00488292425871
0.00500492705032
0.00488292425871
0.00488292425871
0.00488292425871
0.00475998967886
0.00476092100143
0.00463891774416
0.00476092100143
0.00463891774416
0.00463798642159
0.00451691448689
0.00451691448689
0.00451598316431
0.00451691448689
0.00439397990704
0.00439491122961
0.00427290797234
0.00439397990704
0.00427290797234
0.00414997339249
0.00427290797234
0.00414997339249
0.00402890145779
0.00414997339249
0.00402797013521
0.00402890145779
0.00390596664511
0.00390596664511
0.00390689820051
0.00390596664511
0.00378396338783
0.00378396338783
0.00366289145313
0.00366196013056
0.00366196013056
0.00366196013056
0.00353995687328
0.00353995687328
0.00353995687328
0.00341795361601
0.00341795361601
0.00329595035873
0.00341795361601
0.00329595035873
0.00317394710146
0.00329595035873
0.00317394710146
0.00305194384418
0.00317394710146
0.00305101252161
0.00292994058691
0.00305194384418
0.00292994058691
0.00280700600706
0.00292994058691
0.00280793732964
0.00280700600706
0.00268593407236
0.00268593407236
0.00268500274979
0.00256393081509
0.00256299949251
0.00256393081509
0.00244099646807
0.00244192779064
0.00244099646807
0.00231899321079
0.00231992453337
0.00231899321079
0.00219698995352
0.00219792127609
0.00219698995352
0.00207498669624
0.00207498669624
0.00195391476154
0.00207498669624
0.00183098006528
0.00195298332255
0.00183098006528
0.00183098006528
0.00183098006528
0.001708976808
0.001708976808
0.00158697355073
0.00158697355073
0.00158697355073
0.00146497029345
0.00146497029345
0.00146497029345
0.00146497029345
0.00134203571361
0.00122096389532
0.00134296703618
0.00122096389532
0.00109802931547
0.00109896063805
0.00109802931547
0.00109896063805
0.000976957380772
0.000976025999989
0.000854954065289
0.000854022742715
0.000854954065289
0.000854022742715
0.000732950808015
0.000610016286373
0.000732950808015
0.000488012999995
0.000610016286373
0.000488012999995
0.000488944351673
0.000488012999995
0.00036600974272
0.000244006499997
0.000366941065295
0.000244006499997
0.000244006499997
0.000122003249999
0.000122003249999
0.0
0.0
0.0
0.0
-0.000122003249999
-0.000122003249999
-0.000244006499997
-0.000244006499997
-0.000366941065295
-0.000244006499997
-0.000488012999995
-0.00036600974272
-0.000488944351673
-0.000488012999995
-0.000610016286373
-0.000610947608948
-0.000610016286373
-0.00073201948544
-0.000732950808015
-0.000854022742715
-0.000854954065289
-0.000854022742715
-0.000976957380772
-0.000976025999989
-0.000976957380772
-0.00109896063805
-0.00122003257275
-0.00109896063805
-0.00122096389532
-0.00134296703618
-0.00122003257275
-0.00134296703618
-0.00146497029345
-0.00146497029345
-0.00146497029345
-0.00158697355073
-0.00158697355073
-0.00158604222815
-0.001708976808
-0.00183191138785
-0.001708976808
-0.00183098006528
-0.00195298332255
-0.00195298332255
-0.00195298332255
-0.00195298332255
-0.00207498669624
-0.00219792127609
-0.00219698995352
-0.00219698995352
-0.00219792127609
-0.00231899321079
-0.00244099646807
-0.00244192779064
-0.00244099646807
-0.00244192779064
-0.00256299949251
-0.00268593407236
-0.00256299949251
-0.00280793732964
-0.00268593407236
-0.00280700600706
-0.00292994058691
-0.00280793732964
-0.00305101252161
-0.00292994058691
-0.00305194384418
-0.00317394710146
-0.00317394710146
-0.00317394710146
-0.00317301577888
-0.00329595035873
-0.00341795361601
-0.00341795361601
-0.00341795361601
-0.00354088819586
-0.00353995687328
-0.00353995687328
-0.00366196013056
-0.00378396338783
-0.00366196013056
-0.00390689820051
-0.00378396338783
-0.00390596664511
-0.00390596664511
-0.00402890145779
-0.00414997339249
-0.00402890145779
-0.00414997339249
-0.00427290797234
-0.00427197664976
-0.00427290797234
-0.00439397990704
-0.00439491122961
-0.00451598316431
-0.00451691448689
-0.00451691448689
-0.00463891774416
-0.00463798642159
-0.00476092100143
-0.00476092100143
-0.00488292425871
-0.00488292425871
-0.00488292425871
-0.00500399572775
-0.00500492705032
-0.0051269303076
-0.0051269303076
-0.00512786163017
-0.00524893356487
-0.00537093682215
-0.00537093682215
-0.00537093682215
-0.00549294007942
-0.005493871402
-0.00549294007942
-0.0056149433367
-0.00573787791654
-0.00573694659397
-0.00573694659397
-0.00585988117382
-0.00585894985124
-0.00598188443109
-0.00598095310852
-0.00598188443109
-0.00610295636579
-0.00610388768837
-0.00622589094564
-0.00622495962307
-0.00634789420292
-0.00634789420292
-0.00646989746019
-0.00646896613762
-0.00646989746019
-0.00659190071747
-0.00671390397474
-0.00659190071747
-0.00683590723202
-0.00671390397474
-0.00683590723202
-0.00695791048929
-0.00695791048929
-0.00695791048929
-0.00708084506914
-0.00720191700384
-0.00720191700384
-0.00720191700384
-0.00732485158369
-0.00732392026111
-0.00732392026111
-0.00744685484096
-0.00756792677566
-0.00756885809824
-0.00756792677566
-0.00769086135551
-0.00781193329021
-0.00769086135551
-0.00793393701315
-0.00781286507845
-0.008056871593
-0.00793393701315
-0.008056871593
-0.00817887485027
-0.00817887485027
-0.00817887485027
-0.00830087810755
-0.00842288136482
-0.00829994678497
-0.0085448846221
-0.00854581594467
-0.0085448846221
-0.0085448846221
-0.00878889113665
-0.00866688787937
-0.00878889113665
-0.00891089439392
-0.0089118257165
-0.00891089439392
-0.0090328976512
-0.00915583223104
-0.00915490090847
-0.00915490090847
-0.00927783548832
-0.00927690416574
-0.00939983874559
-0.00939890742302
-0.00952184200287
-0.00952184200287
-0.00964291393757
-0.00964384526014
-0.00976584851742
-0.00976584851742
-0.00976491719484
-0.0100098541006
-0.00988785084337
-0.0100098541006
-0.0101318573579
-0.0101318573579
-0.0101318573579
-0.0102538606152
-0.0102538606152
-0.0103758638725
-0.0104978671297
-0.0103758638725
-0.0106208017096
-0.010619870387
-0.010619870387
-0.0107428049669
-0.0107418736443
-0.0108638769016
-0.0108648082241
-0.0109858801588
-0.0109868114814
-0.0111078834161
-0.0111088147387
-0.0112298866734
-0.011230817996
-0.011230817996
-0.0114738931879
-0.0113528212532
-0.0114748245105
-0.0115968277678
-0.0115968277678
-0.0117178997025
-0.0117188310251
-0.0117188310251
-0.0118408342823
-0.0119628375396
-0.0119628375396
-0.0120848407969
-0.0120857721195
-0.0120848407969
-0.0122068440542
-0.0123288473114
-0.0123288473114
-0.0124517818913
-0.0124508505687
-0.01245131623
-0.0125733194873
-0.0126953227445
-0.0126953227445
-0.0128173260018
-0.0128173260018
-0.0128173260018
-0.0129393292591
-0.0130617981777
-0.0130613325164
-0.0131838014349
-0.0131833357736
-0.0133058046922
-0.0133058046922
-0.0133053390309
-0.0134278079495
-0.0135498112068
-0.0135498112068
-0.013671814464
-0.0136722801253
-0.0137938177213
-0.0137938177213
-0.0139162866399
-0.0139158209786
-0.0140382898971
-0.0140378242359
-0.0141602931544
-0.0141598274931
-0.0142822964117
-0.014404299669
-0.0142822964117
-0.0145263029262
-0.0145263029262
-0.0145267685875
-0.0146483061835
-0.0147703094408
-0.0147707751021
-0.0147703094408
-0.0148927783594
-0.0150143159553
-0.0150147816166
-0.0150147816166
-0.0151367848739
-0.0152587881312
-0.0152587881312
-0.0153807913885
-0.0153807913885
-0.0155027946457
-0.015503260307
-0.015624797903
-0.015624797903
-0.0157472677529
-0.0158692710102
-0.0158688053489
-0.0158692710102
-0.0159912742674
-0.0161132775247
-0.0161132775247
-0.0161132775247
-0.016235280782
-0.0163577497005
-0.0163572840393
-0.0164792872965
-0.0164797529578
-0.0166012905538
-0.0166017562151
-0.0167237594724
-0.0168452970684
-0.0168457627296
-0.0168457627296
-0.0169677659869
-0.0170897692442
-0.0170902349055
-0.0172117725015
-0.0172117725015
-0.01733424142
-0.0173337757587
-0.0174562446773
-0.017455779016
-0.0175782479346
-0.0175782479346
-0.0177002511919
-0.0178222544491
-0.0178222544491
-0.0179442577064
-0.0179442577064
-0.0180662609637
-0.018066726625
-0.018188264221
-0.0181887298822
-0.0183102674782
-0.0184327363968
-0.0184327363968
-0.0184322707355
-0.0186767429113
-0.0185547396541
-0.0187992118299
-0.0187987461686
-0.0187987461686
-0.0189207494259
-0.0189212150872
-0.0190427526832
-0.0191652216017
-0.0191647559404
-0.019287224859
-0.019287224859
-0.0194092281163
-0.0195312313735
-0.0194092281163
-0.0196532327682
-0.0196532327682
-0.0197752360255
-0.0197757016867
-0.0198972392827
-0.019897704944
-0.02001924254
-0.0201417114586
-0.0201417114586
-0.0201412457973
-0.0202637147158
-0.0203857179731
-0.0205081868917
-0.0203857179731
-0.0206297244877
-0.0206297244877
-0.0207521934062
-0.0207517277449
-0.0208741966635
-0.0208741966635
-0.0209957342595
-0.0209961999208
-0.021118203178
-0.0212402064353
-0.0212402064353
-0.0213622096926
-0.0213626753539
-0.0214842129499
-0.0216062162071
-0.0216066818684
-0.0216062162071
-0.021850688383
-0.0217286851257
-0.0219726916403
-0.0219726916403
-0.021972225979
-0.0222171638161
-0.0220946948975
-0.0223387014121
-0.0222166981548
-0.0224611703306
-0.0224607046694
-0.0225831735879
-0.0225831735879
-0.0227047111839
-0.0227051768452
-0.0228271801025
-0.0229491833597
-0.0229491833597
-0.023071186617
-0.0230716522783
-0.0231931898743
-0.0231931898743
-0.0234376620501
-0.0233156587929
-0.0235591996461
-0.0235596653074
-0.0235596653074
-0.0236816685647
-0.023803671822
-0.023803671822
-0.0239256750792
-0.0239261407405
-0.0241696815938
-0.0240476783365
-0.0241701472551
-0.0242921505123
-0.0244136881083
-0.0244141537696
-0.0245361570269
-0.0245361570269
-0.0246581602842
-0.0246581602842
-0.0247806292027
-0.0249021667987
-0.0249021667987
-0.0250246357173
-0.0251461733133
-0.0251466389745
-0.0251466389745
-0.0253906454891
-0.0253906454891
-0.0253906454891
-0.0255126487464
-0.0256346520036
-0.0256346520036
-0.0257571209222
-0.0258786585182
-0.0258791241795
-0.0260006617755
-0.0260011274368
-0.026123130694
-0.0262451339513
-0.0262451339513
-0.0263671372086
-0.0263671372086
-0.0266113765538
-0.0264891404659
-0.026733379811
-0.0266113765538
-0.0268553830683
-0.026855615899
-0.0269776191562
-0.0269773863256
-0.0270996224135
-0.0272216256708
-0.0272218585014
-0.0273436289281
-0.027465865016
-0.027465865016
-0.0275878682733
-0.0275878682733
-0.0277098715305
-0.0278321076185
-0.0278321076185
-0.0279541108757
-0.0279541108757
-0.0281981173903
-0.028076114133
-0.0283203534782
-0.0283203534782
-0.0283203534782
-0.0285643599927
-0.0285645928234
-0.0285643599927
-0.0286865960807
-0.0288085993379
-0.0289306025952
-0.0289306025952
-0.0290528386831
-0.0290526058525
-0.0291748419404
-0.0291748419404
-0.029418848455
-0.0294190812856
-0.029418848455
-0.0295410845429
-0.0296630878001
-0.0297850910574
-0.0297850910574
-0.0297853238881
-0.0300293304026
-0.030029097572
-0.0300293304026
-0.0302735697478
-0.0302733369172
-0.0302735697478
-0.0303953401744
-0.0305175762624
-0.0306398123503
-0.0306395795196
-0.0307615827769
-0.0307618156075
-0.0308838188648
-0.0310058221221
-0.0311278253794
-0.03112805821
-0.0311278253794
-0.0313720665872
-0.0313720665872
-0.0313720665872
-0.0316163040698
-0.0316161885858
-0.0316161885858
-0.031738307327
-0.0318604260683
-0.0319824293256
-0.0319823138416
-0.0321045517921
-0.0322265550494
-0.0322265550494
-0.0323486737907
-0.0323485583067
-0.032470792532
-0.0325926803052
-0.0327149145305
-0.0327147990465
-0.0328369177878
-0.0328369177878
-0.0329590402544
-0.0330810435116
-0.0330810435116
-0.0333251655102
-0.0332031622529
-0.0334472842515
-0.0334472842515
-0.0335692875087
-0.0335692875087
-0.03369140625
-0.0338135287166
-0.0338134095073
-0.0340576507151
-0.0339355878532
-0.0341796539724
-0.0341797098517
-0.0343017727137
-0.034301713109
-0.0344238355756
-0.0345458947122
-0.0346679575741
-0.0346680171788
-0.034790020436
-0.034790020436
-0.0349121391773
-0.0350341424346
-0.0351562909782
-0.0351562313735
-0.0352783240378
-0.0352783240378
-0.0355224460363
-0.0355224758387
-0.0355224758387
-0.0356445200741
-0.0357665978372
-0.0358886756003
-0.0358886681497
-0.0360107421875
-0.0361328162253
-0.0362548828125
-0.0362548828125
-0.0362548865378
-0.0364990234375
-0.0364990159869
-0.0366211012006
-0.0366210862994
-0.0367431640625
-0.0368652381003
-0.0369873009622
-0.0369873009622
-0.0371093899012
-0.0372314527631
-0.0372314229608
-0.0373535118997
-0.037475604564
-0.037475604564
-0.0375976078212
-0.0377197265625
-0.0377197265625
-0.0379639081657
-0.037963848561
-0.037963848561
-0.0380859710276
-0.0382079742849
-0.0383300930262
-0.0383300930262
-0.0384521521628
-0.0385742150247
-0.038696333766
-0.038696218282
-0.0388183370233
-0.0388184562325
-0.0389403402805
-0.0390625782311
-0.0391845814884
-0.0391844660044
-0.0393067002296
-0.0394287034869
-0.0395508222282
-0.0395507067442
-0.0396729409695
-0.0396728254855
-0.039916947484
-0.039916947484
-0.0399170666933
-0.0401610732079
-0.0401611886919
-0.0402831919491
-0.0404053106904
-0.0404051952064
-0.0405274294317
-0.0405271984637
-0.0407716706395
-0.0407714359462
-0.0408934392035
-0.0408936738968
-0.0411376804113
-0.0411376804113
-0.0411376804113
-0.0413819178939
-0.0413816869259
-0.0415039211512
-0.0415039211512
-0.041748162359
-0.0417479276657
-0.0418701656163
-0.0418701656163
-0.0419921688735
-0.0421141721308
-0.0422364063561
-0.0422361753881
-0.0423584096134
-0.0424806475639
-0.0426024161279
-0.0426026508212
-0.0427246540785
-0.0427244193852
-0.042968891561
-0.042968660593
-0.0430908948183
-0.0432128980756
-0.0432128980756
-0.0433349013329
-0.0434569045901
-0.0434571392834
-0.043701145798
-0.043701145798
-0.043701145798
-0.0439453832805
-0.0439453832805
-0.0440673865378
-0.0441893897951
-0.0441893897951
-0.0443116277456
-0.0444336310029
-0.0445556342602
-0.0445553995669
-0.0446778684855
-0.0447998717427
-0.0447998717427
-0.0440673865378
-0.042968891561
-0.0408934392035
-0.0382079742849
-0.0349120236933
-0.0308835860342
-0.0262451339513
-0.0207521934062
-0.0147703094408
-0.00793486833572
-0.00036600974272
0.00756839243695
0.0164792872965
0.0260011274368
0.0362549908459
0.0471188649535
0.0585936903954
0.0709230080247
0.0838623344898
0.0972901433706
0.110595718026
0.123290807009
0.135742351413
0.147826969624
0.15942402184
0.170532137156
0.181518480182
0.191772580147
0.201904207468
0.211425811052
0.220581173897
0.229492068291
0.237792953849
0.245849594474
0.25341796875
0.26062014699
0.267333984375
0.27380374074
0.27978515625
0.285034179688
0.288574248552
0.290039032698
0.289306670427
0.286621034145
0.281738340855
0.275024324656
0.265869289637
0.255004733801
0.241821393371
0.226684600115
0.209350600839
0.190063372254
0.168701156974
0.145141720772
0.119628846645
0.0920412093401
0.0622556507587
0.0305175762624
-0.00341795361601
-0.0384519807994
-0.0708010047674
-0.0999756082892
-0.125488266349
-0.147582963109
-0.166259691119
-0.181396484375
-0.193237319589
-0.201538190246
-0.20629888773
-0.207763627172
-0.205566391349
-0.200073227286
-0.191162094474
-0.178710892797
-0.162719741464
-0.143432632089
-0.120605453849
-0.0943603217602
-0.0645752251148
-0.032470677048
-0.00207521952689
0.0257568880916
0.0505370534956
0.0727538689971
0.0922852158546
0.108886741102
0.122924797237
0.13403314352
0.142456024885
0.148193433881
0.151123031974
0.151367157698
0.148803681135
0.143554747105
0.135375872254
0.124756008387
0.111083962023
0.094848677516
0.0758054628968
0.0545654892921
0.0336915254593
0.013671814464
-0.00561517616734
-0.0239259079099
-0.0415039211512
-0.0581054463983
-0.0739744827151
-0.0888672620058
-0.103027321398
-0.116210892797
-0.128540202975
-0.140136569738
-0.150756910443
-0.160644516349
-0.169555649161
-0.177612289786
-0.18493655324
-0.191284224391
-0.196899399161
-0.201538085938
-0.205322220922
-0.208374038339
-0.210449203849
-0.211669936776
-0.212158203125
-0.211669921875
-0.210449203849
-0.208251982927
-0.205200150609
-0.20141607523
-0.196655273438
-0.191039979458
-0.184692427516
-0.177368164062
-0.169189527631
-0.160278275609
-0.150390654802
-0.139648318291
-0.12805172801
-0.115722648799
-0.102417074144
-0.0883787795901
-0.073486469686
-0.0588379316032
-0.0444336310029
-0.0302733369172
-0.0164795201272
-0.00280747166835
0.0103758638725
0.0234374292195
0.0361329875886
0.0485838353634
0.0606689117849
0.0726319849491
0.0842283442616
0.0954591631889
0.106567278504
0.117309622467
0.12768548727
0.137939572334
0.147826969624
0.157470807433
0.166748061776
0.175537064672
0.183715820312
0.191406220198
0.198608487844
0.205200150609
0.211181625724
0.216796889901
0.221679672599
0.22607421875
0.229858383536
0.233276382089
0.23596188426
0.238159194589
0.239746108651
0.240966781974
0.241455033422
0.241577148438
0.240966901183
0.239868164062
0.238159194589
0.236083969474
0.233276277781
0.230102553964
0.226196363568
0.221801683307
0.216918990016
0.211425587535
0.205322623253
0.19885225594
0.191650345922
0.184081956744
0.175781533122
0.167114183307
0.157714813948
0.147826969624
0.137451559305
0.126464754343
0.114989928901
0.103027552366
0.0911867171526
0.0795898884535
0.0681150704622
0.0568847134709
0.0458983667195
0.0350340269506
0.0245361570269
0.0140382898971
0.00390643253922
-0.00598141876981
-0.0158692710102
-0.0252686422318
-0.034790020436
-0.0438233800232
-0.0527342744172
-0.0615236312151
-0.0699460506439
-0.0782469287515
-0.0864257961512
-0.0942386612296
-0.101928591728
-0.109374985099
-0.116698905826
-0.123657278717
-0.130493193865
-0.137085095048
-0.143676996231
-0.149657949805
-0.155761837959
-0.161621242762
-0.167114183307
-0.172485128045
-0.177734524012
-0.182616978884
-0.187378138304
-0.191894352436
-0.19616702199
-0.200439468026
-0.204223662615
-0.208007857203
-0.211425811052
-0.214721530676
-0.217773482203
-0.220703184605
-0.223388656974
-0.225707992911
-0.22802734375
-0.230102553964
-0.231811538339
-0.233520507812
-0.234863296151
-0.236083969474
-0.236938476562
-0.237915024161
-0.238403350115
-0.238769501448
-0.238891556859
-0.238769561052
-0.238525435328
-0.238159194589
-0.237426713109
-0.236450210214
-0.235351487994
-0.234130993485
-0.2325437814
-0.230835035443
-0.228881821036
-0.226806610823
-0.224365383387
-0.221801444888
-0.218994438648
-0.216064497828
-0.212768554688
-0.209472596645
-0.205810636282
-0.202026203275
-0.19799824059
-0.193725332618
-0.189331352711
-0.184569969773
-0.179809510708
-0.174682572484
-0.169311642647
-0.163940697908
-0.158202826977
-0.15234388411
-0.146117985249
-0.139892563224
-0.133301123977
-0.126464754343
-0.119629308581
-0.112426459789
-0.105102539062
-0.0974116772413
-0.0897217467427
-0.0816648751497
-0.0734869390726
-0.0650631263852
-0.0563962347806
-0.0476073436439
-0.038574449718
-0.0291746091098
-0.019897704944
-0.0101318573579
-0.000244006499997
0.00988785084337
0.0200187768787
0.0306395795196
0.0413823835552
0.0523682646453
0.0633541494608
0.0748289749026
0.0863037928939
0.0980226248503
0.110107466578
0.122192308307
0.134399160743
0.146118447185
0.15686032176
0.1669921875
0.176147550344
0.184570431709
0.192382827401
0.199218735099
0.205322161317
0.210693091154
0.215210005641
0.218994438648
0.221923455596
0.224121376872
0.225585877895
0.226196363568
0.225951880217
0.225097864866
0.223388418555
0.22082541883
0.217651471496
0.214599534869
0.211792051792
0.208984345198
0.206542894244
0.204345673323
0.2021484375
0.200439468026
0.198608487844
0.197265520692
0.196044906974
0.194946289062
0.194091811776
0.193481445312
0.192993193865
0.192871138453
0.192871078849
0.192993164062
0.193359360099
0.193969726562
0.194702148438
0.195556655526
0.1962890625
0.196899399161
0.197631880641
0.198120132089
0.198852494359
0.199340850115
0.19995111227
0.20031735301
0.200805708766
0.201293960214
0.201538190246
0.201904207468
0.202270448208
0.202514693141
0.202758699656
0.202880933881
0.203124940395
0.203247174621
0.203369170427
0.203247174621
0.203369170427
0.203246712685
0.203003168106
0.202880695462
0.202514693141
0.202148675919
0.20178219676
0.201293721795
0.200805708766
0.200195223093
0.199463203549
0.19885225594
0.19799824059
0.197021275759
0.196289256215
0.195190295577
0.194213807583
0.193115308881
0.191894352436
0.190552309155
0.189208418131
0.187378361821
0.185790464282
0.183716401458
0.18164049089
0.179443493485
0.177001565695
0.174438565969
0.171752631664
0.168823629618
0.16577167809
0.162719741464
0.159301787615
0.155883833766
0.152098938823
0.148437917233
0.144531011581
0.140259042382
0.136108130217
0.13171415031
0.127075240016
0.122314311564
0.117553390563
0.112427391112
0.107299529016
0.101928591728
0.0964356511831
0.0908197760582
0.0849617570639
0.0791009441018
0.0728759914637
0.0666510313749
0.0601801984012
0.0535892285407
0.046996396035
0.0400394164026
0.0329585745931
0.0257575865835
0.0184327363968
0.0108638769016
0.00329595035873
-0.00463891774416
-0.0124508505687
-0.0206297244877
-0.0289306025952
-0.0374764204025
-0.0458983667195
-0.0546872578561
-0.0632321462035
-0.0717779621482
-0.0799558982253
-0.0883787795901
-0.0963136479259
-0.104247584939
-0.112060450017
-0.119751311839
-0.127319246531
-0.134643167257
-0.141968011856
-0.149047926068
-0.156005844474
-0.16284173727
-0.169677644968
-0.176147550344
-0.18261744082
-0.188964411616
-0.195190295577
-0.201172187924
-0.207031130791
-0.21289101243
-0.218505963683
-0.223998904228
-0.229369834065
-0.234619706869
-0.23974570632
-0.244750633836
-0.249512478709
-0.254149526358
-0.258789390326
-0.263183832169
-0.267577797174
-0.271606713533
-0.275634676218
-0.279541105032
-0.283325076103
-0.286987513304
-0.290405005217
-0.293701410294
-0.296996891499
-0.300048828125
-0.302978307009
-0.305786252022
-0.30847170949
-0.311035186052
-0.313354641199
-0.315307378769
-0.315551877022
-0.31372064352
-0.309814453125
-0.303833037615
-0.295898526907
-0.285644471645
-0.273559570312
-0.259399414062
-0.243164077401
-0.224853500724
-0.204345718026
-0.182006850839
-0.157470688224
-0.130981430411
-0.102417014539
-0.0716552585363
-0.0389404594898
-0.00415032263845
0.0327147990465
0.0705566480756
0.104980483651
0.135253876448
0.161132827401
0.182495117188
0.199584946036
0.212280273438
0.220703125
0.224731475115
0.224365204573
0.219604507089
0.210571318865
0.197021394968
0.179321378469
0.157104447484
0.130615189672
0.0996093675494
0.0644532218575
0.0247801635414
-0.0191649887711
-0.066040083766
-0.110229469836
-0.150024414062
-0.185668930411
-0.217040985823
-0.244018614292
-0.267089784145
-0.285522460938
-0.299926787615
-0.310180664062
-0.315917998552
-0.317626953125
-0.314941316843
-0.30810546875
-0.296997129917
-0.281616091728
-0.261963099241
-0.23815895617
-0.210083082318
-0.177734524012
-0.141113057733
-0.101440578699
-0.0634766146541
-0.028076114133
0.00415043905377
0.0339355319738
0.0606689117849
0.0847168192267
0.105835027993
0.124267525971
0.139892563224
0.152709886432
0.162719741464
0.169799894094
0.174194335938
0.175781190395
0.174560576677
0.170532256365
0.163696229458
0.153930738568
0.141601532698
0.126831054688
0.112304694951
0.0982665792108
0.0849609449506
0.072265625
0.0603027567267
0.0489501953125
0.0380859412253
0.0281982347369
0.018676770851
0.00988767668605
0.001708976808
-0.005615205504
-0.0125732617453
-0.0186767429113
-0.024292005226
-0.0291748140007
-0.0333251953125
-0.0369873009622
-0.0399169772863
-0.0422363504767
-0.0438232086599
-0.0447998158634
-0.0451660007238
-0.044921875
-0.0439453274012
-0.0423584096134
-0.0400390699506
-0.0372314229608
-0.0335693471134
-0.0295410268009
-0.0245360992849
-0.0191651042551
-0.0129394456744
-0.00622554169968
0.00134273420554
0.00927736982703
0.0179443731904
0.02612301521
0.0341796539724
0.0416259840131
0.0488281361759
0.0554199181497
0.0618896409869
0.0676269978285
0.0732421725988
0.0782470405102
0.0828857570887
0.0872802883387
0.091064453125
0.0946044847369
0.0976562574506
0.100341796875
0.1025390625
0.104370132089
0.105834938586
0.106933608651
0.10754391551
0.10778812319
0.107543945312
0.107055641711
0.105957090855
0.104614175856
0.102905318141
0.100585862994
0.0980225130916
0.0950928032398
0.0915527269244
0.0877685323358
0.083618208766
0.0789794102311
0.0738525986671
0.0684814229608
0.0627441331744
0.0570069514215
0.0516355484724
0.0461426079273
0.0411376804113
0.0361329875886
0.0313720665872
0.026733379811
0.0222166981548
0.0180664937943
0.0137938177213
0.0100098541006
0.00634766137227
0.00268546841107
-0.000732485146727
-0.00390619947575
-0.00695791048929
-0.00988761801273
-0.0125733194873
-0.0150147816166
-0.0173337757587
-0.0196534655988
-0.0214844457805
-0.0234374292195
-0.0249023996294
-0.0264891404659
-0.0278321076185
-0.0288085993379
-0.0299070943147
-0.0305175762624
-0.0312500633299
-0.0316163040698
-0.0318603105843
-0.0318603105843
-0.0318603105843
-0.031738307327
-0.0314941853285
-0.0314940698445
-0.0313720665872
-0.031127942726
-0.031127942726
-0.0307617001235
-0.0307618156075
-0.0305175762624
-0.0303954575211
-0.0301513336599
-0.0300293304026
-0.0297852084041
-0.0295409690589
-0.0294189658016
-0.0291747264564
-0.0289307199419
-0.0286864805967
-0.0284424740821
-0.0281982347369
-0.0279541108757
-0.0277098715305
-0.0273437462747
-0.0272217430174
-0.026855500415
-0.0266112610698
-0.0262451339513
-0.0260010119528
-0.0256347693503
-0.0252685267478
-0.0250244028866
-0.0247802808881
-0.0242920350283
-0.0240477956831
-0.0236816685647
-0.0231933072209
-0.0227051191032
-0.0222167577595
-0.0214843880385
-0.0208740234375
-0.0200195349753
-0.0191650465131
-0.0183105580509
-0.0172118879855
-0.016235338524
-0.0151367271319
-0.01379399281
-0.012573203072
-0.01123046875
-0.00988767668605
-0.00830081943423
-0.00671384576708
-0.00512698851526
-0.00354001508094
-0.00158691534307
0.000244122915319
0.00207521952689
0.00415038084611
0.0061035384424
0.00830076169223
0.0106201032177
0.0126953227445
0.0151367271319
0.0175781305879
0.0200195349753
0.0227050613612
0.0251464657485
0.0279541108757
0.0307617578655
0.0335692875087
0.0364990532398
0.0394287034869
0.0426025353372
0.046020489186
0.0500488057733
0.0543213672936
0.0590820536017
0.0643309876323
0.0698242783546
0.0759276971221
0.0823974832892
0.0893553942442
0.096679776907
0.104370057583
0.112548813224
0.121093817055
0.130248948932
0.139526322484
0.149536177516
0.159790039062
0.170654371381
0.18164049089
0.192993313074
0.203613176942
0.212890788913
0.221313431859
0.228515580297
0.234619244933
0.239746168256
0.24377413094
0.246582075953
0.248413056135
0.249145537615
0.248779535294
0.247436568141
0.244750633836
0.241211131215
0.236572220922
0.230712801218
0.22387689352
0.215942502022
0.206787124276
0.196777746081
0.185546457767
0.173339605331
0.161010757089
0.148559913039
0.135864123702
0.123291268945
0.110351473093
0.0975336804986
0.0845948159695
0.0714110210538
0.0583501495421
0.0449214093387
0.031616538763
0.018066726625
0.00463798642159
-0.00915490090847
-0.022949649021
-0.036864541471
-0.0506592877209
-0.0649420544505
-0.0789789408445
-0.0932617038488
-0.106933519244
-0.120483331382
-0.133423134685
-0.145995989442
-0.158080816269
-0.169677644968
-0.181030467153
-0.191772818565
-0.202148213983
-0.212158069015
-0.22155790031
-0.230712801218
-0.239379689097
-0.247559025884
-0.255370974541
-0.262695342302
-0.26953125
-0.276122689247
-0.282104581594
-0.287475526333
-0.290893942118
-0.292357981205
-0.291626185179
-0.28869625926
-0.283813565969
-0.276733398438
-0.267456054688
-0.25610345602
-0.242797881365
-0.227050840855
-0.209472596645
-0.189697250724
-0.167846664786
-0.143676757812
-0.117675863206
-0.0893553942442
-0.0589600503445
-0.0264892578125
0.00817875843495
0.0439452677965
0.0769043043256
0.106445394456
0.132202044129
0.154296979308
0.172851487994
0.187622144818
0.198730379343
0.20629888773
0.210083082318
0.21044908464
0.206909134984
0.199829220772
0.18908688426
0.174682572484
0.156616315246
0.134887635708
0.109619222581
0.0805661529303
0.047973819077
0.0125733194873
-0.0217286851257
-0.0540772415698
-0.0844725817442
-0.112792938948
-0.139038071036
-0.163574233651
-0.185790926218
-0.20629888773
-0.224609389901
-0.240966662765
-0.255493193865
-0.267944276333
-0.278320372105
-0.28674313426
-0.293212920427
-0.297607421875
-0.300170898438
-0.300659179688
-0.299072265625
-0.2958984375
-0.291748046875
-0.287353515625
-0.282226592302
-0.276733398438
-0.270629882812
-0.26391607523
-0.256957948208
-0.249145537615
-0.24108889699
-0.232421785593
-0.223144650459
-0.213500797749
-0.203247174621
-0.192382827401
-0.181274473667
-0.169433638453
-0.157104328275
-0.144287005067
-0.13098166883
-0.117065377533
-0.102783083916
-0.0877687633038
-0.072387509048
-0.0565187036991
-0.0402829572558
-0.0247806292027
-0.0103758638725
0.00305194384418
0.015624797903
0.0270996224135
0.0375979579985
0.0469968616962
0.0556642152369
0.0631101429462
0.0695800408721
0.0751954466105
0.0797118917108
0.0832518488169
0.0858153179288
0.0874027535319
0.087890304625
0.0876467600465
0.0860593244433
0.0837403312325
0.080444380641
0.0762939453125
0.0718992650509
0.0665283277631
0.0607911460102
0.0543212480843
0.0473633371294
0.0396727100015
0.0314943008125
0.0227049440145
0.0131835686043
0.00317394710146
-0.00744638917968
-0.0187987461686
-0.0305175762624
-0.042968660593
-0.0561524629593
-0.0697020441294
-0.0841065719724
-0.0988768860698
-0.114257909358
-0.130493193865
-0.147094473243
-0.164428710938
-0.182372972369
-0.200805708766
-0.219848930836
-0.238891676068
-0.255248963833
-0.268188297749
-0.277588129044
-0.283813089132
-0.28637701273
-0.285766541958
-0.281738579273
-0.274169713259
-0.263183832169
-0.249023541808
-0.231200814247
-0.210205078125
-0.185547381639
-0.157836809754
-0.126464292407
-0.0916747301817
-0.0537112317979
-0.0120848407969
0.0327145680785
0.0795898884535
0.122925259173
0.161010757089
0.193969339132
0.221923917532
0.244872629642
0.262451350689
0.275268673897
0.282837063074
0.285278052092
0.282715052366
0.275024205446
0.262207329273
0.244262620807
0.221435442567
0.193359315395
0.160156279802
0.121948301792
0.0786134004593
0.0301511008292
-0.0217282194644
-0.0712890177965
-0.116455361247
-0.157836809754
-0.194946289062
-0.22802734375
-0.256957948208
-0.281860560179
-0.302734315395
-0.319458067417
-0.332031369209
-0.340575814247
-0.344971179962
-0.345458269119
-0.34167522192
-0.333862364292
-0.322021514177
-0.3060297966
-0.285888999701
-0.261718392372
-0.233642742038
-0.201172187924
-0.16479472816
-0.124267295003
-0.0795898884535
-0.031006520614
0.0202637147158
0.0682380050421
0.111327499151
0.149658873677
0.182982519269
0.211670055985
0.235351726413
0.254272460938
0.268310308456
0.277588129044
0.282105058432
0.281494110823
0.276367157698
0.26623532176
0.251220524311
0.231445297599
0.206909134984
0.177368044853
0.143188506365
0.104004047811
0.0612791590393
0.0196532327682
-0.0196532327682
-0.0565187036991
-0.0910642519593
-0.123291268945
-0.153197899461
-0.180541992188
-0.205810636282
-0.228637814522
-0.249023541808
-0.267089337111
-0.282837063074
-0.296264886856
-0.307250767946
-0.316040575504
-0.322265535593
-0.326293498278
-0.327881395817
-0.327270448208
-0.324340522289
-0.320556551218
-0.315795630217
-0.310180693865
-0.303710788488
-0.296630889177
-0.2884529531
-0.27954018116
-0.269898205996
-0.259277403355
-0.24792458117
-0.235595732927
-0.222533926368
-0.208740115166
-0.193970263004
-0.178344532847
-0.161986783147
-0.144775956869
-0.126708298922
-0.10778940469
-0.0880118384957
-0.0675041228533
-0.0461433045566
-0.0238046031445
-0.00085309142014
0.0230707209557
0.0474862717092
0.0707991421223
0.0930186286569
0.113768495619
0.13317912817
0.151489853859
0.168212682009
0.183837473392
0.19799824059
0.210938036442
0.222533926368
0.232787787914
0.241821616888
0.249389544129
0.255859434605
0.260742366314
0.264526337385
0.266967326403
0.268066287041
0.267822295427
0.266357302666
0.263428300619
0.259399414062
0.253783524036
0.247070550919
0.239013686776
0.229492768645
0.218871966004
0.206787124276
0.193481326103
0.17871055007
0.16284173727
0.145507976413
0.126953229308
0.107055522501
0.0863037928939
0.0667721033096
0.0490723140538
0.0330815091729
0.0187987461686
0.00622589094564
-0.00463891774416
-0.0137938177213
-0.0209966655821
-0.0267326813191
-0.0305175762624
-0.0327154994011
-0.0330805778503
-0.0318605452776
-0.0286865960807
-0.0239256750792
-0.017455779016
-0.00915583223104
0.000732950808015
0.012572853826
0.0255126487464
0.0383304432034
0.050048340112
0.061157155782
0.0712890177965
0.0808108523488
0.0894777402282
0.0972896739841
0.104370519519
0.11047347635
0.115966416895
0.120606265962
0.12438929826
0.127441242337
0.129638701677
0.13098166883
0.131713688374
0.131469681859
0.130371183157
0.128662213683
0.126220747828
0.123657278717
0.12133782357
0.119018360972
0.116821371019
0.114867925644
0.112915404141
0.111083962023
0.109374985099
0.107788011432
0.106445044279
0.104980535805
0.103638038039
0.102661080658
0.101562581956
0.100707627833
0.099853605032
0.0992431268096
0.0987551137805
0.0981446281075
0.097900159657
0.0976561531425
0.0975341498852
0.0975341498852
0.0977786183357
0.097900159657
0.0982666313648
0.0986331105232
0.0993651300669
0.0999753773212
0.100830100477
0.101684585214
0.102661080658
0.103882044554
0.10522454232
0.106445275247
0.108032248914
0.109619222581
0.111327968538
0.112915173173
0.114623919129
0.116088889539
0.117675863206
0.119140595198
0.12060533464
0.121948301792
0.123291037977
0.124511651695
0.125854507089
0.126953110099
0.128173843026
0.129272460938
0.130249068141
0.131347671151
0.132202103734
0.133178710938
0.134033203125
0.134765625
0.135620117188
0.136352539062
0.136962890625
0.137573242188
0.138183578849
0.138793960214
0.139160126448
0.139648467302
0.139892563224
0.140380859375
0.140625044703
0.140869051218
0.141113296151
0.141235411167
0.141357406974
0.141357406974
0.141357406974
0.141357406974
0.141235291958
0.140747055411
0.139892563224
0.138794064522
0.137207090855
0.135375872254
0.133056655526
0.130493193865
0.127441480756
0.124145522714
0.120483331382
0.116332896054
0.11193844676
0.107177764177
0.102051064372
0.0964351892471
0.0905762389302
0.0844728127122
0.0777589157224
0.0708005353808
0.0635986179113
0.0557862184942
0.0478513501585
0.0394289344549
0.0306395795196
0.0214842129499
0.0119633032009
0.00219698995352
-0.00805640593171
-0.0185547396541
-0.0295410845429
-0.0407714359462
-0.0524902679026
-0.0645751133561
-0.0769044235349
-0.0895997434855
-0.102661080658
-0.116210892797
-0.129516690969
-0.140991061926
-0.149902418256
-0.15649408102
-0.160644516349
-0.162353500724
-0.161743253469
-0.158569306135
-0.153076127172
-0.145141720772
-0.134643390775
-0.121948301792
-0.106811515987
-0.0891112685204
-0.0689697861671
-0.0466308519244
-0.0217285696417
0.00549317291006
0.0354003831744
0.0673828125
0.101074106991
0.132080167532
0.159790039062
0.183959946036
0.204834148288
0.222045689821
0.235961973667
0.24633783102
0.25341796875
0.256836175919
0.256957948208
0.253539979458
0.24670407176
0.236450210214
0.222778409719
0.205566167831
0.184936434031
0.160888761282
0.133423134685
0.102416604757
0.069092027843
0.0378419645131
0.00964337959886
-0.0153807913885
-0.0373534858227
-0.0560302250087
-0.0717774927616
-0.0842283442616
-0.0937501862645
-0.0999756082892
-0.103149555624
-0.103149093688
-0.100097611547
-0.0938721895218
-0.0845948159695
-0.0720214992762
-0.0565187036991
-0.0377194955945
-0.0159912742674
0.00903336331248
0.0363769941032
0.0628661364317
0.087890766561
0.111205965281
0.133178651333
0.153564378619
0.172241121531
0.189575359225
0.205200150609
0.219238445163
0.231933310628
0.24292011559
0.252319008112
0.260376363993
0.266601324081
0.271484255791
0.274780184031
0.276367157698
0.276612102985
0.27526819706
0.272461205721
0.269164323807
0.265381276608
0.261474400759
0.256836414337
0.252074539661
0.246826544404
0.241210669279
0.235229715705
0.228881821036
0.222045913339
0.215088009834
0.207397148013
0.199707210064
0.191284328699
0.182739451528
0.173583611846
0.164306715131
0.154418870807
0.144287005067
0.133789137006
0.122802324593
0.111572436988
0.0997316017747
0.0877687633038
0.0753169879317
0.0625001266599
0.049194317311
0.0357665121555
0.0216066818684
0.00732392026111
-0.00732392026111
-0.0224607046694
-0.0379644334316
-0.0539543069899
-0.0700689852238
-0.0865477994084
-0.102416604757
-0.117676325142
-0.132080167532
-0.145873978734
-0.158812835813
-0.171142622828
-0.182739451528
-0.193481326103
-0.203613176942
-0.213013023138
-0.221679911017
-0.229491844773
-0.236816689372
-0.243285655975
-0.249023541808
-0.254028469324
-0.25842243433
-0.261841326952
-0.264892339706
-0.266846269369
-0.268310308456
-0.269042313099
-0.268921256065
-0.268188297749
-0.266357302666
-0.263916313648
-0.260376363993
-0.25585898757
-0.250610500574
-0.244262620807
-0.237182706594
-0.229003831744
-0.22009293735
-0.210083082318
-0.199340745807
-0.187499910593
-0.174926578999
-0.16125524044
-0.146850466728
-0.131469681859
-0.115112394094
-0.097900159657
-0.0797118917108
-0.061157155782
-0.0438233800232
-0.0284425895661
-0.0147703094408
-0.00292994058691
0.00708037940785
0.0153807913885
0.0217286851257
0.0264891404659
0.0291746091098
0.0302735697478
0.0295410845429
0.026855615899
0.0225827079266
0.0163572840393
0.00830087810755
-0.00146450463217
-0.0130617981777
-0.0264891404659
-0.0416259244084
-0.0581056773663
-0.0738524794579
-0.0881347730756
-0.101074106991
-0.112792938948
-0.123046800494
-0.131958156824
-0.139648556709
-0.145873978734
-0.150756910443
-0.154296860099
-0.156616091728
-0.157470807433
-0.156982332468
-0.155151352286
-0.152099639177
-0.147582963109
-0.141723766923
-0.134643390775
-0.125976741314
-0.116210892797
-0.104980304837
-0.0925294533372
-0.078491166234
-0.0637207403779
-0.0493163205683
-0.0360107496381
-0.0234375465661
-0.0117187146097
-0.00122073106468
0.00866700429469
0.0175781305879
0.0255126487464
0.0327149145305
0.038696218282
0.0440673865378
0.0483398288488
0.0518800206482
0.0543212480843
0.0559082217515
0.0567627102137
0.0565184727311
0.0554199777544
0.0534667596221
0.0505370534956
0.0466308519244
0.0419921688735
0.0363769941032
0.0297850910574
0.0223389342427
0.0140380570665
0.00476068817079
-0.00537093682215
-0.0164795201272
-0.0284423567355
-0.0412599146366
-0.0551757365465
-0.0697020441294
-0.085449308157
-0.101928591728
-0.119384840131
-0.137695342302
-0.156372085214
-0.173583969474
-0.188598632812
-0.201660200953
-0.212402299047
-0.221191436052
-0.227905273438
-0.232421845198
-0.234985366464
-0.2353515625
-0.233642593026
-0.22998046875
-0.223999023438
-0.216064438224
-0.20593264699
-0.193847686052
-0.1796875
-0.163207992911
-0.14489749074
-0.124267525971
-0.102294839919
-0.0814208686352
-0.062255885452
-0.0445556342602
-0.0288085993379
-0.0146485390142
-0.00219722278416
0.00866688787937
0.0175782479346
0.0251464061439
0.0307618156075
0.034790020436
0.0369872413576
0.0377197265625
0.0366210006177
0.0339355319738
0.0294190812856
0.0231934227049
0.0155027946457
0.00585941551253
-0.00500492705032
-0.0161132775247
-0.0268553830683
-0.0375977233052
-0.0482178255916
-0.0584716871381
-0.0687255486846
-0.0786131694913
-0.088501021266
-0.0981446281075
-0.107666008174
-0.116821140051
-0.126098737121
-0.135009631515
-0.143798992038
-0.152343645692
-0.160766750574
-0.169067174196
-0.177124038339
-0.185058683157
-0.192504838109
-0.19873072207
-0.203246712685
-0.20617711544
-0.20751914382
-0.207275614142
-0.205566167831
-0.202148675919
-0.197143748403
-0.190551385283
-0.182495445013
-0.172607123852
-0.161377236247
-0.148315444589
-0.133911147714
-0.117797866464
-0.0999756082892
-0.0808103904128
-0.059936657548
-0.0373534858227
-0.0134273422882
0.0123288473114
0.0394289344549
0.0683590769768
0.0987551137805
0.129882708192
0.158447295427
0.183349460363
0.20471213758
0.222778409719
0.237182229757
0.248047038913
0.255370974541
0.259277403355
0.259643405676
0.256469935179
0.249756023288
0.239501699805
0.225830107927
0.208618342876
0.187866151333
0.163451999426
0.135742351413
0.10449206084
0.0695802718401
0.0323485583067
-0.00305171101354
-0.035522505641
-0.0649413540959
-0.0915527269244
-0.114990390837
-0.135620117188
-0.153198137879
-0.167968913913
-0.179565504193
-0.188354387879
-0.194213807583
-0.196899279952
-0.196899741888
-0.193725332618
-0.187744379044
-0.178588539362
-0.166748180985
-0.151733398438
-0.133911147714
-0.112914942205
-0.0892332717776
-0.0623781196773
-0.0325925648212
0.0
0.034790020436
0.0678710639477
0.0982666313648
0.126098275185
0.151245385408
0.173950091004
0.193969801068
0.211303576827
0.22607435286
0.238281190395
0.24792458117
0.254760950804
0.259155154228
0.260864377022
0.260009646416
0.256469935179
0.250366032124
0.241699382663
0.230468571186
0.216430738568
0.20031735301
0.183959946036
0.167602553964
0.151367262006
0.135253876448
0.119262717664
0.103271447122
0.0874023512006
0.0716552585363
0.0561523474753
0.0405273735523
0.0251464657485
0.00988767668605
-0.0054931147024
-0.020507838577
-0.0355224460363
-0.0504150502384
-0.0653075948358
-0.0799560770392
-0.0946044996381
-0.109008744359
-0.123046912253
-0.136474609375
-0.149414047599
-0.16174313426
-0.17370608449
-0.184936434031
-0.19580078125
-0.206054881215
-0.215820252895
-0.224975630641
-0.23364251852
-0.241821393371
-0.249389544129
-0.256591707468
-0.263061583042
-0.269042789936
-0.274536192417
-0.27966311574
-0.283935546875
-0.287842005491
-0.291259467602
-0.29418990016
-0.296386420727
-0.298217862844
-0.299438357353
-0.300048828125
-0.299072355032
-0.296631336212
-0.292479991913
-0.286743044853
-0.279541105032
-0.270630210638
-0.260009407997
-0.24792458117
-0.234130755067
-0.218872904778
-0.201904207468
-0.183349460363
-0.163085743785
-0.141357064247
-0.118042334914
-0.0930176973343
-0.0665280967951
-0.0382084399462
-0.00842288136482
0.0224616359919
0.0518793202937
0.079833894968
0.105713486671
0.129882246256
0.152221873403
0.172729596496
0.191406339407
0.208252102137
0.223387956619
0.236572682858
0.248046576977
0.25756841898
0.265503287315
0.271362245083
0.275635153055
0.277831196785
0.278442621231
0.277221649885
0.274048179388
0.269409269094
0.264770328999
0.260131895542
0.255614966154
0.251342982054
0.247192561626
0.243163660169
0.239380151033
0.235717728734
0.232177779078
0.22875982523
0.225585877895
0.222534164786
0.219604462385
0.216796755791
0.214233517647
0.2119140625
0.209472596645
0.207397609949
0.205444157124
0.20361341536
0.201904207468
0.200317457318
0.199096620083
0.197876006365
0.196777269244
0.195922896266
0.195190414786
0.194580107927
0.194091781974
0.19384765625
0.193725585938
0.19384765625
0.193969711661
0.194335952401
0.194824174047
0.195434600115
0.196289032698
0.196899399161
0.197753995657
0.198242127895
0.198974609375
0.199340745807
0.199829220772
0.200317457318
0.200561463833
0.200805708766
0.201171725988
0.201171949506
0.20141595602
0.201293960214
0.201416194439
0.201293721795
0.201171725988
0.20092818141
0.200683236122
0.200439706445
0.200073227286
0.199706748128
0.199463203549
0.199218735099
0.199096739292
0.198974266648
0.198974728584
0.198852732778
0.198974266648
0.199096739292
0.199218735099
0.199341207743
0.199706748128
0.199951216578
0.200317695737
0.20080524683
0.201172187924
0.20178219676
0.202392220497
0.202881157398
0.203613176942
0.204468131065
0.205444157124
0.206665128469
0.208007156849
0.209595069289
0.211060032248
0.213012084365
0.215088009834
0.217162996531
0.219482913613
0.222045913339
0.224730923772
0.227538853884
0.230590805411
0.233642742038
0.237060695887
0.240478649735
0.244262620807
0.248046576977
0.252075493336
0.25610345602
0.260620355606
0.265014350414
0.269653260708
0.274536192417
0.279175102711
0.282226115465
0.283448010683
0.282837063074
0.280028194189
0.275636076927
0.269163399935
0.260865300894
0.250488519669
0.238524734974
0.224364906549
0.208497032523
0.19055044651
0.170776605606
0.149169936776
0.125611200929
0.100096680224
0.072754919529
0.0434573702514
0.0123288473114
-0.0201426427811
-0.0512693040073
-0.0801999047399
-0.107299529016
-0.132324174047
-0.15527382493
-0.176269546151
-0.195067360997
-0.212158992887
-0.226927906275
-0.239746630192
-0.250732511282
-0.259399414062
-0.26623532176
-0.270996242762
-0.2738032341
-0.274537116289
-0.273193210363
-0.269897282124
-0.264526337385
-0.25756841898
-0.250610500574
-0.244018614292
-0.237914726138
-0.232055768371
-0.22680683434
-0.221800982952
-0.217163920403
-0.213012084365
-0.209351062775
-0.205932170153
-0.202881157398
-0.200439229608
-0.198242247105
-0.196411266923
-0.19506829977
-0.194213345647
-0.193482249975
-0.193481326103
-0.19360332191
-0.194336280227
-0.195312306285
-0.196655273438
-0.198608249426
-0.200927242637
-0.203369170427
-0.206543117762
-0.20996107161
-0.213745042682
-0.218017950654
-0.222655937076
-0.227782860398
-0.233032733202
-0.239013686776
-0.245239108801
-0.251830995083
-0.258911401033
-0.265868842602
-0.271362692118
-0.274658203125
-0.275878697634
-0.275146663189
-0.272338718176
-0.267455816269
-0.260498374701
-0.251464545727
-0.240478649735
-0.227294847369
-0.212158292532
-0.19506829977
-0.175659298897
-0.154418870807
-0.130981430411
-0.10559079051
-0.0781251564622
-0.0485838353634
-0.0169679988176
0.0159912742674
0.0476075783372
0.0771484300494
0.104614064097
0.13024918735
0.153564378619
0.175048828125
0.194458052516
0.211669817567
0.227050840855
0.240234181285
0.251464992762
0.260742366314
0.267700284719
0.27294921875
0.275878697634
0.276977658272
0.276000678539
0.272827208042
0.267822295427
0.26098638773
0.254272460938
0.247680574656
0.241455614567
0.235717728734
0.229979857802
0.224853858352
0.219848930836
0.215210005641
0.210937097669
0.207031130791
0.203247174621
0.199951216578
0.196777269244
0.194214269519
0.191650345922
0.189574420452
0.18786637485
0.186401411891
0.185180440545
0.184326425195
0.183838412166
0.183593466878
0.183715477586
0.18408241868
0.184814438224
0.185913398862
0.187255427241
0.188964411616
0.190918326378
0.193237319589
0.195801243186
0.19885225594
0.202026203275
0.205566167831
0.209473058581
0.213623031974
0.218139946461
0.223021939397
0.227905794978
0.231810837984
0.234740778804
0.236328676343
0.236937761307
0.236328676343
0.234497696161
0.231567755342
0.227415919304
0.222289919853
0.21582095325
0.208251163363
0.199586138129
0.189697355032
0.178709611297
0.166626632214
0.153198838234
0.13879314065
0.123169265687
0.106323502958
0.0887438580394
0.0711679458618
0.0539552383125
0.0373534858227
0.0208746623248
0.00500492705032
-0.0106208017096
-0.0258795898408
-0.0405274294317
-0.0549312643707
-0.0689700245857
-0.0826418325305
-0.0958237722516
-0.108521424234
-0.121094278991
-0.13305619359
-0.144775956869
-0.156005844474
-0.166747704148
-0.177368506789
-0.187376499176
-0.197021275759
-0.206299111247
-0.215210005641
-0.223755821586
-0.231932833791
-0.239502623677
-0.246826544404
-0.253904610872
-0.260254353285
-0.266480237246
-0.272338271141
-0.277588129044
-0.282593071461
-0.287109047174
-0.291259944439
-0.295165926218
-0.298461854458
-0.301513820887
-0.304076820612
-0.306396722794
-0.308105707169
-0.309569746256
-0.310669630766
-0.311278730631
-0.311523675919
-0.311279654503
-0.31091272831
-0.309936702251
-0.308593720198
-0.306884735823
-0.304809749126
-0.302245825529
-0.29943883419
-0.296019941568
-0.292480915785
-0.28833001852
-0.283935546875
-0.279052644968
-0.273803710938
-0.268188297749
-0.262207329273
-0.255980968475
-0.249145537615
-0.24218763411
-0.23474124074
-0.227050840855
-0.218871966004
-0.210327088833
-0.201538190246
-0.192260831594
-0.182738989592
-0.172851830721
-0.162475496531
-0.151855394244
-0.140869289637
-0.129516467452
-0.117797866464
-0.105591021478
-0.0933837071061
-0.0815428718925
-0.070434525609
-0.0600586608052
-0.0501710437238
-0.0411376804113
-0.0325925648212
-0.0249023996294
-0.0177002511919
-0.0113525884226
-0.00549317291006
-0.000366242573364
0.00415043905377
0.00781263224781
0.0109863458201
0.0134275751188
0.0152587881312
0.0163575168699
0.0168457627296
0.0166015233845
0.015625031665
0.0141600603238
0.0119628375396
0.00903336331248
0.00561517616734
0.00122073106468
-0.00354018970393
-0.00915513373911
-0.0153810242191
-0.0222166981548
-0.0296630878001
-0.0380859710276
-0.046874858439
-0.0563967004418
-0.0666503310204
-0.0775146707892
-0.0889892652631
-0.101318344474
-0.114135675132
-0.127441361547
-0.140258803964
-0.152099639177
-0.163330107927
-0.173583969474
-0.183105453849
-0.191772460938
-0.199707046151
-0.206909164786
-0.213012695312
-0.218627929688
-0.223266586661
-0.227172851562
-0.230224654078
-0.232543900609
-0.233886748552
-0.234619125724
-0.234497115016
-0.233398392797
-0.231689527631
-0.229125827551
-0.225708112121
-0.221557676792
-0.216552749276
-0.210815325379
-0.204101666808
-0.196777269244
-0.188476637006
-0.179565265775
-0.169677644968
-0.158935770392
-0.147582963109
-0.135376110673
-0.122192308307
-0.108398489654
-0.0937497168779
-0.0782473906875
-0.0620116442442
-0.0451658815145
-0.0285645928234
-0.0125733194873
0.00280793732964
0.0177002511919
0.0318600796163
0.0457763634622
0.0588381625712
0.0715330243111
0.083496324718
0.0950926840305
0.10595703125
0.116332896054
0.126220747828
0.135498121381
0.14416500926
0.152343645692
0.160034269094
0.1669921875
0.17333984375
0.179443269968
0.184692427516
0.189575120807
0.193725571036
0.197509765625
0.200561702251
0.203124940395
0.205078035593
0.206665128469
0.207519501448
0.207763627172
0.207641616464
0.206787124276
0.205444335938
0.203613266349
0.201049819589
0.198120117188
0.194702148438
0.191284194589
0.188476577401
0.185790985823
0.18347170949
0.18139642477
0.1796875
0.17822265625
0.177246153355
0.176391556859
0.175903424621
0.175781071186
0.175781309605
0.176391556859
0.177002042532
0.178222775459
0.179565265775
0.18115247786
0.183227464557
0.185546919703
0.188110381365
0.191039860249
0.194335818291
0.197754234076
0.20178219676
0.205810636282
0.210327088833
0.215087547898
0.220214933157
0.225585877895
0.231323286891
0.237426713109
0.24365259707
0.250244021416
0.257324427366
0.264526337385
0.272094726562
0.279907137156
0.288208007812
0.296264886856
0.302855849266
0.307495683432
0.310180693865
0.31091272831
0.309692680836
0.306640744209
0.301513820887
0.294432967901
0.285645008087
0.274658203125
0.261962413788
0.247070550919
0.230468794703
0.211792051792
0.191284328699
0.168822690845
0.144287005067
0.117920331657
0.0895997434855
0.0593261756003
0.0272216256708
-0.00695791048929
-0.0430913604796
-0.0800779014826
-0.114501446486
-0.145263969898
-0.172363579273
-0.195922315121
-0.215698957443
-0.231932833791
-0.244629561901
-0.253661513329
-0.258911401033
-0.260742366314
-0.258788466454
-0.253296434879
-0.244262620807
-0.231322824955
-0.215088009834
-0.194946289062
-0.171386629343
-0.144042998552
-0.113159410655
-0.0795898884535
-0.0473633371294
-0.0172117725015
0.0104978671297
0.0361325219274
0.0595701821148
0.0806888490915
0.0996095985174
0.11621042341
0.130738124251
0.142944037914
0.15283189714
0.160644754767
0.166259691119
0.169433638453
0.17053167522
0.169311642647
0.166015684605
0.160278737545
0.152465879917
0.1427000314
0.132446169853
0.121826298535
0.111205495894
0.100220546126
0.0891107991338
0.0777589157224
0.0661620870233
0.0545652545989
0.0424804128706
0.0303955730051
0.0179447233677
0.00537093682215
-0.00744685484096
-0.0203857179731
-0.0335685908794
-0.0469973273575
-0.0606691427529
-0.0744629651308
-0.0885007828474
-0.102661542594
-0.117187380791
-0.131835222244
-0.146728932858
-0.161742776632
-0.176636487246
-0.190185368061
-0.20178219676
-0.211548045278
-0.219481989741
-0.225585877895
-0.229858785868
-0.232299774885
-0.232909798622
-0.231811761856
-0.228637814522
-0.22387689352
-0.217162996531
-0.208496108651
-0.198242247105
-0.186034932733
-0.171997115016
-0.156127840281
-0.138427585363
-0.118896827102
-0.097900159657
-0.0771484300494
-0.0568847134709
-0.0372314825654
-0.018066726625
0.000488478690386
0.0185547396541
0.0360105186701
0.0528567433357
0.069335564971
0.0849612951279
0.100341618061
0.114990390837
0.129028216004
0.1427000314
0.155639827251
0.168090671301
0.180053979158
0.191406339407
0.202148213983
0.212402075529
0.222045913339
0.23120175302
0.239623695612
0.247802570462
0.255127429962
0.262084394693
0.268433243036
0.274169236422
0.279419124126
0.28405803442
0.288208007812
0.291747957468
0.294677913189
0.297240912914
0.298949867487
0.300415784121
0.301146864891
0.301391810179
0.301024854183
0.300048828125
0.298706799746
0.296630889177
0.29406696558
0.290893942118
0.286865025759
0.281861037016
0.275999307632
0.269165247679
0.261476248503
0.252807497978
0.243162721395
0.232787787914
0.221313893795
0.209106117487
0.195680171251
0.181639552116
0.166503697634
0.150512903929
0.133546069264
0.115722410381
0.0970456674695
0.0772699713707
0.0566411726177
0.0357665121555
0.0167228281498
0.000244006499997
-0.013671814464
-0.0250246357173
-0.033812597394
-0.0401604883373
-0.0439453832805
-0.0451672784984
-0.0438224487007
-0.0399164818227
-0.0335704535246
-0.0246576946229
-0.0130608668551
0.00085309142014
0.0173337757587
0.0365003943443
0.058105211705
0.0822748914361
0.109009437263
0.137329101562
0.163817763329
0.187499433756
0.208497032523
0.226562827826
0.242065623403
0.254638493061
0.264525413513
0.271607190371
0.276001155376
0.277465194464
0.276368111372
0.272337347269
0.265503287315
0.256104379892
0.243773669004
0.228760749102
0.210814163089
0.190429374576
0.166870638728
0.140869989991
0.111937515438
0.0803228393197
0.0458974353969
0.00952184200287
-0.0255126487464
-0.0584702901542
-0.0891126617789
-0.117674462497
-0.144043937325
-0.168213605881
-0.190306439996
-0.210205078125
-0.227905794978
-0.243408590555
-0.256957471371
-0.268066287041
-0.27722120285
-0.284058958292
-0.288818031549
-0.291381031275
-0.291870892048
-0.290160983801
-0.286132097244
-0.280518084764
-0.274535268545
-0.26880016923
-0.263061374426
-0.257689505816
-0.252319484949
-0.246949478984
-0.242063760757
-0.237060695887
-0.23217870295
-0.227661788464
-0.223021939397
-0.218749031425
-0.214477986097
-0.21044908464
-0.206543117762
-0.202637150884
-0.19897519052
-0.195555374026
-0.192139282823
-0.188964411616
-0.185791388154
-0.182983458042
-0.180053517222
-0.177490517497
-0.174926578999
-0.172485589981
-0.170409664512
-0.168212682009
-0.166259691119
-0.164428710938
-0.16284173727
-0.161255702376
-0.160033807158
-0.158568829298
-0.15759280324
-0.156738787889
-0.155761837959
-0.15515089035
-0.154663801193
-0.154051929712
-0.152221873403
-0.148925930262
-0.144531011581
-0.138428062201
-0.131103202701
-0.122314311564
-0.112183384597
-0.100585624576
-0.0876467600465
-0.0732420012355
-0.0574951954186
-0.0404054261744
-0.0217277538031
-0.00183098006528
0.0195307657123
0.0423584096134
0.0665280967951
0.0919196680188
0.119018360972
0.147338956594
0.176147550344
0.202148213983
0.223998904228
0.242065623403
0.256347447634
0.266479313374
0.27294921875
0.275513142347
0.274047255516
0.268799245358
0.259643405676
0.246581614017
0.229614779353
0.208740115166
0.18408241868
0.155394896865
0.122925259173
0.0864257961512
0.046142373234
0.00195298332255
-0.0446774028242
-0.0883787795901
-0.127319246531
-0.161743715405
-0.191772341728
-0.217162996531
-0.238037660718
-0.254394471645
-0.26623532176
-0.273437231779
-0.276123166084
-0.274414181709
-0.268066287041
-0.257201492786
-0.241821616888
-0.221923917532
-0.197387292981
-0.168335616589
-0.134765163064
-0.096801660955
-0.0552982054651
-0.0147707751021
0.0234376620501
0.0594481788576
0.0932617038488
0.124878242612
0.154418870807
0.18164049089
0.206787124276
0.229614779353
0.250365585089
0.268799245358
0.285156071186
0.299193888903
0.311157643795
0.320800572634
0.328369408846
0.333740353584
0.336914300919
0.337890326977
0.336547374725
0.333129405975
0.327637404203
0.319702535868
0.309692680836
0.297484904528
0.283569097519
0.270020216703
0.257201492786
0.245239570737
0.234007820487
0.223632887006
0.213989973068
0.205200150609
0.197265282273
0.190064296126
0.183593466878
0.177977591753
0.173218533397
0.169189631939
0.166015684605
0.163573756814
0.161986783147
0.161133691669
0.161131829023
0.161988645792
0.163450822234
0.165406599641
0.167602658272
0.170165657997
0.173095598817
0.176269546151
0.1796875
0.183716401458
0.18774344027
0.192260354757
0.197144210339
0.202147275209
0.20776501298
0.213379025459
0.219603985548
0.225951880217
0.232787787914
0.239746630192
0.247191622853
0.254882484674
0.262573361397
0.268433243036
0.272339195013
0.274047255516
0.2738032341
0.271363168955
0.266846269369
0.260375440121
0.251587480307
0.240843728185
0.228026866913
0.213135018945
0.196045249701
0.177001565695
0.155761837959
0.132447108626
0.107176594436
0.0795908197761
0.0501703433692
0.0184327363968
-0.0145267685875
-0.0462643764913
-0.0759270042181
-0.103637568653
-0.129150226712
-0.152710825205
-0.17431563139
-0.19372625649
-0.211304038763
-0.22680683434
-0.240232780576
-0.251587480307
-0.26098638773
-0.268310308456
-0.273559242487
-0.276979058981
-0.278197228909
-0.27734413743
-0.274658203125
-0.269776195288
-0.263305366039
-0.256834536791
-0.250611454248
-0.244751557708
-0.239256754518
-0.234009683132
-0.229246899486
-0.224731847644
-0.220458939672
-0.216674044728
-0.213257953525
-0.20996107161
-0.207275137305
-0.204589203
-0.202516078949
-0.200683236122
-0.19921733439
-0.198120236397
-0.197144210339
-0.196777269244
-0.19653326273
-0.196777269244
-0.197265282273
-0.198120236397
-0.198731184006
-0.199463203549
-0.200072288513
-0.200562164187
-0.200927242637
-0.201294183731
-0.201415255666
-0.201538190246
-0.201538190246
-0.201538190246
-0.201294183731
-0.201050177217
-0.200806170702
-0.200195223093
-0.199705347419
-0.1990981251
-0.198485314846
-0.197509288788
-0.196656197309
-0.195678308606
-0.194946289062
-0.194336280227
-0.193969339132
-0.19372625649
-0.193847328424
-0.193970263004
-0.194579347968
-0.195190295577
-0.195923253894
-0.197143286467
-0.198364242911
-0.199951216578
-0.201538190246
-0.203491181135
-0.205688163638
-0.207886084914
-0.21044908464
-0.213135018945
-0.216186970472
-0.219237983227
-0.221801906824
-0.224242910743
-0.226073890924
-0.227416858077
-0.228393808007
-0.229003831744
-0.229125827551
-0.228881821036
-0.228027805686
-0.226928845048
-0.225219860673
-0.223265945911
-0.220703884959
-0.217895016074
-0.214477986097
-0.210693091154
-0.206543117762
-0.201904207468
-0.196777269244
-0.191283866763
-0.185302913189
-0.17895501852
-0.172119110823
-0.164917200804
-0.157226338983
-0.149169936776
-0.140625044703
-0.131591677666
-0.122192777693
-0.112426459789
-0.102783083916
-0.0933841764927
-0.0838623344898
-0.0748289749026
-0.0657956078649
-0.0568851791322
-0.0483398288488
-0.0397944785655
-0.0313725322485
-0.0233151931316
-0.0153807913885
-0.00744638917968
0.000244006499997
0.00769039569423
0.0150147816166
0.0220946948975
0.029175074771
0.0360105186701
0.0426024161279
0.049194317311
0.0554202087224
0.0615231655538
0.0676270574331
0.0733644664288
0.0789794102311
0.0845948159695
0.08984375
0.0949706807733
0.099853605032
0.104858070612
0.109374985099
0.113769426942
0.118286341429
0.122314311564
0.126220747828
0.130127176642
0.133666664362
0.137207090855
0.140503048897
0.143554523587
0.146606460214
0.149414405227
0.151976943016
0.154541805387
0.156737864017
0.158813774586
0.160888761282
0.162597730756
0.164306715131
0.16564874351
0.167114645243
0.168090671301
0.169067636132
0.169799655676
0.17053167522
0.170898616314
0.171142622828
0.171386629343
0.171264618635
0.171020612121
0.170654609799
0.17004366219
0.169311642647
0.168456688523
0.167480662465
0.166137695312
0.16479472816
0.163208678365
0.161498770118
0.159545794129
0.15759280324
0.15527382493
0.15283189714
0.150389969349
0.147460952401
0.144775956869
0.141479074955
0.138428062201
0.134888097644
0.131347209215
0.127685248852
0.123657278717
0.119629308581
0.115356400609
0.111083492637
0.106323502958
0.101684585214
0.0966796576977
0.0915527269244
0.0864257961512
0.0809328556061
0.0750729814172
0.0687260180712
0.0618891753256
0.054810192436
0.0472404025495
0.0390624627471
0.0305175762624
0.0216066818684
0.0123288473114
0.00231992453337
-0.00793486833572
-0.0185547396541
-0.0299066286534
-0.0413823835552
-0.0534662939608
-0.0659180805087
-0.0789798721671
-0.0922847464681
-0.106079496443
-0.12011732161
-0.133667141199
-0.146117985249
-0.157958820462
-0.168823629618
-0.178954556584
-0.188110381365
-0.19653326273
-0.204223200679
-0.210816025734
-0.216796979308
-0.221801906824
-0.225951880217
-0.229491844773
-0.231933772564
-0.233642742038
-0.234618768096
-0.234497696161
-0.233763813972
-0.232177779078
-0.229858785868
-0.227538853884
-0.225463867188
-0.223632887006
-0.221923917532
-0.220458939672
-0.219237983227
-0.218139946461
-0.217407003045
-0.216674983501
-0.216186970472
-0.215942025185
-0.215942025185
-0.216064959764
-0.216430515051
-0.216918990016
-0.217773482203
-0.218749970198
-0.219970464706
-0.221191436052
-0.222900405526
-0.224609389901
-0.226684838533
-0.22875982523
-0.231200814247
-0.233764752746
-0.236572220922
-0.239380151033
-0.241332679987
-0.242309629917
-0.24218763411
-0.241210907698
-0.239013686776
-0.235839739442
-0.231811538339
-0.226562604308
-0.220458939672
-0.213256791234
-0.204956144094
-0.19580078125
-0.185546800494
-0.174194335938
-0.161865249276
-0.148559570312
-0.134277388453
-0.118896476924
-0.102539077401
-0.0853271335363
-0.0683593675494
-0.0516357794404
-0.0354003831744
-0.0195312313735
-0.00402831938118
0.01123046875
0.0258788913488
0.0402831919491
0.054321307689
0.0679931789637
0.0811766907573
0.0939941927791
0.106567397714
0.118774354458
0.130493193865
0.141723662615
0.152832001448
0.163452103734
0.173706203699
0.183593705297
0.192993074656
0.2021484375
0.210937574506
0.219238206744
0.227172851562
0.234863251448
0.242065399885
0.2489015311
0.255370974541
0.261474847794
0.267211794853
0.272460728884
0.277588129044
0.282104581594
0.286254554987
0.290161460638
0.293578952551
0.296752899885
0.299438357353
0.301635801792
0.303710788488
0.305297762156
0.306518733501
0.307250767946
0.307739704847
0.307738780975
0.307495683432
0.306884735823
0.305663794279
0.304321736097
0.302489846945
0.300414860249
0.297729849815
0.294799894094
0.291381955147
0.287841051817
0.283692032099
0.279174178839
0.274536192417
0.269165247679
0.263672322035
0.257690429688
0.251342535019
0.244628623128
0.237426713109
0.230102792382
0.222289919853
0.213989049196
0.205445095897
0.196411266923
0.187132492661
0.177368506789
0.167237579823
0.156737864017
0.145995989442
0.134643167257
0.123046331108
0.111084423959
0.0987555757165
0.0860597863793
0.0728759914637
0.0593252442777
0.0455323569477
0.031249595806
0.0166017562151
0.00170990813058
-0.0137947490439
-0.0294186156243
-0.0456552915275
-0.0621322505176
-0.0789798721671
-0.0963136479259
-0.113647423685
-0.13037212193
-0.145873054862
-0.16039980948
-0.17395055294
-0.186523407698
-0.197999164462
-0.208374097943
-0.217773005366
-0.226317897439
-0.233642742038
-0.239867702127
-0.245361581445
-0.249633550644
-0.252807497978
-0.255127429962
-0.256347447634
-0.256469458342
-0.255615442991
-0.253906458616
-0.25085452199
-0.247070550919
-0.242065623403
-0.236327752471
-0.230712801218
-0.225341871381
-0.220214933157
-0.215576022863
-0.211059108377
-0.206910058856
-0.203124240041
-0.199707210064
-0.196411266923
-0.193481326103
-0.190918326378
-0.188598394394
-0.186523407698
-0.184936434031
-0.183593466878
-0.182495445013
-0.181762486696
-0.18115247786
-0.18115247786
-0.18115247786
-0.181396484375
-0.181396484375
-0.181396484375
-0.181518480182
-0.181396484375
-0.181396484375
-0.181274473667
-0.181152015924
-0.180908471346
-0.180785998702
-0.180541992188
-0.180297985673
-0.179931506515
-0.179565504193
-0.179199025035
-0.178833022714
-0.178345009685
-0.177978530526
-0.177246049047
-0.176880031824
-0.176147088408
-0.17553730309
-0.174926817417
-0.174194335938
-0.173583850265
-0.17260736227
-0.171875104308
-0.171142622828
-0.170165896416
-0.169311642647
-0.168212920427
-0.16735842824
-0.166381701827
-0.165283203125
-0.164062470198
-0.163085982203
-0.161865249276
-0.160766646266
-0.159423783422
-0.158203125
-0.15686032176
-0.155517593026
-0.154174804688
-0.15283203125
-0.151245117188
-0.14990234375
-0.148315429688
-0.146728530526
-0.145263642073
-0.143554702401
-0.141845718026
-0.140258803964
-0.138427704573
-0.136718735099
-0.134887754917
-0.133178651333
-0.131103560328
-0.129394575953
-0.127319246531
-0.12536637485
-0.123413041234
-0.12133782357
-0.119262598455
-0.117065615952
-0.114990159869
-0.112792938948
-0.110473714769
-0.108276255429
-0.106079265475
-0.103637568653
-0.101318344474
-0.0988768860698
-0.0964356511831
-0.0939941927791
-0.0914304926991
-0.0888672620058
-0.0864257961512
-0.0836180970073
-0.0810548588634
-0.0784909278154
-0.0755619257689
-0.0729979947209
-0.0700680539012
-0.0672610476613
-0.0644531100988
-0.0614011622965
-0.0585936903954
-0.0556642152369
-0.0526122711599
-0.0495603270829
-0.0463868454099
-0.0434569045901
-0.0401614196599
-0.0369870103896
-0.0338135287166
-0.0306400451809
-0.0272216256708
-0.0239256750792
-0.0206297244877
-0.0170897692442
-0.0137942833826
-0.0102538606152
-0.00683590723202
-0.00329595035873
0.000244472175837
0.00353995687328
0.00707991374657
0.0104978671297
0.0137942833826
0.0172117725015
0.0206297244877
0.023803671822
0.0272220913321
0.0305175762624
0.033691059798
0.0371094793081
0.0401614196599
0.0434569045901
0.0467528551817
0.0498047992587
0.0529782809317
0.056152228266
0.059204172343
0.0623781196773
0.065429598093
0.06848154217
0.0715330243111
0.0745849683881
0.0775149092078
0.0805663838983
0.08349609375
0.0864255651832
0.0893555060029
0.0922852158546
0.0952149257064
0.0980223938823
0.100830100477
0.103759810328
0.106567278504
0.109252981842
0.112060450017
0.114868156612
0.117553859949
0.120361328125
0.122924797237
0.125610262156
0.128295958042
0.130981430411
0.133544892073
0.136230483651
0.138671830297
0.141357406974
0.143798872828
0.14636233449
0.148803681135
0.151367157698
0.153808608651
0.156250014901
0.158691391349
0.161010742188
0.16357421875
0.165771484375
0.168212905526
0.170410141349
0.172851592302
0.175048828125
0.177368164062
0.1796875
0.181884735823
0.184082061052
0.186157166958
0.188476637006
0.190551623702
0.192749068141
0.194824293256
0.196899503469
0.199096500874
0.201049953699
0.203124940395
0.205078154802
0.207153365016
0.209106355906
0.211059331894
0.213013023138
0.21496553719
0.216796979308
0.218749970198
0.220580950379
0.222412392497
0.224242910743
0.22607435286
0.227905333042
0.229614317417
0.231323286891
0.233154267073
0.23474124074
0.236572220922
0.238159194589
0.239746168256
0.241577148438
0.243041649461
0.244629561901
0.246215596795
0.247802570462
0.249389544129
0.25085452199
0.252319484949
0.253906458616
0.255248486996
0.256836414337
0.258056432009
0.259643405676
0.260864377022
0.262329339981
0.263671368361
0.265015274286
0.26623532176
0.26757735014
0.268921256065
0.270019263029
0.271362245083
0.272461205721
0.273804157972
0.274902194738
0.276001155376
0.27722120285
0.278198152781
0.279419124126
0.280395150185
0.281617045403
0.282470136881
0.283569097519
0.284546971321
0.285521149635
0.286499023438
0.287476927042
0.28833001852
0.289306044579
0.290160983801
0.291015952826
0.291870892048
0.292601048946
0.293457865715
0.294310957193
0.295044839382
0.295774996281
0.296508878469
0.297119826078
0.297972917557
0.298583865166
0.299194812775
0.299805760384
0.300535917282
0.301025807858
0.30163487792
0.302124768496
0.302733838558
0.303223729134
0.303709864616
0.304199755192
0.304687768221
0.30517578125
0.305419772863
0.305907785892
0.306397676468
0.306639820337
0.307006746531
0.307250767946
0.307617694139
0.307982772589
0.308228641748
0.308349728584
0.308714807034
0.308837741613
0.308960676193
0.309325754642
0.309325754642
0.309448689222
0.309569746256
0.309692680836
0.309815615416
0.309815615416
0.309813767672
0.309936702251
0.309813767672
0.309813767672
0.309813767672
0.309813767672
0.309571623802
0.309571623802
0.309448689222
0.309325754642
0.309079885483
0.308960676193
0.308714807034
0.308595597744
0.308226794004
0.308107584715
0.307738780975
0.307492911816
0.307131558657
0.306762754917
0.306516885757
0.306151807308
0.305663794279
0.30529871583
0.30492991209
0.304322689772
0.303953886032
0.303469598293
0.302977859974
0.302489846945
0.301878899336
0.301271677017
0.300779938698
0.300172716379
0.2994351089
0.298950821161
0.298220664263
0.297483056784
0.296875834465
0.296141952276
0.295411795378
0.294554978609
0.29382109642
0.293090939522
0.292237848043
0.291381031275
0.290527939796
0.289674848318
0.288818031549
0.287842005491
0.286985188723
0.286012887955
0.285033136606
0.284057110548
0.28295814991
0.281982123852
0.281006097794
0.279784202576
0.278811901808
0.277832150459
0.276610255241
0.275388360023
0.274170190096
0.273194164038
0.27173012495
0.270750373602
0.269532203674
0.268064439297
0.266846269369
0.265624374151
0.264406204224
0.262938439846
0.261474400759
0.260256230831
0.258788466454
0.257566571236
0.255860388279
0.254638493061
0.252928584814
0.251710414886
0.250000506639
0.248536452651
0.247068688273
0.245362505317
0.243894740939
0.242188557982
0.240478649735
0.239014610648
0.237304702401
0.235594794154
0.233884885907
0.23217870295
0.230468794703
0.228758886456
0.22680683434
0.225096926093
0.223390743136
0.22143496573
0.219482913613
0.217773005366
0.21582095325
0.214111045003
0.211913123727
0.20996107161
0.208009019494
0.206053242087
0.204101189971
0.202149137855
0.199951216578
0.197999164462
0.195801243186
0.19360332191
0.191647544503
0.189453348517
0.187255427241
0.185057505965
0.18286703527
0.180661663413
0.178463742137
0.176273271441
0.173829481006
0.17163155973
0.169187769294
0.166989848018
0.164553508162
0.162109717727
0.159911796451
0.157468006015
0.154785811901
0.152587890625
0.14990568161
0.147700309753
0.145018100739
0.142335891724
0.140137970448
0.137209892273
0.134766101837
0.132322311401
0.129394233227
0.126950442791
0.124268226326
0.121586017311
0.118896357715
0.11596082896
0.113531939685
0.11058896035
0.107914201915
0.10497867316
0.102296464145
0.09936093539
0.096440307796
0.0937506482005
0.0905767008662
0.0878870412707
0.0849589630961
0.0817924663424
0.079102806747
0.0759214162827
0.0730007886887
0.0698268413544
0.0668913125992
0.0637248158455
0.060789283365
0.0576153360307
0.0544413886964
0.0512748919427
0.0483393631876
0.0449195466936
0.0417455993593
0.0385791063309
0.0351518392563
0.0322312116623
0.0285580735654
0.0256374459714
0.0219717603177
0.018797814846
0.0153854480013
0.0122040500864
0.00854581594467
0.00537186814472
0.00170618284028
-0.00170618284028
-0.00512599898502
-0.00854581594467
-0.012211500667
-0.0156238665804
-0.0192821025848
-0.0227093677968
-0.0263676028699
-0.030025837943
-0.0332072377205
-0.0368654727936
-0.0402778349817
-0.0437051020563
-0.04687159881
-0.0505372844636
-0.0537112317979
-0.0571310482919
-0.0603049956262
-0.0634714961052
-0.0666528940201
-0.0700652599335
-0.0732466578484
-0.0761672854424
-0.0793486759067
-0.0825226232409
-0.0856891199946
-0.0883787795901
-0.0917985960841
-0.094480805099
-0.0974163338542
-0.100582830608
-0.103272490203
-0.106200568378
-0.109128646553
-0.111818306148
-0.114746384323
-0.117428593338
-0.120118252933
-0.122800461948
-0.125735998154
-0.128172338009
-0.130861997604
-0.13329833746
-0.136233866215
-0.13842433691
-0.141113996506
-0.143557786942
-0.146239995956
-0.148437917233
-0.150874257088
-0.153325498104
-0.1555159688
-0.157959744334
-0.160396084189
-0.162355586886
-0.164553508162
-0.166743978858
-0.168949350715
-0.17089395225
-0.172853454947
-0.174805507064
-0.17675755918
-0.178709611297
-0.180423244834
-0.18237157166
-0.184081479907
-0.185545518994
-0.187501296401
-0.188965335488
-0.190671518445
-0.192385151982
-0.19360332191
-0.195067360997
-0.196531400084
-0.197999164462
-0.19922105968
-0.200681373477
-0.201661124825
-0.203125163913
-0.204101189971
-0.205323085189
-0.206299111247
-0.207517281175
-0.208497032523
-0.209227189422
-0.21044908464
-0.210937097669
-0.212158992887
-0.212647005916
-0.213623031974
-0.214111045003
-0.214844927192
-0.21557508409
-0.21582095325
-0.216796979308
-0.217039123178
-0.217530861497
-0.217773005366
-0.218261018395
-0.218752756715
-0.218749031425
-0.219237044454
-0.219240769744
-0.219479188323
-0.219482913613
-0.219728782773
-0.219725057483
-0.219482913613
-0.219725057483
-0.219482913613
-0.219240769744
-0.219237044454
-0.218749031425
-0.218749031425
-0.218264743686
-0.218015149236
-0.217530861497
-0.217284992337
-0.216551110148
-0.216308966279
-0.21557508409
-0.214844927192
-0.214356914163
-0.213623031974
-0.212889149785
-0.212158992887
-0.211425110698
-0.21044908464
-0.209473058581
-0.208497032523
-0.207763150334
-0.206787124276
-0.205811098218
-0.204831346869
-0.203981980681
-0.203002229333
-0.202149137855
-0.201292321086
-0.200320020318
-0.199459478259
-0.198610112071
-0.197753295302
-0.196777269244
-0.195924177766
-0.195190295577
-0.194214269519
-0.19335745275
-0.192627295852
-0.191651269794
-0.190794453025
-0.189453348517
-0.187624230981
-0.185299649835
-0.18261744082
-0.179201349616
-0.175412729383
-0.1711435467
-0.166259691119
-0.161010757089
-0.15527382493
-0.149048864841
-0.142212957144
-0.135008245707
-0.127196311951
-0.118896357715
-0.110231332481
-0.101074568927
-0.0911839231849
-0.0810548588634
-0.070434063673
-0.059939917177
-0.0495575331151
-0.0394284687936
-0.0295415502042
-0.0198967736214
-0.0102557232603
-0.000976025999989
0.00805780291557
0.0169649720192
0.0257566552609
0.0343024730682
0.0424794815481
0.0506602190435
0.0585950873792
0.0662840902805
0.0737309455872
0.0810548588634
0.0882558450103
0.0949688181281
0.101808451116
0.108275555074
0.114623449743
0.120606265962
0.126589089632
0.132322311401
0.137694180012
0.143066048622
0.148072838783
0.153075903654
0.157713875175
0.162232652307
0.166382625699
0.170651808381
0.174440428615
0.178098663688
0.181641414762
0.184938296676
0.18798930943
0.190794453025
0.19360332191
0.196043387055
0.198245033622
0.200439229608
0.202145412564
0.203981980681
0.205323085189
0.206664189696
0.207763150334
0.208616241813
0.209230914712
0.209715202451
0.21008400619
0.20996107161
0.20996107161
0.209715202451
0.208985045552
0.208251163363
0.207275137305
0.206299111247
0.20483507216
0.203371033072
0.201657399535
0.199709072709
0.197507426143
0.195071086287
0.192627295852
0.189941361547
0.186767414212
0.183835610747
0.180419519544
0.17675755918
0.173095598817
0.169191494584
0.165283665061
0.161375835538
0.157471731305
0.153563916683
0.14990195632
0.146239995956
0.142335891724
0.13891607523
0.135008245707
0.131346285343
0.127930194139
0.124514095485
0.120848409832
0.117186449468
0.114012502134
0.11059641093
0.107180319726
0.103756777942
0.100586555898
0.0971704646945
0.0939927920699
0.0908188447356
0.0876486226916
0.084470950067
0.0813007280231
0.0783689320087
0.0751949846745
0.0722631812096
0.0693388283253
0.0664032995701
0.0637210905552
0.0605471394956
0.0578612051904
0.0549331270158
0.05248933658
0.0495612584054
0.0468753241003
0.0441893897951
0.0415034554899
0.0390633940697
0.0363774597645
0.0339336693287
0.0314936041832
0.0290535371751
0.0266134720296
0.0244118254632
0.0217296164483
0.0195316970348
0.0173337757587
0.0151358535513
0.0129379322752
0.0104978671297
0.00854581594467
0.00659376336262
0.00439211726189
0.00219792127609
0.000488012999995
-0.00170990813058
-0.00366196013056
-0.00536814285442
-0.00732392026111
-0.00927969813347
-0.0109858801588
-0.0126957884058
-0.0144019713625
-0.0161156058311
-0.0178217887878
-0.0192858278751
-0.0209957342595
-0.0227056425065
-0.0239275377244
-0.0256337206811
-0.0271014850587
-0.0283196549863
-0.0300295632333
-0.0310055892915
-0.0324696302414
-0.033937394619
-0.0349096953869
-0.0363774597645
-0.0373534858227
-0.0385753810406
-0.0395514033735
-0.0407695733011
-0.0417493246496
-0.0427253507078
-0.0439435206354
-0.0446774028242
-0.045411285013
-0.0466294549406
-0.04712119326
-0.0480934940279
-0.0490732453763
-0.0495612584054
-0.0502914153039
-0.0510252974927
-0.0515133105218
-0.0522471927106
-0.0527352057397
-0.0532232187688
-0.0537112317979
-0.054199244827
-0.0546872578561
-0.0549294017255
-0.0554211400449
-0.0556632839143
-0.0561512969434
-0.0561550222337
-0.0563934408128
-0.0566430352628
-0.0568851791322
-0.0568851791322
-0.0571273230016
-0.0568851791322
-0.0571273230016
-0.0568851791322
-0.0571310482919
-0.0568851791322
-0.0566393099725
-0.0566393099725
-0.0563971661031
-0.0561512969434
-0.055909153074
-0.0556632839143
-0.0551752708852
-0.0549331270158
-0.0544451139867
-0.054199244827
-0.0534653626382
-0.0532232187688
-0.05248933658
-0.0520013235509
-0.0512711666524
-0.050779428333
-0.0500492714345
-0.0493153892457
-0.0488311015069
-0.0478513501585
-0.0468753241003
-0.0461414419115
-0.045411285013
-0.0444315336645
-0.0434592328966
-0.0422336123884
-0.0415034554899
-0.0405274294317
-0.0390633940697
-0.0383295118809
-0.0368654727936
-0.0358894467354
-0.0346675515175
-0.0334493815899
-0.0319816172123
-0.0307597201318
-0.0292994063348
-0.0280737858266
-0.0263676028699
-0.025145707652
-0.0236816685647
-0.021975485608
-0.0205077212304
-0.018797814846
-0.0173337757587
-0.0156238665804
-0.013671814464
-0.0122077753767
-0.0104978671297
-0.00854581594467
-0.00659003807232
-0.00488385558128
-0.00292807794176
-0.000979751348495
-0.000979751348495
