0.000168473256053
0.00017395078612
0.000178692760528
0.000182620933629
0.000185672703083
0.000187738522072
0.000188787074876
0.000188740130397
0.000187566372915
0.000185218857951
0.000181650626473
0.000176861707587
0.000170836414327
0.000163543474628
0.000155014175107
0.000145258221892
0.000134302594233
0.000122173209093
0.000108901433123
9.45654755924e-05
7.92122809798e-05
6.28888228675e-05
4.56890193163e-05
2.76597893389e-05
8.91070612852e-06
-1.04956361611e-05
-3.04599361698e-05
-5.08992125106e-05
-7.1698341344e-05
-9.27947257878e-05
-0.000114063142973
-0.000135425376357
-0.000156771828188
-0.000178008689545
-0.000199067493668
-0.000219803085201
-0.000240162931732
-0.000260037515545
-0.000279348430922
-0.000298017752357
-0.000315958925057
-0.000333093776135
-0.000349336361978
-0.000364639912732
-0.000378941709641
-0.000392168352846
-0.000404278282076
-0.000415214453824
-0.000424945406849
-0.000433440029155
-0.000440668431111
-0.000446626916528
-0.000451286556199
-0.000454662920674
-0.000456754787592
-0.000457595393527
-0.000457215355709
-0.000455630652141
-0.000452934997156
-0.000449171173386
-0.000444425473688
-0.000438788119936
-0.000432347762398
-0.000425255740993
-0.000417632225435
-0.000409586820751
-0.000401301484089
-0.000392960297177
-0.000384714017855
-0.000376760406652
-0.000369283312466
-0.000362511549611
-0.00035663304152
-0.000351863069227
-0.00034842902096
-0.000346545682987
-0.000346430693753
-0.000348275440047
-0.000352296628989
-0.000358652963769
-0.000367544853361
-0.000379129312932
-0.000393537804484
-0.000410852720961
-0.000431173102697
-0.000454587250715
-0.000481043331092
-0.000510533107445
-0.000542999245226
-0.00057835894404
-0.000616425997578
-0.000656962860376
-0.000699751079082
-0.000744543795008
-0.000790877675172
-0.000838386302348
-0.000886573747266
-0.000934975221753
-0.000983046018519
-0.00103008758742
-0.00107551342808
-0.00111862691119
-0.00115871091839
-0.00119498197455
-0.00122665893286
-0.00125298160128
-0.00127313483972
-0.00128631375264
-0.00129171775188
-0.00128854275681
-0.00127606769092
-0.00125358416699
-0.00122036295943
-0.00117577624042
-0.00111925392412
-0.00105040892959
-0.000968676991761
-0.000873792043421
-0.000765464676078
-0.000643765786663
-0.000508486526087
-0.000359774014214
-0.000197805304197
-2.31558824453e-05
0.000163899807376
0.000362696941011
0.000572539109271
0.000792291655671
0.00102117168717
0.00125796184875
0.0015014638193
0.00175000121817
0.00200237310492
0.00225688843057
0.00251166895032
0.00276510813273
0.00301511934958
0.00326005462557
0.00349769834429
0.00372623023577
0.00394342700019
0.0041474592872
0.00433627003804
0.00450785132125
0.00466040195897
0.0047919107601
0.00490085268393
0.00498557044193
0.00504453200847
0.00507627334446
0.00507977511734
0.005054065492
0.0049983151257
0.00491162622347
0.00479387678206
0.00464510545135
0.00446506403387
0.00425409246236
0.00401273882017
0.00374207482673
0.00344318361022
0.00311687448993
0.00276509136893
0.00238996790722
0.00199304427952
0.0015765974531
0.00114350183867
0.000696093309671
0.00023762161436
-0.000229510405916
-0.000701815704815
-0.00117570464499
-0.00164834794123
-0.0021160885226
-0.00257528526708
-0.00302284932695
-0.00345507543534
-0.00386853492819
-0.00425979588181
-0.00462606595829
-0.00496395444497
-0.00527030834928
-0.00554289575666
-0.0057791559957
-0.00597663922235
-0.00613333238289
-0.00624774303287
-0.00631867814809
-0.00634493678808
-0.00632559321821
-0.0062606651336
-0.00615046545863
-0.00599512038752
-0.00579521246254
-0.00555230444297
-0.00526831205934
-0.00494470959529
-0.0045836661011
-0.00418812735006
-0.00376149406657
-0.00330645311624
-0.00282657309435
-0.0023258686997
-0.00180876732338
-0.00127892440651
-0.000740834046155
-0.000199113128474
0.00034161817166
0.000876435427926
0.001401233254
0.00191124621779
0.0024019763805
0.00286868726835
0.00330749084242
0.00371436052956
0.00408559758216
0.00441748835146
0.00470648566261
0.00495034828782
0.00514656677842
0.00529285473749
0.00538718840107
0.00542874913663
0.00541700981557
0.00535136042163
0.00523157883435
0.00505875097588
0.00483422074467
0.00455930549651
0.00423589069396
0.00386649975553
0.00345443398692
0.00300282752141
0.00251508876681
0.00199556420557
0.00144910265226
0.000879695347976
0.000292344018817
-0.000307696202071
-0.000915034324862
-0.00152426597197
-0.00212999829091
-0.00272645102814
-0.00330870598555
-0.00387097941712
-0.00440788455307
-0.00491447560489
-0.00538591155782
-0.00581731880084
-0.00620412128046
-0.00654261140153
-0.00682914070785
-0.00706046633422
-0.00723325181752
-0.00734562939033
-0.00739588635042
-0.00738235330209
-0.0073038158007
-0.00716043403372
-0.00695266574621
-0.00668099569157
-0.00634631235152
-0.00595093006268
-0.00549772195518
-0.00498879561201
-0.00442736689001
-0.00381766515784
-0.00316415168345
-0.00247129541822
-0.001743862289
-0.000987472943962
-0.000207938966923
0.00058894068934
0.00139718735591
0.00221045431681
0.00302231684327
0.00382630247623
0.00461599742994
0.00538512598723
0.0061273900792
0.00683654053137
0.00750649021938
0.00813180673867
0.00870694685727
0.00922716595232
0.00968720670789
0.0100832339376
0.0104116415605
0.0106687834486
0.0108514958993
0.0109580755234
0.0109870601445
0.0109369819984
0.0108069330454
0.0105975633487
0.0103098219261
0.00994468759745
0.00950360298157
0.00898959022015
0.00840595643967
0.00775600271299
0.00704345898703
0.00627334043384
0.00545095512643
0.00458155106753
0.00367070897482
0.00272438046522
0.00175015325658
0.000754202948883
-0.000256768253166
-0.00127564265858
-0.00229529361241
-0.00330853043124
-0.00430830614641
-0.00528774177656
-0.00624004285783
-0.00715839397162
-0.00803624372929
-0.00886781979352
-0.0096474988386
-0.0103696594015
-0.0110290674493
-0.0116217425093
-0.0121439201757
-0.0125918285921
-0.0129622034729
-0.0132532902062
-0.0134636694565
-0.0135916694999
-0.0136364763603
-0.0135987093672
-0.0134792691097
-0.0132790785283
-0.0129995625466
-0.0126435514539
-0.0122141931206
-0.0117145748809
-0.0111482096836
-0.0105197411031
-0.00983402598649
-0.00909550115466
-0.00831001996994
-0.00748300040141
-0.00662033492699
-0.00572788715363
-0.00481166318059
-0.00387779064476
-0.00293241348118
-0.00198173895478
-0.00103134475648
-8.79060753505e-05
0.000843344663735
0.00175675353967
0.00264689349569
0.00350911030546
0.00433884328231
0.00513155851513
0.00588312279433
0.00659070769325
0.0072507080622
0.00786055158824
0.00841769017279
0.00892082508653
0.0093687903136
0.00976045243442
0.0100951064378
0.0103732552379
0.0105952722952
0.0107619129121
0.0108740953729
0.0109337642789
0.010942934081
0.0109036825597
0.0108182365075
0.0106896329671
0.0105208931491
0.0103150447831
0.0100752310827
0.00980486907065
0.00950725283474
0.00918620731682
0.00884498562664
0.00848694518209
0.00811544340104
0.00773378601298
0.00734498584643
0.00695226481184
0.00655812956393
0.00616535684094
0.00577645469457
0.0053933467716
0.00501766707748
0.00465162983164
0.00429661432281
0.00395351182669
0.00362310488708
0.00330617954023
0.00300312764011
0.00271414034069
0.00243887188844
0.00217711506411
0.00192846357822
0.00169191008899
0.00146673538256
0.00125181605108
0.00104609958362
0.000848206575029
0.00065663899295
0.000470189610496
0.00028731697239
0.000106575505924
-7.35009962227e-05
-0.000254433223745
-0.000437458103988
-0.000623833329882
-0.000814714003354
-0.00101123470813
-0.00121451995801
-0.00142494554166
-0.00164320797194
-0.00186984962784
-0.00210522883572
-0.00234933919273
-0.00260177557357
-0.00286245788448
-0.00313098053448
-0.00340662593953
-0.00368817546405
-0.0039748349227
-0.0042654806748
-0.00455861957744
-0.00485285837203
-0.00514635676518
-0.00543758459389
-0.0057246866636
-0.00600589392707
-0.00627901824191
-0.0065422905609
-0.00679373927414
-0.00703155994415
-0.00725357513875
-0.00745804514736
-0.00764326564968
-0.00780759891495
-0.00794945191592
-0.00806718785316
-0.00815973151475
-0.00822603143752
-0.00826497375965
-0.00827566161752
-0.0082577150315
-0.00821081921458
-0.00813457556069
-0.00802898406982
-0.00789440050721
-0.00773133710027
-0.00754017522559
-0.0073218382895
-0.00707741407678
-0.00680817430839
-0.00651522632688
-0.00620030565187
-0.0058651054278
-0.00551146175712
-0.00514109712094
-0.00475634587929
-0.00435923086479
-0.00395199330524
-0.00353665859438
-0.00311589404009
-0.00269180117175
-0.00226648710668
-0.00184268818703
-0.00142243201844
-0.00100785878021
-0.000600853760261
-0.000203928822884
0.000181173643796
0.000552735931706
0.000909309426788
0.00124890683219
0.00157022825442
0.00187235535122
0.00215397891589
0.0024142623879
0.00265237223357
0.00286805001087
0.00306080561131
0.00323044485413
0.00337684340775
0.00350040174089
0.00360140064731
0.00368028809316
0.00373766175471
0.00377436820418
0.00379144377075
0.00378985120915
0.00377066340297
0.00373526639305
0.00368501106277
0.00362124550156
0.00354548357427
0.00345923821442
0.00336404587142
0.00326142320409
0.00315303611569
0.00304034003057
0.00292476895265
0.00280795805156
0.00269127613865
0.00257599796169
0.00246330117807
0.0023545443546
0.0022508003749
0.00215284549631
0.0020616161637
0.00197788514197
0.00190230773296
0.00183520361315
0.00177694484591
0.0017277878942
0.00168789143208
0.00165709655266
0.00163519533817
0.0016219621757
0.00161706889048
0.00161992234644
0.00162985210773
0.00164625712205
0.00166839407757
0.00169538648333
0.00172636040952
0.00176038767677
0.00179655512329
0.00183393550105
0.00187158642802
0.00190851977095
0.00194385193754
0.00197681877762
0.00200661853887
0.00203248299658
0.00205374299549
0.0020699671004
0.00208071665838
0.00208557979204
0.00208429293707
0.00207687518559
0.00206335191615
0.00204379088245
0.00201839581132
0.00198764936067
0.00195207749493
0.00191215588711
0.00186857394874
0.001822188613
0.00177381036337
0.00172440533061
0.00167486595456
0.00162617932074
0.0015794353094
0.00153561425395
0.00149571802467
0.00146064674482
0.0014313487336
0.00140868977178
0.00139346451033
0.0013862218475
0.00138749158941
0.00139776524156
0.00141737645026
0.00144629937131
0.00148447020911
0.00153182866052
0.00158803490922
0.00165243051015
0.00172429217491
0.0018028129125
0.00188710808288
0.00197587395087
0.00206769094802
0.0021612602286
0.00225512287579
0.0023474607151
0.00243656057864
0.00252066086978
0.00259799347259
0.00266659469344
0.00272466405295
0.00277030630969
0.00280168512836
0.00281715905294
0.00281507801265
0.00279375491664
0.00275174621493
0.00268789497204
0.00260104378685
0.00249016331509
0.0023543543648
0.00219316850416
0.00200643925928
0.00179375754669
0.00155510799959
0.00129088410176
0.0010019444162
0.00068873190321
0.000351986527676
-6.51426626064e-06
-0.000385439489037
-0.000783482100815
-0.00119849573821
-0.00162843230646
-0.00207103439607
-0.00252423458733
-0.00298514193855
-0.00345119205303
-0.00391981238499
-0.00438774283975
-0.00485231820494
-0.00531054101884
-0.0057596154511
-0.00619605183601
-0.00661712652072
-0.00702009629458
-0.0074017001316
-0.0077592539601
-0.0080900080502
-0.00839164480567
-0.00866147316992
-0.00889720022678
-0.00909676216543
-0.00925824418664
-0.00938007887453
-0.00946060940623
-0.00949851050973
-0.00949298776686
-0.00944339018315
-0.00934896059334
-0.00920945778489
-0.00902520958334
-0.0087966164574
-0.0085239270702
-0.00820819009095
-0.00785074662417
-0.00745289074257
-0.00701654236764
-0.00654336623847
-0.00603584386408
-0.00549624534324
-0.00492760632187
-0.00433251215145
-0.00371424946934
-0.00307586044073
-0.00242130993865
-0.00175384478644
-0.00107699015643
-0.000395256181946
0.000287775910692
0.000968169653788
0.00164221518207
0.00230520707555
0.00295341480523
0.00358285708353
0.00419000536203
0.00477045960724
0.00532068358734
0.00583708612248
0.00631668092683
0.00675582326949
0.00715157995
0.00750112347305
0.00780236115679
0.00805286318064
0.00825059320778
0.00839386321604
0.00848178379238
0.00851341430098
0.00848793983459
0.00840505491942
0.00826525595039
0.00806929823011
0.00781775731593
0.00751184206456
0.0071534733288
0.00674514705315
0.00628888234496
0.00578737445176
0.00524386111647
0.00466245040298
0.00404647178948
0.00339991459623
0.0027271034196
0.002033370547
0.00132310611662
0.000601246603765
-0.000127210150822
-0.000856224971358
-0.00158077513333
-0.0022954645101
-0.00299517461099
-0.00367379630916
-0.00432619825006
-0.00494713149965
-0.00553167890757
-0.00607517641038
-0.00657220790163
-0.00701857171953
-0.00741045782343
-0.00774429738522
-0.00801602564752
-0.00822271127254
-0.00836226716638
-0.00843262765557
-0.00843174662441
-0.00835836585611
-0.00821244344115
-0.00799398310483
-0.0077030020766
-0.00734018161893
-0.00690798228607
-0.00640845438465
-0.00584380934015
-0.00521673168987
-0.00453202379867
-0.00379366357811
-0.00300592696294
-0.00217373413034
-0.00130253494717
-0.000399113167077
0.000531015626621
0.00148149090819
0.00244536716491
0.00341567629948
0.00438590161502
0.00534803234041
0.00629530847073
0.00722053740174
0.008116485551
0.00897659361362
0.00979343708605
0.0105608580634
0.0112723102793
0.0119217792526
0.0125041557476
0.0130145633593
0.0134474486113
0.0137988682836
0.0140658486634
0.0142455110326
0.0143350241706
0.0143324108794
0.0142374439165
0.0140498830006
0.0137694859877
0.0133971078321
0.0129352081567
0.0123860239983
0.0117526007816
0.0110382661223
0.010247987695
0.00938684586436
0.00845992378891
0.00747259380296
0.00643279310316
0.00534711126238
0.00422258721665
0.00306674209423
0.0018877456896
0.000693780719303
-0.000507532735355
-0.00170676154085
-0.00289615942165
-0.00406737672165
-0.00521206343547
-0.00632224790752
-0.00739040644839
-0.00840908288956
-0.00937127415091
-0.0102693131194
-0.0110979499295
-0.0118515333161
-0.0125243961811
-0.0131118930876
-0.0136107644066
-0.0140178790316
-0.0143300499767
-0.0145453503355
-0.0146631998941
-0.0146833937615
-0.0146056329831
-0.0144308097661
-0.014161366038
-0.0137998443097
-0.0133488206193
-0.0128118600696
-0.0121939480305
-0.0114997727796
-0.0107350647449
-0.00990530196577
-0.00901733990759
-0.00807804614305
-0.00709429942071
-0.006073419936
-0.00502320379019
-0.00395151926205
-0.00286621274427
-0.00177515286487
-0.000686217972543
0.000392756104702
0.00145389698446
0.00249018054456
0.00349364825524
0.00445785885677
0.00537586817518
0.00624141795561
0.00704919174314
0.0077939350158
0.00847039744258
0.0090742437169
0.00960236974061
0.0100517682731
0.0104193985462
0.0107032610103
0.0109027372673
0.0110172666609
0.011046285741
0.0109902843833
0.0108510097489
0.010630316101
0.0103300847113
0.00995300710201
0.00950296409428
0.00898387655616
0.00839963741601
0.00775483064353
0.00705482624471
0.00630503613502
0.00551092624664
0.00467824935913
0.00381323159672
0.00292214076035
0.00201119668782
0.00108672480565
0.000155076268129
-0.000777394743636
-0.00170434091706
-0.00261964462698
-0.00351747032255
-0.00439206603914
-0.00523761333898
-0.0060488008894
-0.00682094274089
-0.00754935806617
-0.00822937954217
-0.00885697081685
-0.00942897051573
-0.00994220748544
-0.0103935338557
-0.0107805421576
-0.0111017813906
-0.0113558499143
-0.011541325599
-0.0116575639695
-0.0117048984393
-0.0116836950183
-0.0115943271667
-0.0114378668368
-0.0112164113671
-0.0109317917377
-0.0105860969052
-0.0101819587871
-0.00972272455692
-0.00921177770942
-0.00865252781659
-0.00804879143834
-0.00740491366014
-0.00672525027767
-0.00601419154555
-0.00527630746365
-0.0045164632611
-0.00373990135267
-0.00295076426119
-0.00215425994247
-0.00135526480153
-0.000558631843887
0.000230796911637
0.0010083548259
0.00176969601307
0.00251047965139
0.00322601688094
0.00391303561628
0.00456776842475
0.00518680317327
0.0057667279616
0.00630468828604
0.00679849088192
0.00724598905072
0.00764484982938
0.00799392163754
0.00829225499183
0.00853913556784
0.00873382296413
0.00887624081224
0.00896705407649
0.00900706183165
0.00899695232511
0.00893802102655
0.00883224699646
0.00868167262524
0.00848842319101
0.00825480464846
0.00798390898854
0.00767877185717
0.00734246522188
0.00697828037664
0.00659008231014
0.00618116231635
0.00575536582619
0.00531645584852
0.00486824614927
0.00441478611901
0.00395949138328
0.00350628863089
0.00305871642195
0.00262031983584
0.00219484767877
0.00178511044942
0.00139417499304
0.001024887315
0.000680220779032
0.00036223733332
7.29379462427e-05
-0.000185845317901
-0.000412181165302
-0.000605039356742
-0.000763641728554
-0.00088733463781
-0.000975485949311
-0.00102810945828
-0.00104570982512
-0.00102885684464
-0.000978198950179
-0.000894767406862
-0.000780219095759
-0.000636256299913
-0.000464636628749
-0.000267246534349
-4.66810633952e-05
0.000194429550902
0.000453776243376
0.000728512008209
0.00101561762858
0.00131189997774
0.00161464721896
0.0019206100842
0.00222646561451
0.00252935988829
0.00282598938793
0.00311315897852
0.00338818994351
0.0036480310373
0.00388965220191
0.0041105938144
0.00430835224688
0.00448050256819
0.00462484080344
0.00473926123232
0.00482219457626
0.0048721502535
0.0048875217326
0.00486724730581
0.00481069320813
0.00471730018035
0.00458655273542
0.00441822595894
0.0042129419744
0.00397094059736
0.00369277736172
0.00337954331189
0.00303236651234
0.00265300972387
0.00224257283844
0.00180307019036
0.00133700633887
0.000846227863804
0.000333228847012
-0.00019914706354
-0.0007485235692
-0.00131150346715
-0.00188570737373
-0.00246756197885
-0.00305442721583
-0.00364283984527
-0.00422931835055
-0.00481122080237
-0.0053848256357
-0.00594749534503
-0.00649554189295
-0.00702646560967
-0.00753692584112
-0.00802455469966
-0.00848627928644
-0.00891937222332
-0.00932198856026
-0.00969152990729
-0.0100261364132
-0.010323645547
-0.010582908988
-0.0108022755012
-0.0109805529937
-0.011116579175
-0.0112099684775
-0.0112601583824
-0.0112666953355
-0.0112295206636
-0.0111490255222
-0.0110257053748
-0.0108599057421
-0.010652625002
-0.0104049444199
-0.0101184044033
-0.00979420449585
-0.00943381153047
-0.00903955753893
-0.00861310586333
-0.00815687235445
-0.00767269078642
-0.0071635665372
-0.00663156155497
-0.00607971521094
-0.00551048014313
-0.00492639932781
-0.00433086231351
-0.00372614944354
-0.00311567285098
-0.00250176968984
-0.00188788841479
-0.0012766161235
-0.000670456618536
-7.26787839085e-05
0.000514608400408
0.00108818290755
0.00164582312573
0.0021855365485
0.002704547951
0.0032008679118
0.00367275602184
0.00411810539663
0.00453569879755
0.00492349825799
0.00528041133657
0.00560565246269
0.00589800532907
0.00615675002337
0.00638141855597
0.00657164491713
0.00672742770985
0.0068486770615
0.00693550612777
0.00698859151453
0.00700852880254
0.00699591543525
0.0069517120719
0.00687711173669
0.00677342899144
0.00664191646501
0.00648405123502
0.00630147848278
0.00609612837434
0.00586964702234
0.00562381977215
0.005360907875
0.00508285174146
0.00479169422761
0.00448937201872
0.00417835405096
0.00386062683538
0.00353835127316
0.00321349641308
0.00288844457828
0.00256514502689
0.00224567740224
0.00193200213835
0.00162585033104
0.00132937973831
0.00104430317879
0.000772329687607
0.000514850777108
0.000273637648206
5.00856622239e-05
-0.000154509951244
-0.000339033314958
-0.000502409122419
-0.000643637380563
-0.000761726172641
-0.000856143306009
-0.000926324806642
-0.000971699832007
-0.000991942593828
-0.000987004023045
-0.00095686444547
-0.000901474442799
-0.000821090477984
-0.000716240378097
-0.000587425136473
-0.000435205438407
-0.000260280707153
-6.39015197521e-05
0.000152945271111
0.000389173044823
0.000643430103082
0.000914174132049
0.00119981437456
0.00149874552153
0.00180921133142
0.00212921551429
0.00245691952296
0.00279003055766
0.00312656606548
0.00346426176839
0.00380087131634
0.00413413811475
0.00446172943339
0.00478130858392
0.0050905351527
0.00538703985512
0.00566853163764
0.00593278696761
0.00617756368592
0.00640064291656
0.00659997574985
0.00677366228774
0.00691982964054
0.00703661050647
0.0071223936975
0.00717588048428
0.00719576328993
0.00718074291945
0.00712988432497
0.00704264175147
0.00691845407709
0.00675678765401
0.00655755121261
0.00632105721161
0.00604763161391
0.00573763158172
0.00539185339585
0.0050115250051
0.00459790788591
0.0041524823755
0.00367647176608
0.00317217572592
0.0026416904293
0.00208709063008
0.00151081115473
0.000915578450076
0.000304142944515
-0.000320732768159
-0.000956133415457
-0.00159861287102
-0.0022456664592
-0.00289383437485
-0.00353996129707
-0.00418087141588
-0.00481338147074
-0.00543427653611
-0.00604023458436
-0.00662892498076
-0.00719711417332
-0.0077419388108
-0.00826073531061
-0.00875117443502
-0.0092107206583
-0.00963745824993
-0.0100292349234
-0.0103845056146
-0.0107017308474
-0.0109792621806
-0.0112162660807
-0.0114119704813
-0.0115657411516
-0.0116769904271
-0.0117455245927
-0.0117716593668
-0.0117556778714
-0.0116978948936
-0.0115990461782
-0.0114601645619
-0.0112824207172
-0.0110670486465
-0.010815278627
-0.0105289705098
-0.0102099245414
-0.00986007787287
-0.00948109012097
-0.00907532125711
-0.00864517968148
-0.00819247681648
-0.00771971279755
-0.00722951488569
-0.00672380067408
-0.00620522117242
-0.00567613868043
-0.00513915717602
-0.00459614349529
-0.00404995540157
-0.00350232957862
-0.0029556513764
-0.0024122884497
-0.0018738519866
-0.0013425538782
-0.000820402812678
-0.000308624759782
0.000190525664948
0.000675985647831
0.00114623468835
0.00159975653514
0.00203569978476
0.00245258281939
0.00284999120049
0.00322691746987
0.00358239747584
0.00391618348658
0.00422759540379
0.00451662391424
0.00478264456615
0.00502575933933
0.0052458033897
0.00544307101518
0.00561746908352
0.00576936779544
0.00589904142544
0.00600704178214
0.00609366130084
0.00615950766951
0.00620518671349
0.0062314090319
0.00623879302293
0.00622809119523
0.00620012637228
0.00615568924695
0.00609565200284
0.00602079601958
0.00593206845224
0.00583027629182
0.00571642164141
0.0055913310498
0.00545579567552
0.00531084369868
0.0051572159864
0.00499590253457
0.00482763815671
0.00465315394104
0.00447341846302
0.00428902031854
0.0041008493863
0.00390951661393
0.00371564319357
0.00352003797889
0.00332320015877
0.00312562170438
0.00292807002552
0.00273087341338
0.00253468798473
0.00233989069238
0.00214694510214
0.00195615459234
0.00176807085518
0.00158297421876
0.00140113395173
0.0012230387656
0.00104887026828
0.000878849008586
0.000713400135282
0.000552683486603
0.000396927527618
0.000246270705247
0.000101062636531
-3.85893217754e-05
-0.000172523548827
-0.0003006409097
-0.000422672601417
-0.000538542459253
-0.000648145913146
-0.000751426094212
-0.000848194293212
-0.000938406446949
-0.00102201395202
-0.00109896413051
-0.0011691955151
-0.0012327011209
-0.00128939119168
-0.00133929983713
-0.0013823985355
-0.00141866493504
-0.00144811708014
-0.00147075450514
-0.00148653960787
-0.00149550382048
-0.00149763387162
-0.00149292103015
-0.00148136413191
-0.00146293302532
-0.00143761432264
-0.00140537437983
-0.00136619445402
-0.00132003682666
-0.00126685982104
-0.00120662513655
-0.00113928865176
-0.00106479448732
-0.000983124133199
-0.000894258089829
-0.000798155146185
-0.00069481722312
-0.000584302702919
-0.000466647819849
-0.000341890146956
-0.000210163736483
-7.16546128388e-05
7.34471177566e-05
0.000224926465307
0.000382477592211
0.00054567103507
0.000714074121788
0.00088723335648
0.00106458947994
0.00124542578124
0.00142899586353
0.00161456281785
0.00180127786007
0.0019880940672
0.00217396486551
0.00235788733698
0.0025386097841
0.00271502067335
0.00288576399907
0.00304954196326
0.00320502999239
0.00335080525838
0.00348546844907
0.00360761140473
0.00371583830565
0.00380874518305
0.00388506730087
0.0039433920756
0.00398246897385
0.00400119181722
0.00399845233187
0.00397316133603
0.00392439449206
0.00385150220245
0.0037538211327
0.00363072147593
0.00348191196099
0.00330722751096
0.00310671841726
0.00288037303835
0.00262865214609
0.00235200743191
0.00205130456015
0.00172728160396
0.00138118839823
0.00101417070255
0.000627903908025
0.000223904076847
-0.0001958526409
-0.000629567133728
-0.00107485905755
-0.00152933318168
-0.00199100514874
-0.00245702173561
-0.00292448420078
-0.00339117948897
-0.00385413644835
-0.00431027868763
-0.00475721107796
-0.00519185420126
-0.00561123946682
-0.00601310329512
-0.00639437604696
-0.0067527666688
-0.00708564277738
-0.00739073380828
-0.00766618922353
-0.00790962483734
-0.0081195179373
-0.00829442031682
-0.00843301322311
-0.00853416882455
-0.00859694276005
-0.00862113852054
-0.00860649812967
-0.00855280458927
-0.00846030656248
-0.00832977425307
-0.0081622004509
-0.00795827899128
-0.00771950045601
-0.00744744762778
-0.00714423321187
-0.00681142881513
-0.00645150011405
-0.00606666551903
-0.00565986707807
-0.00523331435397
-0.00479015475139
-0.00433291727677
-0.00386498309672
-0.00338910892606
-0.00290801119991
-0.00242509366944
-0.00194283912424
-0.00146461511031
-0.000992985558696
-0.000530275166966
-7.94467705418e-05
0.000357394921593
0.000777599751018
0.00117954134475
0.00156156963203
0.0019215302309
0.00225814478472
0.00257061049342
0.00285772187635
0.0031187129207
0.00335315288976
0.00356081407517
0.00374182220548
0.00389618077315
0.00402431422845
0.00412690779194
0.00420484924689
0.0042589972727
0.00429041218013
0.00430050399154
0.00429070694372
0.00426243804395
0.00421724282205
0.0041568800807
0.00408305739984
0.00399749819189
0.00390195311047
0.00379808153957
0.00368770188652
0.0035725205671
0.0034541443456
0.00333405495621
0.00321372225881
0.00309456442483
0.00297798938118
0.00286498386413
0.00275656976737
0.00265378691256
0.00255745812319
0.00246813171543
0.0023863054812
0.00231247674674
0.00224698614329
0.00218981597573
0.00214102654718
0.00210061250255
0.00206841877662
0.00204402860254
0.00202706246637
0.0020171252545
0.00201369356364
0.00201610079966
0.00202369177714
0.00203577848151
0.00205167825334
0.00207058829255
0.00209175399505
0.0021143972408
0.0021377436351
0.00216109771281
0.00218369765207
0.00220481352881
0.00222379667684
0.00224007572979
0.00225304998457
0.0022621829994
0.00226697162725
0.00226704869419
0.00226209009998
0.00225174124353
0.00223572505638
0.00221395283006
0.00218629301526
0.00215262314305
0.00211291830055
0.00206725229509
0.00201573199593
0.00195845821872
0.00189552363008
0.0018271736335
0.0017536272062
0.00167513999622
0.0015919849975
0.00150438584387
0.00141266034916
0.00131710711867
0.00121807318646
0.00111574970651
0.00101048056968
0.000902578525711
0.000792336824816
0.000679929333273
0.000565668393392
0.000449839048088
0.000332579715177
0.000214131941902
9.47116350289e-05
-2.54365386354e-05
-0.000146227088408
-0.000267388211796
-0.000388885440771
-0.000510474841576
-0.000631946488284
-0.000753264001105
-0.000874200952239
-0.000994524103589
-0.00111420103349
-0.00123290542979
-0.00135054928251
-0.00146688031964
-0.00158164172899
-0.00169466424268
-0.00180556694977
-0.00191420910414
-0.00202018441632
-0.00212325085886
-0.00222298456356
-0.00231912964955
-0.00241121207364
-0.00249893474393
-0.00258181104437
-0.00265948637389
-0.00273148459382
-0.00279744691215
-0.00285687297583
-0.00290938629769
-0.00295451912098
-0.00299191940576
-0.00302117317915
-0.00304189324379
-0.00305373244919
-0.00305640837178
-0.00304964184761
-0.00303318118677
-0.00300680892542
-0.00297041470185
-0.00292399106547
-0.00286741997115
-0.00280070002191
-0.00272406847216
-0.00263770623133
-0.00254173600115
-0.00243656570092
-0.00232261954807
-0.00220032711513
-0.00207033497281
-0.00193314952776
-0.00178955274168
-0.00164027675055
-0.00148625893053
-0.00132828648202
-0.00116737408098
-0.00100447633304
-0.000840803957544
-0.000677324947901
-0.000515222956892
-0.000355657190084
-0.000199706482817
-4.8693815188e-05
9.62892881944e-05
0.000234085076954
0.000363545346772
0.000483531272039
0.000593126052991
0.000691206776537
0.000776853703428
0.000849167059641
0.000907460518647
0.00095108198002
0.000979373697191
0.000991796376184
0.000988129409961
0.000968182692304
0.000931774266064
0.000878862687387
0.000809763267171
0.000724858662579
0.00062449456891
0.000509211327881
0.00037987914402
0.00023744754435
8.28526244732e-05
-8.28137563076e-05
-0.00025815810659
-0.000441715063062
-0.000632044859231
-0.000827605894301
-0.0010264730081
-0.00122705462854
-0.001427411451
-0.00162567815278
-0.0018198818434
-0.00200802879408
-0.0021881274879
-0.0023582293652
-0.00251642870717
-0.00266079022549
-0.00278940331191
-0.00290054781362
-0.00299259740859
-0.00306399655528
-0.00311321485788
-0.00313882459886
-0.00313986465335
-0.00311535643414
-0.00306435138918
-0.00298609933816
-0.00288041541353
-0.0027469964698
-0.00258572609164
-0.00239666271955
-0.00218050880358
-0.00193776981905
-0.00166921853088
-0.00137577205896
-0.00105904473457
-0.000720271025784
-0.000361164537026
1.63578533829e-05
0.000410518463468
0.00081884075189
0.00123884505592
0.0016685834853
0.00210514804348
0.00254558259621
0.00298756267875
0.00342786707915
0.00386405200697
0.00429295375943
0.00471145519987
0.00511710112914
0.00550671014935
0.00587789854035
0.00622758176178
0.00655342638493
0.00685292249545
0.00712373340502
0.00736381765455
0.00757084833458
0.00774343591183
0.0078799193725
0.00797890126705
0.0080390451476
0.00805968791246
0.00804025493562
0.00798023771495
0.00787921156734
0.00773766310886
0.00755590666085
0.00733464723453
0.00707446830347
0.00677655544132
0.00644277594984
0.00607445836067
0.00567305879667
0.00524128740653
0.00478133745492
0.00429533375427
0.00378633732907
0.00325706135482
0.00271029141732
0.00214970018715
0.00157811795361
0.000998642179184
0.000415357411839
-0.000168615602888
-0.000749793078285
-0.0013250107877
-0.00189018622041
-0.00244214548729
-0.00297747016884
-0.00349294720218
-0.00398571183905
-0.00445212656632
-0.00488944165409
-0.00529508246109
-0.00566666573286
-0.00600185617805
-0.0062981210649
-0.00655403407291
-0.00676816422492
-0.0069391108118
-0.00706562586129
-0.00714710587636
-0.00718354340643
-0.00717478478327
-0.00712084490806
-0.00702255964279
-0.00688109314069
-0.00669752620161
-0.00647318921983
-0.00621020654216
-0.00591089809313
-0.00557761127129
-0.00521284062415
-0.00481976568699
-0.00440168334171
-0.00396195193753
-0.00350400130264
-0.00303166219965
-0.00254888553172
-0.00205962080508
-0.00156786094885
-0.00107764767017
-0.000593053468037
-0.000118183044833
0.000342959159752
0.000786587072071
0.0012090136297
0.00160657230299
0.0019756956026
0.00231340527534
0.00261691771448
0.0028835714329
0.00311045837589
0.00329598109238
0.00343863200396
0.00353693659417
0.00358956959099
0.00359628698789
0.00355710857548
0.00347203412093
0.00334138469771
0.00316644553095
0.00294881477021
0.00269015925005
0.00239209993742
0.00205772486515
0.00168991810642
0.00129176792689
0.000866248738021
0.000417663832195
-5.00275273225e-05
-0.000532933976501
-0.00102637929376
-0.00152603385504
-0.00202745664865
-0.00252545648254
-0.00301584182307
-0.0034934815485
-0.00395424943417
-0.00439304998145
-0.00480581680313
-0.00518808001652
-0.00553633458912
-0.00584652461112
-0.00611475668848
-0.00633849110454
-0.00651500513777
-0.00664171436802
-0.00671639619395
-0.00673778960481
-0.00670512579381
-0.0066176042892
-0.00647477759048
-0.00627722172067
-0.0060261930339
-0.00572289526463
-0.00536871654913
-0.00496629718691
-0.00451870635152
-0.00402878969908
-0.00350027624518
-0.00293715856969
-0.00234402832575
-0.00172550790012
-0.00108595215715
-0.000431267253589
0.000233325496083
0.000902682542801
0.001570589724
0.00223212502897
0.0028809774667
0.00351215829141
0.00411943858489
0.00469831516966
0.00524350581691
0.00575006939471
0.0062129246071
0.00662866234779
0.00699349632487
0.00730393780395
0.00755660003051
0.00774946762249
0.00788100901991
0.0079496903345
0.00795421469957
0.00789471063763
0.00777196791023
0.00758678466082
0.0073400195688
0.0070343031548
0.00667262030765
0.00625777570531
0.00579315703362
0.0052834674716
0.00473317317665
0.00414746394381
0.00353170698509
0.00289119896479
0.00223241955973
0.00156159256585
0.000884950044565
0.000208992671105
-0.000459702860098
-0.00111485435627
-0.00174930004869
-0.00235718558542
-0.00293281115592
-0.00346963782795
-0.00396230211481
-0.00440547056496
-0.00479511963204
-0.00512643717229
-0.00539549486712
-0.00559933111072
-0.00573583645746
-0.0058028739877
-0.00579856941476
-0.0057227932848
-0.00557622686028
-0.00535953557119
-0.00507346587256
-0.00472104595974
-0.00430546142161
-0.00383064616472
-0.00329989520833
-0.00271907192655
-0.00209363596514
-0.00142989982851
-0.000734052970074
-1.33667872433e-05
0.00072440947406
0.00147151108831
0.00222013820894
0.00296211452223
0.00368946464732
0.00439310912043
0.00506512774155
0.00569803128019
0.0062838261947
0.00681461906061
0.00728351110592
0.00768407154828
0.00801069568843
0.0082578016445
0.00842008087784
0.00849425140768
0.00847788527608
0.0083685554564
0.00816412828863
0.00786523707211
0.00747315166518
0.00698948837817
0.00641647446901
0.0057581779547
0.00502053415403
0.00420928746462
0.00333005539142
0.00239224312827
0.00140495970845
0.00037719818647
-0.000680190161802
-0.00175665400457
-0.0028393145185
-0.00391529966146
-0.00497322715819
-0.00599927688017
-0.00697990320623
-0.00790197495371
-0.00875104218721
-0.00951462984085
-0.0101802190766
-0.0107343196869
-0.0111649986356
-0.0114613333717
-0.0116133764386
-0.0116112632677
-0.011445581913
-0.0111102545634
-0.0106002772227
-0.0099103115499
-0.00903682038188
-0.00797901395708
-0.00673950882629
-0.00531864073128
-0.00371944578364
-0.00194928294513
-1.71403880813e-05
0.00206797895953
0.00429734261706
0.006653892342
0.00912364572287
0.0116877248511
0.0143315661699
0.0170325580984
0.0197680462152
0.0225154329091
0.0252515096217
0.027951868251
0.0305868685246
0.0331326834857
0.0355596616864
0.0378430113196
0.0399536527693
0.0418638661504
0.0435463637114
0.0449756942689
0.0461275875568
0.0469755232334
0.0474968105555
0.0476712174714
0.0474791526794
0.0469013601542
0.0459227152169
0.0445349216461
0.0427293367684
0.0404965318739
0.0378333814442
0.0347397737205
0.0312220677733
0.0272851344198
0.0229366309941
0.018193680793
0.0130755128339
0.00759844016284
0.00179006927647
-0.00432422896847
-0.0107084838673
-0.0173295289278
-0.0241517908871
-0.0311320312321
-0.0382256060839
-0.0453912951052
-0.0525792874396
-0.0597349144518
-0.0668131187558
-0.0737583562732
-0.0805182009935
-0.0870423316956
-0.0932709500194
-0.0991563647985
-0.104640759528
-0.109680444002
-0.114224366844
-0.11822411418
-0.121635988355
-0.124419532716
-0.126540973783
-0.127962112427
-0.128653094172
-0.128593534231
-0.127765312791
-0.126150220633
-0.123735547066
-0.120526365936
-0.116523727775
-0.111733280122
-0.106167003512
-0.0998516231775
-0.0928153842688
-0.0850826203823
-0.0766966566443
-0.0676990225911
-0.058144159615
-0.048082780093
-0.0375720188022
-0.0266793165356
-0.0154674667865
-0.00401537120342
0.00761564075947
0.019342456013
0.0310869533569
0.0427709594369
0.0543216392398
0.0656497776508
0.0766876935959
0.087351642549
0.0975675880909
0.107266977429
0.116381518543
0.124846868217
0.132595688105
0.139585867524
0.145764514804
0.15108294785
0.155506759882
0.159008428454
0.161568269134
0.163161456585
0.163781657815
0.163433507085
0.162123501301
0.159858778119
0.15665923059
0.152560293674
0.14759644866
0.141803145409
0.135228604078
0.127927273512
0.119964323938
0.1113910079
0.102278888226
0.0927020609379
0.0827345624566
0.0724458396435
0.061923854053
0.051239028573
0.0404767990112
0.0297174528241
0.0190339460969
0.0085134236142
-0.00177736394107
-0.0117572797462
-0.0213583409786
-0.0305163804442
-0.0391672588885
-0.0472524315119
-0.0547180064023
-0.0615198686719
-0.0676138848066
-0.0729585811496
-0.077531054616
-0.0813072547317
-0.0842720642686
-0.0864074006677
-0.0877152830362
-0.0882036238909
-0.0878788530827
-0.0867529436946
-0.0848539099097
-0.0821963101625
-0.0788317248225
-0.0748018622398
-0.0701539814472
-0.06494538486
-0.0592311806977
-0.0530694201589
-0.0465242229402
-0.0396716892719
-0.0325742512941
-0.0253060739487
-0.0179414376616
-0.0105551593006
-0.00322208995931
0.00398758612573
0.0109959496185
0.0177391804755
0.0241432059556
0.0301417279989
0.0356794223189
0.0406941026449
0.0451315529644
0.0489441566169
0.0520931370556
0.0545429438353
0.0562581308186
0.0572137907147
0.0574000366032
0.0568074174225
0.0554276555777
0.053262963891
0.0503322221339
0.0466563403606
0.0422512926161
0.0371502898633
0.0313948988914
0.025035245344
0.018113963306
0.0106829190627
0.00281343376264
-0.00543724093586
-0.0139964669943
-0.0228010918945
-0.0317713879049
-0.0408315844834
-0.0499057881534
-0.0589174926281
-0.0677897632122
-0.0764497742057
-0.0848129168153
-0.0928125083447
-0.100384220481
-0.107452847064
-0.113958775997
-0.119840398431
-0.12505351007
-0.129544854164
-0.133266732097
-0.136185660958
-0.138279080391
-0.139518901706
-0.139882534742
-0.139365568757
-0.137968912721
-0.135693609715
-0.132512882352
-0.128477782011
-0.123624034226
-0.117980092764
-0.111575432122
-0.104465320706
-0.0966977253556
-0.0883238837123
-0.0793989375234
-0.0699886232615
-0.0601554587483
-0.0499765984714
-0.0395168624818
-0.0288507584482
-0.0180533975363
-0.00719992304221
0.00364017416723
0.0143829993904
0.0249602943659
0.0352985709906
0.0453283414245
0.0549864508212
0.0642102435231
0.0729370638728
0.0811119750142
0.0886902064085
0.0956275388598
0.10187998414
0.107414372265
0.112207651138
0.116243816912
0.119500309229
0.121969826519
0.123656615615
0.124567367136
0.124706983566
0.124094255269
0.122758798301
0.120729595423
0.118036523461
0.114720337093
0.11082713306
0.10640886426
0.101514950395
0.0961963683367
0.0905148983002
0.0845300704241
0.0783045962453
0.0718936696649
0.0653651878238
0.0587778203189
0.0521895624697
0.0456634014845
0.0392511337996
0.0330076515675
0.0269890669733
0.0212332569063
0.0157836973667
0.0106833828613
0.00596725940704
0.00165818491951
-0.002218372887
-0.00564188696444
-0.00859285704792
-0.0110708521679
-0.0130740357563
-0.0146015491337
-0.0156581345946
-0.0162598136812
-0.0164242722094
-0.0161700509489
-0.0155191095546
-0.0145011218265
-0.0131487725303
-0.0114924702793
-0.00956749171019
-0.00741117633879
-0.00506333261728
-0.00256033195183
5.80685664318e-05
0.00275196204893
0.00548403337598
0.00821569561958
0.0109106330201
0.0135350599885
0.0160592347383
0.0184485577047
0.0206763483584
0.0227209273726
0.0245602037758
0.0261747185141
0.0275474265218
0.0286708027124
0.0295368563384
0.0301377195865
0.0304714757949
0.0305432602763
0.0303580574691
0.0299214795232
0.0292434580624
0.0283395685256
0.0272258780897
0.0259176380932
0.0244344174862
0.0227963365614
0.0210264734924
0.0191456638277
0.0171759407967
0.0151396570727
0.0130601292476
0.0109586128965
0.00885482039303
0.00676781311631
0.00471361493692
0.00271182181314
0.000774244428612
-0.00108845625073
-0.00286823650822
-0.00455422978848
-0.00614356249571
-0.00763817923144
-0.00903712492436
-0.0103422282264
-0.0115607548505
-0.0127024799585
-0.013778872788
-0.0147992512211
-0.0157806593925
-0.0167397223413
-0.0176944881678
-0.0186627730727
-0.0196637716144
-0.0207190178335
-0.0218472760171
-0.0230704471469
-0.0244059935212
-0.0258727185428
-0.0274887327105
-0.0292703863233
-0.0312309637666
-0.0333812870085
-0.0357308574021
-0.0382901281118
-0.0410610437393
-0.0440414398909
-0.047232337296
-0.0506314076483
-0.0542254000902
-0.0580023303628
-0.0619483962655
-0.0660454034805
-0.070270948112
-0.0745979771018
-0.0789968147874
-0.0834411978722
-0.0878951400518
-0.0923181250691
-0.0966705605388
-0.100914888084
-0.105008900166
-0.108910396695
-0.112573996186
-0.115957371891
-0.11901652813
-0.121706709266
-0.123985163867
-0.125809326768
-0.127141207457
-0.127944692969
-0.128183618188
-0.127823218703
-0.126841321588
-0.125214591622
-0.122920587659
-0.119940690696
-0.116272032261
-0.111913174391
-0.106856577098
-0.101110041142
-0.0946920365095
-0.0876202583313
-0.0799155160785
-0.0716075822711
-0.0627378076315
-0.0533405840397
-0.0434697419405
-0.0331733189523
-0.0225064028054
-0.0115320943296
-0.000319260987453
0.0110725509003
0.0225643422455
0.0340870060027
0.0455599352717
0.0569138154387
0.0680721253157
0.0789527520537
0.0894795432687
0.0995749682188
0.109176300466
0.118211008608
0.126617252827
0.134326472878
0.141292467713
0.147467643023
0.152801275253
0.157251223922
0.160795852542
0.163415446877
0.165089011192
0.165803104639
0.165563166142
0.164381399751
0.162271246314
0.159248188138
0.155347749591
0.150614589453
0.145089462399
0.138817176223
0.131861776114
0.12428689003
0.116162911057
0.107553899288
0.0985362976789
0.0891949906945
0.0796056240797
0.0698531717062
0.0600139573216
0.0501693487167
0.0404054448009
0.0307979267091
0.0214206427336
0.0123483091593
0.00364651577547
-0.00461556436494
-0.0123775722459
-0.0195942856371
-0.0262133460492
-0.0321901291609
-0.0374918729067
-0.0420938916504
-0.0459780655801
-0.0491176322103
-0.0515112020075
-0.053161572665
-0.0540752373636
-0.0542579814792
-0.0537286996841
-0.0525164678693
-0.0506504997611
-0.0481616705656
-0.0450870096684
-0.041474416852
-0.0373665951192
-0.0328137539327
-0.0278665032238
-0.0225743222982
-0.0169966295362
-0.0111852716655
-0.00519738346338
0.000918868172448
0.00710373464972
0.0133032761514
0.0194724649191
0.0255585964769
0.0315183587372
0.0373026579618
0.0428748205304
0.0481943972409
0.0532299987972
0.0579451955855
0.0623144134879
0.0663121119142
0.0699204653502
0.0731179639697
0.0758907794952
0.0782285779715
0.0801264420152
0.0815780088305
0.082579113543
0.0831341817975
0.083238594234
0.0828912556171
0.0821157619357
0.080925680697
0.0793357267976
0.0773605108261
0.0750154256821
0.0723199993372
0.0692967772484
0.0659655481577
0.0623475313187
0.0584664829075
0.0543492026627
0.0500164292753
0.0454972423613
0.0408152975142
0.0359968096018
0.0310680381954
0.0260576568544
0.0209890156984
0.0158849935979
0.0107759330422
0.00568473571911
0.000637333607301
-0.00434911902994
-0.00924781989306
-0.0140415569767
-0.0187067817897
-0.0232299175113
-0.0275930911303
-0.0317847728729
-0.0357909314334
-0.0396026261151
-0.0432150140405
-0.0466228798032
-0.0498202331364
-0.0528125651181
-0.0556041002274
-0.0581978969276
-0.0606045871973
-0.0628372654319
-0.0649143531919
-0.0668500885367
-0.0686645880342
-0.0703841000795
-0.0720358043909
-0.0736469104886
-0.0752461776137
-0.0768674761057
-0.0785456597805
-0.0802899226546
-0.0821529850364
-0.0841763690114
-0.0863992422819
-0.0888552740216
-0.0915815681219
-0.094609901309
-0.0979706570506
-0.101694144309
-0.105809524655
-0.110336273909
-0.115289494395
-0.120684228837
-0.126534312963
-0.132839024067
-0.139589339495
-0.146772548556
-0.1543854177
-0.162397384644
-0.17076459527
-0.179455146194
-0.188424706459
-0.197611525655
-0.206951916218
-0.216364204884
-0.225784495473
-0.235117539763
-0.24427112937
-0.253134608269
-0.261615008116
-0.269598841667
-0.276962935925
-0.283594429493
-0.289366900921
-0.294165253639
-0.297864466906
-0.300341844559
-0.301477372646
-0.301152706146
-0.29926481843
-0.295707345009
-0.290377557278
-0.283180475235
-0.274047732353
-0.262915968895
-0.24968084693
-0.234279155731
-0.216755226254
-0.197105780244
-0.175327286124
-0.151412397623
-0.125439092517
-0.0974520891905
-0.067550368607
-0.0357812792063
-0.00230428576469
0.0327643230557
0.0692579820752
0.107022345066
0.145860046148
0.185549348593
0.22586838901
0.26659309864
0.307490617037
0.348248153925
0.388631790876
0.428347676992
0.467093288898
0.504612982273
0.540612518787
0.574764072895
0.606801986694
0.636452615261
0.663456022739
0.687524199486
0.708409190178
0.725896298885
0.739773392677
0.749828338623
0.755883216858
0.757817745209
0.755512177944
0.748850941658
0.737754940987
0.722222566605
0.702261209488
0.677863419056
0.649095535278
0.616053640842
0.578894436359
0.537758767605
0.492786735296
0.444281369448
0.392404764891
0.337449103594
0.279787957668
0.219749540091
0.157773390412
0.0941755920649
0.029374435544
-0.0361986756325
-0.102096877992
-0.167906224728
-0.233143851161
-0.297351717949
-0.360067784786
-0.420859336853
-0.479206115007
-0.534734666348
-0.586999177933
-0.635605931282
-0.680095791817
-0.720161855221
-0.755471110344
-0.785726964474
-0.810595214367
-0.829879045486
-0.843411028385
-0.851039946079
-0.852608561516
-0.848063528538
-0.837434828281
-0.820747077465
-0.798040151596
-0.7694414258
-0.73517537117
-0.695469379425
-0.650529563427
-0.600676715374
-0.546279191971
-0.487788915634
-0.425550490618
-0.360008120537
-0.291746109724
-0.221223920584
-0.148964241147
-0.0755842849612
-0.0015939673176
0.0723865777254
0.14580860734
0.21802085638
0.288527607918
0.356760293245
0.422116607428
0.484056711197
0.542102813721
0.595810413361
0.644679486752
0.688298940659
0.726302802563
0.758432686329
0.784331440926
0.80375880003
0.816575884819
0.822682201862
0.821971476078
0.814386427402
0.800008177757
0.778967380524
0.751389980316
0.717292010784
0.677126646042
0.631211876869
0.579905688763
0.523573815823
0.462664633989
0.397715061903
0.329236775637
0.257717847824
0.183784976602
0.108015038073
0.0310604646802
-0.0464602075517
-0.123953230679
-0.200740605593
-0.276183605194
-0.349686682224
-0.420618951321
-0.488436937332
-0.552526593208
-0.612323284149
-0.667378604412
-0.717222750187
-0.761416852474
-0.799556910992
-0.831322312355
-0.856482565403
-0.874778330326
-0.88598549366
-0.890024363995
-0.88687980175
-0.876529037952
-0.858985304832
-0.834380626678
-0.802923619747
-0.764863789082
-0.720373094082
-0.669870376587
-0.613728821278
-0.552393853664
-0.486263811588
-0.415891498327
-0.34184846282
-0.264706373215
-0.185002341866
-0.103357054293
-0.020498951897
0.0630030632019
0.14649990201
0.22930341959
0.310767561197
0.390246599913
0.467135816813
0.540805220604
0.610724747181
0.676295220852
0.736961364746
0.792261719704
0.841807603836
0.885179340839
0.92193543911
0.951833844185
0.974645197392
0.990165948868
0.998186290264
0.998647332191
0.991560161114
0.976938962936
0.954800605774
0.925333440304
0.888747632504
0.845273017883
0.795177161694
0.738830983639
0.676666915417
0.609083473682
0.536551594734
0.459600329399
0.378761738539
0.29464507103
0.207785323262
0.118844762444
0.0284665450454
-0.0627065002918
-0.154076740146
-0.244961857796
-0.334770202637
-0.422820985317
-0.508485019207
-0.591186761856
-0.670412361622
-0.745567321777
-0.816146612167
-0.881666719913
-0.94172167778
-0.995905339718
-1.04385519028
-1.08527910709
-1.11997961998
-1.14770269394
-1.16829943657
-1.18167340755
-1.18783652782
-1.18677163124
-1.17849814892
-1.16316187382
-1.14095711708
-1.11206567287
-1.07672774792
-1.03524518013
-0.987970590591
-0.935282170773
-0.877560734749
-0.815163731575
-0.748615324497
-0.678467988968
-0.605209887028
-0.529321789742
-0.451412796974
-0.371888548136
-0.291397422552
-0.210371300578
-0.129363447428
-0.0488459020853
0.0306452475488
0.108665466309
0.18481579423
0.258585721254
0.329642057419
0.397653967142
0.46227106452
0.523178398609
0.58010238409
0.632887482643
0.68133687973
0.72528141737
0.76461815834
0.799281179905
0.829298317432
0.854604184628
0.875251948833
0.891336321831
0.902976214886
0.910275161266
0.913395524025
0.912540555
0.907924592495
0.899762749672
0.888294875622
0.873791635036
0.856516480446
0.836738288403
0.814753115177
0.790823996067
0.765243887901
0.738295793533
0.710233271122
0.681321442127
0.651812672615
0.621943354607
0.591943442822
0.562002539635
0.532309532166
0.503036201
0.474335312843
0.446301400661
0.419068396091
0.392713189125
0.36728823185
0.342840701342
0.319370597601
0.296907007694
0.275410950184
0.254853010178
0.235163971782
0.216289892793
0.198160350323
0.180658325553
0.163692295551
0.147151321173
0.130933821201
0.114894837141
0.0988960489631
0.0828739330173
0.0666984841228
0.0502665266395
0.033458057791
0.0161779969931
-0.00165261118673
-0.0201082769781
-0.0392634905875
-0.0591871738434
-0.079903960228
-0.101412989199
-0.123753458261
-0.14691324532
-0.170851439238
-0.195523396134
-0.220896244049
-0.246890515089
-0.273416727781
-0.300345748663
-0.327598005533
-0.355048805475
-0.382524520159
-0.409901201725
-0.437016546726
-0.463709712029
-0.489821434021
-0.515167951584
-0.539578258991
-0.562883734703
-0.584927558899
-0.605532407761
-0.624533295631
-0.641791701317
-0.657155454159
-0.670503675938
-0.681702375412
-0.690641403198
-0.697247087955
-0.701429724693
-0.70311486721
-0.702264428139
-0.698862731457
-0.692888379097
-0.684023439884
-0.672623932362
-0.658740282059
-0.642423391342
-0.623759925365
-0.602839529514
-0.57978951931
-0.554727077484
-0.527770280838
-0.499108940363
-0.468883007765
-0.437258601189
-0.40444368124
-0.370603650808
-0.335951089859
-0.30068397522
-0.26498618722
-0.22907717526
-0.193160369992
-0.157439351082
-0.122091881931
-0.0873194858432
-0.0533069372177
-0.0202376358211
0.0117422472686
0.0424723476171
0.0718081891537
0.0996087118983
0.125778794289
0.150215417147
0.172829061747
0.193536296487
0.212303057313
0.229090496898
0.243870317936
0.25662279129
0.267229855061
0.275845974684
0.282506138086
0.287255704403
0.290174126625
0.291344076395
0.290850251913
0.288785070181
0.285267978907
0.280415534973
0.274352133274
0.267198830843
0.259095489979
0.250176042318
0.240587025881
0.230458006263
0.219931200147
0.209144741297
0.198236480355
0.187334805727
0.176555156708
0.166027873755
0.155862182379
0.146163001657
0.137019053102
0.128518939018
0.120747894049
0.113762199879
0.107616484165
0.102355733514
0.0980210751295
0.0946125909686
0.0921099632978
0.0905641168356
0.0899679064751
0.0902922898531
0.0915021449327
0.0935624092817
0.0964317843318
0.100046902895
0.104346089065
0.109266668558
0.114743329585
0.12069452554
0.127045840025
0.133723646402
0.140645131469
0.147737026215
0.15492644906
0.162131175399
0.16928601265
0.176331713796
0.183199584484
0.189831987023
0.196184366941
0.20221106708
0.207875475287
0.213140368462
0.217984601855
0.222393780947
0.226353138685
0.229851007462
0.232780739665
0.235222026706
0.23721216619
0.238759815693
0.239882692695
0.240599066019
0.240927577019
0.240886986256
0.240496560931
0.239776447415
0.238745644689
0.237420290709
0.235810637474
0.233927637339
0.231780573726
0.229371666908
0.226694077253
0.223741039634
0.220505177975
0.216970741749
0.213108435273
0.208895981312
0.204304978251
0.199301987886
0.193841412663
0.18788716197
0.181394934654
0.174319550395
0.166614130139
0.158235281706
0.149129167199
0.139247983694
0.128512009978
0.116955518723
0.104538582265
0.0912410989404
0.0770459324121
0.0619358494878
0.0459102131426
0.0289738439023
0.0111416205764
-0.00756256049499
-0.0271190088242
-0.0474775396287
-0.0685859695077
-0.090381629765
-0.112806536257
-0.135762855411
-0.159183740616
-0.18295930326
-0.206986680627
-0.231172069907
-0.255377233028
-0.279485970736
-0.303395211697
-0.326940327883
-0.350022941828
-0.372490286827
-0.394221425056
-0.415074259043
-0.434937268496
-0.453650683165
-0.471122384071
-0.487208217382
-0.501817524433
-0.514819562435
-0.526127994061
-0.535646736622
-0.543056666851
-0.548500001431
-0.551929891109
-0.553298175335
-0.552558839321
-0.549676716328
-0.544639825821
-0.53745663166
-0.528113365173
-0.516637444496
-0.503054022789
-0.487421423197
-0.469786971807
-0.450203895569
-0.428769648075
-0.405564904213
-0.380691021681
-0.35424220562
-0.326344102621
-0.297151118517
-0.266750693321
-0.235310569406
-0.202985778451
-0.169931396842
-0.136271029711
-0.102213680744
-0.0678972527385
-0.0334906093776
0.000821347930469
0.034868914634
0.0684977024794
0.101522028446
0.133788138628
0.165118739009
0.195357069373
0.224360466003
0.251959741116
0.278028488159
0.302423149347
0.325014352798
0.345685184002
0.364322096109
0.380834102631
0.395137637854
0.407137811184
0.416784793139
0.424026072025
0.428830891848
0.431152701378
0.430996388197
0.428373217583
0.423294812441
0.415785193443
0.405894935131
0.393704950809
0.379277080297
0.362695366144
0.34407633543
0.323546558619
0.30120074749
0.277189403772
0.251686125994
0.224891498685
0.196948334575
0.16804869473
0.138375997543
0.108165003359
0.0775873884559
0.0468641407788
0.0162094011903
-0.0141765652224
-0.0440629124641
-0.073222450912
-0.101491473615
-0.128621861339
-0.154423519969
-0.178710609674
-0.201294004917
-0.222002208233
-0.240664288402
-0.257128089666
-0.271254599094
-0.282939851284
-0.292060673237
-0.298515468836
-0.302249461412
-0.303216964006
-0.301370024681
-0.296682953835
-0.289172947407
-0.278876692057
-0.265836685896
-0.250087231398
-0.231738463044
-0.210892423987
-0.187685802579
-0.162234261632
-0.134696647525
-0.105287536979
-0.0741520524025
-0.0415277890861
-0.00761464890093
0.0273323934525
0.0630755275488
0.0993543863297
0.135946124792
0.172566205263
0.208949744701
0.24483269453
0.27995121479
0.314042150974
0.346843123436
0.378095597029
0.407561510801
0.435011327267
0.460215985775
0.482951372862
0.503032267094
0.520291030407
0.534560859203
0.54567939043
0.553532719612
0.558046102524
0.559133172035
0.556717813015
0.550775170326
0.541328310966
0.528385639191
0.511979103088
0.492175936699
0.469082415104
0.442840337753
0.41355958581
0.381418228149
0.346593886614
0.309311062098
0.26979932189
0.228255450726
0.184993639588
0.140268594027
0.0943533852696
0.0475305989385
0.000127728941152
-0.0476005040109
-0.0953047201037
-0.142711758614
-0.189526960254
-0.235458150506
-0.280062586069
-0.323148995638
-0.364508658648
-0.403842180967
-0.440916836262
-0.475464224815
-0.507312119007
-0.536237418652
-0.562066137791
-0.584609806538
-0.603725671768
-0.619328141212
-0.631320953369
-0.639611542225
-0.644160926342
-0.644984662533
-0.642105877399
-0.635547578335
-0.625378549099
-0.611720860004
-0.594702899456
-0.574452161789
-0.551128447056
-0.524917304516
-0.495788067579
-0.463974714279
-0.429860591888
-0.393667697906
-0.355631709099
-0.316010773182
-0.275049418211
-0.232969403267
-0.190090984106
-0.146674975753
-0.103028275073
-0.0594124048948
-0.0161275137216
0.0265955962241
0.0684450343251
0.109173126519
0.148585781455
0.186478465796
0.222597017884
0.256617039442
0.288565188646
0.318269431591
0.345568776131
0.370309978724
0.392365276814
0.411633223295
0.428009092808
0.441408067942
0.451798737049
0.459195166826
0.463622063398
0.465119481087
0.463745236397
0.459609866142
0.452223360538
0.442217975855
0.429639697075
0.41458940506
0.397150456905
0.377456486225
0.355629652739
0.331850588322
0.306309908628
0.279215693474
0.250775843859
0.221211999655
0.190710574389
0.159235581756
0.127095758915
0.094516761601
0.0616515129805
0.0286701675504
-0.00419009570032
-0.0367335490882
-0.068755865097
-0.100071251392
-0.130493760109
-0.159906163812
-0.188171356916
-0.214976578951
-0.240403711796
-0.264380067587
-0.286754399538
-0.307402551174
-0.326185703278
-0.34301891923
-0.357810080051
-0.370523929596
-0.381178557873
-0.389807492495
-0.396110743284
-0.40010792017
-0.402068585157
-0.401957064867
-0.399740308523
-0.395406514406
-0.388991951942
-0.380589842796
-0.370309948921
-0.358282774687
-0.344638288021
-0.329065948725
-0.311886548996
-0.29329931736
-0.273345649242
-0.252125024796
-0.229751706123
-0.206387713552
-0.182185634971
-0.157313302159
-0.131930023432
-0.106138661504
-0.0799008533359
-0.0534613654017
-0.0269143283367
-0.000379195204005
0.0259624607861
0.0519477128983
0.0774506181479
0.102328635752
0.126463636756
0.149788185954
0.172017917037
0.193312048912
0.213568583131
0.232673168182
0.250491738319
0.266916841269
0.281884521246
0.295335501432
0.307261407375
0.317677140236
0.326287835836
0.333184987307
0.338535994291
0.342266857624
0.344331741333
0.344718307257
0.343441933393
0.34054851532
0.336115509272
0.330252766609
0.322950959206
0.313926845789
0.303635060787
0.292097151279
0.279346525669
0.265451312065
0.250491201878
0.234590604901
0.217879369855
0.200504258275
0.182580828667
0.164029806852
0.14498873055
0.125645563006
0.106065526605
0.08637303859
0.0666844472289
0.0471038408577
0.0277779046446
0.00881709717214
-0.00966490991414
-0.0276090335101
-0.044902227819
-0.0615097135305
-0.077365398407
-0.0923814997077
-0.106491610408
-0.119596019387
-0.13162688911
-0.142513662577
-0.152237087488
-0.160767242312
-0.168097287416
-0.174192339182
-0.178871378303
-0.182349175215
-0.184599250555
-0.18560141325
-0.185353666544
-0.183874100447
-0.181189909577
-0.177337527275
-0.172367870808
-0.166354313493
-0.159368664026
-0.151472717524
-0.14258800447
-0.132858142257
-0.122391797602
-0.111253619194
-0.0995094403625
-0.0872363373637
-0.0745137780905
-0.0614316500723
-0.0480890274048
-0.0345778912306
-0.0209799613804
-0.00738737918437
0.00612618913874
0.0194859318435
0.0325973071158
0.0454175695777
0.057870939374
0.0698892995715
0.0814045146108
0.0923510864377
0.102657437325
0.112263299525
0.121110662818
0.129166960716
0.136385083199
0.142732471228
0.148181915283
0.15272153914
0.156340792775
0.159027516842
0.160736486316
0.161399140954
0.161130025983
0.159929439425
0.157800242305
0.154756382108
0.150823220611
0.146020233631
0.1403747648
0.133925825357
0.126710534096
0.118776477873
0.110164776444
0.100934647024
0.091133415699
0.0808222144842
0.070057824254
0.0588925927877
0.0473980940878
0.0356231331825
0.023627653718
0.0114776976407
-0.000767795019783
-0.0130498269573
-0.02531542629
-0.0375041812658
-0.0495375730097
-0.0613739043474
-0.0729646235704
-0.0842552185059
-0.0951916724443
-0.105728067458
-0.115823194385
-0.125430643559
-0.134511634707
-0.143026143312
-0.150942921638
-0.158223047853
-0.164843350649
-0.170780345798
-0.176010251045
-0.180507928133
-0.184261098504
-0.187259912491
-0.189489260316
-0.190942689776
-0.19161580503
-0.191509723663
-0.190626174212
-0.188967198133
-0.18654063344
-0.183361724019
-0.179440617561
-0.174795001745
-0.169441848993
-0.163410827518
-0.156721323729
-0.149402052164
-0.141486272216
-0.133010134101
-0.124010026455
-0.114523738623
-0.104590944946
-0.0942625179887
-0.0835578292608
-0.072549007833
-0.0613027624786
-0.0498816817999
-0.0383428521454
-0.0267390608788
-0.0151374964043
-0.0035951982718
0.00781935080886
0.0190427005291
0.0300159230828
0.0406692102551
0.0509420000017
0.0607707239687
0.0700904652476
0.0788411274552
0.086966611445
0.0944138839841
0.101131923497
0.107076473534
0.112201534212
0.116470135748
0.11971039325
0.122013650835
0.123350843787
0.123705923557
0.123064607382
0.121411219239
0.118740826845
0.115064769983
0.110401652753
0.104762993753
0.09818816185
0.0907222926617
0.0824082866311
0.0731925815344
0.0632736757398
0.0527319796383
0.0416198074818
0.0300124231726
0.0179892741144
0.00564778409898
-0.00693564210087
-0.0196638759226
-0.0324437022209
-0.0451317168772
-0.0575538873672
-0.0696320161223
-0.0812441036105
-0.0922819674015
-0.102638915181
-0.112225040793
-0.120948456228
-0.128738164902
-0.135390415788
-0.140766054392
-0.144903674722
-0.147702097893
-0.149089246988
-0.149006739259
-0.147416621447
-0.144314587116
-0.139611586928
-0.133217945695
-0.125332221389
-0.115944243968
-0.105045460165
-0.0926662385464
-0.0788503885269
-0.063667088747
-0.0471377260983
-0.0295395124704
-0.0109806535766
0.00844188593328
0.0286476444453
0.0495365932584
0.0710235834122
0.0927923768759
0.114600650966
0.136331871152
0.157806277275
0.178890421987
0.199511885643
0.21963275969
0.238451391459
0.256220400333
0.272723317146
0.287784487009
0.30131149292
0.313349574804
0.323395848274
0.331380009651
0.337426364422
0.34135171771
0.343099743128
0.342756569386
0.340093523264
0.33495002985
0.32776927948
0.318390995264
0.306820958853
0.293214976788
0.277452200651
0.259645670652
0.240286111832
0.219308853149
0.196762830019
0.172836408019
0.147507831454
0.121265031397
0.0943881198764
0.0669362992048
0.0389668829739
0.0106308711693
-0.0178113672882
-0.045871604234
-0.0734674707055
-0.100478164852
-0.126874908805
-0.152551546693
-0.17687009275
-0.199877247214
-0.22142252326
-0.241456478834
-0.260098993778
-0.276751697063
-0.291471987963
-0.30426710844
-0.315026193857
-0.323864221573
-0.330727934837
-0.335154473782
-0.337675362825
-0.338108718395
-0.336527049541
-0.333215922117
-0.327422738075
-0.320056319237
-0.31100332737
-0.300247937441
-0.288020282984
-0.274097591639
-0.25892573595
-0.242746978998
-0.225497707725
-0.207322657108
-0.188285663724
-0.168556064367
-0.148604258895
-0.128361865878
-0.107902444899
-0.0873497277498
-0.0668026730418
-0.046756464988
-0.0271612256765
-0.00806342158467
0.0104916756973
0.0283058974892
0.0451027899981
0.0608574077487
0.0755466222763
0.0891989246011
0.101631946862
0.112672768533
0.122353598475
0.130649268627
0.137608200312
0.143174558878
0.147176533937
0.149804115295
0.151000276208
0.150834694505
0.149394229054
0.146418973804
0.142322063446
0.137049630284
0.130639255047
0.123227603734
0.114660769701
0.105349779129
0.0953133702278
0.0845819711685
0.0732483044267
0.0613422580063
0.0491327531636
0.0367484986782
0.0242194384336
0.0115993153304
-0.00104923581239
-0.0134926252067
-0.0255923382938
-0.0373068414629
-0.0485915318131
-0.0594422072172
-0.0696131661534
-0.0790373086929
-0.0876631140709
-0.0954432040453
-0.102395609021
-0.108436845243
-0.113368041813
-0.117306806147
-0.120180301368
-0.121983960271
-0.122784003615
-0.122337266803
-0.120841629803
-0.118298336864
-0.114683076739
-0.110039047897
-0.104401469231
-0.0976625010371
-0.0901248455048
-0.0817527920008
-0.0725606009364
-0.0626151412725
-0.0519344359636
-0.0406658127904
-0.028969578445
-0.0168751161546
-0.00441510882229
0.00836134981364
0.0213655643165
0.034380607307
0.0473305247724
0.0601523704827
0.0728064477444
0.0852724835277
0.0974419564009
0.109060518444
0.120176427066
0.13069280982
0.140578046441
0.149841234088
0.158496782184
0.166109323502
0.17297308147
0.178992897272
0.184117808938
0.188370883465
0.191830873489
0.19430719316
0.195788666606
0.196470856667
0.196295723319
0.195261895657
0.193434998393
0.190917789936
0.187503382564
0.183373570442
0.178682371974
0.173406094313
0.167564719915
0.161220505834
0.154467090964
0.147269278765
0.139628738165
0.131797149777
0.123769871891
0.11555621773
0.107185333967
0.0987132042646
0.0901951566339
0.0815880894661
0.072995044291
0.0645154044032
0.0561458095908
0.0478830337524
0.0397411994636
0.0317375101149
0.0238847378641
0.0161903966218
0.00865763053298
0.00135249784216
-0.00573566555977
-0.0126149291173
-0.0192904323339
-0.0257687587291
-0.0320600643754
-0.0381736978889
-0.0441287904978
-0.0498989783227
-0.0554472059011
-0.0608239769936
-0.066030561924
-0.0710712298751
-0.0759485810995
-0.0806674659252
-0.0852325037122
-0.0896521508694
-0.093940526247
-0.0981019362807
-0.10214984417
-0.105936482549
-0.109579190612
-0.113082028925
-0.11643525213
-0.119630858302
-0.122663535178
-0.125526607037
-0.128217682242
-0.130732610822
-0.133073076606
-0.13523863256
-0.137230485678
-0.139050498605
-0.140696942806
-0.142172127962
-0.143443495035
-0.144442096353
-0.145264923573
-0.145909905434
-0.146375104785
-0.146658882499
-0.146760329604
-0.146679192781
-0.146415680647
-0.145970568061
-0.14534458518
-0.144538640976
-0.143554091454
-0.14239127934
-0.141051843762
-0.139536097646
-0.137842670083
-0.135973110795
-0.133926928043
-0.131701692939
-0.129295796156
-0.126708909869
-0.123937658966
-0.120980620384
-0.117835231125
-0.114497348666
-0.110964037478
-0.107236012816
-0.103305086493
-0.0991742089391
-0.094839759171
-0.0902984440327
-0.0855512470007
-0.0805948600173
-0.0754349157214
-0.0700691789389
-0.0645029395819
-0.0587420798838
-0.0527865067124
-0.0466476045549
-0.0403342805803
-0.0338553749025
-0.0272218380123
-0.0204485002905
-0.0135537208989
-0.00654391758144
0.000559522130061
0.00773975765333
0.0149833709002
0.0222658813
0.0295734368265
0.0368793345988
0.0441650152206
0.0513991042972
0.0585529766977
0.0655961707234
0.0725016593933
0.0792349427938
0.0857803821564
0.0921141952276
0.0982312858105
0.103976093233
0.109457880259
0.114659026265
0.119545318186
0.124082900584
0.128238365054
0.13198544085
0.135318905115
0.138248711824
0.140798121691
0.142756253481
0.144287094474
0.14541092515
0.146093308926
0.146310165524
0.146060034633
0.145373672247
0.144309073687
0.142797887325
0.140776351094
0.138413786888
0.135681986809
0.132578611374
0.12913826108
0.125427216291
0.121533572674
0.117205329239
0.112699002028
0.108005642891
0.103135190904
0.0981325730681
0.0930833816528
0.0880364105105
0.0828363746405
0.0776633024216
0.07251637429
0.0674279257655
0.0624687112868
0.0577206611633
0.053055446595
0.0485754944384
0.0442977100611
0.0402570143342
0.036506831646
0.033101182431
0.0299372766167
0.0270886663347
0.024569708854
0.0224017743021
0.0206171777099
0.0192046482116
0.0181210227311
0.0174114219844
0.0170730855316
0.0171058699489
0.0175074897707
0.0182087868452
0.0192641206086
0.0206546988338
0.0223504267633
0.0243299324065
0.0265265591443
0.0289880540222
0.0316927656531
0.0345830619335
0.0376302190125
0.0407482609153
0.0440059415996
0.0473682805896
0.0507546216249
0.0541499778628
0.0574337951839
0.0607210509479
0.0639367476106
0.0670044347644
0.0699432119727
0.0725671648979
0.0750679299235
0.0773098319769
0.07926569134
0.0809031948447
0.0821736082435
0.0831340551376
0.0836904719472
0.0838961973786
0.0835999399424
0.0829098969698
0.0817621573806
0.0801634117961
0.0781485959888
0.0755899995565
0.0725636705756
0.0690489113331
0.0651565715671
0.0607322007418
0.0558240488172
0.05043355003
0.0446626730263
0.0385432392359
0.0319327227771
0.0248788073659
0.0174884982407
0.00988062657416
0.00191989471205
-0.0064254659228
-0.0150322029367
-0.0237645469606
-0.0326055176556
-0.0417508594692
-0.051050785929
-0.0603641010821
-0.069576472044
-0.0789458602667
-0.088344797492
-0.0976131558418
-0.106644667685
-0.115591883659
-0.124470591545
-0.133071094751
-0.14133785665
-0.149233207107
-0.15697054565
-0.164287358522
-0.171245232224
-0.17751288414
-0.183556944132
-0.189062640071
-0.194148734212
-0.198377221823
-0.202274680138
-0.205553561449
-0.20831283927
-0.210233867168
-0.211661010981
-0.212432846427
-0.212626129389
-0.212060377002
-0.210861250758
-0.209007278085
-0.206553965807
-0.203483864665
-0.199683532119
-0.195264577866
-0.190262615681
-0.184818416834
-0.178612977266
-0.171869516373
-0.164593055844
-0.157056570053
-0.148808568716
-0.140128552914
-0.13101297617
-0.121774710715
-0.112014971673
-0.101914003491
-0.0915122404695
-0.0810524225235
-0.0704315081239
-0.0595445893705
-0.0484850555658
-0.0374761782587
-0.0265938676894
-0.0155899906531
-0.00456794863567
0.00629107421264
0.0168389566243
0.027250085026
0.0375646352768
0.0475855022669
0.0572094283998
0.0663856938481
0.0753548964858
0.0839295461774
0.0920019224286
0.0994901284575
0.106556944549
0.113181866705
0.119209215045
0.124695070088
0.129413127899
0.133707761765
0.137372553349
0.140428245068
0.142777606845
0.144517734647
0.145669788122
0.146166563034
0.146179050207
0.14532224834
0.143986582756
0.142037346959
0.13954654336
0.136573553085
0.13293685019
0.128829345107
0.124211102724
0.119231812656
0.113839924335
0.107985720038
0.101764731109
0.0952110514045
0.088495194912
0.0815289020538
0.0743040442467
0.0668853446841
0.0593462325633
0.0518302433193
0.0443135946989
0.0367345400155
0.0291663259268
0.0216896571219
0.0144142797217
0.00738011253998
0.000504423340317
-0.00616471935064
-0.0125588895753
-0.0185932554305
-0.0242358651012
-0.0294576641172
-0.0343262180686
-0.0387830361724
-0.0427632443607
-0.046245444566
-0.0492134466767
-0.0516493469477
-0.0536124892533
-0.055047288537
-0.0559340454638
-0.0562978759408
-0.0561404898763
-0.0554285235703
-0.0542312078178
-0.0525240898132
-0.050324447453
-0.0476848222315
-0.0446622669697
-0.0411650650203
-0.0372958891094
-0.0330632030964
-0.0285069476813
-0.0236808191985
-0.0186472199857
-0.0134452832863
-0.00806843023747
-0.0025623657275
0.00303106405772
0.00865273736417
0.0142346061766
0.0197292268276
0.0250969976187
0.030269023031
0.0352526269853
0.0400135666132
0.044496551156
0.0486424081028
0.0524038039148
0.0557509995997
0.0586735121906
0.0610966980457
0.0630131289363
0.0644332319498
0.0653207600117
0.0656480565667
0.0653980448842
0.0645633935928
0.0631496086717
0.0611758828163
0.0586281530559
0.0554651394486
0.0517503619194
0.0474888905883
0.0426962971687
0.0373980849981
0.0316173434258
0.0253951083869
0.0187812838703
0.0118123972788
0.0045348755084
-0.00301982020028
-0.0108164614066
-0.0188114922494
-0.0269507430494
-0.0351878553629
-0.0434539690614
-0.051690377295
-0.0598306581378
-0.067823112011
-0.0756036564708
-0.0831255912781
-0.0903368368745
-0.0971973091364
-0.103567257524
-0.109457306564
-0.114848323166
-0.119687624276
-0.123925678432
-0.127511039376
-0.130410283804
-0.132582843304
-0.133993968368
-0.134620591998
-0.134450390935
-0.133472681046
-0.131677851081
-0.129061967134
-0.12563636899
-0.121412284672
-0.116396158934
-0.110561169684
-0.103921532631
-0.0965603441
-0.0885047242045
-0.0797842741013
-0.0704371035099
-0.0605168268085
-0.0500740371644
-0.0391554050148
-0.0278331749141
-0.0161638166755
-0.00422120792791
0.00792559236288
0.0202096756548
0.0325424745679
0.0448591187596
0.0570704378188
0.0691116601229
0.0809005051851
0.092360638082
0.103410005569
0.113985903561
0.124014884233
0.133429259062
0.142160817981
0.150145754218
0.157328024507
0.163662970066
0.169092774391
0.173573374748
0.177074119449
0.179563805461
0.181015104055
0.181389585137
0.180667072535
0.178878843784
0.176024854183
0.172110259533
0.1671551615
0.161192342639
0.15424901247
0.146361514926
0.137573063374
0.127953141928
0.117545418441
0.106419436634
0.0946499034762
0.0823041051626
0.0694798007607
0.0562393814325
0.0426920354366
0.0289105493575
0.015001677908
0.00105937244371
-0.0128282932565
-0.026558579877
-0.040035482496
-0.0531704127789
-0.0658740326762
-0.0780526697636
-0.0896191596985
-0.100488632917
-0.110594823956
-0.119864612818
-0.128230541945
-0.13563272357
-0.142021581531
-0.147357851267
-0.151604428887
-0.154721587896
-0.156670466065
-0.15746730566
-0.157110467553
-0.155600562692
-0.152958631516
-0.149216294289
-0.144397214055
-0.138541564345
-0.131697505713
-0.123926185071
-0.115290410817
-0.105845734477
-0.0956752076745
-0.0848599523306
-0.0734868645668
-0.0616303756833
-0.049395211041
-0.0368642359972
-0.0241439826787
-0.0113241588697
0.00149853550829
0.0142270680517
0.0267641302198
0.0390104837716
0.0508886687458
0.0622989721596
0.0731582641602
0.083382204175
0.0929093584418
0.101656481624
0.109566040337
0.116577774286
0.122643768787
0.127720102668
0.131766006351
0.134755536914
0.13667306304
0.137502685189
0.137232497334
0.135869473219
0.133428007364
0.129923984408
0.125374361873
0.119817785919
0.1132626459
0.105766162276
0.0974073186517
0.0882450342178
0.0783503428102
0.0677845850587
0.0566284917295
0.044945821166
0.0328344926238
0.0203646719456
0.0076259477064
-0.00529985781759
-0.0183185227215
-0.0313356332481
-0.0442815944552
-0.0570523254573
-0.0695733129978
-0.0817471593618
-0.0935044139624
-0.104763835669
-0.115450061858
-0.125488474965
-0.134818911552
-0.143374860287
-0.151106610894
-0.157950863242
-0.163872212172
-0.168829008937
-0.172790691257
-0.175719633698
-0.177601486444
-0.17838332057
-0.178030595183
-0.176600962877
-0.174105450511
-0.170558393002
-0.165973678231
-0.160371378064
-0.153789609671
-0.14626263082
-0.137827262282
-0.128527164459
-0.11841763556
-0.107560299337
-0.0960072204471
-0.0838212817907
-0.0710790529847
-0.0578459538519
-0.0441930256784
-0.0302020460367
-0.0159455686808
-0.00150905724149
0.0130421556532
0.0276084020734
0.0421303324401
0.0565080232918
0.070682913065
0.0845592394471
0.0980833098292
0.111167989671
0.123741053045
0.135737717152
0.147107809782
0.15777041018
0.167593494058
0.176595881581
0.184736534953
0.191966876388
0.198246747255
0.203551456332
0.207853481174
0.211129143834
0.21335811913
0.214536398649
0.21466037631
0.213726982474
0.211742222309
0.20872181654
0.204689249396
0.199661120772
0.193665206432
0.186744317412
0.178939804435
0.170289084315
0.160845398903
0.150662571192
0.139803752303
0.128322467208
0.116289183497
0.103768877685
0.0908379331231
0.0775672644377
0.0640243589878
0.050284858793
0.0364309586585
0.0225315634161
0.00866741407663
-0.00508824177086
-0.0186688434333
-0.0320019908249
-0.0450151674449
-0.0576454699039
-0.0698360577226
-0.0815253183246
-0.092656865716
-0.103189855814
-0.113072425127
-0.122266001999
-0.130735978484
-0.138461738825
-0.145413577557
-0.151568561792
-0.156887516379
-0.161401093006
-0.165108382702
-0.168013453484
-0.170133128762
-0.171487152576
-0.172096118331
-0.171983778477
-0.171186566353
-0.169742792845
-0.167689457536
-0.165066868067
-0.161924436688
-0.158309459686
-0.15427069366
-0.149859949946
-0.145126894116
-0.140125915408
-0.134906619787
-0.129519328475
-0.124014049768
-0.11843521148
-0.112829811871
-0.10724350065
-0.101709537208
-0.0962657555938
-0.0909447669983
-0.085775770247
-0.0807808339596
-0.0759765431285
-0.0713818743825
-0.067010730505
-0.0628627613187
-0.0589392334223
-0.0552412979305
-0.0517648085952
-0.0484948903322
-0.0454134792089
-0.0425083525479
-0.0397575497627
-0.0371354483068
-0.0346137024462
-0.0321651920676
-0.0297600328922
-0.0273664090782
-0.0249502081424
-0.02247848548
-0.0199199300259
-0.0172414015979
-0.0144109679386
-0.0113967936486
-0.00817238260061
-0.00471200188622
-0.000991452950984
0.00301331747323
0.00731753138825
0.0119342608377
0.0168746486306
0.0221469216049
0.0277582127601
0.0336980558932
0.0399636738002
0.0465461798012
0.0534367486835
0.0606064125896
0.0680357217789
0.0756980255246
0.0835689753294
0.0916031673551
0.0997661724687
0.108019523323
0.116318464279
0.124613508582
0.132851362228
0.140986308455
0.148965641856
0.15673455596
0.1642383039
0.171418786049
0.178225815296
0.184606328607
0.190507262945
0.195875808597
0.200664415956
0.204827070236
0.208323508501
0.211106985807
0.2131447047
0.214407816529
0.214867576957
0.214496478438
0.213277965784
0.21120454371
0.208267211914
0.204456165433
0.199780836701
0.194253310561
0.18789075315
0.180701747537
0.172717303038
0.163977697492
0.154510468245
0.144361585379
0.133574858308
0.122199565172
0.1103015095
0.0979309678078
0.0851515308022
0.0720314383507
0.0586454421282
0.0450492016971
0.0313212312758
0.017535770312
0.00377358845435
-0.00990452989936
-0.023412887007
-0.0366927459836
-0.0496596880257
-0.0622550733387
-0.0744021683931
-0.0860461890697
-0.0971314907074
-0.107587426901
-0.117375046015
-0.126441895962
-0.134749874473
-0.142257407308
-0.14893989265
-0.154770955443
-0.15973418951
-0.163812935352
-0.16700053215
-0.169304713607
-0.170731708407
-0.171287208796
-0.170994505286
-0.169883385301
-0.167985424399
-0.165330603719
-0.161964446306
-0.157940670848
-0.153306975961
-0.148120269179
-0.142437085509
-0.13632582128
-0.12985265255
-0.123083986342
-0.116090014577
-0.108942724764
-0.101714067161
-0.0944757536054
-0.0872938036919
-0.0802433863282
-0.0733859464526
-0.0667954906821
-0.0605248399079
-0.0546324178576
-0.0491733551025
-0.0442013442516
-0.0397568717599
-0.0358740799129
-0.0325856469572
-0.029926944524
-0.0279111806303
-0.0265482254326
-0.0258447173983
-0.0258073061705
-0.0264247469604
-0.027676505968
-0.0295429416001
-0.0320035591722
-0.0350195430219
-0.0385455936193
-0.0425364635885
-0.0469452813268
-0.0517128556967
-0.0567773208022
-0.0620717927814
-0.0675308555365
-0.0730824843049
-0.0786520466208
-0.0841648727655
-0.0895491093397
-0.0947276130319
-0.0996263101697
-0.104171134531
-0.108291193843
-0.111918486655
-0.114990308881
-0.117444008589
-0.119219131768
-0.120269432664
-0.120551578701
-0.120024427772
-0.118647992611
-0.116402372718
-0.11327124387
-0.10924064368
-0.10429970175
-0.0984545722604
-0.0917260870337
-0.0841234773397
-0.0756647661328
-0.06639649719
-0.0563540458679
-0.0455859862268
-0.0341342240572
-0.0220736190677
-0.00946003571153
0.00363266537897
0.0171411335468
0.0309769175947
0.0450519807637
0.0592847429216
0.0735979154706
0.0878966972232
0.102092705667
0.116104081273
0.129836544394
0.143206566572
0.156137362123
0.168539837003
0.180334433913
0.191457033157
0.201834782958
0.211400359869
0.220095783472
0.227869585156
0.234677702188
0.240478128195
0.245230406523
0.248915076256
0.25151604414
0.253014534712
0.253401398659
0.25268471241
0.250875473022
0.247983157635
0.244027480483
0.239043027163
0.233063101768
0.226126164198
0.218271508813
0.209557190537
0.200034469366
0.189763456583
0.178804889321
0.167221114039
0.155085504055
0.142466515303
0.129422262311
0.116043426096
0.102390646935
0.0885431692004
0.0745662748814
0.0605368353426
0.0465187355876
0.0325888544321
0.0188069790602
0.00524162640795
-0.0080452663824
-0.0209980215877
-0.0335611961782
-0.0456792451441
-0.0573028624058
-0.0683882907033
-0.0788944810629
-0.0887816548347
-0.0980153977871
-0.106565989554
-0.114404767752
-0.121516153216
-0.127880290151
-0.133475974202
-0.138294890523
-0.142335265875
-0.145592153072
-0.148060888052
-0.149747893214
-0.150663673878
-0.150816932321
-0.150218069553
-0.148886054754
-0.146811231971
-0.144018873572
-0.140562325716
-0.136470034719
-0.131773650646
-0.126507729292
-0.120706401765
-0.114402391016
-0.107645183802
-0.100464716554
-0.0929094403982
-0.0850251466036
-0.0768541321158
-0.0684424042702
-0.0598414987326
-0.0510972440243
-0.0422597751021
-0.0333834439516
-0.0245150364935
-0.0157101415098
-0.00701635843143
0.00151062116493
0.00982772279531
0.0178736615926
0.0256096515805
0.0329786278307
0.0399374365807
0.0464385449886
0.052440688014
0.0578997544944
0.0627754405141
0.0670353323221
0.070644184947
0.0735666528344
0.0757797509432
0.0772616118193
0.0779895484447
0.0779004842043
0.0770321786404
0.0753826349974
0.0729480534792
0.0697297900915
0.0657444819808
0.061007257551
0.0555346831679
0.0493531599641
0.04249657318
0.0350061357021
0.0269166603684
0.018274160102
0.0091352397576
-0.000438439310528
-0.0103887747973
-0.0206550061703
-0.0311655271798
-0.0418486893177
-0.0526274740696
-0.0634255185723
-0.0741742774844
-0.0847799703479
-0.0951794758439
-0.105285219848
-0.115019991994
-0.124299220741
-0.132966130972
-0.141020223498
-0.148398131132
-0.155028894544
-0.160852491856
-0.165815740824
-0.16987170279
-0.172969058156
-0.175069496036
-0.176147758961
-0.176180154085
-0.175144687295
-0.173032999039
-0.169851005077
-0.165607601404
-0.16031229496
-0.153988525271
-0.146675676107
-0.138406768441
-0.129219323397
-0.11917617172
-0.108323276043
-0.0967009589076
-0.0843658596277
-0.0714645832777
-0.0580622889102
-0.0442364141345
-0.0300736576319
-0.0156600829214
-0.00107612239663
0.0135905556381
0.0282391961664
0.0427961312234
0.05717420578
0.0712801963091
0.0850336104631
0.0983652323484
0.111194245517
0.123447805643
0.135070696473
0.146007701755
0.156193137169
0.165585339069
0.173984467983
0.181483194232
0.188057631254
0.193678587675
0.19833086431
0.202003881335
0.204686850309
0.206378832459
0.207091450691
0.206839114428
0.205637067556
0.203512877226
0.200504332781
0.196648076177
0.191985219717
0.186564832926
0.180437535048
0.173658326268
0.166279822588
0.15821570158
0.149681568146
0.140737488866
0.131438687444
0.121849834919
0.112018115819
0.102004729211
0.0918607711792
0.0816489905119
0.0714145377278
0.0612167790532
0.0511057339609
0.0411228053272
0.0313183255494
0.0217368453741
0.0124146472663
0.00338381552137
-0.00532798655331
-0.013675102964
-0.02162097767
-0.0291494634002
-0.0362433120608
-0.0428910367191
-0.049079362303
-0.0548071675003
-0.060064420104
-0.0648503303528
-0.069163620472
-0.0730116665363
-0.0763952061534
-0.0793263912201
-0.0818162411451
-0.0838776901364
-0.0855250433087
-0.0867731198668
-0.0876286551356
-0.0880394950509
-0.0880999490619
-0.0878278836608
-0.0872407853603
-0.0863557308912
-0.085190244019
-0.0837623029947
-0.0820923224092
-0.0801985561848
-0.0781034007668
-0.0758265405893
-0.0733909904957
-0.0708204209805
-0.0681351348758
-0.0653589218855
-0.0625142306089
-0.0596229955554
-0.0566561222076
-0.053683154285
-0.0507330670953
-0.0478226058185
-0.0449717789888
-0.0421965308487
-0.0395145975053
-0.0369430929422
-0.0344969592988
-0.0321946889162
-0.0300518404692
-0.0280819665641
-0.0262995362282
-0.0247164554894
-0.0233450941741
-0.0221936292946
-0.021268190816
-0.0205600596964
-0.0200821794569
-0.0198401287198
-0.0198299009353
-0.0200476776809
-0.020487036556
-0.0211365427822
-0.0219844803214
-0.0230188127607
-0.024225557223
-0.0255857631564
-0.0270803794265
-0.0286924559623
-0.0303989332169
-0.0321769714355
-0.0340041220188
-0.035854652524
-0.0376866385341
-0.0394606292248
-0.0411700233817
-0.042787861079
-0.044284388423
-0.0456325858831
-0.0468029156327
-0.0477693490684
-0.0485078245401
-0.0489946827292
-0.0492066964507
-0.0491249747574
-0.0487341247499
-0.0480183623731
-0.0469635426998
-0.0455607436597
-0.0438046604395
-0.0416871830821
-0.0391725823283
-0.0362981185317
-0.0330740623176
-0.0295050349087
-0.0256007388234
-0.0213727708906
-0.0168412197381
-0.0120206838474
-0.00693435315043
-0.00160391279496
0.0039394996129
0.00967177283019
0.0155628630891
0.0215775426477
0.027686426416
0.0338576212525
0.0400575175881
0.0462517477572
0.0523569360375
0.0583586841822
0.064227797091
0.0699346810579
0.0754386484623
0.0807083845139
0.08571087569
0.0904182270169
0.0948002338409
0.0988310426474
0.1024883762
0.105754010379
0.108608841896
0.111039407551
0.113039240241
0.114600643516
0.115716263652
0.116387426853
0.116616994143
0.116304367781
0.115549884737
0.11436971277
0.112775675952
0.110777519643
0.108388252556
0.105627305806
0.102514095604
0.0990652143955
0.0953057408333
0.0912612006068
0.0869535580277
0.082414701581
0.0776655599475
0.0727379992604
0.0676597505808
0.0624556466937
0.0571513846517
0.0517742373049
0.0463463328779
0.0408665984869
0.0353856012225
0.0299306325614
0.0245230309665
0.0191798210144
0.0139094321057
0.00873228535056
0.0036568462383
-0.00130575918593
-0.00614578928798
-0.0108580905944
-0.0154332127422
-0.019868761301
-0.0241609904915
-0.0283102765679
-0.0323134884238
-0.0361736677587
-0.039891730994
-0.0434722490609
-0.0469165220857
-0.0502303503454
-0.0534164011478
-0.0564539395273
-0.0593486614525
-0.062120527029
-0.0647736638784
-0.0673108026385
-0.0697316229343
-0.0720395818353
-0.0742313712835
-0.0763089582324
-0.0782708600163
-0.0801128521562
-0.0818317458034
-0.0834250822663
-0.0848875790834
-0.0862138941884
-0.0873975604773
-0.088432893157
-0.0893135294318
-0.0900317057967
-0.0905803516507
-0.0909518525004
-0.0911389738321
-0.0911346897483
-0.090931430459
-0.0905221030116
-0.0899011567235
-0.08902207762
-0.087908051908
-0.0865691751242
-0.0850051790476
-0.0832145661116
-0.0811987444758
-0.0789568275213
-0.0764939188957
-0.0738181248307
-0.0709328204393
-0.067846044898
-0.0645728632808
-0.0611227974296
-0.0575099438429
-0.0537476651371
-0.0498555600643
-0.0458517409861
-0.0417543686926
-0.037583231926
-0.0333575382829
-0.0291003771126
-0.0248308703303
-0.0205741059035
-0.0163472015411
-0.0121731767431
-0.00807274039835
-0.00406269542873
-0.00016265148588
0.00360981700942
0.00723774731159
0.0107082147151
0.0140113951638
0.0171341169626
0.0200660731643
0.0228022485971
0.0253290832043
0.0276519693434
0.029768127948
0.0316815301776
0.0333973355591
0.0349206365645
0.036258790642
0.0374226383865
0.0384244695306
0.0392765402794
0.0399924851954
0.040589299053
0.0410837344825
0.0414928607643
0.0418342500925
0.0421266071498
0.0423882380128
0.0426379851997
0.0428935103118
0.0431713685393
0.0434881672263
0.0438601970673
0.0443015620112
0.0448233187199
0.0454363413155
0.0461517907679
0.0469765178859
0.0479135029018
0.0489655062556
0.0501357577741
0.0514213554561
0.0528171360493
0.0543167516589
0.0559121966362
0.0575938038528
0.0593456290662
0.0611523874104
0.0629986524582
0.0648662745953
0.066732339561
0.0685747861862
0.0703715085983
0.072099275887
0.0737317055464
0.0752433016896
0.0766086950898
0.0778033137321
0.0788016319275
0.0795788764954
0.0801105350256
0.0803748369217
0.0803516581655
0.0800212025642
0.0793640688062
0.0783652067184
0.0770137682557
0.0752987712622
0.0732084512711
0.0707395300269
0.0678922533989
0.064666993916
0.0610645078123
0.0570907630026
0.0527601204813
0.0480829887092
0.0430770367384
0.0377573296428
0.0321507267654
0.0262788049877
0.0201689247042
0.0138512672856
0.00735971843824
0.000724870129488
-0.00601301109418
-0.0128264203668
-0.019666114822
-0.0264991726726
-0.0332829318941
-0.0399773046374
-0.0465448983014
-0.0529420636594
-0.0591285564005
-0.0650689080358
-0.0707209631801
-0.0760537609458
-0.0810306593776
-0.085617236793
-0.0897857695818
-0.0935086458921
-0.0967599377036
-0.0995164960623
-0.101763166487
-0.103485047817
-0.104667849839
-0.10530295223
-0.105389602482
-0.104928173125
-0.103918746114
-0.102368317544
-0.100291326642
-0.0977043360472
-0.0946216732264
-0.0910678133368
-0.0870669856668
-0.0826548039913
-0.0778571069241
-0.0727098286152
-0.0672533288598
-0.0615255124867
-0.0555697269738
-0.0494283922017
-0.0431443043053
-0.0367668420076
-0.0303421653807
-0.0239129327238
-0.0175283066928
-0.011230725795
-0.00507225329056
0.000909397087526
0.00667397677898
0.0121792824939
0.0173820611089
0.0222460441291
0.0267450343817
0.0308490246534
0.0345326028764
0.0377679020166
0.0405393429101
0.0428357645869
0.0446433313191
0.0459510758519
0.0467588491738
0.0470702759922
0.0468896999955
0.0462217405438
0.0450810194016
0.0434869751334
0.0414615049958
0.0390220023692
0.0361995659769
0.0330248102546
0.0295306816697
0.0257540680468
0.0217267926782
0.0174960847944
0.0130994049832
0.00858024321496
0.00397871108726
-0.000659373181406
-0.00529054133222
-0.00987382046878
-0.014364941977
-0.018726605922
-0.0229175016284
-0.0268987994641
-0.0306358858943
-0.0340962335467
-0.0372519530356
-0.0400640293956
-0.0424991324544
-0.0445489250124
-0.0461999177933
-0.0474319159985
-0.0482307374477
-0.0485895462334
-0.0485058389604
-0.047976911068
-0.0470005050302
-0.0455841869116
-0.0437407232821
-0.0414816848934
-0.0388211160898
-0.0357776992023
-0.0323788635433
-0.0286509823054
-0.0246184617281
-0.0203136373311
-0.0157697536051
-0.0110244518146
-0.00611063977703
-0.00106728170067
0.00406655995175
0.00925469771028
0.0144560122862
0.0196352824569
0.0247527193278
0.0297565776855
0.0346197262406
0.0393102504313
0.0437925495207
0.0480345860124
0.0520060174167
0.0556725300848
0.0590079240501
0.0619903281331
0.0645959749818
0.0668003931642
0.0685876458883
0.0699481517076
0.0708712413907
0.0713478401303
0.0713742822409
0.0709550827742
0.0700954943895
0.0688011571765
0.0670804530382
0.0649499744177
0.0624286159873
0.0595338977873
0.0562504641712
0.0526220090687
0.048687633127
0.0444742925465
0.0400055535138
0.0353142246604
0.0304308850318
0.0253913607448
0.0202296804637
0.0149792395532
0.0096774334088
0.00436446582898
-0.000922047824133
-0.00614809896797
-0.0112784346566
-0.0162758156657
-0.0211063046008
-0.0257408451289
-0.0301499627531
-0.034309849143
-0.0381849817932
-0.0417309626937
-0.0449573434889
-0.0478413403034
-0.0503637678921
-0.0525066480041
-0.0542563535273
-0.0556047856808
-0.0565425269306
-0.057061843574
-0.0571611523628
-0.0568455271423
-0.0561208575964
-0.0549931898713
-0.0534739978611
-0.0515801906586
-0.0493308193982
-0.0467422306538
-0.0438327901065
-0.0405986048281
-0.0370787009597
-0.0333095937967
-0.0293143820018
-0.0251180399209
-0.0207497980446
-0.0162442997098
-0.0116256382316
-0.00693108607084
-0.00219467887655
0.00255430280231
0.00727491639555
0.0119393989444
0.0165171884
0.0209763776511
0.0252907667309
0.0294317081571
0.0333606638014
0.0370554514229
0.0405087731779
0.0436943881214
0.0465939752758
0.0491888336837
0.0514589846134
0.0533864125609
0.0549598261714
0.0561721436679
0.0570170804858
0.0574904717505
0.0575923472643
0.0573300272226
0.0567115992308
0.0557441301644
0.0544101707637
0.0527125746012
0.0506990812719
0.0483795702457
0.0457653366029
0.0428749285638
0.0397276207805
0.0363451316953
0.0327522270381
0.0289755184203
0.0250425729901
0.0209827516228
0.0168271549046
0.0126021234319
0.00833579618484
0.00405683368444
-0.00021306014969
-0.00444549648091
-0.00861513707787
-0.0126936044544
-0.016655633226
-0.0204709675163
-0.0241175610572
-0.0275662504137
-0.030797669664
-0.0337897241116
-0.0365245528519
-0.0389877408743
-0.0411726795137
-0.0430671721697
-0.0446363799274
-0.0458766557276
-0.0468086116016
-0.0474246889353
-0.0477172769606
-0.0476854331791
-0.0473321527243
-0.0466614663601
-0.045679487288
-0.044396199286
-0.0428305864334
-0.0409979782999
-0.0389175862074
-0.0366080775857
-0.0340667814016
-0.0313120596111
-0.0283838156611
-0.025301553309
-0.0220870487392
-0.0187612101436
-0.0153530845419
-0.0118895433843
-0.00839675217867
-0.00490302406251
-0.00143785704859
0.00197402574122
0.00530823785812
0.00854167435318
0.0116460127756
0.0146100409329
0.0174101479352
0.0200275704265
0.0224410314113
0.0246314294636
0.0265785865486
0.0282662883401
0.0296853594482
0.0308271571994
0.0316839069128
0.0322522446513
0.0325339958072
0.0324936434627
0.032160166651
0.0315364636481
0.0306244194508
0.029428999871
0.0279563516378
0.026215178892
0.0242190770805
0.0219842717052
0.0195318888873
0.016879344359
0.0140472287312
0.0110529335216
0.00790395215154
0.00463229697198
0.00125509581994
-0.00220531690866
-0.00572408968583
-0.0092732347548
-0.0128258969635
-0.0163593217731
-0.0198448766023
-0.0232612118125
-0.026585418731
-0.02980090864
-0.0328602679074
-0.0357677303255
-0.0385131724179
-0.041075758636
-0.0434343218803
-0.045572232455
-0.0474726185203
-0.0491206645966
-0.0505068786442
-0.0516302399337
-0.0524907447398
-0.0530889220536
-0.0533779636025
-0.0533770173788
-0.0531142055988
-0.0525861866772
-0.0517901778221
-0.050729714334
-0.0494146794081
-0.0478564240038
-0.0460691787302
-0.0440717786551
-0.0418845042586
-0.0395272858441
-0.0369734354317
-0.0342616029084
-0.0314219668508
-0.0284694936126
-0.0254179015756
-0.0222895946354
-0.0191060658544
-0.0158867966384
-0.0126579571515
-0.00943976361305
-0.00625151069835
-0.00310946931131
-1.88181948033e-05
0.00300208711997
0.00593805732206
0.00877346750349
0.0114956637844
0.0140897659585
0.0165400840342
0.0188387278467
0.0209780745208
0.0229552388191
0.0247706379741
0.0263953693211
0.0278474185616
0.0291364863515
0.0302609354258
0.0312163364142
0.032004032284
0.0326286666095
0.0330967344344
0.0334173627198
0.0336020812392
0.033665291965
0.0335960574448
0.033399567008
0.0331119000912
0.032739892602
0.0322917178273
0.031776163727
0.0312049053609
0.0305908489972
0.0299473851919
0.029289977625
0.0286329053342
0.0279707219452
0.0273003466427
0.026656139642
0.0260439496487
0.0254691727459
0.024936651811
0.0244502667338
0.0240162555128
0.0236411169171
0.0233305897564
0.0230878554285
0.0228960812092
0.0227519627661
0.0226750709116
0.0226599406451
0.0227001458406
0.0227898973972
0.0229245182127
0.023099059239
0.0233080703765
0.0235468782485
0.0238114409149
0.0240688920021
0.0243245083839
0.0245813392103
0.0248270239681
0.0250499341637
0.0252389814705
0.0253850035369
0.0254804138094
0.0255193375051
0.0254972334951
0.025410791859
0.0252117235214
0.0249343346804
0.024568349123
0.0241051334888
0.0235390327871
0.0228654649109
0.0220820214599
0.0211896095425
0.0201928969473
0.0190946906805
0.0178851466626
0.0165577419102
0.0151315936819
0.0136079704389
0.0119903916493
0.01028420683
0.00849839206785
0.00664467690513
0.00473465258256
0.00277882860973
0.000786639575381
-0.00123421358876
-0.00327531946823
-0.00532579887658
-0.00737287616357
-0.0094015756622
-0.011395922862
-0.0133404396474
-0.0152210397646
-0.0170259419829
-0.0187466964126
-0.0203595850617
-0.0218520704657
-0.0232310909778
-0.0244815032929
-0.0255910288543
-0.0265458691865
-0.027334658429
-0.0279504917562
-0.0283913072199
-0.0286568291485
-0.0287469122559
-0.0286196228117
-0.0283077917993
-0.0278136897832
-0.0271334536374
-0.0262642521411
-0.0252097565681
-0.0239783357829
-0.0225802194327
-0.0210264530033
-0.0193280987442
-0.0174935553223
-0.0155159048736
-0.0134244021028
-0.0112306009978
-0.00894598476589
-0.0065876385197
-0.0041767465882
-0.00173029431608
0.000731913431082
0.00318768667057
0.00562196224928
0.00801466312259
0.0103487754241
0.0126145286486
0.0147928353399
0.0168639775366
0.0188053995371
0.0205986965448
0.0222263783216
0.0236747544259
0.0249304194003
0.0259837247431
0.0268146041781
0.0274030398577
0.0277629196644
0.0278800614178
0.0277447793633
0.0273506324738
0.0266927946359
0.0257691144943
0.0245814714581
0.0231379531324
0.021445222199
0.0195103753358
0.0173085071146
0.0148722827435
0.0122099509463
0.00933011714369
0.00624192180112
0.00296127586626
-0.00049209658755
-0.00409616809338
-0.00783118605614
-0.0116798076779
-0.0156225953251
-0.0196353811771
-0.0236841645092
-0.027776170522
-0.0318885520101
-0.0359934419394
-0.0400657095015
-0.0440755262971
-0.048000600189
-0.0518128797412
-0.0554910451174
-0.0590201430023
-0.0623809099197
-0.0655631572008
-0.0684712082148
-0.0711586177349
-0.0736164525151
-0.0758210122585
-0.0777539610863
-0.0793955177069
-0.0807303339243
-0.0817464143038
-0.0824403464794
-0.0828104540706
-0.0828566923738
-0.0825816467404
-0.0819929763675
-0.0810096561909
-0.0796940252185
-0.0780652239919
-0.0761240944266
-0.07387445122
-0.0713218301535
-0.0684740766883
-0.0653446391225
-0.0619536191225
-0.0583172068
-0.0544591955841
-0.0503968037665
-0.0461548566818
-0.0417575761676
-0.0371907912195
-0.0324875712395
-0.0276809409261
-0.0227958932519
-0.0178487859666
-0.012867632322
-0.0078713092953
-0.00288712373003
0.00205719517544
0.00694134226069
0.0117392456159
0.0164296850562
0.0209924541414
0.0254082847387
0.0296621695161
0.0337363742292
0.0375942885876
0.0412358865142
0.0446586944163
0.047849021852
0.0507961548865
0.0534902736545
0.05591769889
0.0580743961036
0.0599561035633
0.0615604259074
0.0628855749965
0.0639342665672
0.064712241292
0.0652279406786
0.0654879808426
0.0655023753643
0.0652844533324
0.0648481547832
0.0642010718584
0.0633127018809
0.0622490532696
0.0610266104341
0.0596609972417
0.0581694170833
0.0565703473985
0.0548824593425
0.0531263835728
0.0513223148882
0.0494896024466
0.0476494692266
0.0458223968744
0.0440281741321
0.0422869548202
0.0406154543161
0.0390319637954
0.0375532470644
0.0361955016851
0.0349705070257
0.0338891595602
0.0329635925591
0.032202899456
0.0316121689975
0.0311949253082
0.0309551842511
0.0308820288628
0.030981907621
0.0312548428774
0.0316962376237
0.0323010496795
0.0330584198236
0.0339564457536
0.0349828079343
0.0361240431666
0.037363935262
0.0386830978096
0.0400633886456
0.0414857231081
0.0429282225668
0.0443689636886
0.0457845926285
0.047153018415
0.0484511218965
0.0496556311846
0.0507426410913
0.0516892671585
0.0524731986225
0.0530742369592
0.053471647203
0.0536446720362
0.0535754188895
0.0532490350306
0.0526505596936
0.0517649836838
0.0505816861987
0.0490933805704
0.0472932979465
0.0451757386327
0.0427361391485
0.0399794466794
0.03690738976
0.0335229299963
0.0298332106322
0.025852592662
0.0215901192278
0.0170626975596
0.0122849969193
0.00727839954197
0.00206455611624
-0.00333468383178
-0.0088919326663
-0.0145842768252
-0.0203779768199
-0.0262498110533
-0.0321640968323
-0.0380917005241
-0.0440005287528
-0.0498610064387
-0.0556355193257
-0.0612947754562
-0.0668066218495
-0.0721388161182
-0.0772612169385
-0.0821454375982
-0.0867630019784
-0.0910855978727
-0.0950891003013
-0.0987538024783
-0.102054998279
-0.104973651469
-0.107496120036
-0.109608352184
-0.111300893128
-0.112561315298
-0.113387726247
-0.113778702915
-0.113733492792
-0.113252997398
-0.112274743617
-0.110878095031
-0.109075695276
-0.106877729297
-0.104303859174
-0.101375132799
-0.0981081426144
-0.0945242121816
-0.0906526744366
-0.0865185335279
-0.08214661479
-0.0775696337223
-0.072814501822
-0.06791472435
-0.0629022344947
-0.0578091591597
-0.0526678264141
-0.0475107058883
-0.0423700921237
-0.0372756943107
-0.0322536341846
-0.0273348186165
-0.0225244611502
-0.0178834944963
-0.0134269436821
-0.00917686149478
-0.00515032885596
-0.00135874107946
0.00218526367098
0.00547339161858
0.00849722605199
0.0112565895543
0.0137478904799
0.015972033143
0.0179350748658
0.0196469202638
0.0211175568402
0.0223416145891
0.0233347211033
0.0241263937205
0.0247345101088
0.0251773744822
0.0254772827029
0.0256563331932
0.025737632066
0.0257454607636
0.0257055815309
0.0256446376443
0.0255897976458
0.0255665145814
0.0255634058267
0.0256312787533
0.0257941819727
0.0260653924197
0.0264579672366
0.026985924691
0.0276596993208
0.0284875407815
0.0294793751091
0.03064606525
0.0319934785366
0.0334722027183
0.0351036377251
0.0368902683258
0.0388141348958
0.0408570803702
0.0430020578206
0.0452343970537
0.0475370697677
0.0498973727226
0.0523025020957
0.054649528116
0.0569566078484
0.0592114850879
0.061379916966
0.0634268671274
0.0653252601624
0.0670537948608
0.0686000734568
0.069956317544
0.0710155442357
0.0717897340655
0.0723025426269
0.0725249797106
0.0724321678281
0.0720117390156
0.0712664797902
0.0702053904533
0.0688210278749
0.0670174136758
0.064929202199
0.0625461563468
0.0598625726998
0.0568866021931
0.053640242666
0.0501488409936
0.0464330166578
0.0424603447318
0.0383595451713
0.0341368950903
0.0298122391105
0.0254072993994
0.0209514759481
0.0164788085967
0.0120041687042
0.0076015368104
0.00331074278802
-0.00084956799401
-0.00485831266269
-0.00869209319353
-0.0123376240954
-0.0157640315592
-0.0189136508852
-0.021782906726
-0.0243591535836
-0.0266309548169
-0.0285944379866
-0.0302568078041
-0.0315928868949
-0.0325808748603
-0.033257368952
-0.0336226448417
-0.0336836241186
-0.0334576331079
-0.0329749882221
-0.0321963950992
-0.0311970002949
-0.0300010126084
-0.0286228209734
-0.0270884465426
-0.0254328045994
-0.0236690770835
-0.0218357089907
-0.0199935305864
-0.0181601084769
-0.0163597092032
-0.0146246319637
-0.0129851270467
-0.0114635443315
-0.0101153636351
-0.00895535387099
-0.0080003682524
-0.00727162882686
-0.0067893913947
-0.00656432891265
-0.00661837263033
-0.00695125479251
-0.00756963575259
-0.00848266109824
-0.00968313217163
-0.0111479880288
-0.0128773143515
-0.014850477688
-0.0170584470034
-0.019504385069
-0.0221209935844
-0.0248832367361
-0.027764910832
-0.0307364463806
-0.0337863638997
-0.0368918143213
-0.0399309433997
-0.0429250262678
-0.0458218865097
-0.0485990606248
-0.0512698218226
-0.0536744520068
-0.0558598078787
-0.0577832870185
-0.05941535905
-0.0607733167708
-0.0617616772652
-0.0623832903802
-0.0626595839858
-0.0625518038869
-0.0620833858848
-0.0612181723118
-0.0599474236369
-0.0583428665996
-0.0563777647913
-0.0540792159736
-0.0514392741024
-0.0484811589122
-0.0453028604388
-0.0418808683753
-0.0382481217384
-0.0344130843878
-0.0304477084428
-0.0264230836183
-0.0223355814815
-0.0182096175849
-0.0140653531998
-0.00999957229942
-0.00604291120544
-0.0021994819399
0.00152360612992
0.00508216908202
0.0084129832685
0.011510620825
0.0143843526021
0.0170425772667
0.0194094181061
0.0215098913759
0.0233422312886
0.0249297972769
0.0262660030276
0.0273413173854
0.0281892456114
0.0288222581148
0.0292943548411
0.0295433644205
0.0296678096056
0.029668578878
0.0295831784606
0.0294236429036
0.0292137805372
0.0290018226951
0.028800657019
0.0286636613309
0.0285367704928
0.0285228602588
0.0286085885018
0.0288324803114
0.0291666630656
0.0296544954181
0.03029438667
0.0311010926962
0.0320790112019
0.0334292463958
0.0329727977514
0.0394202470779
-0.000952182803303
0.00135428656358
-0.000363693048712
0.0
0.0
0.0
0.0
0.0
0.0
0.0
0.0
0.0
0.0
0.0
0.0
0.0
0.0
0.0
0.0
0.0
0.0
0.0
0.0
0.0
0.0
0.0
0.0
0.0
0.0
0.0
0.0
0.0
0.0
