0.0400000028312
0.0400000028312
0.0400000065565
0.0400000140071
0.0400000214577
0.0400000289083
0.0400000438094
0.0400000549853
0.0400000736117
0.0400000922382
0.0400001108646
0.0400001369417
0.0400001630187
0.0400001890957
0.0400002188981
0.0400002524257
0.0400002896786
0.0400003232062
0.0400003604591
0.0400004014373
0.0400004461408
0.0400004908442
0.040000539273
0.0400005877018
0.0400006398559
0.0400006920099
0.0400007478893
0.0400008074939
0.0400008670986
0.0400009304285
0.0400009937584
0.0400010608137
0.0400011315942
0.0400011986494
0.0400012731552
0.040001347661
0.0400014258921
0.0400015041232
0.0400015860796
0.040001668036
0.040001757443
0.0400018431246
0.0400019325316
0.0400020219386
0.0400021187961
0.0400022156537
0.0400023125112
0.040002413094
0.0400025174022
0.040002617985
0.0400027260184
0.0400028377771
0.0400029420853
0.0400030575693
0.0400031730533
0.040003284812
0.0400034077466
0.0400035269558
0.0400036498904
0.040003772825
0.0400038994849
0.04000402987
0.0400041602552
0.0400042943656
0.0400044284761
0.0400045625865
0.0400047004223
0.0400048419833
0.0400049835443
0.0400051288307
0.0400052778423
0.0400054268539
0.0400055758655
0.0400057286024
0.0400058813393
0.0400060378015
0.040006197989
0.0400063581765
0.040006518364
0.0400066822767
0.0400068499148
0.0400070175529
0.0400071851909
0.0400073565543
0.0400075316429
0.0400077067316
0.0400078818202
0.0400080606341
0.0400082468987
0.0400084294379
0.0400086157024
0.0400088019669
0.0400089882314
0.0400091782212
0.0400093756616
0.0400095693767
0.0400097630918
0.0400099605322
0.0400101616979
0.0400103628635
0.0400105677545
0.0400107763708
0.0400109812617
0.040011189878
0.0400113984942
0.0400116145611
0.0400118269026
0.0400120466948
0.0400122627616
0.0400124825537
0.0400127060711
0.0400129295886
0.0400131568313
0.040013384074
0.0400136113167
0.04001384601
0.040014076978
0.0400143116713
0.0400145463645
0.0400147885084
0.0400150232017
0.0400152690709
0.0400155112147
0.0400157570839
0.0400160029531
0.0400162525475
0.0400165058672
0.0400167554617
0.0400170087814
0.0400172621012
0.0400175228715
0.0400177836418
0.0400180406868
0.0400183051825
0.0400185696781
0.0400188341737
0.0400191023946
0.0400193743408
0.0400196425617
0.0400199182332
0.0400201939046
0.0400204695761
0.0400207452476
0.0400210246444
0.0400213077664
0.0400215908885
0.0400218740106
0.0400221608579
0.0400224477053
0.0400227382779
0.0400230325758
0.0400233231485
0.0400236174464
0.0400239117444
0.0400242134929
0.0400245115161
0.0400248132646
0.0400251150131
0.0400254204869
0.0400257259607
0.0400260351598
0.0400263406336
0.040026653558
0.0400269664824
0.0400272794068
0.0400275960565
0.0400279127061
0.0400282293558
0.0400285497308
0.040028873831
0.0400291979313
0.0400295220315
0.0400298535824
0.0400301814079
0.0400305092335
0.0400308407843
0.0400311723351
0.0400315076113
0.0400318428874
0.0400321818888
0.0400325171649
0.0400328598917
0.0400332026184
0.0400335453451
0.0400338917971
0.0400342382491
0.0400345847011
0.0400349386036
0.0400352887809
0.0400356389582
0.0400359928608
0.0400363504887
0.0400367081165
0.0400370657444
0.0400374270976
0.0400377847254
0.0400381535292
0.0400385148823
0.0400388799608
0.0400392487645
0.0400396175683
0.040039986372
0.0400403626263
0.0400407351553
0.0400411076844
0.040041487664
0.0400418639183
0.0400422438979
0.0400426238775
0.0400430038571
0.040043387562
0.0400437712669
0.0400441586971
0.0400445461273
0.0400449335575
0.040045324713
0.0400457158685
0.0400461107492
0.0400465019047
0.0400469005108
0.0400472953916
0.0400476977229
0.040048096329
0.0400484986603
0.0400488972664
0.040049303323
0.0400497093797
0.0400501154363
0.0400505252182
0.0400509350002
0.0400513447821
0.040051754564
0.0400521717966
0.0400525853038
0.040052998811
0.0400534197688
0.0400538370013
0.0400542579591
0.0400546789169
0.0400550998747
0.0400555245578
0.0400559529662
0.040056373924
0.0400568060577
0.0400572344661
0.0400576665998
0.0400580950081
0.0400585271418
0.0400589630008
0.0400593951344
0.0400598347187
0.040060274303
0.0400607138872
0.0400611497462
0.0400615930557
0.0400620363653
0.0400624834001
0.0400629267097
0.0400633700192
0.0400638207793
0.0400642715394
0.0400647222996
0.0400651730597
0.0400656275451
0.0400660783052
0.0400665327907
0.0400669872761
0.0400674454868
0.0400679074228
0.0400683656335
0.0400688275695
0.0400692895055
0.0400697551668
0.0400702133775
0.0400706790388
0.0400711484253
0.0400716178119
0.0400720834732
0.0400725565851
0.0400730259717
0.0400734990835
0.0400739721954
0.0400744490325
0.0400749258697
0.0400754027069
0.040075879544
0.0400763601065
0.0400768406689
0.0400773212314
0.0400778017938
0.0400782860816
0.0400787703693
0.0400792583823
0.0400797426701
0.0400802344084
0.0400807224214
0.0400812141597
0.040081705898
0.0400821976364
0.0400826893747
0.0400831848383
0.0400836803019
0.0400841757655
0.0400846712291
0.0400851741433
0.0400856733322
0.0400861725211
0.0400866754353
0.0400871783495
0.0400876812637
0.0400881879032
0.0400886945426
0.0400892011821
0.0400897078216
0.0400902144611
0.0400907285511
0.0400912389159
0.0400917492807
0.0400922596455
0.0400927737355
0.0400932915509
0.0400938056409
0.0400943234563
0.0400948375463
0.040095359087
0.0400958806276
0.040096398443
0.0400969237089
0.0400974452496
0.0400979667902
0.0400984883308
0.0400990173221
0.040099542588
0.0401000678539
0.0401006005704
0.0401011258364
0.0401016548276
0.0401021875441
0.0401027202606
0.0401032529771
0.0401037856936
0.0401043184102
0.040104854852
0.0401053912938
0.0401059277356
0.0401064679027
0.0401070080698
0.0401075445116
0.0401080884039
0.040108628571
0.0401091724634
0.0401097126305
0.0401102565229
0.0401108041406
0.040111348033
0.0401118956506
0.0401124432683
0.040112990886
0.0401135385036
0.0401140898466
0.0401146411896
0.0401151888072
0.0401157438755
0.0401162952185
0.0401168502867
0.040117405355
0.0401179604232
0.0401185154915
0.040119074285
0.0401196330786
0.0401201918721
0.0401207506657
0.0401213131845
0.0401218757033
0.0401224344969
0.0401229970157
0.0401235595345
0.0401241257787
0.0401246882975
0.0401252545416
0.0401258207858
0.0401263870299
0.040126953274
0.0401275232434
0.0401280932128
0.0401286631823
0.0401292331517
0.0401298031211
0.0401303768158
0.0401309505105
0.0401315242052
0.0401320978999
0.0401326715946
0.0401332490146
0.0401338264346
0.0401344001293
0.0401349812746
0.0401355586946
0.0401361361146
0.0401367172599
0.0401372984052
0.0401378758252
0.0401384606957
0.040139041841
0.0401396229863
0.0401402078569
0.0401407927275
0.040141377598
0.0401419624686
0.0401425510645
0.0401431322098
0.0401437208056
0.0401443131268
0.0401448979974
0.0401454865932
0.0401460789144
0.0401466712356
0.0401472561061
0.0401478521526
0.0401484444737
0.0401490330696
0.0401496291161
0.0401502214372
0.0401508174837
0.0401514098048
0.0401520058513
0.040152605623
0.0401532016695
0.0401537939906
0.0401543937624
0.0401549935341
0.0401555933058
0.0401561893523
0.040156789124
0.040157392621
0.0401579923928
0.0401585958898
0.0401591956615
0.0401597991586
0.0401604026556
0.0401610061526
0.0401616059244
0.0401622131467
0.0401628166437
0.040163423866
0.0401640310884
0.0401646383107
0.0401652418077
0.04016584903
0.0401664599776
0.0401670671999
0.0401676781476
0.0401682816446
0.0401688925922
0.0401695035398
0.0401701144874
0.040170725435
0.0401713401079
0.0401719510555
0.0401725582778
0.0401731729507
0.0401737876236
0.0401744022965
0.0401750169694
0.0401756316423
0.0401762463152
0.0401768572628
0.0401774719357
0.0401780903339
0.0401787087321
0.040179323405
0.0401799418032
0.0401805602014
0.0401811785996
0.0401817932725
0.0401824116707
0.0401830300689
0.0401836521924
0.0401842705905
0.040184892714
0.0401855111122
0.0401861332357
0.0401867553592
0.0401873774827
0.0401879996061
0.0401886180043
0.0401892401278
0.0401898622513
0.0401904843748
0.0401911102235
0.040191732347
0.0401923581958
0.0401929803193
0.040193606168
0.0401942320168
0.0401948578656
0.0401954837143
0.0401961095631
0.0401967316866
0.0401973575354
0.0401979833841
0.0401986092329
0.040199238807
0.0401998646557
0.0402004942298
0.0402011200786
0.0402017496526
0.0402023755014
0.0402030050755
0.0402036346495
0.0402042642236
0.0402048937976
0.0402055233717
0.0402061529458
0.0402067825198
0.0402074120939
0.0402080416679
0.040208671242
0.0402093008161
0.0402099341154
0.0402105599642
0.0402111932635
0.0402118228376
0.0402124561369
0.040213085711
0.0402137190104
0.0402143485844
0.0402149818838
0.0402156151831
0.0402162484825
0.0402168780565
0.0402175113559
0.0402181446552
0.0402187779546
0.0402194112539
0.0402200445533
0.0402206778526
0.040221311152
0.0402219444513
0.0402225777507
0.04022321105
0.0402238443494
0.040224481374
0.0402251146734
0.0402257479727
0.0402263812721
0.0402270182967
0.0402276515961
0.0402282848954
0.0402289181948
0.0402295552194
0.0402301885188
0.0402308255434
0.0402314588428
0.0402320921421
0.0402327291667
0.0402333624661
0.0402339994907
0.0402346327901
0.0402352698147
0.0402359031141
0.0402365401387
0.0402371734381
0.0402378067374
0.0402384437621
0.0402390770614
0.0402397140861
0.0402403473854
0.04024098441
0.0402416177094
0.040242254734
0.0402428880334
0.040243525058
0.0402441583574
0.040244795382
0.0402454286814
0.040246065706
0.0402466990054
0.0402473323047
0.0402479693294
0.0402486026287
0.0402492396533
0.0402498729527
0.0402505062521
0.0402511432767
0.040251776576
0.0402524098754
0.0402530431747
0.0402536801994
0.0402543134987
0.0402549467981
0.0402555800974
0.0402562133968
0.0402568466961
0.0402574837208
0.0402581170201
0.0402587503195
0.0402593836188
0.0402600169182
0.0402606502175
0.0402612797916
0.0402619130909
0.0402625463903
0.0402631796896
0.0402638092637
0.0402644388378
0.0402650721371
0.0402657054365
0.0402663350105
0.0402669683099
0.0402675978839
0.0402682311833
0.0402688607574
0.0402694903314
0.0402701236308
0.0402707532048
0.0402713827789
0.0402720123529
0.040272641927
0.0402732715011
0.0402739010751
0.0402745306492
0.0402751602232
0.0402757897973
0.0402764193714
0.0402770452201
0.0402776747942
0.0402783043683
0.040278930217
0.0402795560658
0.0402801856399
0.0402808077633
0.0402814336121
0.0402820594609
0.0402826890349
0.0402833148837
0.0402839407325
0.040284562856
0.0402851887047
0.0402858145535
0.0402864404023
0.0402870625257
0.0402876883745
0.040288310498
0.0402889326215
0.040289554745
0.0402901768684
0.0402907989919
0.0402914211154
0.0402920432389
0.0402926653624
0.0402932837605
0.040293905884
0.0402945280075
0.0402951464057
0.0402957648039
0.0402963832021
0.0402970016003
0.0402976199985
0.0402982383966
0.0402988567948
0.040299475193
0.0403000898659
0.0403007082641
0.0403013266623
0.0403019376099
0.0403025522828
0.0403031669557
0.0403037853539
0.0403044000268
0.0403050109744
0.0403056256473
0.0403062365949
0.0403068475425
0.0403074622154
0.040308073163
0.0403086841106
0.0403092950583
0.0403099022806
0.0403105132282
0.0403111241758
0.0403117351234
0.0403123423457
0.0403129532933
0.0403135567904
0.0403141640127
0.040314771235
0.0403153784573
0.0403159856796
0.0403165891767
0.0403171926737
0.0403177961707
0.0403183996677
0.0403190031648
0.0403196066618
0.0403202064335
0.0403208099306
0.0403214134276
0.0403220131993
0.0403226092458
0.0403232127428
0.0403238125145
0.040324408561
0.0403250083327
0.0403256043792
0.0403262004256
0.0403268001974
0.0403273962438
0.040327988565
0.0403285846114
0.0403291769326
0.0403297692537
0.0403303615749
0.0403309576213
0.0403315499425
0.0403321385384
0.0403327271342
0.0403333194554
0.0403339117765
0.0403344966471
0.040335085243
0.0403356738389
0.0403362587094
0.0403368473053
0.0403374321759
0.0403380170465
0.040338601917
0.0403391867876
0.0403397679329
0.0403403490782
0.0403409339488
0.0403415113688
0.040342092514
0.0403426736593
0.0403432510793
0.0403438322246
0.0403444096446
0.0403449870646
0.0403455644846
0.0403461381793
0.040346711874
0.040347289294
0.0403478592634
0.0403484366834
0.0403490103781
0.0403495803475
0.040350150317
0.0403507202864
0.0403512902558
0.0403518564999
0.0403524264693
0.0403529964387
0.0403535589576
0.0403541252017
0.0403546914458
0.04035525769
0.0403558164835
0.0403563827276
0.0403569415212
0.04035750404
0.0403580628335
0.0403586253524
0.0403591841459
0.0403597429395
0.040360301733
0.0403608568013
0.0403614155948
0.0403619669378
0.040362522006
0.040363073349
0.040363624692
0.0403641797602
0.0403647273779
0.0403652824461
0.0403658300638
0.0403663776815
0.0403669252992
0.0403674729168
0.0403680168092
0.0403685644269
0.0403691083193
0.0403696522117
0.040370196104
0.0403707362711
0.0403712801635
0.0403718166053
0.0403723567724
0.0403728969395
0.0403734333813
0.0403739698231
0.0403745062649
0.0403750389814
0.0403755754232
0.0403761044145
0.040376637131
0.0403771698475
0.0403776988387
0.0403782278299
0.0403787568212
0.0403792858124
0.0403798110783
0.0403803400695
0.0403808616102
0.0403813831508
0.0403819046915
0.0403824299574
0.040382951498
0.0403834693134
0.040383990854
0.0403845086694
0.0403850264847
0.0403855405748
0.0403860583901
0.0403865724802
0.040387082845
0.0403875932097
0.0403881035745
0.0403886176646
0.0403891280293
0.0403896346688
0.0403901413083
0.0403906479478
0.0403911545873
0.0403916575015
0.0403921604156
0.0403926633298
0.0403931625187
0.0403936617076
0.0403941646218
0.0403946638107
0.0403951592743
0.0403956547379
0.0403961502016
0.0403966419399
0.0403971336782
0.0403976254165
0.0403981171548
0.0403986088932
0.0403990969062
0.0403995849192
0.040400069207
0.0404005534947
0.0404010377824
0.0404015220702
0.0404020026326
0.0404024831951
0.0404029637575
0.0404034405947
0.0404039211571
0.040404394269
0.0404048711061
0.040405344218
0.0404058173299
0.0404062904418
0.0404067598283
0.0404072292149
0.0404076986015
0.0404081679881
0.0404086336493
0.0404090993106
0.0404095575213
0.0404100231826
0.0404104813933
0.0404109433293
0.04041140154
0.0404118597507
0.0404123179615
0.0404127761722
0.0404132306576
0.0404136776924
0.0404141321778
0.040414582938
0.0404150336981
0.0404154807329
0.040415931493
0.0404163710773
0.0404168181121
0.0404172614217
0.0404177047312
0.0404181443155
0.0404185838997
0.040419023484
0.040419459343
0.0404198989272
0.0404203273356
0.0404207631946
0.0404211953282
0.0404216237366
0.0404220558703
0.0404224842787
0.0404229089618
0.0404233373702
0.0404237620533
0.0404241830111
0.0404246039689
0.040425028652
0.0404254421592
0.040425863117
0.0404262803495
0.0404266938567
0.0404271110892
0.0404275208712
0.0404279343784
0.0404283441603
0.040428750217
0.0404291599989
0.0404295623302
0.0404299683869
0.0404303707182
0.0404307730496
0.0404311716557
0.040431573987
0.0404319688678
0.0404323674738
0.0404327623546
0.0404331572354
0.0404335483909
0.0404339395463
0.0404343269765
0.040434718132
0.0404351018369
0.0404354892671
0.040435872972
0.0404362529516
0.0404366366565
0.0404370129108
0.0404373928905
0.0404377691448
0.0404381416738
0.0404385179281
0.0404388904572
0.0404392592609
0.0404396317899
0.0404400005937
0.0404403656721
0.0404407307506
0.040441095829
0.0404414571822
0.04044181481
0.0404421761632
0.0404425337911
0.0404428914189
0.0404432453215
0.0404435992241
0.0404439494014
0.0404442995787
0.040444649756
0.040444996208
0.04044534266
0.0404456853867
0.0404460281134
0.0404463708401
0.0404467098415
0.0404470451176
0.040447384119
0.0404477193952
0.0404480546713
0.0404483862221
0.0404487140477
0.0404490455985
0.0404493696988
0.0404496975243
0.0404500216246
0.0404503419995
0.0404506623745
0.0404509827495
0.0404512993991
0.0404516160488
0.0404519326985
0.0404522456229
0.0404525585473
0.0404528677464
0.0404531769454
0.0404534824193
0.0404537878931
0.0404540896416
0.0404543913901
0.0404546894133
0.0404549874365
0.0404552854598
0.040455583483
0.0404558777809
0.0404561683536
0.0404564589262
0.0404567457736
0.0404570326209
0.0404573194683
0.0404576025903
0.0404578819871
0.0404581613839
0.0404584407806
0.0404587201774
0.0404589921236
0.0404592677951
0.0404595397413
0.0404598116875
0.0404600761831
0.040460344404
0.0404606126249
0.0404608733952
0.0404611341655
0.0404613949358
0.0404616519809
0.0404619090259
0.0404621623456
0.0404624156654
0.0404626689851
0.0404629148543
0.0404631644487
0.0404634103179
0.0404636561871
0.0404638946056
0.0404641367495
0.0404643751681
0.0404646135867
0.04046484828
0.0404650829732
0.0404653139412
0.0404655449092
0.0404657721519
0.0404659993947
0.0404662229121
0.0404664427042
0.0404666662216
0.0404668860137
0.0404671058059
0.0404673181474
0.040467530489
0.0404677465558
0.0404679551721
0.040468160063
0.040468364954
0.0404685735703
0.0404687747359
0.0404689721763
0.0404691770673
0.0404693707824
0.0404695644975
0.0404697582126
0.0404699482024
0.0404701419175
0.040470328182
0.0404705144465
0.0404706969857
0.0404708795249
0.0404710583389
0.0404712371528
0.0404714159667
0.0404715873301
0.0404717624187
0.0404719300568
0.0404720976949
0.0404722653329
0.0404724292457
0.0404725931585
0.040472753346
0.0404729135334
0.0404730699956
0.0404732227325
0.0404733791947
0.0404735282063
0.040473677218
0.0404738262296
0.0404739715159
0.0404741130769
0.0404742509127
0.0404743924737
0.0404745303094
0.0404746644199
0.0404747985303
0.0404749326408
0.040475063026
0.0404751859605
0.0404753126204
0.040475435555
0.0404755584896
0.0404756739736
0.0404757931828
0.0404759086668
0.0404760241508
0.0404761321843
0.0404762402177
0.0404763482511
0.0404764525592
0.0404765568674
0.0404766574502
0.0404767543077
0.0404768548906
0.0404769442976
0.0404770411551
0.0404771305621
0.0404772162437
0.0404773056507
0.0404773876071
0.0404774732888
0.0404775515199
0.040477629751
0.0404777042568
0.0404777787626
0.0404778495431
0.0404779203236
0.0404779873788
0.0404780507088
0.040478117764
0.0404781773686
0.0404782369733
0.0404782928526
0.0404783450067
0.0404784008861
0.0404784493148
0.0404784977436
0.0404785424471
0.0404785871506
0.0404786281288
0.0404786653817
0.0404787026346
0.0404787398875
0.0404787734151
0.0404788032174
0.0404788292944
0.0404788553715
0.0404788851738
0.0404789038002
0.040478926152
0.0404789410532
0.0404789559543
0.0404789708555
0.0404789783061
0.0404789894819
0.0404789932072
0.0404789969325
0.0404790006578
0.0404790006578
0.0404789969325
0.0404789932072
0.0404789857566
0.0404789745808
0.0404789634049
0.040478952229
0.0404789336026
0.0404789187014
0.0404788963497
0.0404788739979
0.0404788479209
0.0404788181186
0.0404787883162
0.0404787585139
0.0404787249863
0.0404786840081
0.0404786467552
0.040478605777
0.0404785647988
0.0404785163701
0.0404784679413
0.0404784195125
0.0404783636332
0.0404783077538
0.0404782518744
0.0404781885445
0.0404781289399
0.0404780618846
0.0404779948294
0.0404779277742
0.0404778532684
0.0404777824879
0.0404777042568
0.0404776260257
0.0404775440693
0.0404774621129
0.0404773727059
0.0404772870243
0.040477193892
0.0404770970345
0.0404770039022
0.0404769070446
0.0404768064618
0.0404767021537
0.0404765978456
0.0404764898121
0.0404763780534
0.0404762662947
0.0404761508107
0.0404760353267
0.0404759123921
0.0404757894576
0.0404756627977
0.0404755398631
0.0404754094779
0.0404752753675
0.040475141257
0.0404750034213
0.0404748618603
0.0404747202992
0.0404745787382
0.0404744297266
0.040474280715
0.0404741279781
0.0404739752412
0.0404738150537
0.0404736585915
0.0404734946787
0.040473330766
0.0404731631279
0.0404729917645
0.0404728166759
0.0404726415873
0.0404724664986
0.0404722876847
0.0404721051455
0.0404719188809
0.0404717326164
0.0404715389013
0.0404713489115
0.0404711514711
0.040470957756
0.0404707528651
0.0404705516994
0.0404703468084
0.0404701381922
0.0404699258506
0.0404697135091
0.0404694974422
0.0404692776501
0.040469057858
0.0404688343406
0.0404686070979
0.0404683798552
0.0404681451619
0.0404679141939
0.0404676757753
0.0404674373567
0.0404671952128
0.0404669493437
0.0404667034745
0.0404664501548
0.0404662005603
0.0404659435153
0.0404656864703
0.0404654256999
0.0404651612043
0.0404648967087
0.0404646247625
0.0404643528163
0.0404640771449
0.0404638051987
0.0404635258019
0.0404632426798
0.0404629558325
0.0404626689851
0.0404623784125
0.0404620878398
0.0404617898166
0.0404614917934
0.0404611900449
0.0404608845711
0.0404605790973
0.0404602736235
0.0404599606991
0.0404596440494
0.0404593273997
0.0404590070248
0.0404586829245
0.040458355099
0.0404580272734
0.0404576957226
0.0404573604465
0.0404570251703
0.0404566861689
0.0404563434422
0.0404559969902
0.0404556468129
0.0404552966356
0.040454942733
0.0404545888305
0.0404542312026
0.0404538661242
0.0404535010457
0.0404531359673
0.0404527634382
0.0404523909092
0.0404520146549
0.0404516346753
0.0404512546957
0.0404508672655
0.0404504798353
0.0404500886798
0.0404496975243
0.0404492989182
0.0404489003122
0.0404484979808
0.0404480956495
0.0404476858675
0.0404472760856
0.0404468625784
0.0404464490712
0.0404460281134
0.0404456034303
0.0404451824725
0.0404447503388
0.0404443219304
0.0404438860714
0.0404434502125
0.0404430106282
0.0404425673187
0.0404421202838
0.0404416769743
0.0404412262142
0.0404407680035
0.040440313518
0.0404398515821
0.0404393896461
0.0404389202595
0.0404384508729
0.0404379814863
0.0404375046492
0.040437027812
0.0404365472496
0.0404360629618
0.0404355749488
0.0404350869358
0.0404345951974
0.0404340997338
0.0404336005449
0.040433101356
0.0404325909913
0.0404320843518
0.040431573987
0.0404310636222
0.0404305420816
0.0404300242662
0.0404295027256
0.0404289774597
0.0404284447432
0.0404279157519
0.0404273793101
0.040426839143
0.0404263027012
0.0404257550836
0.0404252074659
0.0404246561229
0.04042410478
0.0404235459864
0.0404229871929
0.040422424674
0.0404218621552
0.0404212884605
0.0404207222164
0.0404201447964
0.0404195636511
0.0404189862311
0.0404184013605
0.0404178127646
0.0404172241688
0.0404166281223
0.0404160320759
0.0404154323041
0.0404148288071
0.0404142253101
0.0404136143625
0.0404129996896
0.0404123850167
0.0404117666185
0.040411144495
0.0404105223715
0.0404098927975
0.0404092594981
0.0404086261988
0.0404079891741
0.0404073484242
0.0404067002237
0.0404060520232
0.0404054038227
0.0404047481716
0.0404040925205
0.0404034331441
0.0404027700424
0.0404021032155
0.0404014326632
0.0404007583857
0.0404000841081
0.0403994061053
0.0403987206519
0.0403980351985
0.040397349745
0.0403966531157
0.0403959602118
0.0403952561319
0.0403945557773
0.0403938516974
0.0403931438923
0.0403924323618
0.0403917133808
0.0403909981251
0.0403902754188
0.0403895527124
0.0403888225555
0.0403880886734
0.0403873547912
0.0403866171837
0.0403858721256
0.0403851307929
0.0403843820095
0.0403836295009
0.0403828769922
0.040382117033
0.0403813570738
0.040380589664
0.0403798222542
0.0403790548444
0.040378279984
0.0403775013983
0.0403767190874
0.0403759330511
0.0403751432896
0.040374353528
0.0403735563159
0.0403727591038
0.0403719581664
0.0403711535037
0.0403703451157
0.0403695330024
0.0403687134385
0.0403678975999
0.0403670743108
0.0403662510216
0.0403654240072
0.0403645895422
0.0403637513518
0.0403629131615
0.0403620712459
0.040361225605
0.0403603762388
0.0403595231473
0.0403586663306
0.0403578095138
0.0403569415212
0.0403560772538
0.0403552092612
0.040354333818
0.0403534546494
0.0403525754809
0.0403516925871
0.040350805968
0.0403499118984
0.040349021554
0.040348123759
0.0403472185135
0.0403463169932
0.0403454080224
0.0403444953263
0.0403435789049
0.0403426624835
0.0403417386115
0.0403408147395
0.0403398834169
0.0403389520943
0.0403380133212
0.040337074548
0.0403361283243
0.0403351858258
0.0403342358768
0.0403332822025
0.0403323248029
0.0403313599527
0.0403303951025
0.040329426527
0.0403284542263
0.0403274782002
0.0403265021741
0.0403255186975
0.0403245314956
0.0403235405684
0.0403225459158
0.0403215512633
0.0403205491602
0.0403195433319
0.0403185375035
0.0403175242245
0.0403165109456
0.0403154939413
0.0403144694865
0.0403134450316
0.0403124131262
0.0403113812208
0.0403103418648
0.0403093062341
0.0403082594275
0.040307212621
0.0403061583638
0.0403051041067
0.0403040461242
0.0403029844165
0.0403019152582
0.0403008498251
0.0402997732162
0.0402986966074
0.0402976162732
0.0402965284884
0.0402954444289
0.0402943529189
0.0402932539582
0.0402921549976
0.0402910523117
0.0402899459004
0.0402888357639
0.0402877219021
0.040286604315
0.0402854830027
0.0402843542397
0.0402832254767
0.0402820929885
0.0402809530497
0.0402798131108
0.0402786694467
0.0402775220573
0.0402763746679
0.0402752161026
0.0402740575373
0.0402728952467
0.0402717255056
0.0402705557644
0.040269382298
0.040268201381
0.0402670204639
0.0402658358216
0.040264647454
0.0402634516358
0.0402622558177
0.0402610525489
0.0402598492801
0.0402586385608
0.0402574278414
0.0402562133968
0.0402549915016
0.0402537658811
0.0402525402606
0.0402513071895
0.0402500703931
0.0402488298714
0.0402475856245
0.0402463413775
0.0402450934052
0.0402438379824
0.0402425788343
0.0402413159609
0.0402400493622
0.0402387753129
0.0402375012636
0.040236223489
0.0402349419892
0.040233656764
0.0402323678136
0.0402310751379
0.0402297750115
0.0402284711599
0.0402271673083
0.0402258597314
0.0402245409787
0.0402232259512
0.0402219071984
0.0402205809951
0.0402192510664
0.0402179174125
0.0402165800333
0.0402152389288
0.040213894099
0.0402125455439
0.0402111895382
0.0402098372579
0.0402084738016
0.0402071103454
0.0402057394385
0.0402043685317
0.0402029901743
0.0402016080916
0.0402002222836
0.0401988364756
0.040197443217
0.0401960462332
0.040194645524
0.0401932373643
0.0401918329298
0.0401904210448
0.0401890017092
0.0401875786483
0.0401861555874
0.040184725076
0.0401832908392
0.0401818566024
0.0401804149151
0.0401789695024
0.0401775203645
0.040176063776
0.0401746071875
0.0401731468737
0.0401716791093
0.040170211345
0.04016873613
0.0401672571898
0.0401657782495
0.0401642881334
0.0401627980173
0.0401613079011
0.0401598066092
0.0401583053172
0.0401567965746
0.040155287832
0.0401537716389
0.0401522517204
0.0401507280767
0.0401491969824
0.0401476696134
0.0401461310685
0.0401445925236
0.0401430502534
0.0401415005326
0.0401399470866
0.0401383899152
0.0401368327439
0.040135268122
0.0401336960495
0.0401321239769
0.0401305444539
0.0401289649308
0.0401273779571
0.0401257872581
0.0401241928339
0.0401225946844
0.0401209928095
0.0401193872094
0.0401177741587
0.040116161108
0.0401145368814
0.0401129163802
0.0401112884283
0.0401096567512
0.0401080176234
0.0401063784957
0.0401047319174
0.0401030816138
0.0401014313102
0.0400997698307
0.0400981083512
0.0400964394212
0.0400947742164
0.0400930941105
0.0400914177299
0.0400897338986
0.0400880463421
0.0400863550603
0.040084656328
0.0400829575956
0.0400812514126
0.0400795415044
0.0400778278708
0.0400761142373
0.0400743894279
0.0400726646185
0.0400709323585
0.0400691963732
0.0400674566627
0.0400657132268
0.0400639623404
0.0400622114539
0.0400604531169
0.0400586947799
0.0400569289923
0.0400551594794
0.0400533825159
0.0400516018271
0.0400498211384
0.040048032999
0.0400462411344
0.0400444418192
0.040042642504
0.0400408394635
0.0400390289724
0.040037214756
0.0400353930891
0.0400335714221
0.0400317423046
0.040029913187
0.0400280766189
0.0400262363255
0.0400243923068
0.0400225445628
0.0400206893682
0.0400188304484
0.0400169715285
0.0400151014328
0.0400132276118
0.0400113537908
0.0400094725192
0.040007583797
0.0400056988001
0.0400038063526
0.0400019064546
0.0400000028312
0.0399980954826
0.0399961844087
0.0399942696095
0.0399923510849
0.0399904288352
0.0399884991348
0.0399865694344
0.039984639734
0.0399827063084
0.0399807728827
0.0399788357317
0.0399768948555
0.0399749539793
0.039973013103
0.0399710722268
0.0399691313505
0.039967186749
0.0399652458727
0.0399633049965
0.0399613678455
0.039959423244
0.039957486093
0.0399555526674
0.0399536155164
0.039951685816
0.0399497561157
0.03994782269
0.0399459004402
0.0399439781904
0.0399420633912
0.039940148592
0.0399382375181
0.0399363301694
0.0399344302714
0.0399325340986
0.0399306416512
0.0399287603796
0.039926879108
0.0399250052869
0.0399231351912
0.0399212725461
0.0399194210768
0.0399175733328
0.0399157367647
0.0399139001966
0.0399120785296
0.0399102605879
0.0399084538221
0.0399066507816
0.0399048626423
0.0399030819535
0.0399013124406
0.0398995503783
0.0398977994919
0.0398960597813
0.0398943275213
0.0398926101625
0.0398909002542
0.0398892052472
0.0398875176907
0.0398858487606
0.0398841872811
0.0398825407028
0.0398809015751
0.0398792810738
0.0398776717484
0.0398760773242
0.0398744978011
0.0398729294538
0.0398713797331
0.0398698411882
0.0398683175445
0.0398668125272
0.0398653186858
0.0398638434708
0.0398623868823
0.039860945195
0.0398595184088
0.0398581065238
0.0398567169905
0.0398553423584
0.0398539863527
0.0398526489735
0.0398513264954
0.0398500263691
0.0398487448692
0.0398474819958
0.0398462377489
0.0398450158536
0.0398438088596
0.0398426279426
0.0398414619267
0.0398403219879
0.0398392006755
0.0398381017148
0.0398370213807
0.0398359671235
0.0398349314928
0.0398339219391
0.0398329347372
0.039831969887
0.0398310273886
0.0398301072419
0.0398292131722
0.0398283414543
0.0398274958134
0.0398266725242
0.0398258790374
0.0398251079023
0.0398243628442
0.0398236401379
0.0398229509592
0.0398222841322
0.0398216433823
0.0398210287094
0.0398204401135
0.0398198850453
0.0398193486035
0.0398188456893
0.0398183725774
0.0398179255426
0.0398175083101
0.0398171208799
0.0398167595267
0.0398164317012
0.039816133678
0.0398158617318
0.0398156233132
0.0398154146969
0.0398152396083
0.0398150905967
0.0398149825633
0.0398148968816
0.0398148484528
0.0398148298264
0.0398148447275
0.0398148931563
0.0398149751127
0.0398150868714
0.039815235883
0.0398154184222
0.0398156382143
0.0398158878088
0.0398161746562
0.0398164987564
0.039816852659
0.0398172475398
0.0398176796734
0.0398181453347
0.0398186445236
0.0398191846907
0.0398197583854
0.0398203730583
0.0398210249841
0.0398217104375
0.0398224405944
0.0398232042789
0.0398240052164
0.0398248508573
0.0398257337511
0.0398266576231
0.0398276187479
0.0398286171257
0.0398296639323
0.0398307479918
0.0398318693042
0.03983303532
0.0398342423141
0.0398354940116
0.0398367829621
0.039838116616
0.0398394912481
0.0398409105837
0.0398423708975
0.0398438796401
0.0398454256356
0.0398470200598
0.0398486591876
0.0398503392935
0.0398520641029
0.0398538373411
0.0398556552827
0.0398575142026
0.0398594252765
0.0398613810539
0.0398633815348
0.0398654304445
0.0398675240576
0.0398696660995
0.0398718602955
0.0398740954697
0.0398763790727
0.0398787148297
0.0398810990155
0.03988353163
0.0398860126734
0.0398885384202
0.0398911237717
0.0398937501013
0.0398964323103
0.0398991629481
0.0399019494653
0.0399047806859
0.0399076677859
0.0399105995893
0.0399135909975
0.0399166308343
0.0399197265506
0.0399228706956
0.03992607072
0.0399293228984
0.0399326309562
0.039935991168
0.0399394072592
0.0399428717792
0.0399463996291
0.0399499759078
0.0399536080658
0.0399572998285
0.0399610437453
0.0399648472667
0.0399687029421
0.0399726144969
0.0399765856564
0.0399806201458
0.0399847067893
0.0399888493121
0.0399930514395
0.0399973094463
0.0400016270578
0.0400060079992
0.0400104410946
0.0400149412453
0.0400194935501
0.0400241091847
0.0400287881494
0.0400335267186
0.0400383211672
0.0400431789458
0.0400481000543
0.0400530844927
0.0400581248105
0.0400632321835
0.0400683991611
0.0400736294687
0.0400789231062
0.0400842800736
0.040089700371
0.0400951877236
0.0401007309556
0.0401063486934
0.0401120260358
0.0401177667081
0.0401235744357
0.0401294492185
0.0401353873312
0.0401413924992
0.0401474609971
0.0401536002755
0.0401598066092
0.040166079998
0.0401724204421
0.0401788242161
0.040185302496
0.0401918441057
0.0401984527707
0.0402051322162
0.0402118861675
0.0402187034488
0.0402255915105
0.0402325503528
0.0402395762503
0.0402466766536
0.0402538478374
0.0402610860765
0.0402683988214
0.0402757823467
0.0402832403779
0.0402907654643
0.0402983650565
0.0403060354292
0.0403137840331
0.0403215996921
0.0403294935822
0.0403374582529
0.0403454974294
0.0403536111116
0.040361803025
0.0403700657189
0.0403784029186
0.0403868146241
0.040395308286
0.0404038727283
0.0404125154018
0.0404212325811
0.0404300279915
0.0404388979077
0.0404478497803
0.0404568761587
0.0404659807682
0.0404751636088
0.0404844246805
0.0404937639832
0.0405031889677
0.0405126847327
0.040522262454
0.0405319184065
0.0405416600406
0.0405514761806
0.0405613780022
0.0405713543296
0.0405814163387
0.0405915603042
0.0406017825007
0.040612090379
0.0406224764884
0.0406329482794
0.0406435020268
0.0406541377306
0.0406648591161
0.0406756624579
0.0406865514815
0.0406975224614
0.040708579123
0.0407197214663
0.040730945766
0.0407422594726
0.0407536551356
0.0407651402056
0.040776707232
0.0407883673906
0.0408001095057
0.0408119373024
0.040823854506
0.0408358611166
0.0408479496837
0.0408601276577
0.0408723950386
0.0408847555518
0.0408971980214
0.0409097336233
0.0409223623574
0.0409350767732
0.0409478768706
0.0409607738256
0.0409737601876
0.0409868322313
0.0410000011325
0.041013263166
0.0410266108811
0.0410400442779
0.041053570807
0.0410671830177
0.0410808809102
0.041094660759
0.0411085262895
0.0411224700511
0.041136495769
0.0411506034434
0.0411647893488
0.0411790497601
0.0411933846772
0.0412077978253
0.041222281754
0.0412368364632
0.0412514656782
0.0412661656737
0.0412809327245
0.0412957668304
0.0413106679916
0.0413256324828
0.0413406565785
0.0413557477295
0.0413709059358
0.0413861162961
0.0414013899863
0.0414167195559
0.0414321050048
0.0414475463331
0.0414630435407
0.0414785929024
0.0414941906929
0.0415098443627
0.0415255464613
0.0415412969887
0.0415570922196
0.0415729321539
0.0415888205171
0.0416047498584
0.0416207201779
0.0416367352009
0.0416527874768
0.0416688770056
0.0416850112379
0.0417011752725
0.04171737656
0.0417336113751
0.0417498759925
0.0417661741376
0.041782502085
0.0417988598347
0.0418152436614
0.0418316610157
0.0418480932713
0.0418645590544
0.0418810397387
0.0418975465
0.041914075613
0.0419306196272
0.0419471859932
0.0419637709856
0.0419803671539
0.0419969782233
0.0420136041939
0.0420302413404
0.042046893388
0.0420635528862
0.0420802161098
0.0420968905091
0.0421135723591
0.0421302579343
0.0421469509602
0.042163643986
0.0421803370118
0.0421970300376
0.0422137230635
0.0422304160893
0.0422471053898
0.0422637872398
0.0422804653645
0.0422971360385
0.042313799262
0.042330455035
0.0423470959067
0.0423637293279
0.0423803478479
0.0423969514668
0.0424135364592
0.042430114001
0.0424466654658
0.0424632020295
0.0424797162414
0.0424962118268
0.0425126813352
0.0425291322172
0.0425455532968
0.0425619482994
0.0425783209503
0.0425946600735
0.0426109731197
0.0426272526383
0.0426434986293
0.042659714818
0.0426758974791
0.0426920428872
0.0427081473172
0.0427242182195
0.0427402481437
0.0427562408149
0.0427721887827
0.042788092047
0.0428039543331
0.0428197681904
0.0428355373442
0.0428512580693
0.0428669340909
0.0428825542331
0.0428981259465
0.0429136455059
0.0429291091859
0.0429445207119
0.0429598763585
0.0429751724005
0.0429904125631
0.0430055893958
0.0430207066238
0.0430357605219
0.04305075109
0.0430656820536
0.0430805459619
0.0430953390896
0.0431100688875
0.0431247279048
0.0431393161416
0.0431538298726
0.0431682728231
0.0431826412678
0.0431969352067
0.0432111509144
0.0432252921164
0.043239351362
0.0432533323765
0.0432672277093
0.043281044811
0.0432947799563
0.04330842942
0.0433219894767
0.043335467577
0.043348852545
0.0433621518314
0.0433753542602
0.0433884672821
0.0434014871716
0.043414413929
0.0434272438288
0.043439976871
0.043452616781
0.0434651523829
0.0434775874019
0.0434899181128
0.0435021482408
0.043514277786
0.0435262992978
0.0435382165015
0.0435500256717
0.0435617230833
0.0435733124614
0.0435847900808
0.0435961559415
0.0436074063182
0.0436185449362
0.0436295643449
0.0436404682696
0.0436512492597
0.0436619184911
0.0436724610627
0.0436828881502
0.0436931848526
0.0437033586204
0.0437134094536
0.0437233299017
0.0437331274152
0.0437427870929
0.0437523238361
0.0437617301941
0.0437709987164
0.0437801331282
0.0437891334295
0.0437979996204
0.0438067279756
0.0438153147697
0.0438237637281
0.0438320711255
0.0438402332366
0.0438482537866
0.0438561290503
0.0438638590276
0.0438714437187
0.0438788793981
0.0438861623406
0.0438932962716
0.0439002774656
0.0439071059227
0.0439137816429
0.0439203009009
0.0439266599715
0.0439328663051
0.043938908726
0.0439447946846
0.0439505167305
0.043956078589
0.0439614728093
0.0439667031169
0.0439717695117
0.0439766645432
0.0439813956618
0.0439859516919
0.0439903363585
0.0439945496619
0.0439985953271
0.0440024584532
0.0440061464906
0.0440096594393
0.0440129935741
0.044016148895
0.044019125402
0.0440219193697
0.0440245270729
0.0440269485116
0.0440291874111
0.044031240046
0.0440331064165
0.0440347790718
0.0440362654626
0.0440375581384
0.044038657099
0.0440395660698
0.044040273875
0.0440407879651
0.0440411046147
0.044041223824
0.0440411418676
0.0440408624709
0.0440403744578
0.0440396852791
0.0440387949347
0.0440376922488
0.0440363883972
0.0440348722041
0.0440331473947
0.0440312102437
0.0440290607512
0.0440267063677
0.0440241284668
0.0440213382244
0.0440183319151
0.0440151058137
0.0440116599202
0.0440079979599
0.0440041087568
0.0440000034869
0.043995667249
0.0439911149442
0.0439863391221
0.0439813435078
0.0439761281013
0.0439706966281
0.0439650528133
0.0439591892064
0.0439531169832
0.0439468286932
0.0439403355122
0.0439336299896
0.0439267233014
0.0439196042717
0.0439122840762
0.0439047589898
0.0438970327377
0.04388910532
0.0438809841871
0.0438726581633
0.0438641421497
0.0438554286957
0.0438465215266
0.0438374243677
0.0438281334937
0.0438186600804
0.0438089929521
0.0437991395593
0.0437891036272
0.0437788814306
0.0437684841454
0.0437578968704
0.043747138232
0.0437361970544
0.0437250807881
0.0437137894332
0.043702326715
0.0436906889081
0.0436788760126
0.0436668992043
0.0436547547579
0.0436424426734
0.0436299666762
0.0436173193157
0.0436045154929
0.0435915514827
0.0435784235597
0.0435651428998
0.0435516983271
0.0435381047428
0.043524350971
0.0435104481876
0.0434963926673
0.0434821881354
0.0434678383172
0.0434533320367
0.0434386879206
0.0434238947928
0.0434089638293
0.0433938875794
0.0433786734939
0.0433633178473
0.0433478206396
0.0433321967721
0.0433164313436
0.0433005355299
0.043284509331
0.0432683490217
0.0432520620525
0.0432356484234
0.0432191081345
0.0432024411857
0.0431856513023
0.0431687384844
0.0431517064571
0.0431345552206
0.0431172847748
0.043099898845
0.0430823974311
0.0430647805333
0.0430470518768
0.0430292151868
0.0430112667382
0.0429932102561
0.0429750494659
0.0429567806423
0.0429384112358
0.0429199337959
0.0429013594985
0.0428826808929
0.0428639091551
0.0428450368345
0.0428260713816
0.0428070090711
0.0427878536284
0.0427686087787
0.0427492782474
0.0427298545837
0.0427103415132
0.0426907427609
0.0426710657775
0.0426512993872
0.0426314547658
0.042611528188
0.0425915233791
0.0425714440644
0.0425512827933
0.042531054467
0.0425107441843
0.0424903668463
0.0424699187279
0.0424494035542
0.0424288176
0.0424081683159
0.0423874482512
0.0423666723073
0.0423458255827
0.0423249267042
0.0423039644957
0.0422829426825
0.04226186499
0.0422407351434
0.0422195494175
0.0421983115375
0.0421770252287
0.0421556867659
0.0421343035996
0.0421128682792
0.0420913919806
0.0420698672533
0.0420483052731
0.0420266985893
0.0420050509274
0.0419833660126
0.0419616438448
0.0419398881495
0.0419180989265
0.041896276176
0.0418744236231
0.0418525375426
0.0418306216598
0.0418086834252
0.0417867153883
0.0417647212744
0.0417427122593
0.0417206734419
0.0416986197233
0.0416765473783
0.0416544526815
0.0416323468089
0.0416102185845
0.0415880829096
0.041565939784
0.0415437780321
0.0415216125548
0.0414994359016
0.0414772555232
0.0414550676942
0.0414328798652
0.0414106883109
0.0413884930313
0.041366301477
0.0413441099226
0.0413219258189
0.0412997454405
0.0412775725126
0.0412554033101
0.0412332452834
0.0412110947073
0.0411889590323
0.0411668382585
0.0411447286606
0.0411226376891
0.0411005616188
0.0410785041749
0.0410564690828
0.0410344563425
0.0410124659538
0.0409904979169
0.0409685559571
0.0409466437995
0.040924757719
0.0409029014409
0.0408810786903
0.0408592894673
0.040837533772
0.0408158116043
0.0407941266894
0.0407724827528
0.0407508760691
0.0407293103635
0.0407077893615
0.0406863130629
0.0406648777425
0.0406434908509
0.0406221523881
0.0406008660793
0.040579624474
0.0405584424734
0.0405373089015
0.0405162349343
0.0404952131212
0.0404742509127
0.0404533483088
0.0404325090349
0.0404117256403
0.0403910130262
0.0403703600168
0.0403497703373
0.0403292551637
0.0403088107705
0.040288425982
0.0402681231499
0.040247887373
0.0402277335525
0.0402076505125
0.0401876419783
0.0401677191257
0.040147870779
0.040128108114
0.0401084274054
0.0400888323784
0.0400693193078
0.0400498956442
0.0400305613875
0.0400113165379
0.0399921610951
0.03997310251
0.0399541333318
0.0399352610111
0.039916485548
0.039897814393
0.0398792363703
0.0398607626557
0.039842389524
0.0398241207004
0.0398059561849
0.0397878997028
0.0397699512541
0.0397521145642
0.0397343859076
0.0397167690098
0.0396992713213
0.0396818816662
0.0396646149457
0.0396474599838
0.0396304279566
0.0396135114133
0.0395967252553
0.0395800583065
0.0395635180175
0.0395470969379
0.039530813694
0.0395146533847
0.0394986234605
0.0394827276468
0.0394669659436
0.0394513383508
0.0394358411431
0.0394204892218
0.0394052714109
0.0393901951611
0.0393752604723
0.0393604710698
0.0393458232284
0.0393313243985
0.0393169671297
0.0393027625978
0.0392887070775
0.0392748042941
0.0392610542476
0.0392474532127
0.0392340160906
0.0392207279801
0.0392076000571
0.0391946360469
0.0391818322241
0.0391691885889
0.0391567088664
0.0391443967819
0.0391322486103
0.0391202718019
0.0391084626317
0.0390968210995
0.0390853583813
0.0390740670264
0.0390629470348
0.0390520058572
0.0390412472188
0.0390306636691
0.0390202589333
0.0390100367367
0.0390000008047
0.0389901474118
0.0389804802835
0.0389709994197
0.0389616973698
0.0389525853097
0.0389436520636
0.038934905082
0.0389263406396
0.0389179550111
0.0389097593725
0.0389017388225
0.038893904537
0.0388862527907
0.0388787798584
0.0388714894652
0.0388643816113
0.0388574525714
0.0388507060707
0.0388441383839
0.038837749511
0.0388315431774
0.038825519383
0.0388196706772
0.0388140007854
0.0388085134327
0.0388032011688
0.038798071444
0.0387931168079
0.0387883409858
0.0387837402523
0.038779322058
0.038775075227
0.0387710109353
0.0387671180069
0.0387634076178
0.0387598723173
0.0387565046549
0.0387533195317
0.0387503094971
0.0387474782765
0.0387448184192
0.0387423299253
0.0387400239706
0.038737885654
0.038735922426
0.0387341380119
0.0387325175107
0.0387310758233
0.0387298092246
0.038728710264
0.0387277901173
0.0387270413339
0.0387264601886
0.038726054132
0.0387258157134
0.0387257523835
0.0387258604169
0.0387261360884
0.0387265868485
0.0387272052467
0.0387279912829
0.0387289524078
0.0387300774455
0.0387313738465
0.0387328416109
0.0387344770133
0.0387362800539
0.0387382507324
0.0387403927743
0.038742698729
0.0387451760471
0.0387478210032
0.0387506298721
0.038753606379
0.038756750524
0.0387600623071
0.038763538003
0.0387671776116
0.0387709848583
0.0387749560177
0.0387790948153
0.0387834012508
0.0387878678739
0.0387924984097
0.0387972928584
0.038802254945
0.0388073772192
0.0388126671314
0.0388181172311
0.0388237275183
0.0388295054436
0.0388354435563
0.0388415418565
0.0388478040695
0.03885422647
0.0388608165085
0.038867559284
0.0388744659722
0.0388815365732
0.0388887636364
0.0388961546123
0.0389037020504
0.0389114096761
0.0389192774892
0.0389273054898
0.0389354899526
0.0389438383281
0.0389523394406
0.0389610007405
0.0389698185027
0.0389788001776
0.0389879308641
0.0389972254634
0.0390066727996
0.0390162803233
0.0390260405838
0.0390359610319
0.0390460342169
0.039056263864
0.0390666499734
0.0390771925449
0.0390878878534
0.0390987358987
0.0391097441316
0.039120901376
0.0391322150826
0.0391436815262
0.0391553044319
0.0391670763493
0.0391790047288
0.0391910821199
0.0392033159733
0.0392157025635
0.0392282381654
0.0392409265041
0.0392537675798
0.0392667613924
0.0392799004912
0.0392931960523
0.0393066368997
0.0393202342093
0.0393339768052
0.039347872138
0.0393619164824
0.0393761098385
0.0393904522061
0.0394049435854
0.039419580251
0.0394343696535
0.0394493080676
0.039464391768
0.0394796207547
0.0394950024784
0.039510525763
0.0395262017846
0.0395420193672
0.0395579859614
0.039574097842
0.0395903550088
0.0396067611873
0.0396233089268
0.0396400019526
0.0396568402648
0.0396738275886
0.0396909527481
0.0397082231939
0.0397256426513
0.0397431999445
0.039760902524
0.0397787503898
0.0397967398167
0.0398148708045
0.0398331470788
0.0398515611887
0.039870120585
0.0398888215423
0.0399076640606
0.0399266444147
0.0399457700551
0.0399650335312
0.0399844385684
0.0400039851665
0.0400236696005
0.0400434918702
0.0400634557009
0.0400835573673
0.0401038043201
0.0401241853833
0.0401447042823
0.040165361017
0.0401861593127
0.0402070917189
0.0402281619608
0.0402493737638
0.0402707159519
0.0402921997011
0.0403138175607
0.040335573256
0.0403574630618
0.0403794869781
0.0404016524553
0.0404239483178
0.0404463820159
0.0404689460993
0.0404916480184
0.0405144877732
0.0405374541879
0.0405605584383
0.0405837967992
0.0406071692705
0.040630672127
0.0406543053687
0.0406780764461
0.0407019779086
0.0407260097563
0.0407501757145
0.0407744720578
0.0407989025116
0.0408234633505
0.0408481508493
0.0408729724586
0.040897924453
0.0409230031073
0.0409482121468
0.0409735552967
0.0409990251064
0.0410246215761
0.0410503521562
0.0410762093961
0.041102193296
0.0411283038557
0.0411545485258
0.0411809124053
0.0412074103951
0.0412340350449
0.0412607826293
0.0412876605988
0.0413146615028
0.0413417927921
0.0413690470159
0.0413964241743
0.0414239317179
0.041451562196
0.041479319334
0.0415071994066
0.0415352024138
0.0415633320808
0.0415915846825
0.041619963944
0.0416484624147
0.0416770875454
0.0417058318853
0.0417347028852
0.0417636930943
0.0417928062379
0.0418220423162
0.041851401329
0.0418808758259
0.0419104769826
0.0419401973486
0.0419700406492
0.042000003159
0.0420300848782
0.0420602820814
0.0420905984938
0.042121026665
0.0421515628695
0.0421822071075
0.0422129556537
0.0422438122332
0.042274761945
0.0423058159649
0.0423369631171
0.0423681996763
0.0423995256424
0.0424309447408
0.0424624457955
0.0424940288067
0.0425256937742
0.0425574369729
0.042589250952
0.042621139437
0.0426530987024
0.0426851250231
0.0427172146738
0.0427493676543
0.0427815839648
0.0428138561547
0.0428461804986
0.0428785607219
0.0429109856486
0.0429434627295
0.0429759845138
0.0430085472763
0.043041151017
0.0430737882853
0.0431064665318
0.0431391745806
0.0431719124317
0.0432046763599
0.0432374663651
0.043270278722
0.0433031097054
0.0433359593153
0.0433688238263
0.0434016957879
0.0434345826507
0.0434674732387
0.0435003712773
0.0435332730412
0.0435661710799
0.0435990691185
0.0436319597065
0.043664842844
0.0436977185309
0.0437305793166
0.0437634214759
0.0437962524593
0.0438290573657
0.0438618399203
0.0438945963979
0.0439273267984
0.0439600273967
0.0439926981926
0.0440253280103
0.0440579205751
0.0440904758871
0.0441229827702
0.0441554524004
0.0441878698766
0.0442202314734
0.0442525483668
0.0442848019302
0.0443170033395
0.0443491414189
0.0443812198937
0.0444132275879
0.044445168227
0.0444770418108
0.0445088408887
0.0445405654609
0.044572211802
0.0446037724614
0.0446352548897
0.0446666516364
0.044697958976
0.0447291731834
0.0447602979839
0.0447913259268
0.0448222570121
0.0448530837893
0.0448838099837
0.0449144281447
0.0449449419975
0.0449753403664
0.0450056269765
0.0450357981026
0.0450658500195
0.0450957864523
0.0451255925
0.0451552793384
0.0451848320663
0.0452142581344
0.0452435463667
0.0452727042139
0.0453017167747
0.0453305952251
0.0453593283892
0.0453879125416
0.0454163514078
0.0454446338117
0.0454727746546
0.0455007515848
0.0455285683274
0.0455562248826
0.0455837212503
0.0456110462546
0.0456382073462
0.0456651970744
0.045692011714
0.0457186512649
0.0457451120019
0.0457713901997
0.0457974858582
0.0458233952522
0.0458491183817
0.0458746515214
0.0458999834955
0.0459251254797
0.0459500662982
0.0459748096764
0.0459993444383
0.0460236780345
0.0460477992892
0.0460717119277
0.0460954084992
0.046118889004
0.0461421497166
0.0461651943624
0.0461880080402
0.0462106019258
0.0462329611182
0.0462550930679
0.0462769903243
0.0462986528873
0.0463200733066
0.0463412553072
0.0463621914387
0.046382881701
0.0464033223689
0.0464235134423
0.0464434474707
0.0464631281793
0.0464825481176
0.0465017110109
0.0465206056833
0.0465392358601
0.046557597816
0.0465756841004
0.0465935021639
0.0466110371053
0.0466282963753
0.0466452725232
0.0466619692743
0.046678379178
0.0466944947839
0.0467103235424
0.0467258542776
0.0467410907149
0.046756029129
0.0467706620693
0.0467849932611
0.0467990227044
0.046812735498
0.0468261390924
0.0468392297626
0.046852003783
0.0468644537032
0.046876590699
0.0468883961439
0.0468998774886
0.0469110310078
0.0469218492508
0.046932335943
0.046942487359
0.0469522960484
0.0469617657363
0.0469708926976
0.0469796694815
0.0469880960882
0.0469961725175
0.0470038950443
0.0470112599432
0.0470182672143
0.0470249131322
0.0470311902463
0.047037102282
0.047042645514
0.0470478199422
0.0470526143909
0.0470570363104
0.0470610745251
0.0470647364855
0.0470680110157
0.0470708981156
0.0470733977854
0.0470755025744
0.047077216208
0.0470785275102
0.0470794439316
0.0470799580216
0.0470800660551
0.0470797680318
0.0470790565014
0.0470779389143
0.0470764040947
0.0470744520426
0.0470720827579
0.0470692887902
0.0470660701394
0.0470624268055
0.0470583513379
0.0470538437366
0.0470489040017
0.0470435246825
0.0470377020538
0.0470314435661
0.0470247380435
0.0470175854862
0.0470099821687
0.047001928091
0.046993419528
0.0469844527543
0.0469750277698
0.0469651408494
0.0469547882676
0.046943962574
0.0469326712191
0.0469209104776
0.046908672899
0.0468959584832
0.046882763505
0.046869084239
0.0468549244106
0.0468402765691
0.0468251369894
0.0468095056713
0.0467933788896
0.046776752919
0.0467596314847
0.0467420034111
0.0467238724232
0.0467052310705
0.0466860830784
0.0466664209962
0.0466462448239
0.0466255508363
0.0466043390334
0.0465826019645
0.0465603396297
0.0465375520289
0.0465142354369
0.0464903824031
0.0464659929276
0.0464410707355
0.046415604651
0.0463895983994
0.0463630482554
0.0463359467685
0.0463082976639
0.0462800934911
0.0462513379753
0.0462220199406
0.0461921431124
0.0461617074907
0.0461307018995
0.0460991300642
0.0460669882596
0.0460342764854
0.0460009872913
0.0459671206772
0.0459326729178
0.0458976440132
0.0458620227873
0.0458258241415
0.0457890257239
0.0457516424358
0.0457136593759
0.0456750765443
0.0456358976662
0.0455961152911
0.0455557256937
0.045514728874
0.0454731248319
0.0454309023917
0.0453880690038
0.0453446134925
0.0453005433083
0.04525584355
0.0452105253935
0.0451645702124
0.0451179891825
0.0450707785785
0.0450229272246
0.0449744425714
0.0449253134429
0.0448755435646
0.0448251292109
0.0447740666568
0.0447223484516
0.0446699820459
0.0446169562638
0.0445632711053
0.044508934021
0.0444539263844
0.0443982556462
0.044341918081
0.0442849062383
0.0442272238433
0.0441688634455
0.0441098287702
0.0440501123667
0.0439897105098
0.0439286231995
0.0438668504357
0.043804384768
0.0437412261963
0.04367736727
0.0436128154397
0.0435475595295
0.0434816032648
0.0434149429202
0.0433475710452
0.043279491365
0.0432106927037
0.0431411787868
0.0430709533393
0.0430000014603
0.0429283306003
0.0428559444845
0.0427828580141
0.0427090749145
0.0426346100867
0.0425594784319
0.0424836762249
0.0424072258174
0.0423301309347
0.0422524064779
0.0421740598977
0.0420950986445
0.0420155376196
0.0419353842735
0.0418546497822
0.0417733490467
0.0416914820671
0.0416090637445
0.0415261089802
0.0414426214993
0.0413586124778
0.0412740968168
0.0411890782416
0.0411035679281
0.0410175807774
0.0409311205149
0.0408442057669
0.0407568365335
0.0406690314412
0.0405807979405
0.040492143482
0.0404030829668
0.0403136201203
0.0402237735689
0.0401335433125
0.0400429479778
0.0399519950151
0.0398606918752
0.0397690534592
0.0396770872176
0.0395848043263
0.0394922122359
0.0393993258476
0.0393061451614
0.039212692529
0.0391189791262
0.0390250049531
0.0389307811856
0.0388363264501
0.0387416407466
0.0386467427015
0.0385516323149
0.0384563356638
0.0383608490229
0.0382651872933
0.0381693579257
0.0380733758211
0.0379772521555
0.0378809906542
0.0377846062183
0.0376881100237
0.0375915020704
0.0374948047101
0.0373980216682
0.0373011678457
0.037204246968
0.0371072739363
0.0370102599263
0.0369132086635
0.0368161387742
0.0367190539837
0.0366219654679
0.0365248844028
0.0364278182387
0.0363307893276
0.0362337902188
0.0361368432641
0.0360399484634
0.0359431281686
0.0358463823795
0.0357497259974
0.0356531739235
0.0355567261577
0.0354603976011
0.0353641994298
0.0352681353688
0.0351722277701
0.0350764803588
0.0349808968604
0.0348854959011
0.0347902849317
0.0346952751279
0.0346004776657
0.0345058999956
0.0344115495682
0.0343174412847
0.0342235863209
0.0341299921274
0.0340366698802
0.0339436270297
0.0338508784771
0.0337584242225
0.0336662903428
0.0335744768381
0.033482991159
0.0333918556571
0.0333010666072
0.0332106426358
0.0331205911934
0.033030923456
0.032941646874
0.0328527763486
0.0327643156052
0.0326762795448
0.0325886830688
0.0325015224516
0.0324148200452
0.0323285795748
0.0322428159416
0.0321575365961
0.0320727527142
0.0319884680212
0.0319047048688
0.0318214632571
0.0317387580872
0.0316565968096
0.0315749980509
0.0314939580858
0.0314134955406
0.031333617866
0.0312543399632
0.0311756636947
0.0310976076871
0.0310201775283
0.030943384394
0.0308672357351
0.0307917464525
0.0307169239968
0.0306427776814
0.0305693205446
0.0304965600371
0.0304245091975
0.0303531736135
0.0302825700492
0.0302127022296
0.0301435831934
0.0300752222538
0.030007628724
0.0299408156425
0.0298747923225
0.0298095680773
0.0297451522201
0.0296815577894
0.0296187903732
0.0295568630099
0.0294957887381
0.0294355712831
0.029376225546
0.0293177571148
0.0292601846159
0.0292035117745
0.0291477479041
0.0290929041803
0.0290389936417
0.028986023739
0.0289340056479
0.0288829468191
0.0288328640163
0.0287837609649
0.0287356507033
0.0286885388196
0.0286424420774
0.0285973697901
0.0285533275455
0.0285103302449
0.0284683853388
0.0284275002778
0.0283876936883
0.0283489655703
0.0283113345504
0.0282748062164
0.0282393917441
0.0282051004469
0.0281719453633
0.0281399320811
0.0281090755016
0.0280793812126
0.0280508622527
0.0280235297978
0.0279973912984
0.0279724597931
0.0279487408698
0.0279262475669
0.0279049929231
0.0278849843889
0.0278662294149
0.0278487410396
0.0278325285763
0.027817601338
0.0278039723635
0.0277916509658
0.0277806445956
0.0277709662914
0.0277626253664
0.0277556311339
0.0277499947697
0.0277457293123
0.0277428366244
0.0277413334697
0.027741227299
0.0277425330132
0.0277452524751
0.0277494024485
0.027754990384
0.0277620311826
0.0277705285698
0.0277804918587
0.0277919396758
0.0278048738837
0.0278193093836
0.0278352517635
0.0278527159244
0.027871709317
0.0278922449797
0.0279143303633
0.0279379747808
0.0279631894082
0.0279899872839
0.0280183758587
0.0280483644456
0.0280799642205
0.0281131826341
0.0281480383128
0.0281845331192
0.0282226800919
0.0282624866813
0.0283039677888
0.0283471308649
0.0283919852227
0.0284385439008
0.0284868162125
0.0285368096083
0.0285885371268
0.0286420062184
0.0286972280592
0.0287542156875
0.028812976554
0.0288735218346
0.0289358571172
0.0290000010282
0.0290659535676
0.0291337091476
0.0292032510042
0.0292745679617
0.0293476488441
0.0294224750251
0.0294990409166
0.0295773297548
0.0296573247761
0.0297390203923
0.0298223979771
0.0299074500799
0.0299941562116
0.030082507059
0.0301724914461
0.0302640926093
0.0303573012352
0.0304521005601
0.0305484812707
0.0306464266032
0.0307459272444
0.0308469664305
0.0309495348483
0.0310536175966
0.0311591997743
0.031266272068
0.0313748195767
0.0314848273993
0.031596288085
0.0317091792822
0.0318235009909
0.031939227134
0.0320563539863
0.0321748591959
0.0322947353125
0.0324159748852
0.0325385555625
0.0326624698937
0.0327877029777
0.0329142436385
0.0330420732498
0.0331711806357
0.0333015620708
0.0334331914783
0.0335660651326
0.0337001644075
0.0338354744017
0.03397199139
0.0341096930206
0.0342485718429
0.0343886129558
0.0345298014581
0.0346721298993
0.0348155759275
0.0349601358175
0.0351057909429
0.0352525301278
0.0354003421962
0.0355492122471
0.0356991253793
0.0358500741422
0.0360020399094
0.0361550077796
0.0363089703023
0.0364639163017
0.036619823426
0.0367766879499
0.0369344912469
0.0370932258666
0.037252869457
0.0374134145677
0.0375748537481
0.0377371646464
0.037900339812
0.0380643643439
0.0382292196155
0.0383949019015
0.0385613963008
0.0387286841869
0.0388967618346
0.0390656068921
0.0392352081835
0.0394055582583
0.03957663849
0.0397484377027
0.0399209409952
0.0400941409171
0.0402680151165
0.0404425598681
0.0406177565455
0.0407935976982
0.0409700646996
0.0411471426487
0.0413248278201
0.0415030941367
0.0416819453239
0.0418613515794
0.0420413129032
0.0422218069434
0.0424028262496
0.0425843521953
0.0427663773298
0.0429488904774
0.0431318692863
0.0433153063059
0.0434991940856
0.0436835065484
0.0438682436943
0.0440533831716
0.0442389175296
0.0444248318672
0.0446111112833
0.0447977483273
0.0449847206473
0.045172020793
0.0453596450388
0.0455475635827
0.0457357689738
0.0459242500365
0.0461129955947
0.0463019944727
0.046491228044
0.0466806814075
0.0468703471124
0.0470602102578
0.0472502596676
0.0474404767156
0.0476308502257
0.0478213764727
0.0480120256543
0.0482027977705
0.0483936779201
0.048584651202
0.0487757027149
0.0489668212831
0.0491579920053
0.0493492074311
0.0495404489338
0.0497317053378
0.0499229617417
0.0501142069697
0.0503054335713
0.0504966154695
0.0506877526641
0.0508788265288
0.0510698147118
0.0512607209384
0.051451522857
0.0516422055662
0.0518327653408
0.0520231798291
0.0522134415805
0.0524035394192
0.052593447268
0.0527831688523
0.0529726818204
0.0531619749963
0.0533510297537
0.0535398423672
0.0537284016609
0.0539166815579
0.0541046783328
0.0542923770845
0.0544797629118
0.0546668283641
0.0548535473645
0.0550399273634
0.0552259385586
0.0554115697742
0.0555968210101
0.0557816624641
0.0559660904109
0.0561500899494
0.0563336499035
0.0565167479217
0.0566993802786
0.0568815357983
0.0570631958544
0.0572443567216
0.0574249848723
0.0576050877571
0.0577846392989
0.0579636394978
0.0581420622766
0.0583198964596
0.0584971420467
0.0586737692356
0.0588497780263
0.0590251423419
0.0591998621821
0.0593739189208
0.0595472939312
0.059719979763
0.0598919689655
0.0600632429123
0.0602337829769
0.0604035817087
0.0605726316571
0.0607409104705
0.0609084032476
0.0610751062632
0.0612410083413
0.061406083405
0.0615703314543
0.0617337264121
0.0618962645531
0.0620579384267
0.0622187182307
0.0623786002398
0.062537573278
0.0626956224442
0.0628527402878
0.0630088970065
0.0631641000509
0.0633183270693
0.0634715557098
0.0636237859726
0.0637750029564
0.0639251917601
0.0640743300319
0.064222432673
0.0643694475293
0.064515389502
0.06466024369
0.0648039877415
0.0649466142058
0.0650881007314
0.0652284398675
0.0653676241636
0.0655056387186
0.0656424760818
0.0657780990005
0.0659125223756
0.0660457164049
0.0661776736379
0.0663083866239
0.0664378255606
0.0665659978986
0.0666928812861
0.0668184533715
0.0669427216053
0.0670656636357
0.0671872422099
0.0673074796796
0.067426353693
0.0675438418984
0.0676599442959
0.067774631083
0.0678878948092
0.0679997429252
0.0681101232767
0.0682190731168
0.0683265253901
0.0684325024486
0.0685369744897
0.0686399489641
0.0687413960695
0.0688412934542
0.0689396560192
0.0690364465117
0.0691316723824
0.0692252963781
0.0693173259497
0.0694077312946
0.0694965273142
0.0695836544037
0.069669149816
0.0697529613972
0.0698351040483
0.069915547967
0.0699942931533
0.0700713098049
0.0701465979218
0.0702201426029
0.070291928947
0.0703619420528
0.0704301670194
0.0704965889454
0.0705612078309
0.0706240013242
0.070684954524
0.0707440674305
0.0708013027906
0.0708566755056
0.0709101483226
0.0709617361426
0.0710113868117
0.0710591301322
0.07110491395
0.0711487606168
0.0711906328797
0.0712305158377
0.0712684243917
0.0713042989373
0.0713381692767
0.0713700130582
0.07139980793
0.071427538991
0.0714532062411
0.0714767798781
0.0714982673526
0.071517623961
0.0715348869562
0.0715499818325
0.0715629458427
0.0715737342834
0.0715823546052
0.0715887844563
0.0715930238366
0.0715950280428
0.0715948194265
0.0715923681855
0.071587651968
0.0715806782246
0.0715714246035
0.071559868753
0.0715460181236
0.0715298354626
0.0715113282204
0.0714904740453
0.0714672580361
0.0714416876435
0.0714137107134
0.0713833421469
0.0713505595922
0.0713153630495
0.0712777301669
0.0712376460433
0.0711950883269
0.0711500570178
0.0711025595665
0.0710525363684
0.0710000023246
0.0709449499846
0.0708873867989
0.0708273202181
0.0707647874951
0.07069978863
0.070632353425
0.0705624893308
0.0704902112484
0.0704155489802
0.0703385099769
0.0702591091394
0.0701773762703
0.07009331882
0.0700069516897
0.0699182897806
0.069827362895
0.0697341859341
0.0696387663484
0.0695411264896
0.0694412812591
0.0693392530084
0.0692350491881
0.0691286996007
0.069020204246
0.0689096003771
0.0687968954444
0.0686821043491
0.0685652345419
0.0684463307261
0.0683253780007
0.0682024285197
0.0680774748325
0.0679505243897
0.0678216293454
0.0676907673478
0.0675579831004
0.0674232915044
0.0672867000103
0.0671482235193
0.0670078918338
0.0668657124043
0.0667217075825
0.066575884819
0.0664282739162
0.0662788823247
0.0661277323961
0.0659748315811
0.0658202171326
0.0656638890505
0.0655058696866
0.0653461813927
0.0651848241687
0.065021827817
0.0648572221398
0.0646909996867
0.0645231828094
0.0643538013101
0.0641828626394
0.0640103891492
0.0638363882899
0.063660889864
0.0634838938713
0.0633054450154
0.0631255283952
0.0629441812634
0.0627614185214
0.0625772476196
0.0623916983604
0.0622047819197
0.0620165131986
0.0618269145489
0.0616359971464
0.0614437796175
0.0612502768636
0.0610555149615
0.0608595050871
0.0606622584164
0.0604638010263
0.0602641478181
0.0600633174181
0.0598613247275
0.0596581846476
0.059453908354
0.0592485293746
0.0590420551598
0.0588345043361
0.0586258918047
0.058416236192
0.0582055523992
0.0579938665032
0.0577811822295
0.057567525655
0.0573529116809
0.0571373552084
0.0569208785892
0.0567034929991
0.0564852170646
0.0562660694122
0.0560460686684
0.0558252297342
0.0556035637856
0.0553810968995
0.0551578477025
0.0549338236451
0.0547090470791
0.0544835366309
0.0542573034763
0.0540303736925
0.05380275473
0.0535744726658
0.0533455386758
0.0531159676611
0.0528857856989
0.0526550002396
0.0524236373603
0.0521917045116
0.0519592240453
0.0517262145877
0.05149269104
0.0512586683035
0.0510241687298
0.0507892034948
0.0505537949502
0.0503179579973
0.0500817038119
0.0498450659215
0.049608040601
0.0493706613779
0.0491329357028
0.0488948859274
0.048656526953
0.0484178736806
0.0481789447367
0.0479397587478
0.0477003343403
0.0474606826901
0.047220826149
0.0469807833433
0.046740565449
0.0465001873672
0.046259675175
0.0460190437734
0.0457783080637
0.0455374829471
0.0452965833247
0.0450556352735
0.0448146536946
0.0445736497641
0.0443326383829
0.0440916493535
0.0438506938517
0.0436097830534
0.0433689393103
0.0431281849742
0.042887520045
0.0426469817758
0.0424065813422
0.0421663224697
0.0419262386858
0.0416863374412
0.0414466410875
0.0412071682513
0.040967926383
0.0407289415598
0.0404902249575
0.0402517989278
0.0400136820972
0.0397758819163
0.0395384244621
0.0393013171852
0.0390645936131
0.038828253746
0.0385923236609
0.0383568182588
0.0381217561662
0.0378871522844
0.0376530215144
0.0374193899333
0.0371862612665
0.0369536653161
0.0367216132581
0.0364901199937
0.0362592078745
0.0360288880765
0.0357991792262
0.0355701074004
0.0353416763246
0.0351139120758
0.0348868258297
0.0346604399383
0.0344347693026
0.0342098288238
0.0339856408536
0.033762216568
0.0335395745933
0.033317733556
0.0330967120826
0.0328765250742
0.0326571911573
0.0324387177825
0.032221134752
0.0320044569671
0.0317886993289
0.0315738730133
0.0313600003719
0.031147107482
0.0309351980686
0.0307242907584
0.0305144097656
0.0303055625409
0.0300977788866
0.0298910643905
0.0296854414046
0.0294809285551
0.0292775351554
0.0290752835572
0.0288741961122
0.0286742802709
0.0284755565226
0.0282780472189
0.0280817616731
0.0278867240995
0.0276929456741
0.0275004394352
0.0273092351854
0.0271193478256
0.026930782944
0.0267435628921
0.0265577100217
0.0263732392341
0.0261901598424
0.0260084997863
0.0258282721043
0.0256494916975
0.0254721809179
0.0252963528037
0.025122018531
0.024949207902
0.0247779283673
0.024608200416
0.0244400426745
0.0242734644562
0.0241084992886
0.0239451490343
0.0237834285945
0.0236233714968
0.0234649814665
0.0233082827181
0.0231532864273
0.0230000019073
0.0228484608233
0.0226986519992
0.0225505642593
0.0224041957408
0.0222595278174
0.0221165623516
0.021975286305
0.0218356903642
0.0216977708042
0.0215615145862
0.0214269179851
0.0212939698249
0.0211626626551
0.0210329890251
0.0209049396217
0.0207785088569
0.0206536836922
0.0205304604024
0.0204088296741
0.0202887821943
0.0201703123748
0.02005340904
0.0199380647391
0.0198242738843
0.0197120252997
0.0196013115346
0.0194921251386
0.0193844567984
0.0192783009261
0.0191736463457
0.0190704856068
0.0189688112587
0.0188686177135
0.01876989007
0.0186726264656
0.0185768157244
0.0184824522585
0.0183895230293
0.0182980243117
0.0182079467922
0.0181192830205
0.0180320218205
0.0179461557418
0.017861681059
0.0177785865963
0.0176968611777
0.0176165029407
0.0175374988467
0.0174598433077
0.0173835270107
0.0173085406423
0.0172348767519
0.0171625297517
0.0170914884657
0.0170217454433
0.0169532932341
0.0168861243874
0.0168202277273
0.0167555976659
0.01669222489
0.0166301038116
0.0165692213923
0.0165095757693
0.0164511520416
0.0163939464837
0.01633794792
0.0162831544876
0.0162295494229
0.0161771308631
0.0161258876324
0.0160758141428
0.0160268973559
0.0159791335464
0.0159325152636
0.0158870313317
0.0158426743001
0.0157994348556
0.0157573092729
0.0157162845135
0.0156763549894
0.0156375113875
0.0155997471884
0.0155630521476
0.0155274197459
0.01549284067
0.0154593074694
0.0154268108308
0.015395344235
0.0153648993
0.0153354667127
0.0153070399538
0.01527960971
0.0152531675994
0.0152277061716
0.0152032161132
0.0151796909049
0.0151571212336
0.0151355005801
0.0151148186997
0.0150950672105
0.0150762405246
0.0150583293289
0.0150413233787
0.0150252180174
0.0150100030005
0.0149956690148
0.0149822095409
0.0149696180597
0.0149578824639
0.014946998097
0.0149369547144
0.0149277457967
0.0149193610996
0.0149117941037
0.0149050373584
0.0148990796879
0.0148939164355
0.0148895364255
0.0148859340698
0.0148830991238
0.0148810250685
0.0148797025904
0.0148791233078
0.01487927977
0.0148801635951
0.0148817691952
0.0148840835318
0.0148871010169
0.0148908142
0.0148952128366
0.0149002922699
0.0149060403928
0.0149124506861
0.0149195156991
0.0149272261187
0.0149355754256
0.0149445524439
0.0149541515857
0.0149643644691
0.0149751827121
0.0149865970016
0.0149986008182
0.0150111848488
0.0150243425742
0.0150380637497
0.0150523399934
0.0150671647862
0.0150825306773
0.0150984274223
0.0151148494333
0.015131784603
0.0151492264122
0.0151671702042
0.0151856020093
0.0152045181021
0.0152239082381
0.0152437640354
0.0152640808374
0.0152848437428
0.0153060518205
0.0153276929632
0.0153497587889
0.0153722446412
0.0153951365501
0.0154184317216
0.0154421180487
0.0154661899433
0.0154906408861
0.0155154569075
0.0155406370759
0.0155661646277
0.0155920395628
0.0156182507053
0.0156447887421
0.0156716462225
0.0156988147646
0.0157262887806
0.0157540533692
0.0157821085304
0.0158104412258
0.0158390458673
0.0158679094166
0.0158970318735
0.0159264001995
0.0159560032189
0.0159858372062
0.0160158928484
0.0160461626947
0.0160766392946
0.0161073096097
0.0161381736398
0.0161692127585
0.0162004306912
0.0162318106741
0.0162633452564
0.0162950288504
0.0163268540055
0.0163588114083
0.016390889883
0.0164230857044
0.0164553876966
0.0164877902716
0.0165202859789
0.0165528636426
0.0165855102241
0.0166182294488
0.0166510082781
0.0166838373989
0.0167167037725
0.0167496073991
0.0167825371027
0.0168154817075
0.0168484393507
0.0168813988566
0.0169143471867
0.0169472862035
0.0169802010059
0.0170130822808
0.0170459225774
0.0170787163079
0.0171114578843
0.0171441342682
0.0171767380089
0.0172092597932
0.0172416940331
0.0172740314156
0.0173062700778
0.0173383876681
0.0173703897744
0.0174022559077
0.017433995381
0.0174655802548
0.0174970179796
0.0175282862037
0.0175593942404
0.0175903160125
0.0176210589707
0.0176515989006
0.0176819432527
0.017712071538
0.0177419893444
0.0177716705948
0.0178011208773
0.0178303234279
0.0178592838347
0.0178879778832
0.0179164074361
0.0179445575923
0.0179724246264
0.0180000010878
0.0180272776634
0.0180542562157
0.0180809348822
0.0181073211133
0.0181334149092
0.0181592144072
0.0181847233325
0.0182099454105
0.0182348806411
0.018259530887
0.0182838961482
0.0183079820126
0.0183317866176
0.0183553136885
0.0183785632253
0.0184015389532
0.0184242427349
0.0184466745704
0.0184688363224
0.0184907317162
0.018512358889
0.0185337234288
0.0185548234731
0.018575662747
0.0185962449759
0.0186165682971
0.018636636436
0.0186564493924
0.0186760090292
0.0186953190714
0.0187143813819
0.0187331959605
0.0187517628074
0.0187700875103
0.0187881700695
0.0188060123473
0.018823614344
0.0188409816474
0.0188581123948
0.0188750103116
0.0188916772604
0.0189081132412
0.0189243201166
0.018940301612
0.0189560558647
0.0189715884626
0.0189868994057
0.0190019905567
0.0190168637782
0.0190315190703
0.0190459620208
0.019060190767
0.0190742108971
0.0190880168229
0.0191016178578
0.0191150140017
0.019128203392
0.019141189754
0.019153976813
0.0191665664315
0.0191789548844
0.0191911496222
0.0192031487823
0.0192149579525
0.0192265734076
0.0192380025983
0.0192492417991
0.0192602984607
0.0192711688578
0.0192818585783
0.0192923694849
0.0193026997149
0.019312851131
0.0193228311837
0.0193326361477
0.0193422697484
0.0193517338485
0.0193610284477
0.019370155409
0.0193791184574
0.0193879194558
0.019396558404
0.0194050371647
0.0194133576006
0.0194215234369
0.019429532811
0.0194373894483
0.0194450952113
0.0194526501
0.019460061565
0.0194673221558
0.0194744411856
0.0194814167917
0.0194882508367
0.0194949489087
0.0195015054196
0.0195079278201
0.0195142161101
0.019520374015
0.0195263978094
0.0195322968066
0.0195380654186
0.0195437092334
0.0195492301136
0.0195546280593
0.0195599067956
0.0195650663227
0.0195701066405
0.0195750351995
0.0195798501372
0.0195845514536
0.0195891447365
0.0195936281234
0.0195980053395
0.0196022782475
0.01960644871
0.019610516727
0.0196144860238
0.0196183566004
0.0196221303195
0.0196258090436
0.0196293946356
0.0196328908205
0.0196362975985
0.0196396168321
0.0196428485215
0.0196459963918
0.0196490623057
0.0196520462632
0.0196549538523
0.0196577813476
0.0196605343372
0.0196632128209
0.0196658205241
0.0196683555841
0.019670823589
0.0196732226759
0.0196755565703
0.0196778289974
0.0196800380945
0.0196821857244
0.0196842756122
0.0196863096207
0.0196882858872
0.0196902118623
0.0196920856833
0.0196939092129
0.0196956843138
0.0196974109858
0.019699094817
0.0197007358074
0.0197023358196
0.0197038948536
0.0197054166347
0.0197069030255
0.0197083540261
0.019709771499
0.019711157307
0.0197125151753
0.019713845104
0.0197151489556
0.0197164304554
0.0197176858783
0.0197189245373
0.0197201408446
0.0197213403881
0.0197225250304
0.0197236966342
0.0197248551995
0.0197260025889
0.0197271425277
0.019728275016
0.0197294019163
0.0197305232286
0.019731644541
0.0197327658534
0.0197338890284
0.0197350140661
0.0197361465544
0.0197372827679
0.0197384282947
0.0197395849973
0.0197407528758
0.0197419319302
0.019743129611
0.0197443440557
0.0197455752641
0.0197468269616
0.0197481010109
0.0197493992746
0.0197507236153
0.0197520758957
0.0197534542531
0.0197548661381
0.0197563096881
0.0197577867657
0.0197593010962
0.0197608526796
0.0197624415159
0.0197640713304
0.0197657458484
0.0197674650699
0.0197692289948
0.0197710413486
0.0197729021311
0.0197748150676
0.0197767801583
0.0197788011283
0.0197808798403
0.019783012569
0.0197852086276
0.0197874642909
0.0197897851467
0.0197921711951
0.0197946205735
0.0197971407324
0.0197997316718
0.0198023933917
0.0198051296175
0.019807940349
0.019810827449
0.0198137946427
0.0198168419302
0.019819971174
0.0198231842369
0.0198264829814
0.0198298692703
0.0198333449662
0.019836910069
0.0198405683041
0.0198443196714
0.0198481678963
0.0198521148413
0.0198561605066
0.0198603048921
0.0198645535856
0.01986890845
0.0198733676225
0.0198779348284
0.0198826119304
0.019887400791
0.0198923032731
0.0198973193765
0.0199024509639
0.0199077017605
0.0199130717665
0.019918564707
0.0199241805822
0.0199299212545
0.0199357885867
0.0199417844415
0.0199479106814
0.0199541691691
0.0199605599046
0.0199670884758
0.0199737511575
0.0199805554003
0.0199874974787
0.0199945848435
0.0200018137693
0.0200091879815
0.0200167112052
0.0200243834406
0.0200322046876
0.0200401805341
0.0200483091176
0.0200565941632
0.020065035671
0.0200736392289
0.0200824029744
0.0200913287699
0.0201004184783
0.020109673962
0.0201190989465
0.0201286934316
0.0201384592801
0.0201483983546
0.0201585106552
0.0201688017696
0.0201792698354
0.020189916715
0.0202007479966
0.0202117599547
0.0202229581773
0.0202343426645
0.0202459171414
0.0202576816082
0.0202696397901
0.0202817860991
0.0202941335738
0.0203066747636
0.0203194152564
0.0203323569149
0.0203454997391
0.0203588474542
0.0203724019229
0.0203861631453
0.0204001329839
0.0204143133014
0.0204287059605
0.0204433128238
0.0204581357539
0.0204731784761
0.0204884391278
0.0205039214343
0.0205196253955
0.0205355547369
0.0205517094582
0.020568093285
0.0205847062171
0.0206015501171
0.0206186287105
0.0206359419972
0.0206534899771
0.0206712763757
0.0206893049181
0.0207075737417
0.0207260865718
0.0207448434085
0.0207638479769
0.0207831002772
0.0208026058972
0.020822359249
0.0208423677832
0.0208626333624
0.020883154124
0.020903935656
0.0209249779582
0.0209462810308
0.0209678467363
0.0209896806628
0.0210117828101
0.0210341513157
0.0210567917675
0.0210797078907
0.0211028922349
0.0211263578385
0.0211500972509
0.0211741197854
0.021198419854
0.02122300677
0.021247876808
0.0212730318308
0.0212984755635
0.0213242098689
0.0213502347469
0.0213765539229
0.0214031673968
0.0214300751686
0.0214572846889
0.0214847922325
0.0215126033872
0.0215407144278
0.0215691346675
0.021597860381
0.0216268934309
0.0216562394053
0.0216858945787
0.0217158645391
0.0217461511493
0.0217767562717
0.0218076780438
0.0218389183283
0.0218704845756
0.0219023730606
0.0219345893711
0.0219671316445
0.0220000017434
0.0220332015306
0.0220667328686
0.0221005901694
0.0221347715706
0.022169277072
0.0222041010857
0.022239241749
0.0222746990621
0.0223104692996
0.0223465524614
0.0223829448223
0.022419642657
0.0224566478282
0.0224939528853
0.0225315596908
0.0225694645196
0.022607665509
0.0226461607963
0.0226849466562
0.0227240249515
0.0227633882314
0.0228030383587
0.022842971608
0.0228831842542
0.0229236762971
0.0229644458741
0.02300548926
0.023046804592
0.0230883900076
0.0231302436441
0.0231723636389
0.0232147462666
0.0232573896646
0.023300293833
0.0233434550464
0.0233868714422
0.0234305392951
0.0234744586051
0.0235186237842
0.0235630385578
0.0236076954752
0.0236525945365
0.0236977338791
0.0237431097776
0.023788722232
0.023834567517
0.0238806437701
0.0239269472659
0.0239734780043
0.0240202341229
0.0240672118962
0.0241144113243
0.0241618268192
0.0242094583809
0.0242573041469
0.0243053603917
0.0243536271155
0.0244021005929
0.0244507789612
0.0244996603578
0.0245487410575
0.0245980210602
0.0246474966407
0.0246971677989
0.0247470289469
0.0247970800847
0.0248473193496
0.0248977448791
0.0249483529478
0.0249991416931
0.0250501092523
0.0251012519002
0.0251525714993
0.0252040624619
0.0252557229251
0.025307552889
0.0253595486283
0.0254117064178
0.0254640262574
0.0255165062845
0.0255691427737
0.0256219338626
0.0256748776883
0.0257279723883
0.0257812160999
0.0258346050978
0.025888139382
0.0259418133646
0.0259956289083
0.0260495822877
0.0261036697775
0.0261578913778
0.0262122433633
0.0262667257339
0.0263213329017
0.0263760648668
0.0264309197664
0.0264858938754
0.0265409871936
0.0265961959958
0.0266515165567
0.0267069526017
0.0267624948174
0.0268181450665
0.0268739014864
0.0269297584891
0.0269857179374
0.0270417742431
0.0270979292691
0.0271541755646
0.0272105149925
0.0272669419646
0.0273234602064
0.0273800622672
0.027436748147
0.0274935122579
0.0275503583252
0.0276072826236
0.0276642777026
0.0277213454247
0.0277784857899
0.0278356932104
0.0278929639608
0.027950303629
0.0280076991767
0.0280651561916
0.0281226728112
0.0281802415848
0.0282378643751
0.0282955374569
0.0283532589674
0.0284110270441
0.0284688398242
0.0285266935825
0.0285845864564
0.0286425184458
0.0287004839629
0.0287584848702
0.0288165137172
0.0288745760918
0.0289326626807
0.0289907734841
0.0290489066392
0.0291070602834
0.0291652325541
0.0292234197259
0.0292816217989
0.0293398350477
0.0293980576098
0.0294562876225
0.0295145213604
0.0295727588236
0.0296309981495
0.0296892337501
0.0297474656254
0.0298056937754
0.0298639126122
0.0299221202731
0.0299803167582
0.0300385002047
0.0300966650248
0.0301548112184
0.0302129369229
0.0302710402757
0.0303291138262
0.0303871650249
0.0304451845586
0.0305031705648
0.0305611249059
0.0306190419942
0.0306769199669
0.0307347588241
0.0307925548404
0.030850302428
0.0309080053121
0.03096566163
0.0310232639313
0.0310808122158
0.0311383027583
0.0311957374215
0.0312531143427
0.0313104279339
0.0313676744699
0.0314248539507
0.0314819663763
0.0315390080214
0.0315959751606
0.031652867794
0.0317096821964
0.0317664183676
0.0318230725825
0.0318796411157
0.0319361239672
0.0319925174117
0.0320488214493
0.0321050360799
0.0321611501276
0.0322171710432
0.0322730876505
0.0323289074004
0.0323846228421
0.0324402339756
0.0324957333505
0.032551124692
0.0326064005494
0.0326615683734
0.0327166169882
0.0327715426683
0.0328263491392
0.0328810364008
0.0329355932772
0.0329900272191
0.0330443270504
0.0330984964967
0.0331525355577
0.0332064330578
0.0332601927221
0.0333138182759
0.0333672948182
0.0334206260741
0.0334738120437
0.0335268490016
0.033579736948
0.0336324684322
0.0336850434542
0.0337374582887
0.0337897203863
0.0338418148458
0.0338937453926
0.0339455120265
0.0339971072972
0.0340485312045
0.0340997837484
0.0341508574784
0.0342017561197
0.0342524759471
0.0343030132353
0.0343533679843
0.0344035364687
0.0344535112381
0.0345032997429
0.0345528945327
0.0346022956073
0.0346514992416
0.0347005017102
0.0347493067384
0.0347979068756
0.0348462983966
0.0348944887519
0.0349424593151
0.0349902249873
0.0350377745926
0.0350851081312
0.0351322181523
0.0351791083813
0.0352257788181
0.0352722220123
0.035318441689
0.0353644266725
0.0354101806879
0.0354557037354
0.0355009883642
0.0355460345745
0.0355908423662
0.0356354042888
0.0356797240674
0.0357237942517
0.0357676185668
0.0358111858368
0.0358545035124
0.0358975641429
0.0359403714538
0.0359829105437
0.0360251925886
0.0360672138631
0.0361089631915
0.036150444299
0.0361916571856
0.0362325906754
0.0362732559443
0.0363136380911
0.0363537445664
0.0363935679197
0.036433108151
0.0364723615348
0.0365113243461
0.0365500003099
0.0365883819759
0.0366264656186
0.0366642586887
0.0367017500103
0.0367389395833
0.0367758274078
0.036812402308
0.0368486791849
0.0368846431375
0.0369202904403
0.0369556248188
0.0369906425476
0.037025347352
0.0370597243309
0.0370937809348
0.0371275134385
0.0371609181166
0.0371939912438
0.0372267328203
0.0372591428459
0.0372912175953
0.0373229496181
0.0373543426394
0.0373853929341
0.0374160967767
0.0374464578927
0.0374764688313
0.0375061295927
0.0375354327261
0.0375643819571
0.0375929735601
0.0376212075353
0.0376490727067
0.0376765802503
0.0377037189901
0.0377304889262
0.0377568863332
0.0377829149365
0.0378085635602
0.0378338359296
0.0378587320447
0.0378832407296
0.0379073731601
0.0379311107099
0.0379544682801
0.0379774309695
0.0380000025034
0.0380221754313
0.0380439572036
0.0380653478205
0.0380863435566
0.0381069481373
0.0381271615624
0.0381469838321
0.038166411221
0.038185454905
0.0382041037083
0.0382223688066
0.0382402427495
0.0382577292621
0.0382748320699
0.0382915474474
0.0383078791201
0.0383238233626
0.0383393876255
0.0383545681834
0.0383693613112
0.0383837744594
0.0383978076279
0.0384114570916
0.0384247303009
0.0384376198053
0.0384501330554
0.038462266326
0.0384740196168
0.0384854003787
0.0384964048862
0.0385070294142
0.0385172814131
0.0385271571577
0.0385366603732
0.0385457910597
0.0385545492172
0.0385629311204
0.0385709479451
0.0385785885155
0.0385858640075
0.0385927632451
0.0385992974043
0.038605466485
0.038611266762
0.0386166982353
0.0386217609048
0.0386264584959
0.0386307947338
0.0386347621679
0.0386383719742
0.0386416167021
0.0386444963515
0.0386470109224
0.0386491678655
0.0386509634554
0.0386524014175
0.0386534780264
0.0386541970074
0.0386545583606
0.0386545583606
0.0386542081833
0.0386534929276
0.0386524312198
0.0386510081589
0.0386492311954
0.0386471040547
0.0386446192861
0.0386417880654
0.0386385992169
0.0386350601912
0.0386311747134
0.038626935333
0.0386223457754
0.0386174097657
0.0386121273041
0.0386064983904
0.0386005155742
0.0385941900313
0.0385875217617
0.03858050704
0.0385731495917
0.0385654456913
0.0385573990643
0.0385490134358
0.0385402813554
0.0385312102735
0.0385218001902
0.0385120473802
0.0385019592941
0.0384915284812
0.0384807661176
0.0384696610272
0.0384582206607
0.0384464412928
0.0384343266487
0.0384218804538
0.0384091027081
0.038395985961
0.0383825413883
0.0383687615395
0.0383546464145
0.0383402071893
0.038325432688
0.0383103303611
0.0382949002087
0.0382791385055
0.038263052702
0.0382466390729
0.0382298976183
0.0382128320634
0.0381954349577
0.0381777212024
0.0381596758962
0.0381413139403
0.0381226241589
0.0381036177278
0.0380842871964
0.0380646325648
0.0380446650088
0.0380243696272
0.038003757596
0.0379828326404
0.0379615835845
0.037940017879
0.0379181429744
0.0378959439695
0.0378734357655
0.0378506071866
0.0378274656832
0.0378040149808
0.0377802476287
0.0377561748028
0.0377317816019
0.0377070829272
0.0376820750535
0.0376567542553
0.0376311279833
0.0376051925123
0.0375789478421
0.0375523976982
0.0375255383551
0.0374983772635
0.0374709069729
0.0374431349337
0.037415061146
0.0373866781592
0.0373579971492
0.0373290106654
0.0372997261584
0.0372701436281
0.0372402556241
0.0372100695968
0.0371795855463
0.0371488071978
0.0371177271008
0.037086352706
0.0370546765625
0.0370227098465
0.0369904451072
0.03695788607
0.0369250364602
0.0368918925524
0.0368584580719
0.0368247292936
0.0367907099426
0.0367564000189
0.0367217957973
0.0366869084537
0.0366517305374
0.0366162620485
0.0365805104375
0.0365444682539
0.0365081466734
0.0364715307951
0.03643463552
0.0363974533975
0.0363599918783
0.0363222435117
0.0362842157483
0.0362459011376
0.0362073108554
0.0361684374511
0.0361292846501
0.0360898524523
0.0360501408577
0.0360101573169
0.0359698869288
0.0359293445945
0.035888530314
0.0358474366367
0.0358060672879
0.035764425993
0.0357225090265
0.0356803201139
0.0356378555298
0.0355951264501
0.0355521216989
0.0355088487267
0.0354653075337
0.0354214906693
0.0353774130344
0.0353330634534
0.0352884456515
0.0352435670793
0.0351984202862
0.0351530052722
0.0351073257625
0.0350613854825
0.0350151769817
0.0349687114358
0.0349219813943
0.0348749868572
0.034827735275
0.0347802229226
0.0347324497998
0.0346844159067
0.0346361286938
0.0345875807106
0.0345387794077
0.0344897173345
0.0344403982162
0.0343908257782
0.0343410000205
0.0342909172177
0.0342405885458
0.0341899991035
0.0341391600668
0.0340880714357
0.0340367332101
0.0339851379395
0.033933300525
0.033881213516
0.0338288731873
0.0337762907147
0.0337234586477
0.0336703807116
0.0336170606315
0.033563490957
0.0335096791387
0.0334556214511
0.0334013216197
0.0333467796445
0.0332919955254
0.0332369692624
0.0331817045808
0.0331261977553
0.0330704525113
0.0330144651234
0.0329582467675
0.0329017862678
0.0328450910747
0.0327881574631
0.0327309891582
0.0326735861599
0.0326159484684
0.0325580760837
0.0324999727309
0.0324416384101
0.0323830656707
0.0323242656887
0.0322652384639
0.0322059765458
0.032146487385
0.0320867709816
0.0320268236101
0.0319666489959
0.0319062508643
0.03184562549
0.0317847728729
0.0317236967385
0.0316623970866
0.0316008701921
0.0315391235054
0.0314771570265
0.031414963305
0.0313525535166
0.0312899202108
0.0312270671129
0.0311639960855
0.031100705266
0.0310371983796
0.0309734735638
0.0309095326811
0.0308453738689
0.0307810027152
0.0307164154947
0.0306516122073
0.0305865965784
0.0305213686079
0.0304559282959
0.0303902775049
0.0303244143724
0.0302583407611
0.0301920585334
0.0301255658269
0.0300588663667
0.0299919582903
0.0299248434603
0.0298575218767
0.0297899935395
0.0297222603112
0.0296543221921
0.0295861829072
0.0295178387314
0.0294492915273
0.0293805431575
0.0293115898967
0.0292424410582
0.029173085466
0.0291035361588
0.0290337838233
0.02896383591
0.0288936886936
0.0288233458996
0.0287528093904
0.0286820735782
0.0286111421883
0.0285400170833
0.0284686982632
0.028397185728
0.0283254794776
0.0282535832375
0.0281814932823
0.0281092151999
0.0280367471278
0.0279640853405
0.027891241014
0.0278182048351
0.027744980529
0.027671571821
0.0275979749858
0.0275241937488
0.0274502262473
0.0273760724813
0.0273017399013
0.0272272229195
0.0271525196731
0.0270776376128
0.0270025767386
0.0269273314625
0.0268519073725
0.0267763044685
0.026700520888
0.0266245584935
0.0265484210104
0.026472106576
0.0263956151903
0.0263189524412
0.0262421090156
0.0261650942266
0.0260879024863
0.0260105412453
0.0259330067784
0.0258552990854
0.0257774218917
0.0256993733346
0.0256211552769
0.0255427677184
0.0254642125219
0.0253854878247
0.0253065954894
0.025227541104
0.0251483172178
0.0250689256936
0.0249893702567
0.0249096546322
0.0248297695071
0.0247497260571
0.0246695186943
0.024589151144
0.0245086215436
0.0244279298931
0.0243470817804
0.0242660716176
0.0241849031299
0.0241035781801
0.024022096768
0.0239404570311
0.023858660832
0.0237767137587
0.0236946083605
0.0236123483628
0.0235299356282
0.0234473701566
0.0233646519482
0.0232817810029
0.0231987629086
0.0231155902147
0.0230322722346
0.0229487996548
0.0228651836514
0.0227814186364
0.0226975064725
0.0226134471595
0.0225292425603
0.0224448926747
0.0223603975028
0.0222757570446
0.0221909768879
0.0221060533077
0.0220209881663
0.021935781464
0.021850431338
0.0217649433762
0.0216793138534
0.0215935446322
0.0215076394379
0.0214215982705
0.0213354155421
0.0212490968406
0.0211626458913
0.0210760589689
0.020989337936
0.0209024846554
0.020815493539
0.0207283720374
0.020641118288
0.0205537322909
0.0204662177712
0.0203785710037
0.0202907957137
0.0202028919011
0.0201148595661
0.0200267005712
0.0199384111911
0.0198499988765
0.0197614599019
0.0196727961302
0.0195840094239
0.0194950979203
0.0194060616195
0.0193169042468
0.0192276295274
0.0191382262856
0.0190487094223
0.0189590658993
0.0188693068922
0.0187794268131
0.0186894312501
0.0185993146151
0.0185090843588
0.0184187367558
0.0183282718062
0.0182376969606
0.0181470066309
0.0180561989546
0.0179652832448
0.0178742501885
0.017783107236
0.0176918525249
0.017600491643
0.017509015277
0.0174174308777
0.0173257384449
0.017233941704
0.0171420294791
0.0170500166714
0.0169578976929
0.0168656725436
0.0167733430862
0.0166809074581
0.0165883675218
0.0164957288653
0.0164029877633
0.0163101404905
0.0162171982229
0.0161241516471
0.0160310063511
0.0159377623349
0.0158444158733
0.015750978142
0.0156574398279
0.0155638018623
0.0154700726271
0.0153762446716
0.0152823226526
0.015188309364
0.0150942029431
0.015000000596
0.0149057079107
0.0148113276809
0.0147168636322
0.0146223185584
0.0145276999101
0.01443300955
0.0143382530659
0.0142434323207
0.0141485547647
0.0140536222607
0.0139586385339
0.0138636101037
0.013768539764
0.0136734321713
0.0135782919824
0.0134831219912
0.0133879268542
0.0132927121595
0.0131974797696
0.0131022352725
0.0130069833249
0.0129117285833
0.0128164729103
0.0127212228253
0.0126259811223
0.0125307515264
0.0124355396256
0.0123403500766
0.0122451866046
0.0121500520036
0.0120549509302
0.0119598889723
0.0118648698553
0.0117698973045
0.011674975045
0.0115801086649
0.0114853009582
0.0113905565813
0.0112958811224
0.0112012773752
0.0111067490652
0.0110123017803
0.0109179383144
0.0108236642554
0.0107294833288
0.0106353992596
0.010541417636
0.0104475403205
0.0103537738323
0.0102601209655
0.0101665863767
0.0100731737912
0.00997988972813
0.0098867341876
0.00979371462017
0.00970083475113
0.00960809737444
0.00951550900936
0.00942307244986
0.00933079235256
0.00923867151141
0.00914671551436
0.0090549280867
0.00896331481636
0.00887187756598
0.00878062192351
0.00868955161422
0.00859867129475
0.00850798655301
0.00841749832034
0.00832721311599
0.00823713373393
0.00814726576209
0.00805761292577
0.00796817895025
0.00787896942347
0.00778998667374
0.00770123582333
0.00761272152886
0.00752444751561
0.00743641797453
0.00734863663092
0.00726110860705
0.00717383855954
0.00708682835102
0.00700008450076
0.00691361073405
0.00682740984485
0.00674148881808
0.00665584905073
0.00657049613073
0.0064854347147
0.00640066666529
0.00631619850174
0.00623203488067
0.00614817766473
0.00606463290751
0.00598140340298
0.00589849613607
0.00581591157243
0.00573365623131
0.00565173383802
0.0055701485835
0.00548890326172
0.00540800578892
0.00532745663077
0.00524726230651
0.00516742561013
0.00508795073256
0.00500884279609
0.004930105526
0.00485174404457
0.00477376114577
0.00469616148621
0.00461894925684
0.00454212957993
0.00446570524946
0.00438968092203
0.00431406125426
0.00423885183409
0.00416405312717
0.00408967211843
0.00401571393013
0.00394217902794
0.00386907509528
0.00379640399478
0.00372417178005
0.00365238217637
0.0035810386762
0.0035101454705
0.00343970884569
0.00336972926743
0.00330021395348
0.00323116709478
0.00316259008832
0.00309449015185
0.00302686984651
0.00295973499306
0.00289308838546
0.00282693491317
0.00276127737015
0.00269612134434
0.00263147079386
0.00256733037531
0.00250370427966
0.00244059576653
0.00237800995819
0.00231594964862
0.00225442042574
0.00219342531636
0.00213297083974
0.00207305909134
0.00201369379647
0.00195488263853
0.00189662561752
0.00183892832138
0.00178179657087
0.00172523315996
0.0016692429781
0.00161382777151
0.00155899534002
0.00150474836119
0.00145109090954
0.00139802752528
0.00134556205012
0.00129369739443
0.00124244124163
0.00119179440662
0.00114176282659
0.00109235104173
0.00104356103111
0.000995399546809
0.000947870314121
0.000900975253899
0.00085472111823
0.000809111632407
0.000764150638133
0.000719841977116
0.000676191353705
0.000633200688753
0.000590874697082
0.000549220130779
0.00050823786296
0.000467935577035
0.000428314233432
0.000389379507396
0.000351134309312
0.00031358434353
0.000276733422652
0.000240586290602
0.000205147749512
0.000170419705682
0.000136407863465
0.000103115089587
7.0546157076e-05
3.87067811971e-05
7.59983095122e-06
-2.27689761232e-05
-5.23986855114e-05
-8.12816651887e-05
-0.000109415057523
-0.0001367960067
-0.00016341781884
-0.000189277663594
-0.000214371684706
-0.000238694206928
-0.000262242334429
-0.00028501226916
-0.00030699922354
-0.000328197493218
-0.000348604226019
-0.000368216540664
-0.00038702681195
-0.000405034079449
-0.000422232638812
-0.000438619637862
-0.000454186461866
-0.000468935992103
-0.000482856761664
-0.000495951680932
-0.000508210214321
-0.000519630440976
-0.000530210498255
-0.000539945613127
-0.00054882816039
-0.000556856160983
-0.000564024026971
-0.000570329721086
-0.000575768470298
-0.000580335617997
-0.000584026391152
-0.000586836831644
-0.00058876228286
-0.000589801813476
-0.000589946750551
-0.000589196220972
-0.000587544462178
-0.000584986701142
-0.000581520085689
-0.000577139900997
-0.000571840326302
-0.00056562141981
-0.000558473635465
-0.000550396973267
-0.000541385670658
-0.000531435012817
-0.000520541216247
-0.000508699449711
-0.000495905871503
-0.00048215771676
-0.000467449222924
-0.000451777479611
-0.000435135851149
-0.00041752148536
-0.000398931530071
-0.000379360222723
-0.000358803779818
-0.00033725835965
-0.000314717297442
-0.000291179661872
-0.000266640679911
-0.000241094603552
-0.000214539541048
-0.000186966906767
-0.000158377661137
-0.000128765110276
-9.81254634098e-05
-6.64548933855e-05
-3.37467208738e-05
0.0
3.47904024238e-05
7.06234859535e-05
0.000107497784484
0.000145411890117
0.000184364325833
0.000224353687372
0.000265378446784
0.000307437265292
0.000350528571289
0.000394651055103
0.000439803203335
0.000485983502585
0.000533190672286
0.000581423111726
0.000630679540336
0.000680958328303
0.00073225813685
0.00078457739437
0.00083791493671
0.000892269017641
0.000947638298385
0.00100402149837
0.00106141692959
0.00111982319504
0.00117923889775
0.00123966264073
0.00130109279417
0.00136352819391
0.00142696721014
0.00149140844587
0.00155685038771
0.00162329163868
0.0016907309182
0.00175916648004
0.00182859692723
0.00189902097918
0.00197043735534
0.00204284419306
0.00211624009535
0.00219062389806
0.00226599397138
0.00234234891832
0.0024196873419
0.00249800737947
0.00257730856538
0.00265758833848
0.00273884600028
0.00282107992098
0.00290428823791
0.0029884702526
0.00307362363674
0.00315974792466
0.00324684078805
0.00333490152843
0.00342392781749
0.00351391895674
0.00360487378202
0.0036967897322
0.00378966610879
0.00388350174762
0.00397829385474
0.00407404312864
0.00417074607685
0.00426840223372
0.0043670097366
0.00446656811982
0.00456707458943
0.00466852867976
0.00477092852816
0.00487427320331
0.00497855991125
0.00508378911763
0.00518995756283
0.00529706478119
0.00540510984138
0.00551408948377
0.00562400417402
0.00573485111818
0.00584663031623
0.00595933897421
0.00607297569513
0.00618753954768
0.00630303006619
0.00641944399104
0.00653678039089
0.00665503833443
0.00677421549335
0.00689431186765
0.00701532512903
0.0071372538805
0.00726009672508
0.00738385133445
0.00750851724297
0.0076340935193
0.00776057783514
0.00788796972483
0.00801626499742
0.00814546551555
0.00827556848526
0.00840657297522
0.00853847526014
0.00867127720267
0.00880497507751
0.00893956888467
0.0090750567615
0.00921143591404
0.00934870541096
0.00948686525226
0.00962591450661
0.00976584944874
0.00990666914731
0.0100483708084
0.0101909572259
0.0103344246745
0.010478769429
0.0106239942834
0.0107700936496
0.0109170693904
0.0110649177805
0.0112136388198
0.0113632306457
0.0115136904642
0.011665020138
0.0118172140792
0.011970273219
0.0121241975576
0.0122789833695
0.0124346278608
0.0125911338255
0.0127484956756
0.0129067152739
0.0130657888949
0.0132257156074
0.0133864944801
0.0135481236503
0.0137106012553
0.0138739263639
0.014038098976
0.0142031153664
0.014368975535
0.014535676688
0.0147032178938
0.0148715991527
0.0150408167392
0.0152108715847
0.0153817599639
0.0155534818769
0.0157260354608
0.0158994197845
0.0160736311227
0.016248671338
0.016424536705
0.0166012253612
0.0167787391692
0.0169570744038
0.0171362273395
0.0173162017018
0.0174969937652
0.017678597942
0.0178610179573
0.0180442519486
0.0182282980531
0.0184131525457
0.0185988135636
0.0187852848321
0.018972562626
0.0191606413573
0.0193495247513
0.0195392072201
0.0197296906263
0.0199209731072
0.0201130528003
0.0203059278429
0.0204995963722
0.0206940602511
0.0208893120289
0.0210853554308
0.0212821830064
0.0214798022062
0.0216782037169
0.0218773912638
0.0220773611218
0.0222781132907
0.0224796421826
0.0226819515228
0.0228850357234
0.0230888947845
0.0232935287058
0.0234989374876
0.0237051155418
0.0239120610058
0.0241197757423
0.0243282578886
0.024537505582
0.0247475150973
0.0249582901597
0.0251698195934
0.0253821145743
0.0255951639265
0.0258089732379
0.0260235369205
0.0262388512492
0.0264549199492
0.0266717374325
0.0268893074244
0.0271076243371
0.0273266844451
0.0275464933366
0.0277670454234
0.0279883332551
0.0282103680074
0.0284331403673
0.0286566521972
0.028880899772
0.0291058775038
0.0293315928429
0.0295580420643
0.0297852177173
0.0300131235272
0.0302417576313
0.030471118167
0.0307011995465
0.0309320110828
0.0311635378748
0.0313957892358
0.0316287577152
0.0318624451756
0.0320968404412
0.0323319658637
0.0325677916408
0.0328043326735
0.0330415852368
0.0332795418799
0.0335182137787
0.0337575897574
0.0339976660907
0.0342384465039
0.0344799272716
0.0347221158445
0.0349649935961
0.0352085754275
0.0354528464377
0.0356978178024
0.0359434783459
0.0361898317933
0.0364368706942
0.0366846099496
0.0369330272079
0.0371821299195
0.0374319218099
0.0376823954284
0.0379335433245
0.0381853803992
0.0384378880262
0.0386910773814
0.0389449410141
0.0391994789243
0.039454691112
0.0397105738521
0.039967123419
0.040224339813
0.0404822304845
0.0407407805324
0.0410000011325
