0.0
0.0
-1.21801695059e-05
-7.07766548658e-06
-3.35179083777e-06
-9.8758130207e-07
2.06155870153e-10
-3.74574511852e-07
-2.11102269532e-06
-5.22409118275e-06
-9.6988187579e-06
-1.55534180521e-05
-2.27670825552e-05
-3.13424170599e-05
-4.12996305386e-05
-5.26138064743e-05
-6.52061789879e-05
-7.89895711932e-05
-9.38950615819e-05
-0.000109840628284
-0.000126661208924
-0.000144253019243
-0.000162428463227
-0.000181073599379
-0.000199981252081
-0.000218984059757
-0.000237874919549
-0.00025648024166
-0.000274589983746
-0.000291972013656
-0.000308462156681
-0.000323842366925
-0.000337918347213
-0.00035050988663
-0.000361403886927
-0.000370458874386
-0.000377505668439
-0.000382424506824
-0.000385080347769
-0.000385338818887
-0.000383140635677
-0.000378440628992
-0.000371178932255
-0.000361318932846
-0.000348889705492
-0.000333959935233
-0.00031654452323
-0.000296719546895
-0.000274605263257
-0.000250353245065
-0.000224139497732
-0.000196087014046
-0.000166420373716
-0.000135395821417
-0.000103237907751
-7.01691533322e-05
-3.64946790796e-05
-2.47994694291e-06
3.15406068694e-05
6.53167153359e-05
9.85139413388e-05
0.000130850356072
0.000161979653058
0.000191647413885
0.000219523019041
0.000245325180003
0.000268793693976
0.00028966111131
0.000307665555738
0.00032261479646
0.000334304349963
0.000342524726875
0.000347129069269
0.000348028523149
0.000345086591551
0.000338231329806
0.000327448215103
0.000312723539537
0.0002940876293
0.000271556724329
0.000245240080403
0.000215286985622
0.00018181775522
0.000145000172779
0.000105045612145
6.21733852313e-05
1.66976697074e-05
-3.11473449983e-05
-8.10586498119e-05
-0.000132689659949
-0.00018572404224
-0.000239791872445
-0.000294526311336
-0.00034953901195
-0.000404480990255
-0.000458907830762
-0.000512482016347
-0.00056476239115
-0.000615382916294
-0.000663964659907
-0.000710130727384
-0.000753518310376
-0.000793760758825
-0.000830547010992
-0.000863533525262
-0.000892452255357
-0.000916995864827
-0.000936897704378
-0.000951976981014
-0.00096199917607
-0.000966773019172
-0.000966155144852
-0.000960023258813
-0.000948306347709
-0.000930926122237
-0.000907814246602
-0.000878980092239
-0.000844479829539
-0.00080434163101
-0.000758620270062
-0.000707465806045
-0.000650987261906
-0.000589379924349
-0.000522781803738
-0.000451438565506
-0.000375576288207
-0.000295467092656
-0.000211367136217
-0.00012358262029
-3.24439060932e-05
6.17353216512e-05
0.00015866587637
0.000257862149738
0.00035902558011
0.000461764779175
0.000565751164686
0.000670466863085
0.000775596825406
0.000880741688889
0.000985428341664
0.00108929723501
0.00119199638721
0.00129303033464
0.0013920199126
0.00148866721429
0.00158248585649
0.00167319283355
0.00176034227479
0.00184365815949
0.00192278868053
0.00199737725779
0.00206715799868
0.00213182903826
0.00219116080552
0.00224487110972
0.00229270826094
0.00233453465626
0.0023701323662
0.00239932723343
0.00242198072374
0.0024379955139
0.00244728685357
0.00244976929389
0.00244540022686
0.00243416964076
0.00241608964279
0.0023911728058
0.00235948082991
0.00232108472846
0.00227612163872
0.00222467444837
0.00216688378714
0.00210295873694
0.00203306530602
0.00195741932839
0.00187623302918
0.00178975332528
0.00169820990413
0.00160197494552
0.001501265564
0.00139640213456
0.00128770724405
0.00117545807734
0.00106006651185
0.000941866659559
0.000821170513518
0.000698285293765
0.000573692377657
0.00044768844964
0.000320562103298
0.000192812338355
6.46552434773e-05
-6.34338794043e-05
-0.000191155966604
-0.000318237376632
-0.000444231001893
-0.000568923715036
-0.000691906840075
-0.000812964397483
-0.000931694288738
-0.00104795279913
-0.00116141838953
-0.00127178942785
-0.00137891795021
-0.00148257298861
-0.00158249377273
-0.00167858414352
-0.00177062745206
-0.0018584697973
-0.00194206938613
-0.00202124891803
-0.00209592399187
-0.00216600811109
-0.00223151501268
-0.00229238718748
-0.00234856386669
-0.00240010209382
-0.0024469899945
-0.00248927716166
-0.00252699665725
-0.00256019993685
-0.00258900085464
-0.00261346693151
-0.00263368478045
-0.00264977291226
-0.00266185239889
-0.00267003243789
-0.00267442269251
-0.00267517869361
-0.00267242779955
-0.0026662889868
-0.00265688658692
-0.0026443595998
-0.00262883608229
-0.00261040497571
-0.00258920085616
-0.00256531476043
-0.00253881956451
-0.00250981748104
-0.00247837626375
-0.00244454038329
-0.0024083526805
-0.00236982037313
-0.00232900143601
-0.00228583603166
-0.00224037189037
-0.00219255452976
-0.00214232224971
-0.00208965619095
-0.002034452511
-0.00197668885812
-0.00191622332204
-0.00185303832404
-0.00178697123192
-0.001717994106
-0.00164594838861
-0.00157080055214
-0.00149240880273
-0.0014107512543
-0.00132568948902
-0.00123719742987
-0.00114529766142
-0.00104986608494
-0.000950936286245
-0.000848601281177
-0.000742806412745
-0.000633658492006
-0.00052126677474
-0.00040584220551
-0.00028746566386
-0.000166356170666
-4.27517406933e-05
8.30236967886e-05
0.00021060310246
0.00033976676059
0.000470091617899
0.000601129315328
0.000732402550057
0.000863464432769
0.000993818393908
0.00112288747914
0.00125010614283
0.00137491687201
0.00149672711268
0.00161493860651
0.00172892597038
0.00183808570728
0.00194183352869
0.00203957897611
0.00213073869236
0.00221475446597
0.00229109614156
0.00235934345983
0.0024189890828
0.00246962346137
0.00251089339145
0.00254256464541
0.00256441882811
0.00257620727643
0.00257785292342
0.00256941770203
0.00255096377805
0.00252253399231
0.00248437887058
0.00243690074421
0.00238044047728
0.00231546699069
0.00224253023043
0.00216228654608
0.00207556597888
0.00198300858028
0.00188556301873
0.00178421661258
0.0016798984725
0.00157373282127
0.00146671722177
0.00136011384893
0.00125501444563
0.00115268689115
0.00105423142668
0.000960948120337
0.000873961253092
0.00079449324403
0.000723695091438
0.00066257675644
0.000612227711827
0.00057362485677
0.000547688861843
0.000535126135219
0.00053662218852
0.000552909099497
0.000584410794545
0.000631355913356
0.000693960930221
0.000772427709308
0.000866580870934
0.000976113777142
0.00110060931183
0.00123965600505
0.00139248906635
0.00155800359789
0.00173530785833
0.00192328100093
0.00212054583244
0.00232545868494
0.00253639928997
0.00275170989335
0.0029694007244
0.00318758259527
0.00340406829491
0.00361677049659
0.0038234507665
0.00402180943638
0.00420953705907
0.00438429741189
0.00454381620511
0.00468585221097
0.00480813067406
0.00490841316059
0.00498466566205
0.00503501156345
0.00505754491314
0.00505040353164
0.005012139678
0.00494151050225
0.00483733043075
0.00469839200377
0.00452407356352
0.00431408872828
0.00406797742471
0.00378573127091
0.00346764666028
0.00311446306296
0.00272673345171
0.00230565993115
0.0018525387859
0.00136922311503
0.00085729098646
0.000319145357935
-0.000242952519329
-0.000826180039439
-0.00142803683411
-0.00204507168382
-0.00267454283312
-0.00331233278848
-0.00395517842844
-0.00459983386099
-0.00524189835414
-0.00587776303291
-0.00650384742767
-0.00711564673111
-0.00770991947502
-0.00828224606812
-0.00882939435542
-0.00934702064842
-0.00983223412186
-0.0102812321857
-0.0106912171468
-0.0110585577786
-0.011381059885
-0.011656052433
-0.0118815060705
-0.0120549434796
-0.0121752023697
-0.012241053395
-0.0122515372932
-0.0122056649998
-0.0121034989133
-0.0119453277439
-0.0117316115648
-0.0114627061412
-0.0111401220784
-0.0107657564804
-0.0103410547599
-0.00986806396395
-0.00934970472008
-0.00878846552223
-0.00818750541657
-0.00754989916459
-0.0068795629777
-0.00617967545986
-0.00545436656103
-0.0047074444592
-0.00394344097003
-0.00316581875086
-0.00237913476303
-0.00158761115745
-0.000795413274318
-7.08675270289e-06
0.00077403569594
0.00154344213661
0.00229739374481
0.00303222681396
0.00374427717179
0.0044296560809
0.0050861411728
0.0057104988955
0.00629995530471
0.00685183145106
0.00736422324553
0.00783535279334
0.00826349295676
0.00864678900689
0.00898440927267
0.00927609112114
0.00952125620097
0.00971951987594
0.00987126771361
0.00997701939195
0.0100373430178
0.0100529538468
0.010025200434
0.00995557568967
0.00984557624906
0.00969682075083
0.00951140932739
0.00929151289165
0.00903931353241
0.00875708460808
0.0084473202005
0.00811260845512
0.00775527628139
0.0073783476837
0.00698420405388
0.0065755113028
0.00615488411859
0.00572490226477
0.00528800860047
0.00484640384093
0.00440294947475
0.00395975681022
0.00351883610711
0.00308221159503
0.00265163322911
0.00222942256369
0.00181683769915
0.00141532847192
0.00102631840855
0.000650936563034
0.00029045518022
-5.4470525356e-05
-0.000382991624065
-0.000694539397955
-0.000988468294963
-0.00126463617198
-0.00152287434321
-0.00176273763645
-0.00198448263109
-0.00218833843246
-0.00237426208332
-0.00254258676432
-0.00269382027909
-0.00282828346826
-0.00294650765136
-0.00304904207587
-0.00313639431261
-0.00320924026892
-0.0032682386227
-0.00331395538524
-0.00334707531147
-0.00336823938414
-0.0033781232778
-0.00337733025663
-0.00336646172218
-0.00334611511789
-0.00331687182188
-0.00327926292084
-0.00323379435576
-0.00318092550151
-0.00312109896913
-0.00305478321388
-0.00298227323219
-0.00290398159996
-0.00282018282451
-0.00273125781678
-0.00263740355149
-0.00253893947229
-0.00243605137803
-0.00232907617465
-0.00221812864766
-0.00210355618037
-0.0019854772836
-0.00186425179709
-0.00174002721906
-0.0016131347511
-0.00148390850518
-0.00135253160261
-0.00121949345339
-0.00108504318632
-0.000949671026319
-0.000813675811514
-0.00067761936225
-0.000542066991329
-0.000407381972764
-0.000274223275483
-0.000143099867273
-1.46881757246e-05
0.00011034419731
0.000231463214732
0.000347876921296
0.000459004222648
0.000564127287362
0.000662507605739
0.000753578729928
0.000836624007206
0.000910949485842
0.00097602274036
0.00103125954047
0.00107609922998
0.00111006898805
0.00113269779831
0.00114366505295
0.00114270439371
0.00112950708717
0.00110391667113
0.00106597412378
0.00101567711681
0.000953070353717
0.000878407619894
0.000792007020209
0.000694324204233
0.000585769477766
0.000466990139103
0.000338680663845
0.000201683025807
5.68058312638e-05
-9.493152902e-05
-0.000252535217442
-0.000414814014221
-0.000580627529416
-0.000748653896153
-0.000917701225262
-0.00108633900527
-0.00125320535153
-0.00141683255788
-0.00157594459597
-0.00172902503982
-0.0018746459391
-0.00201142113656
-0.00213797972538
-0.00225308095105
-0.00235533597879
-0.00244356156327
-0.00251669157296
-0.00257362145931
-0.00261335633695
-0.00263504800387
-0.00263803498819
-0.0026216651313
-0.002585320035
-0.00252867932431
-0.00245156697929
-0.00235389126465
-0.00223555788398
-0.00209677964449
-0.00193802639842
-0.00175984611269
-0.00156253692694
-0.00134699966293
-0.00111423095223
-0.00086528097745
-0.00060116907116
-0.000323220796417
-3.29382964992e-05
0.000268030824373
0.00057846220443
0.000896502286196
0.00122031918727
0.00154805544298
0.00187787169125
0.00220783334225
0.00253595924005
0.00286007160321
0.00317850988358
0.00348913972266
0.00379002396949
0.00407920777798
0.00435475958511
0.00461489148438
0.00485790101811
0.00508207874373
0.00528575805947
0.00546743301675
0.00562598789111
0.00576005829498
0.00586837949231
0.00595006486401
0.00600436236709
0.00603055115789
0.00602794252336
0.00599625334144
0.00593535182998
0.00584514858201
0.00572559982538
0.0055771060288
0.00540008628741
0.00519512221217
0.00496281031519
0.00470411637798
0.00442017195746
0.0041121179238
0.00378110958263
0.00342865521088
0.00305637810379
0.0026658969
0.00225886562839
0.00183719198685
0.00140283512883
0.00095775607042
0.000504202325828
4.38042334281e-05
-0.000421056873165
-0.000888223526999
-0.00135557854082
-0.00182094168849
-0.00228218757547
-0.00273716752417
-0.00318376533687
-0.00361997145228
-0.00404381612316
-0.0044533405453
-0.00484662596136
-0.00522194243968
-0.00557766621932
-0.00591213209555
-0.00622375914827
-0.00651109963655
-0.00677325483412
-0.0070088384673
-0.00721671618521
-0.00739608239383
-0.00754620879889
-0.00766639271751
-0.00775598734617
-0.00781472213566
-0.00784241128713
-0.00783887319267
-0.00780402077362
-0.0077381208539
-0.00764133082703
-0.00751380762085
-0.00735640805215
-0.0071699549444
-0.00695547275245
-0.00671353982762
-0.00644525233656
-0.00615190668032
-0.0058348220773
-0.00549533776939
-0.00513487309217
-0.00475507229567
-0.00435763830319
-0.00394431268796
-0.0035168165341
-0.00307707069442
-0.00262704491615
-0.00216869241558
-0.00170419807546
-0.00123511697166
-0.000763719668612
-0.000292063486995
0.000177870155312
0.000644099374767
0.0011046868749
0.00155767879914
0.00200119917281
0.00243353215046
0.00285296957009
0.0032576539088
0.003646369325
0.00401758030057
0.0043699988164
0.00470232218504
0.0050133834593
0.00530231650919
0.00556830922142
0.00581054855138
0.00602828338742
0.00622133910656
0.0063893487677
0.00653199385852
0.00664911651984
0.00674086483195
0.0068074320443
0.00684900395572
0.0068659093231
0.00685872416943
0.00682802731171
0.00677444646135
0.00669864891097
0.00660155713558
0.00648405449465
0.00634711747989
0.0061915894039
0.00601860461757
0.00582924019545
0.00562459556386
0.0054057687521
0.00517400307581
0.0049302438274
0.00467570172623
0.00441151903942
0.00413880078122
0.00385876186192
0.00357223604806
0.00328039401211
0.00298419990577
0.00268462533131
0.00238279439509
0.00207928637974
0.00177508546039
0.00147096917499
0.00116771471221
0.000866231159307
0.000566826376598
0.00027025534655
-2.28626558965e-05
-0.000311847776175
-0.000596493133344
-0.000876238394994
-0.0011506191222
-0.00141910568345
-0.00168164179195
-0.00193776492961
-0.00218713562936
-0.00242935889401
-0.00266441702843
-0.00289194798097
-0.00311168562621
-0.00332330167294
-0.00352678820491
-0.00372180598788
-0.00390804791823
-0.00408546067774
-0.00425372598693
-0.00441251927987
-0.00456175906584
-0.00470110587776
-0.00483024120331
-0.00494899740443
-0.00505702197552
-0.00515398336574
-0.00523965246975
-0.00531365163624
-0.00537564093247
-0.00542534934357
-0.00546238664538
-0.00548641895875
-0.00549712684005
-0.00549416057765
-0.0054772128351
-0.00544597161934
-0.00540015101433
-0.00533944508061
-0.00526368245482
-0.0051725958474
-0.00506600784138
-0.00494384532794
-0.00480597000569
-0.00465249735862
-0.00448322854936
-0.00429843971506
-0.00409820722416
-0.00388283352368
-0.00365267693996
-0.00340794096701
-0.00314941164106
-0.00287742516957
-0.00259281997569
-0.00229608872905
-0.00198844308034
-0.00167055509519
-0.00134367414284
-0.00100862525869
-0.000667048501782
-0.000319912913255
3.11364892696e-05
0.000384774262784
0.000739560869988
0.0010935360333
0.00144543417264
0.00179320469033
0.0021353601478
0.00246979761869
0.00279487064108
0.00310893286951
0.00340987369418
0.00369616202079
0.00396573450416
0.00421705422923
0.00444859266281
0.00465854490176
0.00484551582485
0.00500797433779
0.00514485454187
0.00525502720848
0.00533723132685
0.00539075164124
0.00541507126763
0.00540965003893
0.00537399761379
0.00530810654163
0.00521221803501
0.00508671160787
0.00493188062683
0.00474848831072
0.00453791301697
0.00430126581341
0.00403976626694
0.00375521089882
0.0034494958818
0.0031250026077
0.00278371549211
0.00242818449624
0.00206104922108
0.00168550247326
0.00130417768378
0.000920239835978
0.000536985462531
0.000157701972057
-0.000214483676245
-0.000575850426685
-0.000923182175029
-0.00125306204427
-0.00156211270951
-0.00184716098011
-0.00210513290949
-0.00233296095394
-0.00252762623131
-0.00268661091104
-0.00280766328797
-0.00288839126006
-0.0029266665224
-0.00292106065899
-0.00287048798054
-0.00277384137735
-0.00263018161058
-0.00243951217271
-0.00220223143697
-0.0019187789876
-0.00158970488701
-0.00121663382743
-0.000801637768745
-0.00034677379881
0.000145747937495
0.000672432302963
0.00123014929704
0.00181500916369
0.00242326501757
0.00305030797608
0.00369121972471
0.00434108683839
0.00499489344656
0.0056471680291
0.00629184488207
0.00692393165082
0.00753736728802
0.00812637247145
0.00868511945009
0.00920782610774
0.00968847423792
0.0101222796366
0.0105037763715
0.010827768594
0.0110890772194
0.0112839210778
0.0114082545042
0.0114582404494
0.0114303128794
0.0113222040236
0.0111320372671
0.0108580095693
0.0104983896017
0.0100533105433
0.00952353235334
0.00890906527638
0.0082110343501
0.00743239512667
0.00657543120906
0.00564402574673
0.00464066164568
0.00357078411616
0.00244028912857
0.00125372991897
1.8064314645e-05
-0.00126096955501
-0.0025747329928
-0.00391722237691
-0.00527957826853
-0.00665484555066
-0.00803320109844
-0.00940751470625
-0.0107679385692
-0.0121071422473
-0.0134151531383
-0.0146845569834
-0.0159056149423
-0.0170710124075
-0.018173366785
-0.0192038193345
-0.0201558321714
-0.0210222546011
-0.0217974744737
-0.0224756971002
-0.0230508688837
-0.0235194414854
-0.0238780472428
-0.0241229347885
-0.0242514181882
-0.0242626480758
-0.0241559948772
-0.0239311866462
-0.023588353768
-0.0231296997517
-0.0225574467331
-0.0218748375773
-0.0210847556591
-0.0201922338456
-0.0192025750875
-0.0181210692972
-0.0169529113919
-0.0157065019011
-0.0143886171281
-0.0130066704005
-0.0115683386102
-0.0100820912048
-0.00855653826147
-0.00700027262792
-0.00542194535956
-0.00383036024868
-0.00223432481289
-0.00064269057475
0.000935918418691
0.00249333283864
0.00402147462592
0.00551222683862
0.00695790350437
0.0083518344909
0.00968744698912
0.0109581872821
0.0121580762789
0.0132825663313
0.0143267065287
0.0152870854363
0.0161594841629
0.016941729933
0.0176318697631
0.0182278957218
0.018728390336
0.0191341433674
0.0194453988224
0.0196626484394
0.0197870377451
0.0198212582618
0.0197679661214
0.0196299403906
0.0194103345275
0.0191135574132
0.0187442358583
0.0183064918965
0.0178053118289
0.0172464828938
0.0166350137442
0.0159770529717
0.0152776939794
0.0145431952551
0.013779874891
0.0129929911345
0.0121891722083
0.0113733382896
0.0105519741774
0.00972997676581
0.00891352258623
0.0081070587039
0.00731502240524
0.00654300488532
0.00579459872097
0.00507405912504
0.00438455259427
0.00372924329713
0.00311168702319
0.00253353617154
0.00199645734392
0.00150290969759
0.00105390313547
0.000649775378406
0.000290677824523
-2.27861128224e-05
-0.000291112752166
-0.000515476160217
-0.000697177019902
-0.00083728187019
-0.00093761557946
-0.00100060226396
-0.00102869444527
-0.00102435972076
-0.000990409520455
-0.000930105568841
-0.000846686714794
-0.000743525975849
-0.000624053529464
-0.000491897691973
-0.000350696791429
-0.000204121723073
-5.57582097827e-05
9.0839486802e-05
0.000232089689234
0.000364614883438
0.000485053227749
0.000590437208302
0.000677797594108
0.000744196935557
0.000787090684753
0.000804419047199
0.000794173975009
0.00075435085455
0.000683442282025
0.000580570776947
0.000444927398348
0.000275730417343
7.25891804905e-05
-0.000164014243637
-0.000433502602391
-0.000735668931156
-0.00106939836405
-0.00143282103818
-0.00182462809607
-0.00224296422675
-0.00268543022685
-0.00314974877983
-0.0036327613052
-0.00413219770417
-0.00464450381696
-0.00516673037782
-0.0056949458085
-0.00622620014474
-0.00675636949018
-0.00728220399469
-0.00779942935333
-0.00830476731062
-0.00879404228181
-0.00926385540515
-0.00971075799316
-0.0101306978613
-0.010520555079
-0.010877404362
-0.0111978454515
-0.0114789856598
-0.0117182703689
-0.011913664639
-0.0120628643781
-0.012163894251
-0.0122153107077
-0.0122162410989
-0.0121658379212
-0.0120632052422
-0.0119083542377
-0.0117017989978
-0.0114440815523
-0.0111357951537
-0.0107782743871
-0.0103734638542
-0.00992333702743
-0.00942991022021
-0.00889581721276
-0.00832426734269
-0.00771849043667
-0.00708172563463
-0.00641771219671
-0.00573056656867
-0.00502479588613
-0.00430389074609
-0.00357257714495
-0.00283550680615
-0.00209729443304
-0.00136292981915
-0.000636310840491
7.76191154728e-05
0.000774259679019
0.00144874164835
0.00209744600579
0.00271603255533
0.00330024771392
0.00384666607715
0.00435140402988
0.00481202313676
0.00522534921765
0.00558838294819
0.00589942373335
0.00615672813728
0.00635912688449
0.00650505442172
0.00659423088655
0.006626855582
0.00660327542573
0.00652376096696
0.00638974597678
0.00620320206508
0.00596601143479
0.00568049773574
0.00534951174632
0.00497640343383
0.00456510484219
0.00411905208603
0.0036425050348
0.00313991587609
0.00261648837477
0.00207670452073
0.00152562849689
0.000968570180703
0.000410824897699
-0.000142326840432
-0.000685612962116
-0.00121379480697
-0.00172163289972
-0.0022039222531
-0.00265587773174
-0.00307296984829
-0.00345067330636
-0.00378453684971
-0.00407083611935
-0.00430635083467
-0.00448786374182
-0.0046122232452
-0.00467728916556
-0.00468163425103
-0.00462369946763
-0.00450209435076
-0.00431667361408
-0.00406772783026
-0.00375576666556
-0.00338154216297
-0.00294643058442
-0.00245296861976
-0.00190384779125
-0.00130102073308
-0.000648559071124
5.00454152643e-05
0.000790427089669
0.00156800705008
0.00237863766961
0.00321617745794
0.00407567853108
0.00495220487937
0.00583910383284
0.00673126941547
0.00762181123719
0.00850518420339
0.00937580596656
0.0102268755436
0.0110528292134
0.0118477372453
0.0126064596698
0.0133229438215
0.0139923105016
0.0146093210205
0.0151695776731
0.0156690739095
0.0161037873477
0.0164699982852
0.0167644917965
0.0169852059335
0.0171298291534
0.0171962194145
0.017183445394
0.0170911755413
0.016919169575
0.0166671052575
0.0163360890001
0.0159277766943
0.0154438121244
0.0148860039189
0.0142575725913
0.0135613372549
0.0128010287881
0.0119801675901
0.0111036282033
0.010175364092
0.00920058973134
0.00818471796811
0.00713215302676
0.00604958133772
0.00494158454239
0.00381435710005
0.00267427833751
0.00152610475197
0.000376819516532
-0.000768301310018
-0.00190422229934
-0.00302439858206
-0.00412445189431
-0.00519789289683
-0.00624052202329
-0.00724831037223
-0.00821573566645
-0.00913894828409
-0.0100143896416
-0.0108393309638
-0.0116098066792
-0.0123232360929
-0.0129776299
-0.0135714365169
-0.0141031434759
-0.0145713323727
-0.0149756176397
-0.0153161175549
-0.0155929177999
-0.0158062186092
-0.0159571971744
-0.0160473883152
-0.0160783585161
-0.0160517711192
-0.0159700084478
-0.0158357750624
-0.0156518630683
-0.0154208876193
-0.0151461372152
-0.014831027016
-0.0144791426137
-0.0140936141834
-0.0136781772599
-0.0132366875187
-0.0127724185586
-0.0122891888022
-0.011790746823
-0.011280072853
-0.010761089623
-0.0102367112413
-0.00971044506878
-0.00918464642018
-0.0086626932025
-0.00814712513238
-0.007639947813
-0.00714369956404
-0.00666017225012
-0.00619110092521
-0.00573827838525
-0.00530261127278
-0.00488520087674
-0.00448689097539
-0.004108522553
-0.00375013914891
-0.00341195077635
-0.00309414369985
-0.00279638217762
-0.00251818425022
-0.00225902837701
-0.00201839162037
-0.00179539516103
-0.00158904900309
-0.00139833567664
-0.00122226355597
-0.00105966150295
-0.000909298483748
-0.000770013488363
-0.000640442769509
-0.00051944097504
-0.000405798404245
-0.00029833507142
-0.000195782369701
-9.70852270257e-05
-1.3110375221e-06
9.26737557165e-05
0.000185758864973
0.000278841005638
0.000372517097276
0.000467608508188
0.000564715417568
0.000664430845063
0.000767026329413
0.000873033888638
0.000982730649412
0.00109636364505
0.00121418875642
0.00133621017449
0.00146265211515
0.00159357720986
0.00172908254899
0.00186906137969
0.00201359577477
0.00216272822581
0.00231647980399
0.00247487216257
0.0026379765477
0.0028058772441
0.00297871837392
0.00315663567744
0.00333979842253
0.00352845015004
0.00372288539074
0.00392341753468
0.0041303569451
0.00434397812933
0.00456493906677
0.00479357643053
0.00503032794222
0.00527548789978
0.00552980741486
0.00579359941185
0.00606716610491
0.00635116174817
0.00664556818083
0.00695102196187
0.00726746767759
0.0075952722691
0.00793401058763
0.00828401371837
0.008644759655
0.00901595223695
0.00939713418484
0.00978725124151
0.0101857921109
0.0105917649344
0.0110033154488
0.0114192636684
0.0118381362408
0.0122579010203
0.0126763395965
0.0130912391469
0.0135002620518
0.0139008481055
0.0142893604934
0.0146634522825
0.0150198666379
0.0153551790863
0.0156658608466
0.0159483514726
0.0161990877241
0.016414385289
0.0165903829038
0.0167235676199
0.016810098663
0.0168464053422
0.0168290827423
0.0167546160519
0.0166196711361
0.0164212696254
0.0161569248885
0.0158237610012
0.0154195260257
0.0149421691895
0.0143908504397
0.0137637127191
0.013060211204
0.0122800702229
0.0114233531058
0.0104913469404
0.00948433112353
0.00840430520475
0.00725384289399
0.00603488460183
0.00475137773901
0.00340686086565
0.00200602505356
0.000553598278202
-0.00094557646662
-0.00248538912274
-0.00405921554193
-0.00566042773426
-0.00728145707399
-0.00891627557576
-0.0105560235679
-0.0121926339343
-0.0138180125505
-0.0154227949679
-0.016999874264
-0.0185397062451
-0.0200328491628
-0.021472254768
-0.0228487048298
-0.0241530854255
-0.0253783557564
-0.0265157669783
-0.0275592692196
-0.0285006389022
-0.0293334685266
-0.030052497983
-0.0306520909071
-0.0311277601868
-0.0314749255776
-0.0316904783249
-0.0317726694047
-0.0317196287215
-0.031529687345
-0.0312033388764
-0.0307418312877
-0.0301470682025
-0.0294206123799
-0.0285663288087
-0.0275890678167
-0.0264942571521
-0.025285910815
-0.0239713862538
-0.022558433935
-0.0210548005998
-0.0194683838636
-0.0178091265261
-0.0160851832479
-0.0143071142957
-0.012485598214
-0.0106292711571
-0.00874963309616
-0.00685825524852
-0.00496393628418
-0.00307890260592
-0.00121163739823
0.000625725719146
0.00242389831692
0.00417442526668
0.00586677668616
0.00749297672883
0.0090450970456
0.0105144428089
0.0118953278288
0.0131813529879
0.0143662849441
0.0154457110912
0.0164162125438
0.0172743871808
0.0180169995874
0.0186427813023
0.0191515386105
0.0195431057364
0.0198174547404
0.019976394251
0.020022790879
0.0199595764279
0.0197896789759
0.0195176098496
0.0191487707198
0.0186887793243
0.018142670393
0.0175174940377
0.0168197508901
0.016057241708
0.0152363842353
0.0143656097353
0.01345200371
0.0125043559819
0.0115301320329
0.0105366734788
0.00953269563615
0.00852545537055
0.00752264028415
0.00653090514243
0.00555790867656
0.00460985396057
0.00369340484031
0.00281418533996
0.00197720387951
0.00118744710926
0.000449808692792
-0.000232034988585
-0.000855225836858
-0.00141693244223
-0.00191415066365
-0.00234589865431
-0.00271137384698
-0.00300998101011
-0.00324114016257
-0.00340578216128
-0.00350532634184
-0.00354141672142
-0.003515627468
-0.00343061052263
-0.0032896718476
-0.0030960382428
-0.00285323755816
-0.00256503629498
-0.00223622261547
-0.00187118141912
-0.00147442019079
-0.00105053710286
-0.000604993023444
-0.000142612654599
0.000331582297804
0.000812606536783
0.00129557587206
0.0017755900044
0.00224775704555
0.0027075894177
0.00315094180405
0.00357365235686
0.00397158879787
0.00434125587344
0.0046795704402
0.00498391781002
0.00525121437386
0.00547925848514
0.00566683616489
0.00581241585314
0.00591457076371
0.00597285572439
0.00598738761619
0.00595838949084
0.00588612770662
0.00577157409862
0.0056163398549
0.00542229413986
0.00519109657034
0.00492492131889
0.00462694885209
0.00429997034371
0.00394690176472
0.00357106840238
0.00317612616345
0.00276575353928
0.00234363600612
0.00191356707364
0.00147946935613
0.00104524462949
0.000614793156274
0.000191875093151
-0.000219716399442
-0.000616796780378
-0.000995591981336
-0.00135273498017
-0.00168580247555
-0.00199187081307
-0.00226806313731
-0.0025124528911
-0.00272324634716
-0.00289905117825
-0.00303840311244
-0.00314028258435
-0.00320466677658
-0.00323142507114
-0.00322051276453
-0.00317248376086
-0.00308871059678
-0.00297049852088
-0.00281936046667
-0.00263717910275
-0.00242662313394
-0.00219037174247
-0.00193110411055
-0.00165190699045
-0.00135638855863
-0.00104832171928
-0.000731041422114
-0.000408512569265
-8.48127383506e-05
0.000235825486016
0.000549599120859
0.000852325872984
0.00113985070493
0.00140844006091
0.00165386742447
0.00187260273378
0.00206103315577
0.0022160182707
0.00233401660807
0.00241217692383
0.00244819512591
0.00243981927633
0.00238479254767
0.00228140107356
0.0021287589334
0.00192606158089
0.00167249701917
0.00136781972833
0.00101271225139
0.000607996596955
0.000154433859279
-0.00034665883868
-0.00089302228298
-0.00148230174091
-0.00211181840859
-0.00277943909168
-0.0034812358208
-0.00421315571293
-0.0049722394906
-0.0057537574321
-0.00655386783183
-0.00736715458333
-0.00818974617869
-0.0090160369873
-0.00984172523022
-0.010660842061
-0.0114686479792
-0.0122600030154
-0.013030118309
-0.0137731153518
-0.0144842443988
-0.0151585116982
-0.0157912485301
-0.0163778159767
-0.0169136244804
-0.0173942726105
-0.017816029489
-0.0181752089411
-0.0184680819511
-0.0186915323138
-0.0188429523259
-0.0189200062305
-0.0189203899354
-0.0188420657068
-0.0186842400581
-0.0184459015727
-0.0181265566498
-0.0177254192531
-0.0172436702996
-0.0166816208512
-0.016040796414
-0.0153221571818
-0.0145279979333
-0.0136603647843
-0.0127227399498
-0.0117174759507
-0.0106483828276
-0.00951943267137
-0.00833463761955
-0.00709821190685
-0.00581513671204
-0.00449056457728
-0.00312964827754
-0.00173842837103
-0.000321233237628
0.00111519533675
0.00256480323151
0.00402085576206
0.00547876255587
0.00693078618497
0.00837231893092
0.0097956713289
0.0111963897943
0.0125670367852
0.0139031549916
0.0151974577457
0.0164453256875
0.0176415666938
0.0187815669924
0.0198590029031
0.0208702161908
0.0218111388385
0.0226776972413
0.0234659891576
0.0241730697453
0.0247963350266
0.0253331828862
0.0257809180766
0.0261387303472
0.0264053624123
0.0265798605978
0.026661388576
0.0266503915191
0.0265476070344
0.0263537224382
0.0260696411133
0.0256975069642
0.0252396073192
0.02469804883
0.0240758415312
0.0233761556447
0.0226024240255
0.0217592045665
0.0208500158042
0.0198794528842
0.0188524350524
0.0177738778293
0.0166487395763
0.0154824219644
0.0142805445939
0.013048726134
0.0117926010862
0.0105185592547
0.00923122931272
0.00793707743287
0.00664258701727
0.00535221816972
0.00407283101231
0.00280879996717
0.00156694103498
0.000351238122676
-0.000832216173876
-0.00197964394465
-0.00308506400324
-0.00414481200278
-0.00515505485237
-0.00611243769526
-0.00701228389516
-0.0078521091491
-0.00862952228636
-0.00934217125177
-0.00998771004379
-0.010564699769
-0.0110721867532
-0.0115099186078
-0.0118769677356
-0.012173528783
-0.0124004874378
-0.0125590469688
-0.0126501070336
-0.0126755256206
-0.0126379178837
-0.0125399678946
-0.0123842153698
-0.0121741369367
-0.0119137000293
-0.0116067407653
-0.0112575972453
-0.0108706625178
-0.0104509368539
-0.0100034615025
-0.00953306164593
-0.00904544722289
-0.00854593235999
-0.00804004911333
-0.007533589378
-0.00703155389056
-0.0065396069549
-0.00606321822852
-0.00560778891668
-0.00517864152789
-0.00478008389473
-0.00441715633497
-0.0040941988118
-0.00381551939063
-0.00358458259143
-0.00340451183729
-0.00327858817764
-0.00320948683657
-0.00319861015305
-0.00324739678763
-0.00335715385154
-0.0035284825135
-0.00376062351279
-0.00405268277973
-0.00440375413746
-0.00481218658388
-0.00527482107282
-0.00578838493675
-0.00634960038587
-0.00695418380201
-0.00759738730267
-0.00827341899276
-0.00897642597556
-0.00970111135393
-0.0104400161654
-0.0111855585128
-0.011931209825
-0.0126687837765
-0.0133905261755
-0.0140886045992
-0.0147541500628
-0.0153793394566
-0.015956055373
-0.0164761580527
-0.0169317070395
-0.0173144433647
-0.0176175292581
-0.0178340245038
-0.0179570037872
-0.0179800875485
-0.0178982988
-0.0177070256323
-0.0174016728997
-0.0169785711914
-0.0164353586733
-0.0157709587365
-0.0149845676497
-0.0140729099512
-0.0130404522642
-0.0118898851797
-0.0106231691316
-0.00924481078982
-0.00776021974161
-0.00617534015328
-0.00449847383425
-0.0027361260727
-0.000897994672414
0.00100541266147
0.00296361837536
0.00496579427272
0.00699928309768
0.00905077159405
0.0111058838665
0.0131532857195
0.0151775600389
0.0171639695764
0.0190968513489
0.0209634900093
0.0227475650609
0.0244365260005
0.0260143652558
0.0274678077549
0.0287847779691
0.0299519654363
0.030958050862
0.0317912735045
0.0324427559972
0.0329040102661
0.0331675671041
0.0332258604467
0.0330747775733
0.0327123403549
0.032136015594
0.0313440188766
0.0303382761776
0.0291231367737
0.0277036689222
0.0260830949992
0.0242712907493
0.0222774483263
0.0201144535094
0.0177913289517
0.0153245981783
0.0127298925072
0.0100226225331
0.00722219888121
0.00434633530676
0.00141581299249
-0.00154854857828
-0.00452588824555
-0.00749454181641
-0.0104320533574
-0.013315952383
-0.0161237884313
-0.0188336838037
-0.0214231684804
-0.023873521015
-0.0261622760445
-0.0282691586763
-0.0301790926605
-0.0318732596934
-0.0333363413811
-0.0345528423786
-0.0355132259429
-0.0362076163292
-0.0366252288222
-0.0367598198354
-0.0366096682847
-0.0361733660102
-0.0354495197535
-0.0344402343035
-0.0331531763077
-0.031596429646
-0.0297780800611
-0.0277092400938
-0.0254064723849
-0.0228880904615
-0.0201686359942
-0.0172685403377
-0.0142129715532
-0.0110230147839
-0.00772591354325
-0.00434362888336
-0.000907363661099
0.00255640875548
0.0060195424594
0.00945549365133
0.0128324143589
0.0161235425621
0.0193004067987
0.0223353877664
0.0252032671124
0.0278792455792
0.0303385537118
0.0325568914413
0.0345180109143
0.0362034030259
0.0375951677561
0.0386789478362
0.0394443497062
0.0398785956204
0.0399817787111
0.0397483855486
0.0391816161573
0.0382860600948
0.0370674654841
0.0355321802199
0.0336948372424
0.0315725766122
0.0291824601591
0.02654280141
0.0236787125468
0.0206178184599
0.0173877011985
0.0140166115016
0.0105392904952
0.00698715308681
0.00339676928706
-0.000194983338588
-0.00375484465621
-0.0072416481562
-0.0106212170795
-0.0138527443632
-0.016902025789
-0.0197353120893
-0.0223147310317
-0.0246070474386
-0.0265823099762
-0.028213409707
-0.0294732600451
-0.0303352531046
-0.0307801105082
-0.030793549493
-0.0303613208234
-0.0294702015817
-0.0281144734472
-0.0262965057045
-0.0240196399391
-0.0212841462344
-0.0181044712663
-0.0144974961877
-0.0104867126793
-0.00609074113891
-0.00133596698288
0.00373611203395
0.00909054186195
0.0146900173277
0.0204908493906
0.026442270726
0.0324932932854
0.0385928452015
0.0446862913668
0.050714533776
0.0566182620823
0.0623354651034
0.067811973393
0.0729822218418
0.0777910426259
0.0821755304933
0.086076207459
0.0894420146942
0.0922212451696
0.0943581610918
0.0958063900471
0.0965274497867
0.0964838564396
0.0956380367279
0.0939590260386
0.0914300307631
0.088035993278
0.0837617814541
0.0785992890596
0.0725581794977
0.0656544193625
0.0578928887844
0.0492956489325
0.0399056077003
0.0297540389001
0.0188925527036
0.00736232753843
-0.00477874232456
-0.0174500439316
-0.0305896569043
-0.0441151186824
-0.0579536445439
-0.0720084011555
-0.0862049460411
-0.100444220006
-0.114633716643
-0.128670319915
-0.142464786768
-0.155897200108
-0.168882340193
-0.181298106909
-0.19304831326
-0.204016968608
-0.214113309979
-0.223235145211
-0.231274470687
-0.238138750196
-0.243745356798
-0.248005658388
-0.250842660666
-0.252049744129
-0.251684039831
-0.249703228474
-0.246064171195
-0.240737780929
-0.233729511499
-0.225043043494
-0.214693799615
-0.20270948112
-0.189150005579
-0.174078717828
-0.157575979829
-0.1397356987
-0.120684958994
-0.100535035133
-0.07941660285
-0.0574935860932
-0.0349008254707
-0.0118239820004
0.0115915555507
0.0351142250001
0.058559268713
0.0817465931177
0.104508794844
0.126681819558
0.148111373186
0.168631911278
0.188080489635
0.206321194768
0.223227292299
0.23866468668
0.252525210381
0.26471811533
0.275165468454
0.283786773682
0.290541887283
0.29540002346
0.298340141773
0.299345344305
0.298435986042
0.295415937901
0.290563195944
0.283919394016
0.275577276945
0.265619754791
0.254141628742
0.241241201758
0.227041855454
0.211682349443
0.195296853781
0.178014621139
0.160000264645
0.141404509544
0.122387260199
0.103109627962
0.083733715117
0.064413331449
0.0453098267317
0.0265702512115
0.00832744967192
-0.00925545394421
-0.0259755942971
-0.0417280606925
-0.0563989542425
-0.0698824822903
-0.0820923820138
-0.0929747894406
-0.10247631371
-0.110556595027
-0.117202147841
-0.122421719134
-0.126235350966
-0.128664717078
-0.1297621876
-0.129594117403
-0.128228217363
-0.125737518072
-0.122217774391
-0.117770992219
-0.112501189113
-0.106510296464
-0.0999082177877
-0.092799462378
-0.0852819904685
-0.0774476081133
-0.0693876892328
-0.0611802749336
-0.052906807512
-0.044640917331
-0.0364500544965
-0.0283950287849
-0.0205498132855
-0.0129804629833
-0.00574186723679
0.00111894926522
0.00755730131641
0.0135323805735
0.0190206374973
0.0240052118897
0.0284614246339
0.0323555059731
0.0356503687799
0.0383240394294
0.0403690934181
0.0417835898697
0.042565766722
0.0426998138428
0.042164079845
0.0410014875233
0.0392065793276
0.0367761552334
0.0337216593325
0.030059248209
0.0258136875927
0.0210043899715
0.0156591702253
0.00980667024851
0.00348417065106
-0.00328397960402
-0.0104572819546
-0.0179985314608
-0.0258632674813
-0.0339993685484
-0.0423523038626
-0.0508635565639
-0.0594609901309
-0.0680708214641
-0.076619759202
-0.0850396007299
-0.0932534337044
-0.10118688643
-0.108770400286
-0.115932643414
-0.122608534992
-0.128728270531
-0.134224012494
-0.139050811529
-0.143154546618
-0.146490499377
-0.149030715227
-0.150756284595
-0.151648953557
-0.151693984866
-0.150685295463
-0.148829743266
-0.146121785045
-0.142562061548
-0.138170495629
-0.132963180542
-0.126964077353
-0.120207540691
-0.11274009198
-0.104609288275
-0.0958676785231
-0.0865695029497
-0.0767765343189
-0.0665536820889
-0.0559309236705
-0.0450062714517
-0.0338862985373
-0.0226369053125
-0.0113249225542
-1.90337159438e-05
0.0112115824595
0.0222974736243
0.0331669226289
0.0437569543719
0.054009847343
0.0638637170196
0.0732561573386
0.0821486413479
0.0904903113842
0.0982362106442
0.105353601277
0.111813083291
0.117591917515
0.122666247189
0.127024531364
0.130665570498
0.133583590388
0.135778620839
0.137265250087
0.138026788831
0.138122111559
0.137573510408
0.136414662004
0.134681582451
0.132408127189
0.129632920027
0.126398563385
0.122750133276
0.118732437491
0.114393256605
0.109774887562
0.104927636683
0.0998986437917
0.0947073549032
0.089423418045
0.0840877518058
0.0787429586053
0.073432713747
0.068187482655
0.0630482658744
0.0580405630171
0.0531986393034
0.0485468283296
0.0441062152386
0.0398957282305
0.035939835012
0.0322456732392
0.0288258288056
0.0256887897849
0.0228415057063
0.0202855542302
0.0180209968239
0.0160439573228
0.0143518727273
0.0129382712767
0.0117910811678
0.0108992643654
0.0102509967983
0.00983256660402
0.00962699204683
0.00961695890874
0.00978522840887
0.0101060969755
0.0105665279552
0.0111488969997
0.0118340011686
0.012601477094
0.0134329730645
0.0143075818196
0.0152064589784
0.0161099396646
0.0169996768236
0.0178580638021
0.0186685230583
0.0194145031273
0.0200802441686
0.0206539649516
0.0211228895932
0.0214755646884
0.0217007361352
0.0217910762876
0.0217391848564
0.0215195976198
0.0211420916021
0.0206028670073
0.0198988839984
0.0190263781697
0.017981575802
0.0167647264898
0.0153774125502
0.0138206053525
0.0120969908312
0.0102099115029
0.0081653688103
0.00597060890868
0.00362966931425
0.00115226604976
-0.00145363656338
-0.00418033916503
-0.00701749697328
-0.0099555561319
-0.0129853822291
-0.0160946715623
-0.0192742142826
-0.0225130543113
-0.0257980506867
-0.0291120801121
-0.0324435345829
-0.0357839055359
-0.0391251966357
-0.0424519665539
-0.0457576401532
-0.0490249581635
-0.0522466823459
-0.0554122813046
-0.058511197567
-0.0615314207971
-0.0644658282399
-0.0673078820109
-0.0700466781855
-0.0726758167148
-0.075190640986
-0.0775848925114
-0.0798548012972
-0.0819943323731
-0.0840016230941
-0.0858736410737
-0.0876092985272
-0.0892067179084
-0.0906662419438
-0.0919864401221
-0.0931684672832
-0.0942135676742
-0.0951221436262
-0.0958957150578
-0.0965365692973
-0.0969823598862
-0.0972920283675
-0.0974657312036
-0.0975038558245
-0.0974054858088
-0.097168199718
-0.0967886596918
-0.0962635800242
-0.0955883637071
-0.0947574228048
-0.0937650576234
-0.0926060378551
-0.091275125742
-0.089765496552
-0.0880728438497
-0.086191944778
-0.0841162055731
-0.0818413421512
-0.0793609246612
-0.0766679793596
-0.0736847966909
-0.0704873204231
-0.067064628005
-0.0634154304862
-0.0595310181379
-0.0554102547467
-0.0510507002473
-0.0464527457952
-0.0416209883988
-0.0365605466068
-0.0312744341791
-0.025774423033
-0.0200710389763
-0.0141798397526
-0.00811128411442
-0.00188286183402
0.00448558898643
0.010971407406
0.0175608266145
0.0242233183235
0.0309086535126
0.0376003868878
0.0442714728415
0.0508922711015
0.057435426861
0.063867174089
0.0701565816998
0.0762755125761
0.0821900069714
0.0878717005253
0.0932890027761
0.0984155535698
0.103227548301
0.107699424028
0.111810438335
0.11554146558
0.118875749409
0.121800504625
0.124302975833
0.126377210021
0.127889722586
0.128951758146
0.129563331604
0.129724860191
0.129436656833
0.128702253103
0.127532884479
0.125939980149
0.123937830329
0.121542491019
0.118779346347
0.115671269596
0.112244382501
0.108527317643
0.104550935328
0.100347727537
0.0959462299943
0.0913798585534
0.0866803079844
0.0818786546588
0.0769530907273
0.0719963908195
0.0670361071825
0.0621022060513
0.0572207197547
0.0524098388851
0.0476990453899
0.0431040339172
0.0386493429542
0.0343503691256
0.0302201230079
0.0262737050653
0.0225245188922
0.0189775004983
0.0156390853226
0.0125170703977
0.00961255375296
0.00692382408306
0.00445009674877
0.00218808511272
0.000133630659548
-0.00172283675056
-0.00338986306451
-0.00487595144659
-0.00619100080803
-0.00734829902649
-0.00836030952632
-0.00923943519592
-0.00999828614295
-0.0106507642195
-0.0112100057304
-0.0116897970438
-0.0121021401137
-0.0124588645995
-0.0127713857219
-0.0130508998409
-0.0133073069155
-0.0135482372716
-0.0137811377645
-0.014013402164
-0.0142506109551
-0.0144958738238
-0.0147515879944
-0.0150205064565
-0.0153040066361
-0.0156005676836
-0.0159086789936
-0.0162263792008
-0.0165515635163
-0.0168675072491
-0.0171810016036
-0.0174871217459
-0.0177807509899
-0.0180559754372
-0.0183060448617
-0.0185247734189
-0.0187055654824
-0.0188423972577
-0.0189295597374
-0.0189614035189
-0.0189324505627
-0.018838616088
-0.0186773333699
-0.0184463914484
-0.0181436333805
-0.0177680253983
-0.0173217561096
-0.0168061759323
-0.0162129104137
-0.0155457220972
-0.0148167992011
-0.014032159932
-0.0131959207356
-0.0123151056468
-0.0113981850445
-0.0104568814859
-0.00950319413096
-0.00854980293661
-0.00761038484052
-0.00670350482687
-0.00584613997489
-0.00505495723337
-0.00434860214591
-0.00374180381186
-0.00325906299986
-0.00292386417277
-0.00275828572921
-0.00278687290847
-0.0030350566376
-0.00352796632797
-0.00429122569039
-0.00534892547876
-0.00672527961433
-0.00844621751457
-0.0105358595029
-0.0130170658231
-0.0159151852131
-0.0192251075059
-0.0230007171631
-0.0272683613002
-0.0320432782173
-0.037347599864
-0.0431958585978
-0.0495985560119
-0.0565721392632
-0.0641145035625
-0.0722358673811
-0.0809408128262
-0.0902277082205
-0.100093156099
-0.110523819923
-0.121511258185
-0.133040606976
-0.145066931844
-0.157563313842
-0.17047740519
-0.183761224151
-0.197341173887
-0.211132153869
-0.225024700165
-0.238917142153
-0.252683639526
-0.266192704439
-0.279312849045
-0.291914135218
-0.303843528032
-0.314954042435
-0.325103163719
-0.334156095982
-0.341976374388
-0.348430395126
-0.353409230709
-0.356805831194
-0.358542531729
-0.35855910182
-0.356814414263
-0.353302806616
-0.347642540932
-0.340189903975
-0.330920577049
-0.31979700923
-0.306759506464
-0.291782289743
-0.274872720242
-0.256057739258
-0.235428065062
-0.213057905436
-0.188475072384
-0.161966562271
-0.133416250348
-0.10283408314
-0.0702432394028
-0.0357092879713
0.000719673000276
0.0390251688659
0.0791787132621
0.121158666909
0.16488674283
0.210181027651
0.256961554289
0.304886817932
0.353700786829
0.403052300215
0.45254534483
0.501517534256
0.54970240593
0.596676826477
0.641952574253
0.685085892677
0.725537955761
0.762867093086
0.796553969383
0.826195001602
0.851359605789
0.871725440025
0.88704675436
0.897080719471
0.901595175266
0.899172723293
0.890981018543
0.876863241196
0.856717646122
0.830565869808
0.798439621925
0.760409891605
0.716595411301
0.667290210724
0.612708389759
0.55310767889
0.488878726959
0.420378804207
0.348079532385
0.272295564413
0.193600848317
0.112443193793
0.0296264756471
-0.0543417781591
-0.138821065426
-0.223240360618
-0.307025820017
-0.389519333839
-0.470094025135
-0.548157453537
-0.623077690601
-0.694284856319
-0.761178016663
-0.823194921017
-0.87982749939
-0.930565416813
-0.974988639355
-1.01269388199
-1.04327070713
-1.06642913818
-1.08197188377
-1.08966064453
-1.08824265003
-1.0787140131
-1.06108748913
-1.03539204597
-1.00169813633
-0.960248947144
-0.911307275295
-0.855168819427
-0.792252600193
-0.723024129868
-0.648076355457
-0.567920744419
-0.483240872622
-0.394748151302
-0.303146600723
-0.209188461304
-0.113556757569
-0.0173050332814
0.07857311517
0.173395961523
0.266308486462
0.356545090675
0.443337291479
0.525959968567
0.603753685951
0.676066100597
0.742197155952
0.801682293415
0.854036450386
0.898861348629
0.935733735561
0.964416921139
0.984762251377
0.99658614397
0.999771952629
0.994388341904
0.979980289936
0.957322716713
0.926588892937
0.888180375099
0.842454373837
0.789794743061
0.730701029301
0.665666282177
0.595344483852
0.520327150822
0.44116589427
0.358646333218
0.273443281651
0.18626126647
0.0978595092893
0.00889597833157
-0.0798484832048
-0.167643278837
-0.253778547049
-0.337616235018
-0.418444901705
-0.495603352785
-0.568513154984
-0.636607825756
-0.699404358864
-0.756388604641
-0.807083964348
-0.851197838783
-0.888428747654
-0.918479144573
-0.941103279591
-0.956241607666
-0.963833034039
-0.963828146458
-0.955720126629
-0.940132439137
-0.91724139452
-0.887235462666
-0.850278317928
-0.806715667248
-0.756932318211
-0.70125156641
-0.640079498291
-0.573904454708
-0.503237903118
-0.428661674261
-0.350651949644
-0.269848763943
-0.186859592795
-0.102332048118
-0.0169160664082
0.0687340423465
0.15400223434
0.238188430667
0.320715874434
0.400908589363
0.478180170059
0.551982581615
0.621755003929
0.686869561672
0.746929109097
0.801471590996
0.85002720356
0.892163515091
0.927598774433
0.956040322781
0.977223038673
0.990884125233
0.996943175793
0.995298862457
0.985991358757
0.969017267227
0.944435954094
0.912509143353
0.873476266861
0.827573955059
0.775229811668
0.716853499413
0.65295624733
0.583990097046
0.510532021523
0.433221429586
0.352666825056
0.269454360008
0.184327617288
0.0979596972466
0.0109461210668
-0.0759224146605
-0.16207870841
-0.246793612838
-0.32945483923
-0.409420907497
-0.48618760705
-0.559180557728
-0.627864599228
-0.691768169403
-0.750562489033
-0.803864955902
-0.851333796978
-0.892769634724
-0.92799270153
-0.956869542599
-0.979294836521
-0.995270907879
-1.00486922264
-1.00815796852
-1.00522899628
-0.995699942112
-0.980438292027
-0.959679841995
-0.933693289757
-0.902793943882
-0.867335379124
-0.827670693398
-0.784130513668
-0.737096965313
-0.687002062798
-0.63421279192
-0.579117178917
-0.522130072117
-0.463647693396
-0.404098778963
-0.343831896782
-0.283229082823
-0.222651422024
-0.162480264902
-0.102967597544
-0.0443942844868
0.0125142624602
0.0674588233232
0.120256960392
0.170732617378
0.218656256795
0.263979166746
0.306704223156
0.346858203411
0.383905827999
0.417947202921
0.449233591557
0.477824985981
0.5038164258
0.527333915234
0.548582136631
0.567726373672
0.584969222546
0.600472509861
0.61438113451
0.626834452152
0.637912929058
0.647531569004
0.656142234802
0.663862943649
0.670765638351
0.676666915417
0.681843459606
0.686392128468
0.690358459949
0.69377630949
0.696663498878
0.699014127254
0.700793027878
0.701948344707
0.702435433865
0.702224671841
0.70129609108
0.699631154537
0.697219133377
0.694031774998
0.690032124519
0.6842674613
0.677522003651
0.669673979282
0.660600841045
0.650201559067
0.638383090496
0.625067353249
0.610178291798
0.593658566475
0.575485527515
0.555615007877
0.534022212029
0.510690808296
0.485638141632
0.458872467279
0.430415868759
0.400288879871
0.368537813425
0.335228979588
0.300409495831
0.26392185688
0.226069658995
0.186951711774
0.1466486305
0.105223827064
0.0627868399024
0.0194613784552
-0.0246030148119
-0.0693189129233
-0.114492714405
-0.160007327795
-0.205678239465
-0.251345008612
-0.296867907047
-0.342058897018
-0.386781930923
-0.430883795023
-0.474196135998
-0.516601443291
-0.557962715626
-0.597592055798
-0.635866641998
-0.672656476498
-0.70776540041
-0.741069972515
-0.772401630878
-0.801593720913
-0.828508317471
-0.853021919727
-0.875000476837
-0.894336938858
-0.910949647427
-0.924757480621
-0.935705304146
-0.943733751774
-0.948834121227
-0.950985789299
-0.950173079967
-0.946382582188
-0.939629375935
-0.929182767868
-0.915813088417
-0.899537503719
-0.880406022072
-0.858468830585
-0.833809673786
-0.80649971962
-0.776627838612
-0.744365155697
-0.709810137749
-0.673131942749
-0.634493649006
-0.594081521034
-0.552106618881
-0.508764386177
-0.464261680841
-0.418845504522
-0.372737139463
-0.326174736023
-0.279360532761
-0.232125118375
-0.184979200363
-0.138079613447
-0.0915428325534
-0.045573245734
-0.000320506864227
0.0439803376794
0.0871580168605
0.129012435675
0.169376149774
0.20813074708
0.245182946324
0.280187368393
0.313199579716
0.344251275063
0.373174071312
0.399775654078
0.423948287964
0.445562452078
0.464533776045
0.480794370174
0.494296550751
0.505061268806
0.513074874878
0.518329441547
0.520224988461
0.519349336624
0.515701055527
0.509286046028
0.50012409687
0.488296180964
0.473898142576
0.457054078579
0.437883317471
0.41654881835
0.39323335886
0.36813506484
0.341457158327
0.313420861959
0.28423961997
0.254170149565
0.223455533385
0.192322462797
0.160998657346
0.129739999771
0.0986179560423
0.0679581910372
0.0379633642733
0.00878856051713
-0.0193445533514
-0.0462826006114
-0.0718390643597
-0.0958150029182
-0.118086919188
-0.138454958797
-0.156816288829
-0.173066839576
-0.18713362515
-0.198898285627
-0.20810751617
-0.214925333858
-0.219272360206
-0.221071183681
-0.22024436295
-0.216761648655
-0.210624873638
-0.201852530241
-0.190463855863
-0.176508486271
-0.160064131021
-0.141209974885
-0.120016209781
-0.0964198410511
-0.0706458091736
-0.0428224503994
-0.0130745936185
0.0184616465122
0.0516140498221
0.0861707925797
0.121949270368
0.158709749579
0.196269899607
0.234341934323
0.272731751204
0.311189949512
0.349486559629
0.387391239405
0.424637615681
0.461037069559
0.49634963274
0.530351996422
0.562856733799
0.593208312988
0.621615827084
0.647882401943
0.671847164631
0.693317294121
0.712108969688
0.728093087673
0.741138994694
0.751126229763
0.757937431335
0.761493444443
0.761754214764
0.758687019348
0.752262175083
0.742501318455
0.729466736317
0.713231563568
0.693874418736
0.671521425247
0.646305859089
0.617563962936
0.586148917675
0.552128195763
0.515581250191
0.476625084877
0.435350120068
0.39195394516
0.346569925547
0.299480676651
0.250877797604
0.200958564878
0.149954900146
0.0979821458459
0.0450765192509
-0.00846890546381
-0.0625589862466
-0.116915814579
-0.171319320798
-0.225561007857
-0.279346853495
-0.332425832748
-0.384624004364
-0.435729831457
-0.485544890165
-0.533885240555
-0.580630064011
-0.624942421913
-0.667245209217
-0.707305788994
-0.744876980782
-0.779769539833
-0.811777770519
-0.840718865395
-0.866427659988
-0.888810873032
-0.907755315304
-0.923158824444
-0.9349655509
-0.943168580532
-0.947775423527
-0.948799848557
-0.946291327477
-0.940351307392
-0.931109368801
-0.918688178062
-0.903237640858
-0.883912265301
-0.861826360226
-0.837065339088
-0.809688329697
-0.779803574085
-0.747509181499
-0.712912380695
-0.676172494888
-0.637420356274
-0.596883893013
-0.554687440395
-0.511026442051
-0.466068834066
-0.419954180717
-0.372815549374
-0.324840247631
-0.276172667742
-0.226991608739
-0.177491977811
-0.127843976021
-0.0783047229052
-0.0291583891958
0.0193084441125
0.0668037384748
0.113065473735
0.157799899578
0.200805202127
0.241796597838
0.280585467815
0.316964030266
0.350735872984
0.381759464741
0.409892559052
0.435089021921
0.457311332226
0.476484924555
0.491795182228
0.503950119019
0.512897253036
0.51860421896
0.521085500717
0.520396232605
0.516628146172
0.50993335247
0.500489473343
0.488458275795
0.473226130009
0.455777585506
0.436200082302
0.414619207382
0.391153872013
0.365948170424
0.339178919792
0.310993880033
0.28160110116
0.251162558794
0.219875723124
0.187906041741
0.155418694019
0.12260145694
0.0895685255527
0.0566862002015
0.0240741446614
-0.00809737760574
-0.0396280437708
-0.0703776702285
-0.100191682577
-0.128874748945
-0.156284719706
-0.182247713208
-0.206633627415
-0.229268044233
-0.250020325184
-0.268745690584
-0.285329669714
-0.299648165703
-0.311580449343
-0.321036726236
-0.327931940556
-0.332177042961
-0.333697319031
-0.332175225019
-0.327848166227
-0.320693284273
-0.31068828702
-0.297865539789
-0.282259792089
-0.263905525208
-0.2428740412
-0.219262599945
-0.193180203438
-0.164750888944
-0.134109586477
-0.101451441646
-0.0669593140483
-0.0308175981045
0.00675561558455
0.0455240346491
0.085253380239
0.125706344843
0.166599929333
0.207463547587
0.248102411628
0.288275748491
0.327641248703
0.365964561701
0.402918726206
0.438236683607
0.471645712852
0.502874493599
0.531652629375
0.557725727558
0.580903053284
0.60096091032
0.617692947388
0.630942702293
0.640585184097
0.646494686604
0.648556113243
0.646712660789
0.640933334827
0.630613446236
0.616335690022
0.598161637783
0.576154530048
0.550382316113
0.52097350359
0.488071680069
0.451868087053
0.412544459105
0.370303362608
0.325431615114
0.278202086687
0.228866517544
0.17777697742
0.125214770436
0.0715285018086
0.0170171372592
-0.037931304425
-0.0930286645889
-0.147751152515
-0.201754912734
-0.254704236984
-0.306271791458
-0.356127351522
-0.4039542377
-0.449486672878
-0.492399036884
-0.53242868185
-0.569329559803
-0.602914333344
-0.632956326008
-0.659280776978
-0.681757926941
-0.700299620628
-0.714825034142
-0.72523611784
-0.731543183327
-0.733752906322
-0.731174886227
-0.724543988705
-0.713945388794
-0.699496209621
-0.681292951107
-0.659464359283
-0.634193718433
-0.605671882629
-0.574092209339
-0.539680182934
-0.50269639492
-0.463422983885
-0.422090440989
-0.379021972418
-0.33447599411
-0.288789153099
-0.242213055491
-0.195084482431
-0.147648870945
-0.100176550448
-0.0531396195292
-0.00678099272773
0.0385932698846
0.0827614814043
0.125431716442
0.166420042515
0.205467253923
0.242385655642
0.276948809624
0.309028923512
0.338453680277
0.365070879459
0.388763338327
0.409476488829
0.427123308182
0.441642522812
0.453000545502
0.461204230785
0.465808570385
0.467247068882
0.465579986572
0.460877984762
0.453201055527
0.442634999752
0.42930290103
0.413332402706
0.394852906466
0.374017566442
0.351005971432
0.326011896133
0.299195855856
0.270769685507
0.240944832563
0.209931239486
0.177953079343
0.145194709301
0.111867338419
0.0781938135624
0.0444980636239
0.0109849376604
-0.0221566725522
-0.0546753741801
-0.0864179730415
-0.117184586823
-0.146777763963
-0.175026938319
-0.201765552163
-0.226847857237
-0.250129669905
-0.271460562944
-0.29074048996
-0.307878732681
-0.322777926922
-0.33536735177
-0.345579117537
-0.35339435935
-0.358436405659
-0.360994189978
-0.361080378294
-0.358712822199
-0.35391074419
-0.346705555916
-0.337163507938
-0.325360447168
-0.311356991529
-0.295258611441
-0.277178198099
-0.257236391306
-0.23555535078
-0.212288320065
-0.187570020556
-0.161566004157
-0.134445026517
-0.106363415718
-0.0774798169732
-0.047993067652
-0.018062165007
0.0120673151687
0.042188629508
0.0721521228552
0.101753309369
0.130848273635
0.159251302481
0.186777278781
0.21328766644
0.238619431853
0.262633770704
0.285161226988
0.306094586849
0.325304567814
0.342699795961
0.358173012733
0.371633082628
0.383030772209
0.392295151949
0.399367541075
0.403850317001
0.406080812216
0.406042307615
0.403724759817
0.399156630039
0.392366528511
0.383388906717
0.372264564037
0.359082430601
0.343920201063
0.326870441437
0.308033615351
0.287537306547
0.265530526638
0.242124289274
0.217478111386
0.191750407219
0.165097981691
0.137678146362
0.109658382833
0.0811533108354
0.0524617731571
0.0237518996
-0.00482093822211
-0.0330734960735
-0.0608612671494
-0.0880162268877
-0.114366985857
-0.139766708016
-0.164065733552
-0.187115237117
-0.208772718906
-0.228925436735
-0.247432634234
-0.264196425676
-0.279128283262
-0.292146593332
-0.303162038326
-0.312131345272
-0.319021731615
-0.323414921761
-0.325621694326
-0.325645834208
-0.323493570089
-0.319174081087
-0.312706500292
-0.304158329964
-0.293599396944
-0.281099438667
-0.2667748034
-0.25075596571
-0.233172774315
-0.214173480868
-0.193890735507
-0.172295078635
-0.149835646152
-0.126683399081
-0.102975942194
-0.0788866132498
-0.0546020902693
-0.0302783604711
-0.00609379960224
0.0177740678191
0.0411712452769
0.063933596015
0.0859066173434
0.106939271092
0.126904889941
0.145678117871
0.16315369308
0.17921179533
0.193766638637
0.206744492054
0.218090474606
0.227747246623
0.235675320029
0.241863191128
0.246321111917
0.249046638608
0.250058233738
0.249391421676
0.247090905905
0.243196234107
0.237748548388
0.230807483196
0.222435578704
0.21270044148
0.201654151082
0.189374148846
0.175948604941
0.161451324821
0.145977735519
0.12961229682
0.112474128604
0.0946568697691
0.0762690007687
0.0574200935662
0.0382019132376
0.0187323130667
-0.000895347213373
-0.0205855555832
-0.0402341447771
-0.0597254596651
-0.0789605826139
-0.0978266000748
-0.11621529609
-0.134011551738
-0.151108920574
-0.167408883572
-0.18280890584
-0.197234302759
-0.210603773594
-0.222825735807
-0.233847916126
-0.243618935347
-0.252099901438
-0.259243071079
-0.265014559031
-0.269403129816
-0.272399574518
-0.27378103137
-0.273749232292
-0.272315382957
-0.26949980855
-0.265321910381
-0.259803295135
-0.252993017435
-0.244942486286
-0.235711142421
-0.225356593728
-0.21395675838
-0.201596692204
-0.188362672925
-0.174342095852
-0.159636825323
-0.144358754158
-0.128612309694
-0.112490728498
-0.0961105898023
-0.0795694813132
-0.0628559365869
-0.0461396574974
-0.0295078214258
-0.0130216712132
0.0032266555354
0.0191562417895
0.0346811786294
0.0497050583363
0.0641648545861
0.0779898092151
0.0911266803741
0.103522881866
0.115046426654
0.125732570887
0.135575607419
0.144513234496
0.152483314276
0.159446179867
0.165359988809
0.170193448663
0.173939168453
0.176602482796
0.17819827795
0.178733244538
0.177967205644
0.176146000624
0.173269659281
0.169337362051
0.16436009109
0.158359661698
0.151384055614
0.143481105566
0.134697556496
0.125099360943
0.114760495722
0.103755056858
0.0921558216214
0.0800375789404
0.0674893110991
0.0545907616615
0.0413756407797
0.0279912017286
0.0145108606666
0.00103948067408
-0.0123302284628
-0.0255105588585
-0.03840726614
-0.0509138330817
-0.0629482343793
-0.0744039341807
-0.085199162364
-0.0952475816011
-0.104473844171
-0.112793773413
-0.120138078928
-0.126450777054
-0.131677389145
-0.135762408376
-0.138663575053
-0.140353679657
-0.140809699893
-0.140008807182
-0.137822657824
-0.134360507131
-0.129625767469
-0.12362087518
-0.116350516677
-0.107840888202
-0.0981232598424
-0.087245002389
-0.0752409845591
-0.0621694251895
-0.0480959750712
-0.0331008173525
-0.0172584764659
-0.000645505671855
0.0166230816394
0.0344674922526
0.0527938529849
0.0714963749051
0.0904706418514
0.109623759985
0.128740146756
0.147809803486
0.166732519865
0.185392767191
0.203671649098
0.221456721425
0.238619178534
0.255049169064
0.270628005266
0.285238325596
0.298780590296
0.311147212982
0.322264581919
0.332030147314
0.340370595455
0.347228646278
0.3525390625
0.356246620417
0.358292937279
0.358646780252
0.35702008009
0.353644967079
0.348496049643
0.341578662395
0.33290758729
0.32251483202
0.310414195061
0.296676844358
0.28137409687
0.264577001333
0.246367663145
0.226861715317
0.206164926291
0.184415236115
0.161732807755
0.138261258602
0.114146627486
0.0895588770509
0.0646509155631
0.0395375899971
0.0142814880237
-0.0109743410721
-0.0361748374999
-0.0612058788538
-0.0859745368361
-0.110336042941
-0.134186476469
-0.157391101122
-0.179915055633
-0.201724275947
-0.222440823913
-0.242359116673
-0.261392474174
-0.279389411211
-0.296256542206
-0.311868429184
-0.326157569885
-0.339043617249
-0.350491970778
-0.360462278128
-0.368881285191
-0.37567833066
-0.380794465542
-0.384164661169
-0.385722786188
-0.385408014059
-0.383209526539
-0.379141747952
-0.373229861259
-0.36552169919
-0.356106966734
-0.345082342625
-0.332546591759
-0.31860306859
-0.303394705057
-0.287045449018
-0.26971501112
-0.251546144485
-0.232724413276
-0.213415339589
-0.193801224232
-0.174038201571
-0.154283955693
-0.13470043242
-0.115432336926
-0.0965405032039
-0.0782066136599
-0.0605061389506
-0.0435085184872
-0.0272629577667
-0.0117997732013
0.00281823775731
0.0165655780584
0.0294151343405
0.0413561612368
0.0523747839034
0.0624496676028
0.0715925320983
0.0797884464264
0.0870431289077
0.0933707728982
0.0987857952714
0.10331685096
0.10697363317
0.109781324863
0.111767068505
0.11295966804
0.113392747939
0.113096997142
0.112110450864
0.110406391323
0.108087532222
0.105202540755
0.101804174483
0.0979484692216
0.0936887413263
0.0890778452158
0.0841622874141
0.0789915323257
0.0736192092299
0.0680870637298
0.0624389015138
0.0567166283727
0.0509557127953
0.0451933592558
0.0394511930645
0.0337553359568
0.0281327851117
0.0225984826684
0.017165299505
0.0118468562141
0.00665649119765
0.0015918596182
-0.00334337679669
-0.00814991258085
-0.0128247663379
-0.0173700749874
-0.0217855144292
-0.0260686185211
-0.0302184801549
-0.0342345312238
-0.0381052643061
-0.041822463274
-0.0453790612519
-0.0487631373107
-0.0519593171775
-0.0549576245248
-0.0577485077083
-0.0603213123977
-0.0626647844911
-0.064674757421
-0.0664164796472
-0.0678630173206
-0.0689838975668
-0.0697463527322
-0.0701189413667
-0.0700731426477
-0.0695832669735
-0.0686264261603
-0.0671826899052
-0.0652318075299
-0.0627581477165
-0.0597302392125
-0.0560735650361
-0.0518285557628
-0.0469709299505
-0.0414739437401
-0.0353328473866
-0.0285352189094
-0.021070709452
-0.0129507659003
-0.00418006582186
0.00522490777075
0.0152540514246
0.0258899182081
0.0371245704591
0.0488762296736
0.0611888580024
0.0740536078811
0.0874367207289
0.101280152798
0.115551389754
0.130188435316
0.145142912865
0.160345032811
0.175734952092
0.191262722015
0.206849694252
0.222422152758
0.237909466028
0.253227263689
0.268268972635
0.282938450575
0.297123640776
0.310700654984
0.323546618223
0.335535258055
0.346528142691
0.356390297413
0.364979326725
0.372177481651
0.377859801054
0.381904631853
0.384193331003
0.384628593922
0.383113265038
0.379549086094
0.373857438564
0.365989893675
0.355905741453
0.343579232693
0.32900673151
0.312229961157
0.293288290501
0.272227346897
0.249121159315
0.223835110664
0.196794092655
0.168106928468
0.13789473474
0.106299102306
0.0734640061855
0.0395696051419
0.00477865757421
-0.0306991096586
-0.0666690543294
-0.102922670543
-0.139241486788
-0.175426587462
-0.211264386773
-0.246522381902
-0.281001061201
-0.314469307661
-0.346374899149
-0.376785308123
-0.405486911535
-0.432278424501
-0.456969738007
-0.479408890009
-0.499416202307
-0.516858935356
-0.531586945057
-0.54351234436
-0.552542209625
-0.558585226536
-0.561600804329
-0.561578452587
-0.558508574963
-0.552391767502
-0.543267846107
-0.531219422817
-0.516307413578
-0.498607933521
-0.47783190012
-0.454588234425
-0.429016977549
-0.401297926903
-0.371597617865
-0.340128332376
-0.307090252638
-0.272699266672
-0.237194463611
-0.20081795752
-0.163830295205
-0.126480907202
-0.0890057608485
-0.051673874259
-0.0147351175547
0.0215747095644
0.0570280775428
0.0913986116648
0.124466121197
0.15602517128
0.185750722885
0.213540777564
0.239261105657
0.262779921293
0.28399476409
0.30279737711
0.319083660841
0.332805484533
0.343927562237
0.352398335934
0.358199924231
0.361355364323
0.361890077591
0.359829992056
0.355239778757
0.348214894533
0.33884292841
0.327226966619
0.313496291637
0.29779830575
0.27996057272
0.26050439477
0.239624798298
0.217499598861
0.194306239486
0.170239150524
0.145482301712
0.120257921517
0.094782486558
0.0692329481244
0.0438258349895
0.0187530554831
-0.00578850507736
-0.0295685250312
-0.0523686110973
-0.0740301609039
-0.0944166183472
-0.113410107791
-0.130903884768
-0.146791860461
-0.160992026329
-0.173454016447
-0.18414132297
-0.193007841706
-0.200056523085
-0.205294579268
-0.208489537239
-0.209893018007
-0.209556818008
-0.207534775138
-0.203881472349
-0.198658660054
-0.191955775023
-0.183859139681
-0.174457371235
-0.163845643401
-0.152134254575
-0.139433577657
-0.125847384334
-0.111496649683
-0.096485324204
-0.080928966403
-0.0649499595165
-0.0486454330385
-0.0321335345507
-0.0155166080222
0.00109008012805
0.0175618156791
0.0337938033044
0.0496817715466
0.0651490837336
0.0801101848483
0.0944882780313
0.10820582509
0.12119525671
0.133398607373
0.144775137305
0.155263736844
0.164833828807
0.173462897539
0.181126013398
0.187811031938
0.193506523967
0.198224976659
0.201971977949
0.204753473401
0.20639154315
0.207104697824
0.206917464733
0.20585642755
0.203959017992
0.201263397932
0.197808101773
0.193633928895
0.188791766763
0.183332487941
0.177308157086
0.170773595572
0.163782536983
0.156398802996
0.148672953248
0.140667065978
0.132427543402
0.124014176428
0.115399606526
0.106679461896
0.0979466438293
0.0892356857657
0.0805864185095
0.072019264102
0.0635702833533
0.0552644506097
0.047129239887
0.0391741618514
0.0314231850207
0.023892827332
0.0165887679905
0.00951420050114
0.00267514283769
-0.00393003923818
-0.0103047527373
-0.0164592210203
-0.0224066637456
-0.0281268432736
-0.0336514487863
-0.0389968603849
-0.0441839247942
-0.0492314361036
-0.0541556477547
-0.0589841045439
-0.0637328401208
-0.0684238821268
-0.0730762332678
-0.077709145844
-0.0823399871588
-0.0869871377945
-0.0916666761041
-0.0963887497783
-0.101169630885
-0.106019563973
-0.110938414931
-0.115936093032
-0.12101303041
-0.126041963696
-0.131118714809
-0.136226370931
-0.141352489591
-0.146468803287
-0.151547476649
-0.156560689211
-0.161476641893
-0.166257292032
-0.170866861939
-0.175262004137
-0.179409176111
-0.183264553547
-0.186785519123
-0.189934670925
-0.1926689744
-0.194948509336
-0.196735441685
-0.197987139225
-0.198667228222
-0.198563531041
-0.197815597057
-0.196389392018
-0.194256052375
-0.191393882036
-0.187773332
-0.183376431465
-0.178198069334
-0.17222777009
-0.165465578437
-0.15791092813
-0.149583801627
-0.140501946211
-0.130684345961
-0.120162427425
-0.108970627189
-0.0971530154347
-0.0847440958023
-0.0718015953898
-0.0583758354187
-0.0445135980844
-0.0302893146873
-0.0158040523529
-0.00113564392086
0.0136584974825
0.0284907352179
0.0432890690863
0.057973369956
0.0724627971649
0.0866769850254
0.100536584854
0.113968543708
0.126882657409
0.139219686389
0.150913640857
0.161889508367
0.172095656395
0.181482702494
0.190001040697
0.197387233377
0.203784242272
0.209162697196
0.213497772813
0.216763213277
0.218940854073
0.220035910606
0.220054730773
0.219007700682
0.21692225337
0.213839203119
0.209804415703
0.204862833023
0.199072450399
0.192503839731
0.185218036175
0.177282199264
0.168772727251
0.159768998623
0.150341421366
0.140517354012
0.13044847548
0.120196782053
0.109839782119
0.0994472578168
0.0890789180994
0.0787982717156
0.0686674490571
0.058739580214
0.0490690991282
0.0396888777614
0.0306445024908
0.0219871290028
0.0137415071949
0.00593697372824
-0.00140969397034
-0.00826835725456
-0.0146358953789
-0.0205061584711
-0.0258701462299
-0.0307247433811
-0.0350737199187
-0.0389292947948
-0.0423011705279
-0.0451980903745
-0.0476400889456
-0.0496511422098
-0.0512578934431
-0.0524883717299
-0.0533723309636
-0.0539451986551
-0.0541925169528
-0.0541763044894
-0.0539422780275
-0.0535202808678
-0.0529400743544
-0.0522323735058
-0.051428142935
-0.0505585074425
-0.0496546402574
-0.0487487725914
-0.0478734970093
-0.0470594577491
-0.0463326014578
-0.0457034297287
-0.0451527833939
-0.0447530932724
-0.0445149578154
-0.0444467179477
-0.044557210058
-0.0448558479548
-0.0453454852104
-0.0460243783891
-0.0468913279474
-0.0479457266629
-0.0491844788194
-0.0505949184299
-0.0521655082703
-0.0538846328855
-0.0556740686297
-0.0575757957995
-0.059562690556
-0.0616071149707
-0.0636838823557
-0.0657597854733
-0.067802965641
-0.0697795599699
-0.0716578364372
-0.0734035223722
-0.0749855935574
-0.0763729438186
-0.0775320753455
-0.0784354358912
-0.0790572166443
-0.0793725922704
-0.0793566778302
-0.078987121582
-0.0782491192222
-0.0771286934614
-0.0755513384938
-0.0735632106662
-0.0711599886417
-0.0683395415545
-0.0651014000177
-0.0614413358271
-0.05737221241
-0.0529067106545
-0.0480621829629
-0.0428521260619
-0.0373035818338
-0.0314480774105
-0.0253143627197
-0.0189373139292
-0.0123538738117
-0.00560376606882
0.00126329786144
0.00820839684457
0.0151881519705
0.0221560150385
0.0290623176843
0.0358621962368
0.0424799695611
0.0489012151957
0.0550797060132
0.0609622597694
0.0665081292391
0.0716704279184
0.076406955719
0.080677524209
0.0844344124198
0.0876509323716
0.0902938693762
0.0923428311944
0.0937727689743
0.0945697799325
0.0947318673134
0.0942585021257
0.0931485444307
0.0912909209728
0.0888008475304
0.0856838300824
0.0819447487593
0.0775876268744
0.0726345777512
0.0671100020409
0.0610457472503
0.0544760935009
0.0474436655641
0.039992056787
0.0321786291897
0.0240463837981
0.0156343672425
0.00697234319523
-0.00186710944399
-0.0108304945752
-0.0198700614274
-0.0289227087051
-0.0379170291126
-0.046789355576
-0.0554749779403
-0.0639109015465
-0.0720241069794
-0.079758502543
-0.0870493426919
-0.0938359647989
-0.100064821541
-0.105687081814
-0.110642634332
-0.114879593253
-0.118354611099
-0.121025256813
-0.122847989202
-0.123781204224
-0.123799242079
-0.122878782451
-0.121003739536
-0.118148528039
-0.114319182932
-0.109527230263
-0.103780157864
-0.0971013978124
-0.0895198211074
-0.0810928493738
-0.0718463137746
-0.0618473812938
-0.0511564649642
-0.0398465506732
-0.0279814228415
-0.0156417526305
-0.00292381201871
0.0100971413776
0.0233218483627
0.0366599857807
0.0500196404755
0.0633096545935
0.0764281526208
0.0892901495099
0.101825132966
0.113829359412
0.125224933028
0.135974824429
0.146002113819
0.155219495296
0.163564190269
0.170968070626
0.177384272218
0.182756468654
0.187053889036
0.19025413692
0.192341580987
0.193300113082
0.193132072687
0.191845819354
0.189247995615
0.185561910272
0.180812716484
0.175033301115
0.168250903487
0.160503461957
0.151844143867
0.142323613167
0.131996423006
0.120930932462
0.109184443951
0.0968454778194
0.0839698761702
0.0706475451589
0.056948248297
0.0429596267641
0.0287561584264
0.0144198806956
2.62995745288e-05
-0.0143356220797
-0.0285911504179
-0.0426169484854
-0.0563611276448
-0.0697328075767
-0.0826574042439
-0.0950796157122
-0.106926351786
-0.118134796619
-0.128642067313
-0.138391792774
-0.147341057658
-0.15543730557
-0.162636905909
-0.168917670846
-0.174249440432
-0.178608611226
-0.181991606951
-0.184396550059
-0.185827746987
-0.186035096645
-0.185271367431
-0.18355089426
-0.180882886052
-0.17728176713
-0.172777667642
-0.167404949665
-0.161210253835
-0.154243260622
-0.146578416228
-0.138275042176
-0.129383832216
-0.119832232594
-0.109897471964
-0.0996237248182
-0.0890609398484
-0.0782720670104
-0.0673152804375
-0.0562524199486
-0.045144226402
-0.0340593345463
-0.0230554118752
-0.0121824620292
-0.00150288932491
0.00892460905015
0.0190372709185
0.0287940707058
0.0381699949503
0.0471313372254
0.0556597076356
0.0637171566486
0.07129535079
0.0783713757992
0.084929458797
0.0909564495087
0.0964446142316
0.101386502385
0.105779111385
0.109616816044
0.112904883921
0.11564411968
0.11783605814
0.119487948716
0.120606034994
0.121110334992
0.121095016599
0.120572119951
0.11955241859
0.11804869771
0.116071648896
0.1136354357
0.110754415393
0.107442967594
0.10371492058
0.0995853245258
0.0950752422214
0.0901984497905
0.0849739387631
0.0794222652912
0.0735644698143
0.0674190148711
0.0610053278506
0.0543520115316
0.0474751256406
0.0403513237834
0.0330823995173
0.0256917644292
0.0182026401162
0.0106460638344
0.00304505415261
-0.00456969020888
-0.0121671706438
-0.0197197161615
-0.0272006187588
-0.034578025341
-0.0418313480914
-0.0488792732358
-0.0556799769402
-0.062226600945
-0.0684891417623
-0.0744331553578
-0.0800331234932
-0.0852600187063
-0.0900922715664
-0.0945092588663
-0.0984963774681
-0.102041579783
-0.10513163358
-0.107757337391
-0.109777309
-0.111307643354
-0.112342961133
-0.112879805267
-0.112914301455
-0.112446323037
-0.111482098699
-0.110028617084
-0.108092464507
-0.105685763061
-0.102826170623
-0.0995300784707
-0.0958134829998
-0.0916989147663
-0.0872103348374
-0.0823733508587
-0.077214024961
-0.0717601627111
-0.0660380497575
-0.0600840263069
-0.053876247257
-0.0475133135915
-0.0410364158452
-0.0344739370048
-0.0278605930507
-0.021237006411
-0.0146350869909
-0.00809331610799
-0.00163988943677
0.00468756258488
0.0108545571566
0.0168353952467
0.0226014386863
0.0281303450465
0.0333977714181
0.0383835919201
0.043018180877
0.0473207682371
0.0512825921178
0.054889768362
0.0581419318914
0.0610319785774
0.0635614469647
0.0657316893339
0.0675536841154
0.0690398216248
0.0702040046453
0.0710666775703
0.0716509893537
0.0719357803464
0.0719305798411
0.0717116817832
0.0713022649288
0.0707240477204
0.070001065731
0.0691590085626
0.0682250261307
0.0672280266881
0.0661969184875
0.0651608556509
0.0641492977738
0.0631912723184
0.0623122863472
0.0615350790322
0.0608111955225
0.0602317489684
0.0598075278103
0.0595474205911
0.0594606213272
0.0595531761646
0.059824988246
0.0602757818997
0.0609059110284
0.0617102123797
0.062678694725
0.0638013705611
0.0650674030185
0.0664601325989
0.0679596811533
0.0695457756519
0.0711972564459
0.0728862807155
0.0745846405625
0.0762631520629
0.077836163342
0.079323977232
0.0806928351521
0.0819089859724
0.0829385668039
0.0837467387319
0.0842998176813
0.0845617130399
0.0844989344478
0.0840800702572
0.0832726806402
0.0820449441671
0.080366961658
0.0782159119844
0.0755646750331
0.072393245995
0.06868070364
0.0644161477685
0.0595880560577
0.0541857294738
0.0481399931014
0.0415564700961
0.0344460606575
0.0268184281886
0.0187027659267
0.0101354327053
0.00113957945723
-0.00823833141476
-0.0179504528642
-0.0279614962637
-0.0381107106805
-0.048367600888
-0.0586583614349
-0.0689129680395
-0.0790659785271
-0.0890533253551
-0.0988103225827
-0.108279690146
-0.117399357259
-0.126125186682
-0.134395241737
-0.142157122493
-0.149362891912
-0.155974283814
-0.161933600903
-0.167278856039
-0.171989619732
-0.176035240293
-0.179444819689
-0.182220309973
-0.18437564373
-0.185926422477
-0.18687966466
-0.187238514423
-0.1870097965
-0.186202868819
-0.18482530117
-0.182888388634
-0.180409654975
-0.177417621017
-0.17394028604
-0.170005425811
-0.165639176965
-0.160860717297
-0.155513197184
-0.149800390005
-0.143745824695
-0.137371659279
-0.130713894963
-0.123798027635
-0.116669304669
-0.109364621341
-0.101922154427
-0.0943809822202
-0.0867845118046
-0.0791741982102
-0.0715855956078
-0.0640542507172
-0.0566230043769
-0.0493199601769
-0.0421750955284
-0.0352141819894
-0.0284696612507
-0.0219594836235
-0.0156974624842
-0.00970558729023
-0.00398938730359
0.00143929966725
0.00657496415079
0.011417850852
0.0159686356783
0.0202314220369
0.0242147110403
0.0279312562197
0.0313895754516
0.034605037421
0.0375897996128
0.0403603166342
0.042934179306
0.0453291274607
0.0475656352937
0.0496661737561
0.0516586378217
0.0535736046731
0.0553402006626
0.0570786334574
0.058801881969
0.0605193637311
0.0622410029173
0.0639782175422
0.0657554119825
0.0676026716828
0.0695123523474
0.0714422389865
0.0735076293349
0.0757033750415
0.0780261978507
0.0804812982678
0.0830790549517
0.0858269184828
0.0887367352843
0.0918225795031
0.0950862839818
0.0985282585025
0.102139919996
0.105882436037
0.109798513353
0.11386782676
0.118068136275
0.122320972383
0.126638546586
0.130985721946
0.135332718492
0.139638185501
0.143861159682
0.147951900959
0.151858136058
0.15553085506
0.158915862441
0.161967560649
0.164644569159
0.16690762341
0.168724387884
0.170062363148
0.170886009932
0.170958802104
0.170458778739
0.169355273247
0.167618796229
0.165223270655
0.162152826786
0.158396348357
0.15393653512
0.148767739534
0.142894327641
0.136318266392
0.129040747881
0.121071837842
0.112428382039
0.103130556643
0.0931899622083
0.0826421305537
0.0715131610632
0.0598374865949
0.0476392731071
0.0349420532584
0.0218570455909
0.00845672655851
-0.00520801730454
-0.0190653167665
-0.0330409556627
-0.0470656529069
-0.0610737875104
-0.074973769486
-0.088701158762
-0.102183006704
-0.115357778966
-0.128160506487
-0.140373587608
-0.15194991231
-0.162881344557
-0.17309089005
-0.182518556714
-0.191095396876
-0.198773130774
-0.20551648736
-0.211287274957
-0.216070875525
-0.219863563776
-0.222652375698
-0.224432989955
-0.224933862686
-0.224438324571
-0.222946882248
-0.220467895269
-0.21702465415
-0.212641537189
-0.207345336676
-0.201169222593
-0.194159537554
-0.18636764586
-0.177834689617
-0.168615236878
-0.158769488335
-0.148357346654
-0.13743853569
-0.126065999269
-0.114309325814
-0.102232657373
-0.0898879989982
-0.0773503258824
-0.064625389874
-0.0518572032452
-0.0390952453017
-0.0264112874866
-0.0138520691544
-0.00148307380732
0.0106386514381
0.0224662721157
0.0339470468462
0.04502286762
0.0556551702321
0.0657961443067
0.0754075050354
0.0844426304102
0.0928674116731
0.100660420954
0.107789464295
0.114228002727
0.119961716235
0.124973624945
0.129099652171
0.132452845573
0.135028630495
0.136822238564
0.137826606631
0.138043418527
0.137483820319
0.136162623763
0.134097456932
0.131315454841
0.127851709723
0.123742058873
0.119020879269
0.113734222949
0.107926860452
0.101650990546
0.0949489623308
0.0878780931234
0.0804913267493
0.072844311595
0.0649947747588
0.0569977276027
0.0489044897258
0.0407653711736
0.0326215848327
0.0245251692832
0.0165176074952
0.00863801781088
0.000923552783206
-0.00658353744075
-0.0138538200408
-0.0208497606218
-0.0275368355215
-0.0338803231716
-0.0398548804224
-0.0454242415726
-0.0505721010268
-0.0552723631263
-0.0595179609954
-0.0633048266172
-0.066533178091
-0.0692823827267
-0.0715391710401
-0.0732907578349
-0.0745231285691
-0.075224019587
-0.0753947719932
-0.0750488191843
-0.0742039531469
-0.0728790834546
-0.0710928589106
-0.0687574222684
-0.0659916177392
-0.0628062039614
-0.059208996594
-0.0552218556404
-0.0508758574724
-0.0462036915123
-0.0412397272885
-0.0360261313617
-0.0306024476886
-0.0250054318458
-0.0192723795772
-0.0134162306786
-0.00749964267015
-0.00156369956676
0.0043447772041
0.0101801948622
0.0158979669213
0.0214512310922
0.0267955586314
0.0318814069033
0.0366768576205
0.041140448302
0.0452388748527
0.048940833658
0.0522150397301
0.0550433769822
0.0574085339904
0.0592932142317
0.0606837198138
0.0615784041584
0.0619773231447
0.0618345178664
0.0611969977617
0.0600770562887
0.0584894642234
0.0564487501979
0.0539716817439
0.0510815083981
0.0478069856763
0.044180970639
0.0402298681438
0.0359888970852
0.0315025188029
0.0268091186881
0.0219491627067
0.0169646590948
0.0118994582444
0.00679943244904
0.00170409644488
-0.00334339262918
-0.00830777268857
-0.0131406793371
-0.017815509811
-0.0222931895405
-0.0265408735722
-0.0305303130299
-0.0342256687582
-0.0375948622823
-0.0406087040901
-0.0432469770312
-0.0454891212285
-0.0473161414266
-0.0487157441676
-0.0496857538819
-0.0502239838243
-0.0503243617713
-0.0499323755503
-0.0491077154875
-0.0478550009429
-0.0461777076125
-0.0440808981657
-0.0415806770325
-0.0386959984899
-0.0354511141777
-0.0318684354424
-0.0279772225767
-0.0238128509372
-0.0194104667753
-0.0148043930531
-0.0100294370204
-0.00511784059927
-0.000108761661977
0.00495946826413
0.0100420229137
0.0150978909805
0.0200898330659
0.0249691586941
0.0296919196844
0.0342191979289
0.0385094694793
0.0425255820155
0.0462263673544
0.049579821527
0.0525565519929
0.0551294460893
0.0572715625167
0.0589610859752
0.0601854845881
0.0609330162406
0.0611916594207
0.0609534233809
0.0602201856673
0.0589897409081
0.057245850563
0.0550243407488
0.0523410476744
0.0492156371474
0.0456698536873
0.0417255312204
0.0374107137322
0.0327637642622
0.0278143081814
0.0225995332003
0.0171563569456
0.0115326894447
0.00576861994341
-9.28725639824e-05
-0.0060080671683
-0.0119326990098
-0.0178195554763
-0.0236298814416
-0.0293161012232
-0.0348391421139
-0.0401626452804
-0.0452449359
-0.0500538907945
-0.0545585043728
-0.0587326735258
-0.0625460594893
-0.0659739226103
-0.0690050199628
-0.0716236233711
-0.0738158673048
-0.0755721256137
-0.0768921822309
-0.0777770355344
-0.0782276690006
-0.0782484337687
-0.0778519958258
-0.0770524442196
-0.0758659169078
-0.0742786973715
-0.0723368823528
-0.0700699836016
-0.0675021111965
-0.0646563842893
-0.0615601465106
-0.0582452565432
-0.0547390393913
-0.0510701686144
-0.0472672507167
-0.0433568656445
-0.0393714234233
-0.0353373289108
-0.0312821380794
-0.0272256955504
-0.0231957994401
-0.0192160531878
-0.0153039153665
-0.0114770308137
-0.00774914724752
-0.00413583638147
-0.000651825976092
0.00270038400777
0.00591349415481
0.00898207724094
0.0119038699195
0.0146823218092
0.0173228438944
0.0198257733136
0.0222020801157
0.0244572702795
0.0265839062631
0.0286126583815
0.0305518358946
0.0324158854783
0.0342162996531
0.0359662249684
0.0376775674522
0.0393614396453
0.041027713567
0.0426895171404
0.0443568751216
0.0460376776755
0.0477393046021
0.0494685918093
0.051233574748
0.0530383139849
0.0548842251301
0.0567724965513
0.0587016381323
0.0606718920171
0.0626192688942
0.0645900964737
0.0665726959705
0.0685545653105
0.0705199092627
0.0724484100938
0.0743208527565
0.0761177092791
0.0778146237135
0.0793886631727
0.0808147117496
0.0820682793856
0.0831254273653
0.083962187171
0.0845553576946
0.0848825052381
0.0849232524633
0.0846604928374
0.0840782448649
0.0831598490477
0.081799030304
0.080071143806
0.0779616981745
0.0754551813006
0.0725333318114
0.0691893473268
0.0654209703207
0.0612281113863
0.0566082522273
0.0515760406852
0.0461479835212
0.0403396114707
0.0341671407223
0.0276508703828
0.02077229321
0.0135867148638
0.00610480923206
-0.00164195790421
-0.00962255243212
-0.0177987962961
-0.0261221714318
-0.0345478020608
-0.043037340045
-0.0515333153307
-0.0600038692355
-0.0683939903975
-0.0766773223877
-0.0847058221698
-0.0925355181098
-0.100116677582
-0.107391282916
-0.114309154451
-0.120806746185
-0.126835033298
-0.132339268923
-0.137272834778
-0.141601160169
-0.145282939076
-0.148279353976
-0.150559186935
-0.152096986771
-0.152868941426
-0.152847439051
-0.152007967234
-0.150341153145
-0.147840514779
-0.144494578242
-0.140277862549
-0.135241806507
-0.12940877676
-0.122804060578
-0.115450441837
-0.10737298429
-0.098639562726
-0.0893148779869
-0.0794543027878
-0.0691353827715
-0.0584292151034
-0.0474238917232
-0.036199953407
-0.0248374566436
-0.013423755765
-0.00205795280635
0.00917736813426
0.020191533491
0.0308981053531
0.0412101969123
0.0510501004755
0.0603439547122
0.069023385644
0.0770231187344
0.0842954069376
0.0906705334783
0.0961784049869
0.100789502263
0.104482136667
0.107235655189
0.109028421342
0.109859958291
0.109748847783
0.108718052506
0.106797158718
0.10403265059
0.100368961692
0.0959175229073
0.090788885951
0.0850412324071
0.0787280201912
0.0719169825315
0.0646840706468
0.0571045167744
0.0492644608021
0.0412499159575
0.0331204645336
0.0249813534319
0.0169550180435
0.00911302026361
0.00151508545969
-0.00576770631596
-0.0126759745181
-0.0191444735974
-0.0251314360648
-0.0305871013552
-0.0354649238288
-0.0397048555315
-0.0432709380984
-0.0461596399546
-0.0483568646014
-0.0498614162207
-0.050675354898
-0.0508000701666
-0.0502492673695
-0.049049962312
-0.0472266487777
-0.0448085814714
-0.0418333038688
-0.0383461527526
-0.0343883745372
-0.0300056431442
-0.0252393595874
-0.0201613809913
-0.0148300062865
-0.00930347945541
-0.00363218877465
0.00212024338543
0.00790497008711
0.0136665320024
0.0193544924259
0.0249171182513
0.0303092747927
0.0354844294488
0.0404025539756
0.0450301840901
0.0493304766715
0.0532759688795
0.0568424239755
0.0600137077272
0.0627719759941
0.0651062950492
0.0670166835189
0.0684379786253
0.0694317296147
0.0699991136789
0.070146523416
0.0698800384998
0.069204762578
0.0681253448129
0.0666547268629
0.0648146420717
0.0626326054335
0.0601337067783
0.05734526366
0.0542355626822
0.0508436001837
0.0472164414823
0.043365098536
0.0393121242523
0.0350828617811
0.0307131391019
0.0262336041778
0.0216733887792
0.0170689411461
0.0124379871413
0.00778859481215
0.00316817755811
-0.00140332104638
-0.0058889198117
-0.0102593684569
-0.0144818052649
-0.0185269434005
-0.0223668832332
-0.0259778834879
-0.0293326750398
-0.0324119403958
-0.0351978652179
-0.0376788042486
-0.0398385077715
-0.0416652560234
-0.0431543178856
-0.044303316623
-0.0451086349785
-0.0455688200891
-0.0456912405789
-0.0454689636827
-0.0449293144047
-0.0440832898021
-0.0429500639439
-0.0415497198701
-0.0399040021002
-0.0380364693701
-0.0359742455184
-0.0337460339069
-0.0313852615654
-0.0289209131151
-0.026386026293
-0.0238159112632
-0.0212438814342
-0.0187057871372
-0.0162347164005
-0.0138624971732
-0.0116237634793
-0.00954573322088
-0.00766433821991
-0.00600205780938
-0.00458877719939
-0.00344628002495
-0.00259152334183
-0.002039617626
-0.00180504459422
-0.00189863238484
-0.00232183653861
-0.00307529419661
-0.00415908684954
-0.00556827709079
-0.00728933652863
-0.00930615700781
-0.0116057433188
-0.0141648063436
-0.0169585458934
-0.0199587550014
-0.0231379158795
-0.0264633409679
-0.0298996064812
-0.0334095582366
-0.0369607172906
-0.0404659248888
-0.0439126603305
-0.0472645498812
-0.0504763834178
-0.0535072349012
-0.0563159361482
-0.0588623173535
-0.0611074343324
-0.0630194321275
-0.06456553936
-0.065715380013
-0.0664465874434
-0.0667427778244
-0.0665859282017
-0.0659288316965
-0.0647385194898
-0.0630697160959
-0.0609146058559
-0.0582716725767
-0.0551477558911
-0.0515541136265
-0.0475004129112
-0.0430084839463
-0.0381039716303
-0.0328166782856
-0.0271747428924
-0.0212125647813
-0.0149514283985
-0.00848244689405
-0.00184188177809
0.00492998491973
0.0117823416367
0.0186697803438
0.0255525354296
0.0323794297874
0.0391099825501
0.045702856034
0.052117947489
0.0582672730088
0.0640877187252
0.069573380053
0.0746875926852
0.0793955773115
0.083657130599
0.087448194623
0.0907493010163
0.0935453996062
0.0958285927773
0.0975972488523
0.0987956821918
0.0993704795837
0.099415756762
0.0989319384098
0.0979202091694
0.0963841378689
0.0943349599838
0.0917958468199
0.0887926444411
0.0853518843651
0.0815102532506
0.0772990733385
0.0726443082094
0.0677073001862
0.0625156164169
0.0570972375572
0.0514815077186
0.0456976406276
0.0397850424051
0.0337770581245
0.0277073029429
0.0216129850596
0.0155298002064
0.00948395114392
0.00351091707125
-0.00233264500275
-0.00802267994732
-0.0135366497561
-0.0188459269702
-0.0239348076284
-0.0287784300745
-0.0333630330861
-0.0376669727266
-0.041680637747
-0.0453930012882
-0.0487954430282
-0.0518654733896
-0.0545471571386
-0.0568829774857
-0.058869458735
-0.0605008304119
-0.0617758408189
-0.0626912862062
-0.0632481202483
-0.063451461494
-0.0633074045181
-0.0628232881427
-0.0620096847415
-0.0608790852129
-0.0594444647431
-0.0576845891774
-0.0556121729314
-0.0532833747566
-0.0507099740207
-0.0479085557163
-0.0448939390481
-0.0416856557131
-0.0383011475205
-0.034764662385
-0.0310965999961
-0.0273222699761
-0.0234637428075
-0.0195493027568
-0.0155985588208
-0.0116416038945
-0.00769435381517
-0.00379722681828
2.09284444281e-05
0.00373704009689
0.00733009818941
0.0107786823064
0.0140583785251
0.0171506796032
0.0200361926109
0.0226959995925
0.0251163430512
0.0272803809494
0.0291778296232
0.0307991821319
0.0321359224617
0.0331808589399
0.0339116379619
0.0343291051686
0.0344485230744
0.0342714972794
0.0338052138686
0.0330567546189
0.0320348404348
0.0307497549802
0.0292178634554
0.0274547152221
0.025477591902
0.0233057029545
0.0209629647434
0.0184723455459
0.015855755657
0.0131399361417
0.0103501761332
0.00751396408305
0.00465409923345
0.00181086489465
-0.000988475396298
-0.00371790677309
-0.00635048374534
-0.00885912496597
-0.0112191718072
-0.0134036839008
-0.0153888994828
-0.0171544738114
-0.0186785142869
-0.019940815866
-0.0209245476872
-0.0216156877577
-0.0220009814948
-0.0220673363656
-0.0218081306666
-0.0212189145386
-0.0202948600054
-0.0190200842917
-0.0174143444747
-0.0154875880107
-0.0132460128516
-0.010700840503
-0.00786823034286
-0.00476629659534
-0.00141477189027
0.00216374685988
0.00594440056011
0.00989535823464
0.0139879090711
0.0181912649423
0.0224693976343
0.026784395799
0.0311022046953
0.035384170711
0.0395862199366
0.0436744280159
0.0476066656411
0.0513405576348
0.0547901913524
0.0579528100789
0.0607909336686
0.0632644221187
0.0653397291899
0.0669805407524
0.0681534707546
0.0688308253884
0.0689863935113
0.0685937479138
0.067631945014
0.0660895481706
0.063952036202
0.0612077713013
0.0578552931547
0.053897343576
0.0493400245905
0.0441864132881
0.0384524427354
0.0321592353284
0.0253309700638
0.0179875884205
0.010162207298
0.00190623837989
-0.00673851044849
-0.0157211031765
-0.0249930657446
-0.034495446831
-0.0441780015826
-0.0539872534573
-0.0638448745012
-0.0736990869045
-0.083479821682
-0.0931153446436
-0.102540709078
-0.111686505377
-0.12047970295
-0.128857284784
-0.136757135391
-0.144106760621
-0.150845333934
-0.156912147999
-0.162258699536
-0.166825264692
-0.170563861728
-0.173428684473
-0.175382658839
-0.176280602813
-0.176179096103
-0.17507635057
-0.172959804535
-0.169813781977
-0.165628254414
-0.160418942571
-0.154190421104
-0.146956250072
-0.138742029667
-0.129577964544
-0.119506508112
-0.108572237194
-0.0968221649528
-0.0843200385571
-0.0711298063397
-0.0573161505163
-0.0429545752704
-0.0281280465424
-0.0129192415625
0.00258123362437
0.0182976219803
0.0341214165092
0.0499745979905
0.0657559409738
0.0813387930393
0.0966005325317
0.111478403211
0.125864088535
0.13968129456
0.152828216553
0.165221959352
0.176783338189
0.187427923083
0.197092756629
0.205696105957
0.213180601597
0.219501197338
0.224605441093
0.228450641036
0.231008082628
0.232261359692
0.232196986675
0.230803489685
0.228087618947
0.224070474505
0.218772500753
0.212216943502
0.204448267817
0.195519372821
0.185482233763
0.174315333366
0.162149637938
0.149112820625
0.135286033154
0.120748184621
0.105605326593
0.0899662971497
0.0739179849625
0.0575728453696
0.0410421229899
0.0244378279895
0.00786474626511
-0.00855069328099
-0.024713370949
-0.0405057743192
-0.0558114573359
-0.0705497562885
-0.0846053808928
-0.0978909283876
-0.110319405794
-0.121802791953
-0.13228879869
-0.141688629985
-0.14995674789
-0.15703690052
-0.162834972143
-0.167316362262
-0.170504927635
-0.172399401665
-0.173003211617
-0.172318771482
-0.170358762145
-0.167160123587
-0.162759959698
-0.157199010253
-0.150533303618
-0.142824232578
-0.134153783321
-0.124591596425
-0.114217929542
-0.103132992983
-0.091427475214
-0.079203158617
-0.0665637478232
-0.0536167807877
-0.040469430387
-0.0272221844643
-0.0139870261773
-0.000863069610205
0.0120206344873
0.0245547611266
0.0366453938186
0.0481902435422
0.0591089203954
0.0693112388253
0.078732073307
0.0872985944152
0.0949427485466
0.101611949503
0.107265010476
0.111867308617
0.115379020572
0.117786154151
0.119086243212
0.11927754432
0.118360936642
0.116359084845
0.113303586841
0.10922601074
0.104165636003
0.0981698781252
0.0912395492196
0.0835074260831
0.0750458985567
0.0659426301718
0.0562658831477
0.0461105592549
0.0355521775782
0.0246815644205
0.013595495373
0.00238628522493
-0.00885934289545
-0.020045267418
-0.0310854706913
-0.0418845303357
-0.0523640699685
-0.0624409988523
-0.0720375329256
-0.0810865610838
-0.089512437582
-0.0972702652216
-0.104211524129
-0.11032923311
-0.115606449544
-0.120009079576
-0.123506389558
-0.126071512699
-0.12770165503
-0.128390014172
-0.128132760525
-0.126938730478
-0.124831624329
-0.121837638319
-0.11798196286
-0.113304831088
-0.107858523726
-0.101693347096
-0.0948576703668
-0.0874126628041
-0.0793970525265
-0.0708714202046
-0.0619638040662
-0.0527415238321
-0.0432771742344
-0.0336480140686
-0.02392266877
-0.0141785433516
-0.00448055332527
0.00508439633995
0.0144598474726
0.0235687568784
0.0323593169451
0.0407606996596
0.0487250685692
0.0562027022243
0.0631511062384
0.0694867745042
0.0751635059714
0.0801863819361
0.084531724453
0.0881773009896
0.0911185368896
0.0933500677347
0.094866245985
0.0956733822823
0.0957887470722
0.0952309221029
0.0940207764506
0.0921894535422
0.0897757709026
0.0868149846792
0.0833474770188
0.079324029386
0.0749010518193
0.0701189488173
0.0650302097201
0.0596762821078
0.054113805294
0.0483856461942
0.0425495915115
0.0366503484547
0.0307382103056
0.0248686727136
0.0190787538886
0.0134205790237
0.00792503915727
0.00263497047126
-0.00240007881075
-0.00715188775212
-0.0115900812671
-0.015696818009
-0.0194555819035
-0.022857433185
-0.0258869193494
-0.0285406727344
-0.0308216400445
-0.0327324643731
-0.0342787466943
-0.0354735068977
-0.0363334827125
-0.0368690565228
-0.0370661467314
-0.0369858518243
-0.0366533696651
-0.0360932536423
-0.0353307053447
-0.0343939848244
-0.0333115532994
-0.032111633569
-0.0308236572891
-0.0294744055718
-0.0280926004052
-0.0267060417682
-0.0253385100514
-0.0240116957575
-0.022747527808
-0.0215395279229
-0.0204300656915
-0.0194279477
-0.0185427516699
-0.0177807770669
-0.0171416699886
-0.0166245959699
-0.0162289049476
-0.0159495119005
-0.0157764144242
-0.01569962129
-0.0157089438289
-0.0157898291945
-0.0159250702709
-0.0160972289741
-0.0162886772305
-0.0164786353707
-0.0166324432939
-0.0167380776256
-0.0167769864202
-0.0167275201529
-0.016568146646
-0.0162774845958
-0.0158354602754
-0.0152253722772
-0.0144298840314
-0.0134321115911
-0.0122194569558
-0.0107828313485
-0.00911156181246
-0.00719910301268
-0.00504072988406
-0.00263773277402
1.09428801807e-05
0.00290304096416
0.00603201473132
0.00938521232456
0.0129391597584
0.0166863854975
0.0206047855318
0.0246744677424
0.0288737062365
0.0331761091948
0.0375540927052
0.0419775806367
0.0464164167643
0.0508363991976
0.0552048198879
0.0594870373607
0.0636485889554
0.0676547884941
0.0714707970619
0.0750620365143
0.0783926025033
0.0814323797822
0.0841518566012
0.086518317461
0.0884962081909
0.0899931713939
0.091053918004
0.0916541144252
0.0917724519968
0.0913950949907
0.0905092209578
0.0891019776464
0.0871657729149
0.0847005322576
0.0817103609443
0.0781931728125
0.0741652771831
0.0696368813515
0.0646293088794
0.059161003679
0.0532586686313
0.0469509996474
0.0402719900012
0.0332504585385
0.0259285792708
0.018347973004
0.0105416411534
0.00258271372877
-0.00548491813242
-0.013608686626
-0.0217396449298
-0.0298282783478
-0.0378279015422
-0.0456840693951
-0.0533459447324
-0.0607649348676
-0.0678953155875
-0.0746917128563
-0.081112191081
-0.0871099457145
-0.0926597341895
-0.0977254211903
-0.102272897959
-0.106282189488
-0.109734758735
-0.112611547112
-0.114791035652
-0.116366505623
-0.117335624993
-0.117695450783
-0.117447420955
-0.116604156792
-0.115179382265
-0.113185793161
-0.110644139349
-0.107585065067
-0.104034207761
-0.100024744868
-0.0955937057734
-0.0907811298966
-0.0856315046549
-0.0801851823926
-0.0744856074452
-0.0685885846615
-0.0625337138772
-0.0563708990812
-0.0501007474959
-0.0438337512314
-0.0376154184341
-0.0314895361662
-0.0254982486367
-0.0196752566844
-0.0140630248934
-0.00869935657829
-0.00361078511924
0.00117366376799
0.00562501186505
0.00972057040781
0.0134480893612
0.0167919620872
0.019741082564
0.0222917944193
0.0244475770742
0.0262009184808
0.0275440141559
0.0285076480359
0.0291096456349
0.0293673016131
0.0293009001762
0.0289373416454
0.0283043254167
0.0274301115423
0.0263441745192
0.0250824280083
0.0236768908799
0.0221645068377
0.0205781161785
0.0189534053206
0.0173261519521
0.0157299675047
0.0141864577308
0.012732819654
0.011405935511
0.0102317025885
0.0092315254733
0.00842494610697
0.00783246103674
0.00746968062595
0.00734637212008
0.00747186783701
0.00785556994379
0.00850044563413
0.0094050699845
0.0105668641627
0.0119845047593
0.0136475451291
0.0155455488712
0.0176631733775
0.0199686679989
0.0224553979933
0.0251014064997
0.0278834570199
0.0307807400823
0.0337639227509
0.036807436496
0.0398830622435
0.0429662577808
0.0460261888802
0.0490350984037
0.0519668757915
0.0547951161861
0.0574931949377
0.0600360371172
0.0624000914395
0.0645624026656
0.0665036514401
0.0682023689151
0.0696388632059
0.0707979351282
0.0716153085232
0.072127096355
0.0723214671016
0.0721919462085
0.0717333853245
0.0709400177002
0.0698094964027
0.0683456659317
0.0665509179235
0.0644287616014
0.0619882382452
0.0592392422259
0.0561938732862
0.0528673827648
0.0492725372314
0.0454285033047
0.0413564294577
0.0370759218931
0.0326070711017
0.0279762875289
0.0232056491077
0.0183216501027
0.0133500024676
0.00831487309188
0.00324265938252
-0.00183794635814
-0.00690326327458
-0.0119249615818
-0.016879638657
-0.0217417515814
-0.0264830477536
-0.0310877840966
-0.0355309545994
-0.0397882908583
-0.043843254447
-0.0476764701307
-0.051274497062
-0.0546170063317
-0.0576920881867
-0.0604924112558
-0.0630042329431
-0.0652194693685
-0.0671333149076
-0.0687424167991
-0.0700434222817
-0.0710333660245
-0.0717160925269
-0.0720940008759
-0.0721714422107
-0.0719529762864
-0.0714470818639
-0.0706632360816
-0.0696109086275
-0.0682983994484
-0.0667405724525
-0.0649515464902
-0.0629448443651
-0.060732871294
-0.0583337210119
-0.0557616427541
-0.053032182157
-0.0501591414213
-0.047158639878
-0.0440470501781
-0.0408406443894
-0.0375549606979
-0.034204736352
-0.0308027714491
-0.0273650828749
-0.0239057224244
-0.0204372853041
-0.0169702060521
-0.0135182775557
-0.0100932642817
-0.00670344242826
-0.00336006376892
-7.0934278483e-05
0.00315144425258
0.00630283122882
0.00937608350068
0.0123625239357
0.0152553869411
0.0180505272001
0.020742693916
0.023325279355
0.0257933437824
0.0281438734382
0.0303716883063
0.0324739478528
0.0344466567039
0.0362852215767
0.0379871949553
0.0395483076572
0.0409666076303
0.0422366485
0.0433570668101
0.0443233214319
0.0451322309673
0.0457811914384
0.0462661236525
0.046583943069
0.0467312298715
0.046704672277
0.0465012341738
0.0461177192628
0.0455509573221
0.0447982437909
0.0438572615385
0.0427257008851
0.0414019823074
0.0398843325675
0.0381714440882
0.0362645350397
0.0341624803841
0.0318653024733
0.0293777994812
0.0267016049474
0.0238380003721
0.0207943804562
0.0175762008876
0.0141886286438
0.0106417927891
0.00694132177159
0.00300910370424
-0.000528296455741
-0.00592895969748
-0.00552849518135
0.00104264682159
-0.000351820752257
9.40977915889e-05
0.0
0.0
0.0
0.0
0.0
0.0
0.0
0.0
0.0
0.0
0.0
0.0
0.0
0.0
0.0
0.0
0.0
0.0
0.0
0.0
0.0
0.0
0.0
0.0
0.0
0.0
0.0
0.0
0.0
0.0
0.0
0.0
0.0
0.0
0.0
0.0
0.0
0.0
0.0
0.0
0.0
0.0
0.0
