0.0
0.0
0.0
-4.3326617849e-09
-1.21827506518e-05
-7.07378740117e-06
-3.34993001161e-06
-9.85745487014e-07
6.17122575264e-10
-3.76048831185e-07
-2.11578731069e-06
-5.23350081494e-06
-9.7142165032e-06
-1.55729030666e-05
-2.27944819926e-05
-3.13790551445e-05
-4.13468442275e-05
-5.26725780219e-05
-6.52772068861e-05
-7.90805061115e-05
-9.3999929959e-05
-0.000109959379188
-0.000126801838633
-0.000144406832987
-0.000162594689755
-0.000181268595043
-0.000200185473659
-0.000219204113819
-0.00023810773564
-0.000256714265561
-0.000274829188129
-0.000292219338007
-0.000308704416966
-0.00032407353865
-0.000338132318575
-0.000350699701812
-0.000361566053471
-0.000370581867173
-0.000377583841328
-0.00038244825555
-0.000385040912079
-0.000385228631785
-0.000382950995117
-0.000378162891138
-0.00037080454058
-0.000360847509
-0.000348310597474
-0.000333267904352
-0.000315734301694
-0.000295788835501
-0.000273541518254
-0.000249183736742
-0.000222836984904
-0.000194654305233
-0.00016489578411
-0.000133755165734
-0.000101489837107
-6.83416801621e-05
-3.45847693097e-05
-5.21649042184e-07
3.35646363965e-05
6.73533068039e-05
0.000100558652775
0.000132878747536
0.000163968114066
0.000193569256226
0.000221351292566
0.00024704405223
0.000270361604635
0.0002910491894
0.000308852555463
0.000323565473082
0.000334989861585
0.000342916871887
0.000347207474988
0.000347765570041
0.000344454863807
0.000337211182341
0.000326027220581
0.000310881092446
0.000291808159091
0.000268829258857
0.000242064124905
0.000211660633795
0.000177741079824
0.000140461736009
0.000100076031231
5.67923598283e-05
1.09246102511e-05
-3.73128314095e-05
-8.75852128956e-05
-0.00013951404253
-0.000192810766748
-0.000247123942245
-0.000302051805193
-0.000357206707122
-0.000412235240219
-0.000466688943561
-0.000520201516338
-0.000572406628635
-0.000622852589004
-0.000671196670737
-0.000717049522791
-0.000760051130783
-0.000799854635261
-0.000836104096379
-0.000868490024004
-0.000896743498743
-0.000920532504097
-0.000939626654144
-0.000953824259341
-0.000962901161984
-0.00096666632453
-0.00096497964114
-0.000957733485848
-0.000944853236433
-0.000926252338104
-0.000901867984794
-0.000871749478392
-0.000835955666844
-0.000794455467258
-0.000747387006413
-0.000694873684552
-0.000637045595795
-0.00057408696739
-0.0005061236443
-0.000433469947893
-0.000356294069206
-0.000274902558886
-0.000189602287719
-0.000100633893453
-8.36833260109e-06
8.68799834279e-05
0.000184747812455
0.000284854671918
0.00038683967432
0.000490361417178
0.000594920711592
0.000700168136973
0.000805755902547
0.000911146518774
0.00101606210228
0.00112003064714
0.00122260977514
0.00132347305771
0.00142216775566
0.00151833682321
0.00161157955881
0.00170152867213
0.00178781559225
0.00187013100367
0.00194809166715
0.00202138745226
0.00208975328133
0.00215286994353
0.00221051299013
0.0022623995319
0.00230829766952
0.00234806677327
0.00238148518838
0.00240839645267
0.00242867018096
0.00244221277535
0.00244893878698
0.00244877836667
0.0024416919332
0.00242769019678
0.00240677315742
0.00237899506465
0.00234438595362
0.00230306852609
0.00225518504158
0.0022007797379
0.00214006542228
0.0020732274279
0.00200045737438
0.00192197260913
0.00183800177183
0.00174880865961
0.00165463902522
0.00155584572349
0.00145268475171
0.00134542293381
0.00123451487161
0.0011201488087
0.00100274861325
0.000882660795469
0.000760289898608
0.000635889649857
0.000509886187501
0.000382630125387
0.000254497950664
0.000125850609038
-3.0275273275e-06
-0.000131647990202
-0.000259713095147
-0.000386964704376
-0.000512927479576
-0.000637425517198
-0.000760011782404
-0.000880487612449
-0.000998530187644
-0.00111380720045
-0.00122618849855
-0.00133533868939
-0.00144106312655
-0.00154315424152
-0.00164141005371
-0.00173569016624
-0.00182576698717
-0.0019115714822
-0.00199296604842
-0.00206987839192
-0.00214217603207
-0.00220986246131
-0.00227289577015
-0.00233114836738
-0.00238474668004
-0.00243364227936
-0.00247787800618
-0.00251748412848
-0.00255252048373
-0.00258306274191
-0.0026092028711
-0.00263077951968
-0.00264798058197
-0.00266107963398
-0.00267020869069
-0.00267547322437
-0.00267701386474
-0.002674985677
-0.0026694922708
-0.00266067893244
-0.00264866207726
-0.00263359001838
-0.00261556799524
-0.00259470683523
-0.00257112365216
-0.0025448827073
-0.00251610716805
-0.00248484965414
-0.00245116045699
-0.00241509452462
-0.00237664743327
-0.00233590067364
-0.00229280185886
-0.00224734144285
-0.00219953106716
-0.00214928691275
-0.00209656730294
-0.00204134150408
-0.00198348541744
-0.00192293338478
-0.00185961020179
-0.00179341319017
-0.00172424630728
-0.00165201863274
-0.00157662120182
-0.00149798463099
-0.00141596875619
-0.00133058882784
-0.00124173937365
-0.00114935310557
-0.00105347926728
-0.000954016169999
-0.000851100834552
-0.000744679244235
-0.000634911004454
-0.000521803740412
-0.000405566592235
-0.000286393100396
-0.00016445190704
-3.99878481403e-05
8.6669344455e-05
0.000215205989662
0.000345274660503
0.000476502376841
0.000608427624684
0.000740565592423
0.000872521253768
0.00100365898106
0.00113350863103
0.00126137654297
0.00138680730015
0.00150908099022
0.00162769656163
0.00174195785075
0.00185120268725
0.00195493572392
0.00205250200815
0.00214330805466
0.00222678831778
0.00230240845121
0.00236972165294
0.00242826458998
0.00247760093771
0.00251740240492
0.00254741241224
0.00256741279736
0.00257716653869
0.00257665221579
0.00256591895595
0.00254503078759
0.00251406966709
0.00247331126593
0.00242318212986
0.00236406014301
0.00229643727653
0.00222088256851
0.00213815411553
0.00204902654514
0.0019542388618
0.00185475510079
0.00175161822699
0.00164582743309
0.0015384653816
0.00143066816963
0.00132360006683
0.00121856934857
0.00111672934145
0.00101926992647
0.000927520450205
0.000842635519803
0.000765874283388
0.000698299496435
0.000641036895104
0.000595098128542
0.000561458175071
0.000541041779798
0.000534541031811
0.000542695983313
0.000566140632145
0.000605184759479
0.000660022662487
0.000730934902094
0.000817928579636
0.000920721387956
0.00103889615275
0.00117207807489
0.00131976162083
0.00148083490785
0.00165429292247
0.00183916359674
0.00203406112269
0.00223755137995
0.00244776229374
0.00266323215328
0.00288193905726
0.00310201011598
0.00332118058577
0.00353733147494
0.00374823668972
0.00395144801587
0.00414480734617
0.00432582199574
0.00449213152751
0.00464144535363
0.00477144308388
0.00487984763458
0.00496439170092
0.00502318656072
0.0050542941317
0.00505577540025
0.00502598658204
0.00496364943683
0.00486748758703
0.00473633455113
0.00456923153251
0.00436603184789
0.00412621209398
0.00384969008155
0.00353645067662
0.00318736117333
0.00280337571166
0.00238493690267
0.00193358003162
0.00145119032823
0.000939654826652
0.000400885415729
-0.000162659038324
-0.000748092832509
-0.00135254289489
-0.00197310303338
-0.00260641053319
-0.00324887433089
-0.00389715563506
-0.00454698735848
-0.00519484141842
-0.00583669962361
-0.00646887160838
-0.00708677293733
-0.0076870508492
-0.00826519913971
-0.00881788227707
-0.00934066623449
-0.00983055960387
-0.0102836787701
-0.0106971394271
-0.0110674183816
-0.0113918706775
-0.0116679612547
-0.0118935974315
-0.0120663568377
-0.0121848639101
-0.0122480019927
-0.0122546656057
-0.0122039467096
-0.0120959263295
-0.0119309369475
-0.0117093101144
-0.0114294569939
-0.0110948830843
-0.0107075432315
-0.0102697545663
-0.00978334061801
-0.00925086345524
-0.00867595896125
-0.00806136243045
-0.0074099781923
-0.00672625051811
-0.00601341295987
-0.00527608813718
-0.0045175072737
-0.00374273676425
-0.00295531307347
-0.00215992308222
-0.00136127520818
-0.000562851433642
0.000230718505918
0.00101518607698
0.00178606680129
0.00254033971578
0.0032738733571
0.00398291647434
0.00466404436156
0.00531432311982
0.00593084935099
0.00651076855138
0.00705161038786
0.007551566232
0.00800903048366
0.00842181686312
0.00878886599094
0.00910955667496
0.00938330963254
0.00960962660611
0.00978824868798
0.00991982594132
0.0100049329922
0.01004407648
0.0100383404642
0.00998924765736
0.00989827979356
0.00976706668735
0.00959740858525
0.00939170829952
0.00915199145675
0.00888061709702
0.00858019571751
0.00825308822095
0.00790204573423
0.00752990646288
0.0071389763616
0.00673213554546
0.00631209462881
0.00588153209537
0.00544299557805
0.00499899592251
0.00455198856071
0.00410445174202
0.00365853076801
0.00321629969403
0.00277978787199
0.0023510043975
0.00193156208843
0.00152295012958
0.00112663081381
0.000744031509385
0.000375979172532
2.37050171563e-05
-0.000312104792101
-0.00063064036658
-0.000931645161472
-0.00121449981816
-0.0014792002039
-0.00172483292408
-0.0019518568879
-0.00216054380871
-0.00235086679459
-0.00252322806045
-0.00267791072838
-0.00281554856338
-0.00293649290688
-0.00304136937484
-0.00313074397855
-0.00320523465052
-0.00326556479558
-0.00331234186888
-0.00334621709771
-0.00336791132577
-0.00337808812037
-0.00337737449445
-0.00336639559828
-0.00334576750174
-0.0033160704188
-0.00327787920833
-0.00323167466559
-0.00317794759758
-0.00311718229204
-0.00304979644716
-0.00297615677118
-0.00289661670104
-0.0028115301393
-0.00272120744921
-0.00262592849322
-0.00252593355253
-0.00242151203565
-0.00231289840303
-0.00220032362267
-0.00208403263241
-0.00196420587599
-0.00184121192433
-0.00171527033672
-0.0015866633039
-0.00145567336585
-0.00132256583311
-0.0011878501391
-0.00105184514541
-0.00091486715246
-0.000777510635089
-0.000640225945972
-0.000503465184011
-0.000367860717233
-0.000233868297073
-0.000102275946119
2.64286900347e-05
0.000151470347191
0.000272301986115
0.000388083368307
0.000498243607581
0.000601970823482
0.000698668998666
0.000787560711615
0.00086804444436
0.000939408317208
0.00100103404839
0.0010524202371
0.00109298119787
0.00112219224684
0.00113967852667
0.00114513188601
0.00113823986612
0.00111873913556
0.00108656473458
0.00104175647721
0.000984198879451
0.000914045376703
0.000831763376482
0.000737779366318
0.000632532581221
0.000516508880537
0.000390490720747
0.000255373684922
0.000111838409794
-3.91404537368e-05
-0.000196457636775
-0.000358919671271
-0.000525394629221
-0.000694618560374
-0.000865254667588
-0.00103587715421
-0.00120511825662
-0.00137152837124
-0.00153366988525
-0.00169003789779
-0.00183917686809
-0.00197962741368
-0.00211003539152
-0.00222906447016
-0.00233521382324
-0.00242728902958
-0.00250417762436
-0.00256477482617
-0.00260797864757
-0.00263289920986
-0.00263884314336
-0.00262513407506
-0.00259112706408
-0.00253641139716
-0.00246084947139
-0.00236427620985
-0.00224667578004
-0.00210818555206
-0.00194928364363
-0.00177035632078
-0.00157204654533
-0.00135509693064
-0.00112041912507
-0.000869312032592
-0.000602719781455
-0.00032200050191
-2.85582991637e-05
0.000275783968391
0.000589756295085
0.00091129046632
0.00123864947818
0.00157008215319
0.00190337700769
0.00223669409752
0.00256815715693
0.00289535662159
0.00321659375913
0.00352950929664
0.00383227784187
0.00412302603945
0.00439948495477
0.00466011743993
0.00490289507434
0.00512631423771
0.00532843498513
0.00550806662068
0.00566365523264
0.00579407671466
0.00589659204707
0.0059714615345
0.00601814035326
0.00603590998799
0.00602416554466
0.00598268397152
0.00591140519828
0.00581016251817
0.0056791221723
0.00551860127598
0.00532935373485
0.00511171296239
0.00486664008349
0.0045949947089
0.00429806811735
0.00397718790919
0.00363334990107
0.00326854176819
0.00288407923654
0.00248199561611
0.00206371583045
0.00163145631086
0.00118743488565
0.000733282067813
0.000271534663625
-0.000196055421839
-0.000666812760755
-0.00113898538984
-0.00161013775505
-0.00207782466896
-0.00254029221833
-0.00299489730969
-0.00343994819559
-0.00387319177389
-0.00429241638631
-0.00469600223005
-0.00508171133697
-0.00544821191579
-0.00579362781718
-0.00611612154171
-0.00641456758603
-0.00668743532151
-0.00693371891975
-0.0071520647034
-0.00734146684408
-0.00750135397539
-0.00763085437939
-0.00772937806323
-0.00779648218304
-0.00783197954297
-0.0078357104212
-0.00780753185973
-0.00774762500077
-0.00765636702999
-0.00753417611122
-0.00738134840503
-0.00719879381359
-0.00698725972325
-0.00674780039117
-0.00648114364594
-0.00618867855519
-0.00587190315127
-0.00553189311177
-0.00517038488761
-0.0047887112014
-0.00438895542175
-0.00397253222764
-0.00354080833495
-0.00309618213214
-0.0026410932187
-0.00217779236846
-0.00170779787004
-0.00123367947526
-0.000757045228966
-0.000280484266113
0.00019444222562
0.000665233295877
0.00113036099356
0.00158736680169
0.00203477870673
0.00247040647082
0.00289291841909
0.00330019718967
0.00369100482203
0.00406361371279
0.00441705342382
0.00474964827299
0.00506041850895
0.00534863211215
0.00561317056417
0.00585346249864
0.0060686529614
0.00625860271975
0.00642285263166
0.00656117498875
0.00667353346944
0.00676000211388
0.00682083703578
0.00685624638572
0.00686661666259
0.00685255415738
0.00681470008567
0.0067536784336
0.00667022773996
0.00656538270414
0.0064400145784
0.00629507005215
0.0061315218918
0.00595063250512
0.00575344637036
0.00554109970108
0.00531460996717
0.00507539510727
0.00482451543212
0.00456312438473
0.00429225899279
0.00401329109445
0.0037272227928
0.00343516422436
0.00313814613037
0.00283714407124
0.00253303931095
0.00222706375644
0.00191994616762
0.00161252135877
0.00130556360818
0.000999898416921
0.000696199189406
0.000395065173507
9.71466506599e-05
-0.00019697760581
-0.000486778095365
-0.000771819730289
-0.00105164130218
-0.00132569915149
-0.00159338058438
-0.00185456173494
-0.00210889428854
-0.0023560768459
-0.00259585515596
-0.00282798754051
-0.00305221392773
-0.00326828216203
-0.00347589957528
-0.00367501517758
-0.00386531511322
-0.00404655653983
-0.00421852106228
-0.0043809460476
-0.00453352974728
-0.0046761482954
-0.00480846455321
-0.00493013020605
-0.00504095898941
-0.00514060026035
-0.00522872293368
-0.00530495820567
-0.00536904809996
-0.00542060099542
-0.00545929465443
-0.00548476306722
-0.00549664907157
-0.00549461599439
-0.005478347186
-0.00544750876725
-0.00540180876851
-0.00534093007445
-0.0052646943368
-0.00517282774672
-0.00506519991904
-0.0049415724352
-0.00480203982443
-0.00464653084055
-0.00447490718216
-0.00428746081889
-0.00408437289298
-0.00386576144956
-0.00363209354691
-0.00338372029364
-0.00312121585011
-0.00284504471347
-0.00255607115105
-0.00225498666987
-0.00194275088143
-0.00162035587709
-0.00128878187388
-0.0009490797529
-0.000602934276685
-0.000251506338827
0.000103826416307
0.000461497256765
0.000819847977255
0.00117721094284
0.00153193669394
0.00188221351709
0.00222618412226
0.00256184628233
0.00288767367601
0.00320165534504
0.00350190862082
0.00378657318652
0.00405381945893
0.00430181529373
0.00452915625647
0.00473331334069
0.0049128155224
0.00506697921082
0.00519453501329
0.00529425032437
0.00536512024701
0.00540648121387
0.00541782425717
0.00539859756827
0.00534848356619
0.00526764197275
0.00515646487474
0.0050152130425
0.00484433723614
0.00464515108615
0.00441869813949
0.0041664140299
0.00388969806954
0.00359063106589
0.00327116530389
0.00293376948684
0.00258067436516
0.00221472373232
0.00183883437421
0.00145570898894
0.00106877775397
0.000681258621626
0.000296520505799
-8.20412242319e-05
-0.00045099837007
-0.00080686644651
-0.00114613806363
-0.00146530987695
-0.00176090910099
-0.00203004432842
-0.00226941937581
-0.00247588078491
-0.0026466678828
-0.0027793541085
-0.00287172058597
-0.00292137195356
-0.00292661692947
-0.00288633606397
-0.00279938313179
-0.00266476627439
-0.00248213531449
-0.00225206022151
-0.00197477033362
-0.00165101117454
-0.00128192547709
-0.000869985262398
-0.000417139031924
7.46674850234e-05
0.000601814943366
0.00116078392603
0.00174784066621
0.00235949526541
0.00299052358605
0.00363616878167
0.0042913928628
0.00495107192546
0.00560962688178
0.00626117829233
0.00689990911633
0.00751994457096
0.00811535492539
0.00868014525622
0.0092083774507
0.0096941255033
0.0101319169626
0.0105161909014
0.0108420439065
0.0111040761694
0.0112979384139
0.0114178443328
0.0114611359313
0.0114249140024
0.0113068073988
0.0111051574349
0.0108177354559
0.0104435021058
0.00998251698911
0.00943501200527
0.0088020786643
0.00808461941779
0.00728503754362
0.00640725903213
0.00545404525474
0.00442914897576
0.00333793554455
0.00218592165038
0.000978708034381
-0.000277586834272
-0.00157560105436
-0.0029078151565
-0.00426673004404
-0.00564444484189
-0.00703233294189
-0.0084217172116
-0.00980325322598
-0.0111694885418
-0.0125108677894
-0.0138185042888
-0.0150829115883
-0.0162967238575
-0.0174507442862
-0.0185379888862
-0.0195494089276
-0.0204787217081
-0.0213187951595
-0.0220638718456
-0.0227080695331
-0.0232458151877
-0.0236738063395
-0.0239884722978
-0.0241862591356
-0.0242651831359
-0.0242246314883
-0.0240641552955
-0.0237833280116
-0.0233833678067
-0.0228671412915
-0.0222368128598
-0.0214952956885
-0.0206468719989
-0.0196969732642
-0.0186515431851
-0.0175150986761
-0.01629489474
-0.0149991093203
-0.0136340921745
-0.0122087625787
-0.0107301231474
-0.00920839421451
-0.00765092717484
-0.00606801593676
-0.00446788780391
-0.00285955448635
-0.00125128589571
0.000346387270838
0.00192573352251
0.00347847724333
0.00499632535502
0.00647111283615
0.00789574254304
0.00926347263157
0.0105676008388
0.0118016125634
0.0129599263892
0.0140391914174
0.0150342201814
0.0159408282489
0.0167559999973
0.0174786522985
0.0181058645248
0.0186356212944
0.0190656818449
0.0193995535374
0.0196376014501
0.0197808872908
0.0198318902403
0.0197933539748
0.0196682140231
0.0194595903158
0.019171865657
0.0188095923513
0.0183773655444
0.0178800206631
0.0173231549561
0.016712449491
0.016053956002
0.0153528153896
0.0146154407412
0.0138483047485
0.0130567681044
0.0122472401708
0.0114259421825
0.01059791632
0.00976976659149
0.00894663669169
0.00813309755176
0.00733484933153
0.00655643874779
0.00580230588093
0.00507607450709
0.00438135303557
0.00372168282047
0.00310005014762
0.00251846411265
0.0019788807258
0.00148328742944
0.00103293627035
0.000628161942586
0.000269435957307
-4.33158566011e-05
-0.000310201954562
-0.000532691017725
-0.000711828062776
-0.00084905460244
-0.000946101441514
-0.00100555666722
-0.00102987105493
-0.00102161173709
-0.000983728910796
-0.000919569749385
-0.000832487945445
-0.00072585378075
-0.000603250402492
-0.000468380574603
-0.000324975088006
-0.00017676987045
-2.74158646789e-05
0.000119388947496
0.000260204105871
0.00039137355634
0.000509582809173
0.000611917406786
0.000695255468599
0.000756712688599
0.000793793064076
0.000804457580671
0.000786643184256
0.0007383399643
0.000658273696899
0.000545588496607
0.000399430486141
0.000218985951506
4.3142154027e-06
-0.000244039896643
-0.000525837938767
-0.000840456574224
-0.0011865561828
-0.00156221177895
-0.00196612579748
-0.00239606946707
-0.00285000912845
-0.00332470354624
-0.00381787680089
-0.00432616798207
-0.00484649650753
-0.00537534849718
-0.0059092217125
-0.00644455803558
-0.00697757629678
-0.00750445062295
-0.00802131090313
-0.00852435082197
-0.00900981482118
-0.00947399064898
-0.00991287082434
-0.0103233773261
-0.0107017401606
-0.0110451178625
-0.0113484626636
-0.0116106653586
-0.0118292439729
-0.0120021700859
-0.0121272774413
-0.0122026866302
-0.0122273340821
-0.0122003806755
-0.0121209574863
-0.0119885131717
-0.0118035757914
-0.0115664806217
-0.0112778972834
-0.0109387543052
-0.0105511145666
-0.010116561316
-0.00963758304715
-0.00911601167172
-0.00855551008135
-0.00795911811292
-0.00733010936528
-0.00667169131339
-0.00598864629865
-0.00528486166149
-0.00456459075212
-0.00383216468617
-0.00309226568788
-0.00234997202642
-0.00160926021636
-0.000875204103068
-0.000152791297296
0.000553976686206
0.00124010141008
0.00190080644097
0.00253231776878
0.00313085666858
0.00369178876281
0.00421172939241
0.00468767853454
0.00511666433886
0.00549574196339
0.00582254771143
0.00609554443508
0.00631329370663
0.00647428818047
0.00657792761922
0.00662435544655
0.0066138827242
0.00654678838328
0.00642418302596
0.00624806014821
0.00602032523602
0.00574327353388
0.0054195667617
0.00505277095363
0.00464650196955
0.00420439988375
0.00373062072322
0.00322992028669
0.00270708580501
0.00216715806164
0.00161469075829
0.00105557998177
0.000494680309203
-6.21218860033e-05
-0.00060999346897
-0.00114310148638
-0.00165639421903
-0.00214457162656
-0.00260271085426
-0.00302621396258
-0.00341049046256
-0.00375099433586
-0.00404384499416
-0.00428576115519
-0.00447341380641
-0.00460374122486
-0.00467435270548
-0.00468379631639
-0.00463053304702
-0.00451306439936
-0.00433114450425
-0.00408519851044
-0.00377567252144
-0.00340309855528
-0.00296915858053
-0.0024762514513
-0.00192681711633
-0.00132335769013
-0.000669685425237
3.06524016196e-05
0.000773239706177
0.00155345560052
0.00236670672894
0.00320797902532
0.0040710628964
0.00495092477649
0.00584169058129
0.00673732347786
0.0076317214407
0.00851883459836
0.00939258188009
0.0102469343692
0.0110758198425
0.0118728596717
0.0126332771033
0.0133509486914
0.0140212569386
0.0146382497624
0.0151978693902
0.0156960487366
0.0161287244409
0.016491997987
0.0167830511928
0.0169995892793
0.0171392783523
0.0171999987215
0.0171809084713
0.0170816835016
0.0169020425528
0.0166417453438
0.0163021720946
0.0158847011626
0.0153913591057
0.014823872596
0.0141852898523
0.0134790660813
0.0127086807042
0.0118777509779
0.010991293937
0.0100533151999
0.00906907580793
0.00804408546537
0.00698286294937
0.00589216593653
0.00477717118338
0.00364362634718
0.00249684415758
0.00134389172308
0.000190129663679
-0.000957984069828
-0.0020960138645
-0.00321788783185
-0.00431805849075
-0.00539058214054
-0.00643188506365
-0.00743628712371
-0.00840030051768
-0.00931857619435
-0.0101881986484
-0.0110060125589
-0.0117683112621
-0.0124723268673
-0.0131165208295
-0.013699346222
-0.014219276607
-0.01467487216
-0.0150663172826
-0.0153934461996
-0.0156565662473
-0.0158558860421
-0.0159928761423
-0.0160690844059
-0.0160860978067
-0.0160457286984
-0.0159505195916
-0.0158032085747
-0.0156065290794
-0.0153635311872
-0.0150772267953
-0.0147512163967
-0.0143891852349
-0.0139944320545
-0.0135703459382
-0.0131211001426
-0.0126501610503
-0.0121611421928
-0.0116575518623
-0.0111428592354
-0.0106208268553
-0.01009422075
-0.00956627819687
-0.00904016010463
-0.00851819571108
-0.00800363533199
-0.0074983406812
-0.00700437510386
-0.00652378471568
-0.00605840468779
-0.0056094522588
-0.00517806736752
-0.00476534897462
-0.00437221350148
-0.00399917084724
-0.00364607293159
-0.00331349787302
-0.00300133251585
-0.00270898011513
-0.0024362585973
-0.00218248669989
-0.00194706593174
-0.0017290294636
-0.00152748066466
-0.00134119600989
-0.00116925314069
-0.00101050641388
-0.000863564608153
-0.000727342558093
-0.000600532977842
-0.000481864146423
-0.000370233523427
-0.000264356174739
-0.000163084390806
-6.53445240459e-05
2.97951955872e-05
0.000123482575873
0.000216599917621
0.00030985524063
0.000403986574383
0.000499779474922
0.000597783131525
0.000698476622347
0.000802241091151
0.000909514608793
0.00102061999496
0.00113572960254
0.00125497137196
0.00137858302332
0.00150666176341
0.00163917290047
0.00177621014882
0.00191779888701
0.00206402968615
0.00221480545588
0.00237020733766
0.00253027467988
0.00269500492141
0.00286465627141
0.00303930207156
0.00321899214759
0.00340409227647
0.00359469139948
0.00379118253477
0.00399387488142
0.0042030964978
0.00441926252097
0.0046428097412
0.00487418705598
0.00511382333934
0.00536204362288
0.00561957154423
0.00588659476489
0.00616367161274
0.00645112432539
0.00674938457087
0.00705849984661
0.00737880542874
0.00771010760218
0.0080526554957
0.00840625539422
0.00877047982067
0.00914510339499
0.00952909700572
0.00992200151086
0.0103231659159
0.0107308616862
0.0111438706517
0.011560802348
0.0119798388332
0.0123992096633
0.0128165129572
0.0132293310016
0.0136354090646
0.01403203886
0.0144158573821
0.014784081839
0.0151335680857
0.0154608236626
0.0157623291016
0.0160345286131
0.0162737537175
0.0164764896035
0.0166388358921
0.0167571865022
0.0168278049678
0.0168472491205
0.016812056303
0.0167187824845
0.0165641643107
0.0163454525173
0.0160602126271
0.0157054569572
0.0152792595327
0.0147796878591
0.0142060061917
0.0135566238314
0.0128306774423
0.0120284501463
0.0111504262313
0.0101970676333
0.00916988868266
0.00807013828307
0.00690151052549
0.00566533533856
0.00436591450125
0.00300704641268
0.00159340072423
0.000129666295834
-0.00137909047771
-0.0029264986515
-0.00450519053265
-0.00611015222967
-0.00773290125653
-0.00936724338681
-0.011003558524
-0.0126346526667
-0.014252406545
-0.0158482156694
-0.0174134392291
-0.0189386811107
-0.0204167906195
-0.021838568151
-0.0231950320303
-0.024478437379
-0.0256806500256
-0.0267948266119
-0.0278128683567
-0.0287281647325
-0.0295337494463
-0.0302249547094
-0.0307966079563
-0.0312437452376
-0.0315621644258
-0.0317494571209
-0.0318023301661
-0.0317192040384
-0.031499851495
-0.0311451908201
-0.0306568779051
-0.0300361346453
-0.0292850490659
-0.0284082405269
-0.0274102818221
-0.0262954887003
-0.0250700451434
-0.0237406268716
-0.0223149005324
-0.0208012741059
-0.0192062761635
-0.0175398122519
-0.015812413767
-0.0140320686623
-0.0122102349997
-0.0103564299643
-0.00848113931715
-0.00659489491954
-0.00470818113536
-0.00283217034303
-0.000975176983047
0.000851658172905
0.00263742334209
0.00437398767099
0.00605263607576
0.00766464136541
0.00920154061168
0.010656401515
0.012022851035
0.0132945757359
0.0144649287686
0.015530933626
0.0164881329983
0.0173337422311
0.018064642325
0.0186797380447
0.019178846851
0.0195617955178
0.0198285002261
0.0199811328202
0.0200223643333
0.0199550651014
0.0197822730988
0.0195084922016
0.0191390328109
0.018679196015
0.0181346703321
0.0175113715231
0.0168165545911
0.0160576254129
0.0152413072065
0.0143751204014
0.0134668648243
0.0125243309885
0.0115553047508
0.0105674955994
0.00956854876131
0.00856657139957
0.00756817637011
0.00658137956634
0.00561229791492
0.00466751307249
0.00375360785984
0.00287620304152
0.00204061949626
0.00125097401906
0.000512527942192
-0.000170650615473
-0.000796104723122
-0.00136104715057
-0.00186270137783
-0.00229944544844
-0.0026707269717
-0.00297596072778
-0.00321451970376
-0.00338713009842
-0.00349514745176
-0.0035402032081
-0.00352385407314
-0.00344846141525
-0.00331724225543
-0.00313347694464
-0.00290042581037
-0.00262200506404
-0.00230251695029
-0.0019462184282
-0.00155786948744
-0.00114194396883
-0.000703387486283
-0.000247141724685
0.000221641981625
0.000698501127772
0.00117817264982
0.00165632762946
0.00212768162601
0.00258793612011
0.00303299399093
0.00345879606903
0.00386106385849
0.00423653423786
0.004582059104
0.00489464355633
0.00517157046124
0.00541045237333
0.00560980290174
0.00576824881136
0.00588439917192
0.00595733476803
0.00598712777719
0.00597398076206
0.00591815030202
0.00582018587738
0.00568162463605
0.0055041317828
0.00528939440846
0.00503931893036
0.00475679384544
0.00444436213002
0.00410519167781
0.00374211696908
0.00335863162763
0.00295829470269
0.0025447064545
0.00212147086859
0.00169254897628
0.00126113148872
0.000831821875181
0.000408145133406
-6.34272601019e-06
-0.000408161518862
-0.000793832179625
-0.00115997635294
-0.00150374067016
-0.00182230770588
-0.00211317627691
-0.00237393402494
-0.0026025318075
-0.0027976303827
-0.00295775104314
-0.00308146467432
-0.00316844088957
-0.00321849668398
-0.00323163112625
-0.00320780626498
-0.0031479857862
-0.00305350171402
-0.00292570912279
-0.0027660112828
-0.00257669738494
-0.00236020470038
-0.00211934559047
-0.00185665755998
-0.00157534191385
-0.00127892487217
-0.000970937020611
-0.000654913543258
-0.000334668380674
-1.43204561027e-05
0.000302297703456
0.00061135343276
0.000908637419343
0.0011903878767
0.00145258812699
0.00169164175168
0.00190381286666
0.00208574975841
0.00223431573249
0.00234627793543
0.00241877278313
0.00244965869933
0.00243677315302
0.0023779196199
0.00227151392028
0.00211681611836
0.00191300967708
0.00165931764059
0.00135556026362
0.00100242963526
0.000600726285484
0.000151192958583
-0.000344623811543
-0.000884737353772
-0.00146716518793
-0.00208904664032
-0.0027480321005
-0.00344062852673
-0.0041629076004
-0.00491204531863
-0.00568350497633
-0.00647363765165
-0.0072772023268
-0.00809010304511
-0.00890775956213
-0.00972528941929
-0.0105373477563
-0.0113397687674
-0.0121268685907
-0.0128933936357
-0.0136317899451
-0.0143401175737
-0.0150135196745
-0.0156474746764
-0.0162375103682
-0.0167789179832
-0.0172676891088
-0.0177003461868
-0.0180728379637
-0.0183819066733
-0.0186240132898
-0.0187968127429
-0.0188978407532
-0.0189249366522
-0.0188758652657
-0.0187494326383
-0.0185448732227
-0.0182613804936
-0.0178982689977
-0.017456041649
-0.0169350989163
-0.0163367819041
-0.0156617630273
-0.0149118332192
-0.0140894167125
-0.0131969684735
-0.0122374240309
-0.0112130930647
-0.0101288137957
-0.00898797344416
-0.00779447238892
-0.00655273394659
-0.00526773836464
-0.00394447380677
-0.00258861156181
-0.00120416621212
0.00020183599554
0.0016243600985
0.00305770360865
0.00449607381597
0.00593283167109
0.00736344605684
0.00878060888499
0.0101798539981
0.0115541210398
0.0128984460607
0.0142071666196
0.0154742151499
0.0166958272457
0.017865890637
0.0189805738628
0.020034134388
0.0210231598467
0.021943802014
0.0227918848395
0.0235628504306
0.0242479536682
0.0248521752656
0.0253722239286
0.0258062612265
0.0261530391872
0.0264114644378
0.0265809707344
0.0266605503857
0.0266504567116
0.0265514869243
0.0263642854989
0.0260896254331
0.0257292613387
0.0252856630832
0.0247606057674
0.0241569206119
0.0234774630517
0.0227258559316
0.0219057276845
0.0210207197815
0.020075565204
0.019074043259
0.0180218443274
0.0169232208282
0.0157832484692
0.0146073251963
0.0134008582681
0.012169261463
0.0109186433256
0.00965404976159
0.0083811013028
0.00710541428998
0.00583253102377
0.00456782942638
0.00331666599959
0.0020850028377
0.000877346203197
-0.000301614752971
-0.00144723430276
-0.00255488744006
-0.00362022547051
-0.00463910214603
-0.00560896703973
-0.00652532977983
-0.00738541269675
-0.00818686839193
-0.00892590265721
-0.00959965959191
-0.0102076707408
-0.010749714449
-0.0112244989723
-0.0116316787899
-0.0119707509875
-0.0122420806438
-0.0124469026923
-0.0125859426335
-0.0126601969823
-0.0126717304811
-0.0126229766756
-0.0125164138153
-0.0123545303941
-0.0121407527477
-0.0118786646053
-0.011572307907
-0.0112254060805
-0.0108423186466
-0.0104278102517
-0.00998668279499
-0.00952397845685
-0.00904427841306
-0.00855331774801
-0.0080561414361
-0.00755804590881
-0.00706425355747
-0.0065801567398
-0.00611048564315
-0.00566083192825
-0.00523586478084
-0.00484007271007
-0.00447785295546
-0.00415364326909
-0.00387162063271
-0.00363473570906
-0.00344630796462
-0.00330933346413
-0.00322653539479
-0.00319945719093
-0.00322823156603
-0.00331468507648
-0.00346040492877
-0.00366511777975
-0.00392778264359
-0.00424765469506
-0.00462351972237
-0.0050532836467
-0.00553342001513
-0.00606135139242
-0.00663332687691
-0.00724510569125
-0.00789116881788
-0.00856692157686
-0.00926680024713
-0.0099842408672
-0.0107127064839
-0.0114453267306
-0.0121752144769
-0.0128950271755
-0.0135966707021
-0.0142730828375
-0.0149158453569
-0.0155176091939
-0.0160707384348
-0.0165675953031
-0.0170003864914
-0.01736234501
-0.0176466442645
-0.0178470555693
-0.0179571863264
-0.0179712194949
-0.0178847517818
-0.0176937114447
-0.0173935629427
-0.0169810764492
-0.0164527203888
-0.0158024951816
-0.0150362933055
-0.0141525566578
-0.013153668493
-0.0120409829542
-0.0108178751543
-0.00948646105826
-0.00805259123445
-0.00652104336768
-0.00489872368053
-0.00319295143709
-0.00141147908289
0.000435827940237
0.00233907159418
0.00428730156273
0.00627100188285
0.00827565602958
0.0102895954624
0.0123001914471
0.0142942573875
0.0162579286844
0.0181773696095
0.0200378932059
0.0218268595636
0.0235309582204
0.0251369420439
0.0266316346824
0.0280018541962
0.0292378477752
0.0303275492042
0.0312606655061
0.0320270694792
0.0326191969216
0.0330116413534
0.0332152061164
0.0332230329514
0.0330321714282
0.0326402895153
0.0320451110601
0.0312451906502
0.0302417669445
0.0290395934135
0.0276419781148
0.0260530374944
0.024280494079
0.0223344862461
0.0202262885869
0.0179653260857
0.0155647778884
0.0130403814837
0.0104079237208
0.00768323009834
0.00488513801247
0.00203036307357
-0.000858798623085
-0.00376430526376
-0.00666634039953
-0.00954280793667
-0.0123759871349
-0.0151424910873
-0.0178236588836
-0.0204001720995
-0.0228529050946
-0.0251576267183
-0.0272891186178
-0.0292418096215
-0.0310000870377
-0.0325482338667
-0.0338709764183
-0.0349570438266
-0.0357963256538
-0.0363799147308
-0.0366978123784
-0.0367458090186
-0.0365224294364
-0.0360258184373
-0.035254701972
-0.0342130698264
-0.0329080335796
-0.0313472226262
-0.0295383669436
-0.0274939350784
-0.0252278614789
-0.0227584633976
-0.0201007686555
-0.0172729715705
-0.0142971398309
-0.0111972456798
-0.00799222290516
-0.00470827380195
-0.00136889400892
0.00200051162392
0.00537249259651
0.00871966499835
0.0120203029364
0.0152450613678
0.0183697380126
0.0213684663177
0.0242173355073
0.0268919263035
0.0293705575168
0.0316312238574
0.0336525887251
0.0354185514152
0.0369143895805
0.0381229892373
0.0390325896442
0.0396372564137
0.0399306863546
0.0399066992104
0.0395636111498
0.0389065742493
0.0379406735301
0.0366711132228
0.0351061597466
0.0332610942423
0.0311518609524
0.028795612976
0.0262074563652
0.0233962293714
0.0204038061202
0.0172546487302
0.0139757087454
0.0105934012681
0.00714267091826
0.00365348998457
0.000157903472427
-0.00331032834947
-0.00671469746158
-0.0100220600143
-0.0131974546239
-0.016207113862
-0.0190184190869
-0.021598868072
-0.0239150337875
-0.0259391795844
-0.0276473183185
-0.029012741521
-0.0300135575235
-0.0306284446269
-0.0308442935348
-0.0306492373347
-0.0300308484584
-0.0289794374257
-0.0274801179767
-0.0255472026765
-0.0231850370765
-0.0203947871923
-0.017194384709
-0.0135965496302
-0.00962031073868
-0.00528639415279
-0.000621028011665
0.00434188498184
0.00956813897938
0.0150230946019
0.020662650466
0.026445152238
0.0323177017272
0.0382360257208
0.044150352478
0.0500040464103
0.0557495467365
0.0613280646503
0.0666898265481
0.0717818364501
0.0765492245555
0.0809439942241
0.0848578810692
0.0882843658328
0.0911857709289
0.0935130864382
0.0952180176973
0.0962604135275
0.0966051965952
0.0962161496282
0.0950579792261
0.09310734272
0.0903510823846
0.0867723971605
0.0823615416884
0.077115856111
0.0710475295782
0.0641729831696
0.0564982667565
0.0480529107153
0.0388706214726
0.0289893634617
0.0184519775212
0.00728873582557
-0.00443204026669
-0.0166467148811
-0.0293148495257
-0.0423764586449
-0.0557712726295
-0.069433182478
-0.0832869261503
-0.0972472727299
-0.11124727875
-0.125178650022
-0.138957202435
-0.152481079102
-0.165643662214
-0.17833314836
-0.190443247557
-0.201843813062
-0.212422966957
-0.222048997879
-0.230606645346
-0.237973764539
-0.24405670166
-0.248321056366
-0.250998795033
-0.251945346594
-0.251019150019
-0.248078376055
-0.243035614491
-0.235931932926
-0.226376220584
-0.21469886601
-0.200931861997
-0.184989094734
-0.166956335306
-0.146656602621
-0.124793380499
-0.101351119578
-0.0762957707047
-0.0497640632093
-0.0225712265819
0.00525611033663
0.0338106676936
0.0623719580472
0.0903852581978
0.117880925536
0.144623816013
0.169727250934
0.193084552884
0.214964106679
0.234234794974
0.251165747643
0.265583366156
0.27776324749
0.286828935146
0.293432116508
0.297501653433
0.299116104841
0.298489898443
0.295837581158
0.291318237782
0.285078525543
0.277396976948
0.268489897251
0.258617967367
0.247974470258
0.236692294478
0.224828124046
0.21243429184
0.199713334441
0.186868652701
0.173401087523
0.159635320306
0.145505905151
0.131207153201
0.116846688092
0.102008007467
0.0868603736162
0.0714297294617
0.0558025017381
0.040068205446
0.0242443419993
0.00832744967192
-0.00759997218847
-0.0233135484159
-0.0386353842914
-0.0533218830824
-0.06714181602
-0.07990308851
-0.0914470404387
-0.101629272103
-0.110324643552
-0.117453970015
-0.12301620096
-0.127012446523
-0.129172235727
-0.129811167717
-0.12896810472
-0.126710057259
-0.123166866601
-0.118503525853
-0.112886279821
-0.106467835605
-0.0993107706308
-0.0917006507516
-0.0837520807981
-0.0755789801478
-0.0672818645835
-0.0589626915753
-0.0506835058331
-0.0425016544759
-0.0345064401627
-0.026739846915
-0.0192415080965
-0.0120576834306
-0.00524202920496
0.00115898554213
0.00711442809552
0.0126367630437
0.0177577938884
0.0224456116557
0.0266546774656
0.0303673166782
0.033566493541
0.0363096483052
0.0385879836977
0.0403606519103
0.0416498742998
0.0424125641584
0.0427052490413
0.0424995683134
0.0417935214937
0.0406439192593
0.0389525592327
0.0367818884552
0.0341076888144
0.0309515222907
0.0273610204458
0.0233041718602
0.0187550988048
0.0137270819396
0.00824061967432
0.00232685729861
-0.00398514000699
-0.0106787178665
-0.0177404452115
-0.0251281205565
-0.0328297503293
-0.0408020541072
-0.0489867776632
-0.0573212020099
-0.0657473504543
-0.0741874277592
-0.0825797915459
-0.090853497386
-0.0989366173744
-0.106766916811
-0.114221766591
-0.121155031025
-0.127571687102
-0.133397042751
-0.138542845845
-0.142926678061
-0.146481454372
-0.149183675647
-0.151060625911
-0.151668906212
-0.151349380612
-0.14998973906
-0.147526010871
-0.144009053707
-0.139281705022
-0.13349789381
-0.12673394382
-0.118932776153
-0.110214151442
-0.100385017693
-0.0899365693331
-0.0787653923035
-0.0669262856245
-0.0544273108244
-0.0416558533907
-0.0286434013397
-0.0153747498989
-0.00194547197316
0.0112874452025
0.0242644157261
0.036994330585
0.0494240634143
0.0612127631903
0.0723232254386
0.0827414318919
0.0925291627645
0.101324371994
0.109217189252
0.116158291698
0.1221460253
0.127284348011
0.131278917193
0.134338736534
0.136472687125
0.137691140175
0.138053610921
0.137638762593
0.136526629329
0.134527176619
0.131961807609
0.128866106272
0.125292047858
0.12129444629
0.116935089231
0.112273871899
0.107372947037
0.102289065719
0.0970777869225
0.0917903855443
0.0864688307047
0.0811599716544
0.0759032592177
0.0707354396582
0.065685890615
0.0607861578465
0.0560654476285
0.0515525266528
0.0472695976496
0.0431918278337
0.0393189825118
0.0356944054365
0.0323161631823
0.029181856662
0.0262989643961
0.0236749406904
0.0213254969567
0.0192208122462
0.0173271484673
0.0156637821347
0.0142215937376
0.0129988603294
0.0119942603633
0.0111848628148
0.0105420015752
0.0100751742721
0.00977041851729
0.00962011981755
0.00960887596011
0.00970840547234
0.00993062090129
0.010255234316
0.0106721790507
0.0111546022817
0.0117076560855
0.0123241292313
0.01298229862
0.0136733576655
0.0143714025617
0.0151020968333
0.0158337838948
0.0165638383478
0.0172509532422
0.0179373547435
0.018591972068
0.0192080587149
0.0197563376278
0.0202631112188
0.0207105092704
0.0210901070386
0.0213877111673
0.0216036178172
0.0217388439924
0.0217810031027
0.0217390786856
0.0215764269233
0.021319558844
0.0209494363517
0.0204893555492
0.0198945533484
0.0191889982671
0.0183582957834
0.0174128822982
0.0163674093783
0.0151798771694
0.0138669004664
0.012425487861
0.0108712632209
0.00921643804759
0.00742850266397
0.00551329273731
0.00347126671113
0.00132005894557
-0.000927243381739
-0.00326659041457
-0.00571484910324
-0.00827887561172
-0.0109435757622
-0.0136955371127
-0.0165225062519
-0.0194185581058
-0.0223841015249
-0.0253782141954
-0.0284389797598
-0.0315579809248
-0.0347162298858
-0.0379038751125
-0.0411060191691
-0.0443105883896
-0.047509290278
-0.0506898015738
-0.0538434609771
-0.056959297508
-0.0600271187723
-0.0630367398262
-0.0659762918949
-0.0688364952803
-0.0716072618961
-0.0742778107524
-0.076838620007
-0.0792806074023
-0.0815934315324
-0.0837713852525
-0.0858141481876
-0.0877353623509
-0.0895569697022
-0.0910757184029
-0.0924788489938
-0.0937315151095
-0.094801813364
-0.0956980139017
-0.0964893251657
-0.0969729572535
-0.0973156690598
-0.097485050559
-0.0974580794573
-0.0973292514682
-0.0968296527863
-0.0962210670114
-0.0954034104943
-0.0943935662508
-0.0931383669376
-0.0916320756078
-0.0899335518479
-0.0879791304469
-0.0858443155885
-0.0832773447037
-0.0805511176586
-0.0775472968817
-0.0742559880018
-0.0706593394279
-0.0667081773281
-0.0625218153
-0.0580252557993
-0.0532094612718
-0.0480521507561
-0.0425719842315
-0.0368557944894
-0.030859503895
-0.0245671775192
-0.0179765298963
-0.011143360287
-0.00415193848312
0.00300809415057
0.0103484066203
0.0178847219795
0.0254761911929
0.0330778360367
0.0406645797193
0.0482345707715
0.0558171756566
0.0631936192513
0.0703780651093
0.0773213729262
0.0840045809746
0.0904922485352
0.0964938700199
0.102110162377
0.107275053859
0.11197257787
0.116299532354
0.119899921119
0.123003713787
0.125529035926
0.127471596003
0.128948405385
0.129569619894
0.129711464047
0.129258498549
0.12822560966
0.126716598868
0.12445409596
0.121801063418
0.11866633594
0.115080751479
0.111122280359
0.106636360288
0.101944714785
0.0969753488898
0.0917617082596
0.086376093328
0.0807335674763
0.0751065760851
0.0694439187646
0.0637642219663
0.0581464804709
0.052497509867
0.0470641106367
0.0418048724532
0.0367214232683
0.0318444743752
0.0271579660475
0.0227673966438
0.018674576655
0.0148627292365
0.0113286133856
0.00807645451277
0.00510258367285
0.00244021136314
6.59227589495e-05
-0.00204395549372
-0.00390881625935
-0.00554669089615
-0.00695948675275
-0.00816610269248
-0.00919017754495
-0.0100536281243
-0.0107785221189
-0.0113878874108
-0.0119048859924
-0.0123400315642
-0.0127020925283
-0.0130214067176
-0.0133106419817
-0.0135794393718
-0.0138379046693
-0.014096243307
-0.0143615193665
-0.0146380187944
-0.0149293653667
-0.0152384126559
-0.0155636686832
-0.0158961750567
-0.0162311196327
-0.0165728293359
-0.0169148296118
-0.0172505117953
-0.0175740383565
-0.0178788714111
-0.0181584898382
-0.0184061601758
-0.0186159573495
-0.0187824703753
-0.0189014580101
-0.0189694296569
-0.0189646817744
-0.0189005602151
-0.0187758263201
-0.0185890160501
-0.0183379668742
-0.018020067364
-0.0176354814321
-0.0171869341284
-0.0166806969792
-0.0161243453622
-0.015513532795
-0.0148418173194
-0.0141310337931
-0.0133812557906
-0.0125967776403
-0.0117929996923
-0.0109871700406
-0.010154215619
-0.00932284910232
-0.00849547516555
-0.00768678868189
-0.0069201188162
-0.0061786682345
-0.00548059865832
-0.00483526382595
-0.00426263967529
-0.00377143244259
-0.00335826585069
-0.00304235215299
-0.00283763511106
-0.00275075971149
-0.00278570968658
-0.00296510220505
-0.00329431542195
-0.00376823428087
-0.00441830325872
-0.00525530287996
-0.0062714018859
-0.00745484372601
-0.00888152979314
-0.0105154570192
-0.0123266009614
-0.0144020002335
-0.016730774194
-0.0192513726652
-0.0220187325031
-0.0251001287252
-0.0284091811627
-0.0319029577076
-0.0357932522893
-0.0399454496801
-0.0443015061319
-0.0491419248283
-0.0543257184327
-0.0597837083042
-0.0657520741224
-0.0722315981984
-0.0791682749987
-0.0865063369274
-0.0945052951574
-0.103194475174
-0.112505443394
-0.122487686574
-0.133201628923
-0.14468729496
-0.156872168183
-0.169877648354
-0.183761224151
-0.198263004422
-0.213381245732
-0.228971466422
-0.24479675293
-0.260578215122
-0.276228368282
-0.291523337364
-0.305654525757
-0.318726569414
-0.330333650112
-0.340547472239
-0.348415523767
-0.354194402695
-0.357667088509
-0.358675092459
-0.357262641191
-0.353476792574
-0.347351133823
-0.338860332966
-0.32853987813
-0.316382497549
-0.302847921848
-0.288127809763
-0.272252053022
-0.255328863859
-0.237912416458
-0.219422593713
-0.199901565909
-0.179572850466
-0.158863812685
-0.136736795306
-0.113399624825
-0.089574187994
-0.0640807524323
-0.0368475466967
-0.00845364667475
0.0215229578316
0.0540214776993
0.088755197823
0.125609174371
0.16488674283
0.206589207053
0.250978440046
0.297661811113
0.346184760332
0.396213620901
0.447271645069
0.498997569084
0.549896657467
0.599868178368
0.648219347
0.69416809082
0.736980736256
0.776332974434
0.811926424503
0.84120208025
0.865324735641
0.883471906185
0.895232915878
0.900671064854
0.90002810955
0.891334652901
0.876670956612
0.855897605419
0.829103648663
0.796477854252
0.758226156235
0.71468091011
0.666204690933
0.613124847412
0.555798232555
0.494600772858
0.429932892323
0.362229198217
0.291842013597
0.219165727496
0.144684866071
0.0687550976872
-0.00813389196992
-0.0856537073851
-0.163266956806
-0.240556210279
-0.317146003246
-0.392508983612
-0.466231375933
-0.537901878357
-0.607072412968
-0.673342227936
-0.736266970634
-0.795427799225
-0.850463986397
-0.900843679905
-0.946234881878
-0.986188292503
-1.02017188072
-1.04778158665
-1.06883955002
-1.08299314976
-1.08955073357
-1.08836627007
-1.07927978039
-1.06219065189
-1.03702700138
-1.00378501415
-0.962593615055
-0.913681268692
-0.857201814651
-0.793461322784
-0.722991645336
-0.646211862564
-0.563698709011
-0.476174026728
-0.384311437607
-0.288613259792
-0.190524622798
-0.0911447927356
0.00864075496793
0.108057565987
0.206233590841
0.302227914333
0.395333468914
0.484675586224
0.569439172745
0.647765636444
0.719598412514
0.784218549728
0.841111600399
0.889755785465
0.929744184017
0.960804760456
0.982849955559
0.995807170868
0.999609649181
0.994388341904
0.979249954224
0.955615997314
0.923697710037
0.883938789368
0.836799383163
0.782709419727
0.722190022469
0.655860543251
0.584398090839
0.508367598057
0.428442627192
0.345405131578
0.259908080101
0.172664761543
0.084441922605
-0.00410285405815
-0.0922420695424
-0.17925991118
-0.264468073845
-0.347249627113
-0.426994264126
-0.50298589468
-0.574750781059
-0.641742289066
-0.703493416309
-0.759507000446
-0.809354305267
-0.852750301361
-0.889396488667
-0.91899818182
-0.941328644753
-0.956296980381
-0.963822364807
-0.963828146458
-0.955731272697
-0.940176427364
-0.917311668396
-0.887267053127
-0.850219070911
-0.806482732296
-0.756428658962
-0.700398802757
-0.6388002038
-0.572090983391
-0.500889360905
-0.425640821457
-0.347013413906
-0.265546321869
-0.181894734502
-0.0967996791005
-0.0107977259904
0.0753203704953
0.161010101438
0.245477050543
0.328174680471
0.408345758915
0.485518813133
0.559029519558
0.628294765949
0.692816019058
0.752126216888
0.805853962898
0.853493273258
0.894741237164
0.929315924644
0.957015573978
0.977608799934
0.990927517414
0.996943175793
0.995247662067
0.986263334751
0.970020771027
0.94671112299
0.916539013386
0.879736661911
0.836525976658
0.787262797356
0.732351660728
0.672231316566
0.607262849808
0.537975251675
0.464872807264
0.388533860445
0.309470832348
0.228264704347
0.145516842604
0.0618336349726
-0.0222148746252
-0.105952382088
-0.188911139965
-0.27045533061
-0.349950253963
-0.42689704895
-0.500825703144
-0.571189105511
-0.637510597706
-0.699343919754
-0.756356835365
-0.808180868626
-0.854457080364
-0.894948244095
-0.929493069649
-0.957891762257
-0.979996740818
-0.995776057243
-1.00524199009
-1.00842952728
-1.00461769104
-0.994684159756
-0.978844165802
-0.957280933857
-0.930208921432
-0.897915899754
-0.860708415508
-0.818856954575
-0.772719919682
-0.7226318717
-0.669017970562
-0.612323820591
-0.553026735783
-0.491074621677
-0.427463531494
-0.363067418337
-0.298143625259
-0.232916533947
-0.167766705155
-0.102967597544
-0.0390458628535
0.0227423664182
0.0822894573212
0.139713540673
0.194955617189
0.246695026755
0.294983118773
0.339986950159
0.382289558649
0.420462071896
0.455254405737
0.486748039722
0.515839517117
0.541021823883
0.563686966896
0.58371335268
0.602075219154
0.617453038692
0.631235659122
0.643270373344
0.653878986835
0.663835763931
0.671335399151
0.678265154362
0.684299945831
0.689371168613
0.693588852882
0.697113156319
0.700042545795
0.701888620853
0.70249658823
0.702378928661
0.701434731483
0.699574530125
0.696731865406
0.69285929203
0.687924325466
0.681896030903
0.674760997295
0.666534543037
0.657267153263
0.647060632706
0.634932160378
0.621855854988
0.607779026031
0.592580497265
0.576199054718
0.558760404587
0.540656745434
0.52132576704
0.500811219215
0.479351937771
0.456881403923
0.434043824673
0.410158246756
0.385304570198
0.359509259462
0.333411902189
0.306780546904
0.279096901417
0.250631570816
0.222391486168
0.193215966225
0.16310800612
0.132668793201
0.102132804692
0.0702945068479
0.0375281944871
0.00463127810508
-0.0291857924312
-0.0644587054849
-0.100596666336
-0.137325972319
-0.174826547503
-0.213924184442
-0.254224210978
-0.295416355133
-0.33751809597
-0.380564182997
-0.42452532053
-0.469117611647
-0.514371454716
-0.559742093086
-0.604868352413
-0.649268209934
-0.692396223545
-0.733637273312
-0.772431910038
-0.808755993843
-0.841965317726
-0.870619475842
-0.895436048508
-0.915739834309
-0.931958377361
-0.943094789982
-0.949169099331
-0.950900495052
-0.948001265526
-0.940813004971
-0.929829835892
-0.915388286114
-0.897708535194
-0.876892924309
-0.853947103024
-0.828709125519
-0.801859974861
-0.773752510548
-0.74453318119
-0.714216113091
-0.683074474335
-0.652018070221
-0.619836390018
-0.587096810341
-0.553728282452
-0.520799279213
-0.487283140421
-0.453072100878
-0.418554127216
-0.384684860706
-0.349756121635
-0.314197987318
-0.279360532761
-0.243623360991
-0.207168415189
-0.170866519213
-0.134979531169
-0.0983184501529
-0.0614234618843
-0.0252011716366
0.0107152462006
0.0470352880657
0.083040073514
0.118213713169
0.152523055673
0.186690300703
0.220250725746
0.252715975046
0.284012615681
0.313721477985
0.342383354902
0.369736105204
0.395387589931
0.419084489346
0.440720766783
0.460177987814
0.477312475443
0.491912871599
0.503425300121
0.512099981308
0.517742276192
0.520186364651
0.519352316856
0.515199542046
0.507638633251
0.496412068605
0.481918156147
0.464300245047
0.443705141544
0.420291721821
0.394278496504
0.365924686193
0.335459202528
0.303193151951
0.26946747303
0.234633728862
0.199029490352
0.163047000766
0.12686483562
0.0911817550659
0.0562739931047
0.0224240329117
-0.0100587140769
-0.0409143231809
-0.0698932409286
-0.0967810228467
-0.12135399878
-0.143449485302
-0.162910819054
-0.179649546742
-0.193596765399
-0.204678714275
-0.212896257639
-0.218274176121
-0.220857605338
-0.220703572035
-0.21791793406
-0.212680160999
-0.205207541585
-0.195457458496
-0.183636382222
-0.169975802302
-0.154583632946
-0.137770682573
-0.120016209781
-0.101020254195
-0.0808553099632
-0.0597179345787
-0.038152307272
-0.0155512494966
0.00833914708346
0.0329137891531
0.0580387115479
0.0847173705697
0.11260278523
0.141329497099
0.170893490314
0.202256202698
0.23504781723
0.269026309252
0.30422693491
0.340715318918
0.378278136253
0.416871458292
0.456499814987
0.49621373415
0.535715758801
0.574283182621
0.610989630222
0.645188033581
0.676978647709
0.703627169132
0.726023554802
0.743393421173
0.755379974842
0.761255443096
0.761299669743
0.755923390388
0.743865072727
0.726941645145
0.705158174038
0.678937375546
0.649127781391
0.616422712803
0.58146250248
0.544960141182
0.507586061954
0.46981471777
0.431822001934
0.393609374762
0.355568826199
0.318562656641
0.281101793051
0.24338939786
0.206462144852
0.16969281435
0.131966948509
0.094699524343
0.0572334229946
0.0182692091912
-0.0205810852349
-0.060143224895
-0.101683802903
-0.143907442689
-0.186777681112
-0.231816619635
-0.278578877449
-0.326609998941
-0.376024216413
-0.426862031221
-0.478936821222
-0.531838953495
-0.584752559662
-0.636940538883
-0.687550365925
-0.735562682152
-0.780230462551
-0.821881651878
-0.857412278652
-0.887896358967
-0.912438213825
-0.931475043297
-0.943004250526
-0.948504567146
-0.947846055031
-0.94070482254
-0.92784512043
-0.910019040108
-0.887495517731
-0.861293315887
-0.832165658474
-0.799673497677
-0.765743374825
-0.730701446533
-0.695025146008
-0.658141851425
-0.621020078659
-0.583875238895
-0.546635091305
-0.509555757046
-0.473638385534
-0.437440186739
-0.401393979788
-0.365688025951
-0.331303060055
-0.296587556601
-0.261849880219
-0.228414997458
-0.194706141949
-0.160758003592
-0.127843976021
-0.0947876349092
-0.0613417364657
-0.0286686699837
0.00355449481867
0.0362620167434
0.0683767423034
0.0995174348354
0.130892753601
0.161915034056
0.192046001554
0.221167713404
0.250215739012
0.278481543064
0.305677473545
0.331651747227
0.356528908014
0.38049903512
0.403124779463
0.424167305231
0.443561017513
0.461226582527
0.477013379335
0.490731209517
0.501974403858
0.510886967182
0.51731544733
0.520699620247
0.521173775196
0.518688082695
0.513183414936
0.504569709301
0.492743343115
0.477721363306
0.459775954485
0.438161939383
0.414016634226
0.387291461229
0.357942700386
0.326104909182
0.292085587978
0.256741553545
0.219817638397
0.18138448894
0.142376348376
0.10322919488
0.0637575760484
0.0242267362773
-0.0142540698871
-0.0516166873276
-0.0880140811205
-0.122845314443
-0.155436322093
-0.185731872916
-0.213813573122
-0.239389806986
-0.261839747429
-0.28131967783
-0.297708839178
-0.311008125544
-0.321298211813
-0.328618615866
-0.33244484663
-0.333391338587
-0.331530749798
-0.326942443848
-0.319705307484
-0.309898078442
-0.297626912594
-0.282994121313
-0.266055256128
-0.246884688735
-0.225589752197
-0.202231258154
-0.176871702075
-0.149554923177
-0.120359107852
-0.0893420502543
-0.0565497092903
-0.0220797788352
0.0139659866691
0.051516443491
0.0903741717339
0.130339592695
0.171073809266
0.212313935161
0.253686875105
0.294857412577
0.335465282202
0.375137686729
0.413459658623
0.450147300959
0.484901875257
0.51753616333
0.546899735928
0.572963833809
0.595655024052
0.614584088326
0.629441142082
0.640126824379
0.646622300148
0.648961007595
0.645706355572
0.638243496418
0.626394808292
0.610057413578
0.58928912878
0.564198374748
0.534981369972
0.501879870892
0.464697271585
0.423881441355
0.380089730024
0.333533555269
0.284454792738
0.233078911901
0.179771706462
0.124869711697
0.0687235966325
0.0116201424971
-0.0458956100047
-0.10322035104
-0.159994021058
-0.215882495046
-0.270528167486
-0.323575437069
-0.374682724476
-0.423584550619
-0.470017999411
-0.513773262501
-0.553976595402
-0.590422093868
-0.62319457531
-0.652003824711
-0.676625967026
-0.696919798851
-0.712772607803
-0.724144101143
-0.731102526188
-0.733752906322
-0.730700194836
-0.723360240459
-0.711711525917
-0.695742666721
-0.675483047962
-0.651090085506
-0.622847020626
-0.591077804565
-0.555556237698
-0.516712665558
-0.475429743528
-0.431854575872
-0.38617798686
-0.338666856289
-0.289687693119
-0.239607989788
-0.188549339771
-0.137408912182
-0.0865932777524
-0.0363759621978
0.0130214439705
0.0613208711147
0.108278252184
0.153617560863
0.19656778872
0.236989021301
0.274649739265
0.309373497963
0.341035842896
0.369570434093
0.394944638014
0.416155695915
0.433822602034
0.447778046131
0.457947939634
0.464345306158
0.467100203037
0.466428905725
0.461351662874
0.453054338694
0.441498816013
0.426723212004
0.408876270056
0.388189971447
0.364988327026
0.338993668556
0.310997754335
0.281332999468
0.250186860561
0.217730805278
0.184242904186
0.149985164404
0.11521923542
0.080205462873
0.0452079996467
0.010656023398
-0.0232505518943
-0.0562931224704
-0.0882908776402
-0.119065076113
-0.148456215858
-0.176297858357
-0.202451124787
-0.226804435253
-0.249255910516
-0.269733339548
-0.288158416748
-0.304516494274
-0.318780243397
-0.330923646688
-0.340965211391
-0.348927408457
-0.354866236448
-0.358844161034
-0.360992759466
-0.361517369747
-0.359804034233
-0.35665974021
-0.352007120848
-0.345780402422
-0.33805975318
-0.329077035189
-0.318707197905
-0.306666314602
-0.293285906315
-0.278444379568
-0.262114524841
-0.244381442666
-0.225266635418
-0.204721972346
-0.182542845607
-0.158735126257
-0.133383706212
-0.106457412243
-0.077993825078
-0.047993067652
-0.0165246427059
0.0159682799131
0.0491270460188
0.0826502516866
0.116305075586
0.150061145425
0.182784542441
0.214246824384
0.244159966707
0.272763609886
0.298640459776
0.322085142136
0.342806845903
0.361172348261
0.375898987055
0.387801617384
0.396646440029
0.402550905943
0.405791819096
0.406528860331
0.40433087945
0.400061100721
0.393862396479
0.385898560286
0.376325428486
0.365330517292
0.352655440569
0.338680386543
0.323516339064
0.307175248861
0.289654552937
0.270982891321
0.251181393862
0.230301901698
0.208384007215
0.185428857803
0.161379382014
0.136226087809
0.109899647534
0.0825114250183
0.0540663450956
0.0248397476971
-0.00492815906182
-0.034944459796
-0.0649276673794
-0.0945993289351
-0.123760998249
-0.152294233441
-0.179579079151
-0.205173701048
-0.228873282671
-0.250581085682
-0.270143687725
-0.286825031042
-0.300688743591
-0.311752319336
-0.319653183222
-0.324367463589
-0.325874358416
-0.32456099987
-0.319488584995
-0.31180408597
-0.301218211651
-0.287919282913
-0.271896779537
-0.253840655088
-0.233656138182
-0.211499109864
-0.187684312463
-0.162868157029
-0.136992320418
-0.110241472721
-0.082805082202
-0.0554493032396
-0.0282763857394
-0.00135219539516
0.0251428559422
0.0509648956358
0.0756408125162
0.0990597084165
0.121100090444
0.141651928425
0.160625144839
0.177955672145
0.193543419242
0.207287535071
0.218966782093
0.228750258684
0.236640527844
0.242655515671
0.246841788292
0.249244824052
0.249929890037
0.248997837305
0.24656239152
0.242756620049
0.237349882722
0.230773583055
0.223109483719
0.214398726821
0.204698488116
0.194132313132
0.182953834534
0.171095728874
0.158497288823
0.145309939981
0.131613686681
0.117710016668
0.103491388261
0.0888143107295
0.073789127171
0.0587302930653
0.0437161140144
0.0283670667559
0.0128478519619
-0.00249849748798
-0.0176468025893
-0.0330386906862
-0.0483714230359
-0.0633629262447
-0.0780670270324
-0.0928896814585
-0.107418820262
-0.121474288404
-0.135224491358
-0.148868247867
-0.162044465542
-0.17467533052
-0.186714664102
-0.198490157723
-0.209627598524
-0.220111623406
-0.22974589467
-0.238609611988
-0.246788159013
-0.254037708044
-0.260256022215
-0.265412598848
-0.269484907389
-0.272399574518
-0.273735374212
-0.273739308119
-0.27232131362
-0.269426047802
-0.265020847321
-0.259094625711
-0.251668393612
-0.242798730731
-0.232540756464
-0.220970854163
-0.208195462823
-0.194299355149
-0.179397270083
-0.163702353835
-0.147370368242
-0.130551889539
-0.113406017423
-0.096082828939
-0.0787615180016
-0.0615712180734
-0.0445978939533
-0.0279632974416
-0.0117145143449
0.00412649754435
0.0195115581155
0.0343822017312
0.0486717522144
0.0623219832778
0.0753237605095
0.0875829011202
0.0992655307055
0.110335811973
0.120693482459
0.130279526114
0.139092132449
0.147057518363
0.154137343168
0.160484269261
0.165967568755
0.170503363013
0.174056127667
0.176625207067
0.17819827795
0.178733244538
0.177962198853
0.176069945097
0.173014432192
0.168766960502
0.163314327598
0.156676068902
0.148879259825
0.139968290925
0.12999433279
0.119027152658
0.107153825462
0.0944729819894
0.0810383409262
0.0670107752085
0.0525516979396
0.0377847552299
0.0228498633951
0.0078781703487
-0.0069848136045
-0.0216142646968
-0.0358623452485
-0.049612749368
-0.0627336353064
-0.075104907155
-0.0866261571646
-0.0972044840455
-0.106754072011
-0.115198090672
-0.122482806444
-0.128572553396
-0.133441850543
-0.137068346143
-0.139455765486
-0.140622735023
-0.140596225858
-0.139419615269
-0.137180477381
-0.134021192789
-0.129717946053
-0.124597549438
-0.118609949946
-0.111799515784
-0.104359991848
-0.0961970388889
-0.0872622430325
-0.0775699689984
-0.0672709420323
-0.0564842373133
-0.0449094288051
-0.032571323216
-0.0195932388306
-0.00612150644884
0.0079994443804
0.0229445509613
0.0386306867003
0.0549430958927
0.071860216558
0.0893848389387
0.10739004612
0.125960692763
0.144927069545
0.164123117924
0.183352425694
0.202436521649
0.221193283796
0.239423707128
0.25695541501
0.27360573411
0.289179772139
0.303517371416
0.316471338272
0.327894389629
0.337656199932
0.345658779144
0.351813912392
0.356053709984
0.358332931995
0.358646780252
0.357024729252
0.353511303663
0.34816545248
0.341079264879
0.332350194454
0.322061896324
0.310283899307
0.29710829258
0.282622814178
0.266898989677
0.2500423491
0.232208773494
0.213619291782
0.194416150451
0.174277871847
0.153563544154
0.132293850183
0.110604465008
0.0887462347746
0.0669663920999
0.0449669957161
0.0227550901473
0.00042172317626
-0.0217638239264
-0.0436617061496
-0.0654047802091
-0.0872876122594
-0.109060108662
-0.130486741662
-0.151547312737
-0.172059714794
-0.192513868213
-0.212598130107
-0.23211851716
-0.250985592604
-0.269180208445
-0.286532610655
-0.302804678679
-0.318148583174
-0.332362174988
-0.345273882151
-0.356713712215
-0.366524904966
-0.374560058117
-0.380752265453
-0.38419136405
-0.385450452566
-0.384306073189
-0.380552113056
-0.374325335026
-0.365305066109
-0.35391113162
-0.340356200933
-0.324730426073
-0.306967377663
-0.28788381815
-0.267644912004
-0.246451690793
-0.224377825856
-0.202194035053
-0.18018579483
-0.158435940742
-0.137192472816
-0.116706110537
-0.0971706584096
-0.0786614790559
-0.0613188073039
-0.0451131686568
-0.0299470517784
-0.0157925095409
-0.0025841887109
0.00975306984037
0.021239509806
0.0318866185844
0.0417100936174
0.0507362745702
0.0591494962573
0.0669842362404
0.0741805955768
0.0807391703129
0.0866630226374
0.0919939801097
0.0968274623156
0.101076155901
0.104713834822
0.107742868364
0.110163919628
0.111950144172
0.11305719614
0.113434948027
0.113047219813
0.111892879009
0.10999853164
0.107397988439
0.104107990861
0.100145108998
0.0955733582377
0.0904430747032
0.0847682133317
0.0787920430303
0.0724782720208
0.0659122616053
0.0590751469135
0.0522550046444
0.0453719124198
0.0384483858943
0.0315807126462
0.0248946808279
0.0183287952095
0.0118908826262
0.00562237855047
-0.000389678432839
-0.00617926986888
-0.0117673063651
-0.0171624012291
-0.0223691761494
-0.0273448191583
-0.0320751667023
-0.0365708433092
-0.0408258475363
-0.0448345392942
-0.0485889799893
-0.0520804747939
-0.055292993784
-0.0582215711474
-0.060855101794
-0.0631787106395
-0.0651876032352
-0.0668778717518
-0.0682569891214
-0.069204673171
-0.0698355063796
-0.0701315551996
-0.0700648352504
-0.0696198046207
-0.0688215941191
-0.0676902383566
-0.0661103874445
-0.0641835182905
-0.0618592947721
-0.0591921135783
-0.0561832524836
-0.0527518987656
-0.048916015774
-0.0447338446975
-0.0402595624328
-0.0353428199887
-0.03000802733
-0.0244009997696
-0.0184678845108
-0.0120595367625
-0.00529517885298
0.00165561377071
0.00906359031796
0.0169075615704
0.0249711405486
0.0332978777587
0.0421761721373
0.0513397343457
0.0606769658625
0.0706143826246
0.0809805244207
0.0916244536638
0.10255869478
0.114179171622
0.126203805208
0.138637676835
0.151237457991
0.164530351758
0.178310140967
0.192451134324
0.206936568022
0.221764862537
0.23688018322
0.252187252045
0.267571598291
0.282874077559
0.29791367054
0.312521517277
0.326487541199
0.339574873447
0.351477235556
0.361928999424
0.370895832777
0.377780467272
0.382347375154
0.384567052126
0.384143471718
0.380966424942
0.374515265226
0.36518996954
0.352704912424
0.336704879999
0.31777253747
0.295796722174
0.270873069763
0.242594495416
0.212281242013
0.179467186332
0.144187420607
0.106953911483
0.0684623271227
0.0285118240863
-0.0129078989848
-0.0548942647874
-0.0969716832042
-0.139058455825
-0.181296765804
-0.222827583551
-0.263092368841
-0.301879733801
-0.33916592598
-0.374955356121
-0.407847732306
-0.438198059797
-0.465623021126
-0.490201085806
-0.511694788933
-0.529131829739
-0.543115913868
-0.553252696991
-0.559659481049
-0.562251389027
-0.56031870842
-0.554783523083
-0.545279681683
-0.531971693039
-0.515095710754
-0.493903517723
-0.469840139151
-0.442627251148
-0.412359118462
-0.37949731946
-0.343477338552
-0.305964618921
-0.266793251038
-0.226097628474
-0.184204086661
-0.141283616424
-0.0985257178545
-0.0559755079448
-0.0137975364923
0.0278979893774
0.0683962479234
0.107072219253
0.143769904971
0.178428560495
0.21110086143
0.240686938167
0.267345458269
0.290865540504
0.311207056046
0.328618735075
0.341973006725
0.35204192996
0.358587354422
0.361696779728
0.361725091934
0.35771921277
0.350855201483
0.340971559286
0.328150570393
0.312794983387
0.294386178255
0.274130165577
0.251951038837
0.227988287807
0.202565252781
0.175598621368
0.14812284708
0.120157189667
0.0918057709932
0.0633116215467
0.0349496155977
0.00740068778396
-0.0192725788802
-0.0450094379485
-0.0697211772203
-0.0927892401814
-0.114076323807
-0.1334990412
-0.151050373912
-0.166583135724
-0.179708242416
-0.190517112613
-0.198945820332
-0.205222532153
-0.208724305034
-0.209960624576
-0.208818778396
-0.205464273691
-0.199652850628
-0.191833436489
-0.182031705976
-0.170357853174
-0.156709507108
-0.141715794802
-0.125361919403
-0.107742123306
-0.0888987034559
-0.0695953145623
-0.0496943369508
-0.0292654316872
-0.00898717436939
0.0110214538872
0.0308300815523
0.0500992573798
0.0684208273888
0.0858029350638
0.102309048176
0.117671191692
0.131699368358
0.144435688853
0.155860215425
0.166010662913
0.174936920404
0.182650923729
0.189152985811
0.194473028183
0.198681890965
0.201892897487
0.204241603613
0.20585231483
0.206802606583
0.207112848759
0.206822484732
0.206117704511
0.204834580421
0.203123107553
0.201042532921
0.198622375727
0.195931106806
0.192809298635
0.189401403069
0.185824722052
0.181885510683
0.177670076489
0.173156738281
0.168645471334
0.163538247347
0.15828846395
0.152780890465
0.14730027318
0.141367435455
0.135321006179
0.129096239805
0.122836433351
0.116520889103
0.110012896359
0.103436253965
0.0968109965324
0.090275734663
0.0837412551045
0.0771593600512
0.070598974824
0.0640908330679
0.0577332638204
0.051506344229
0.0453111864626
0.039202362299
0.0332093425095
0.0274019632488
0.0218006689101
0.0162896625698
0.0108860209584
0.00563280843198
0.000583280343562
-0.00425928784534
-0.00899952836335
-0.0136313559487
-0.0180965214968
-0.0223772078753
-0.0264790970832
-0.0305336415768
-0.0344552323222
-0.0382314547896
-0.0418210141361
-0.0454177223146
-0.0489164069295
-0.0523011535406
-0.0556506738067
-0.0590278431773
-0.0623701475561
-0.0656359493732
-0.0689855664968
-0.0723867714405
-0.07582475245
-0.0792737454176
-0.0827990248799
-0.0864819809794
-0.0902704671025
-0.0941763222218
-0.0982339084148
-0.102472782135
-0.106897354126
-0.111503526568
-0.11629537493
-0.121272712946
-0.126439228654
-0.131792783737
-0.137306138873
-0.142930164933
-0.148613408208
-0.154417604208
-0.160170510411
-0.16574947536
-0.171175926924
-0.176371991634
-0.181327536702
-0.185702115297
-0.189599528909
-0.192977279425
-0.195561259985
-0.197397321463
-0.198371708393
-0.198656857014
-0.197577804327
-0.1957282722
-0.192828387022
-0.18903952837
-0.183817759156
-0.177773609757
-0.170661956072
-0.162524595857
-0.153215005994
-0.142989039421
-0.131905943155
-0.119891420007
-0.107036098838
-0.0932408049703
-0.0788738355041
-0.0639776065946
-0.0485237874091
-0.0325661897659
-0.0161533541977
0.00040379082202
0.0170109197497
0.0336243286729
0.050227239728
0.0667947009206
0.0829215794802
0.0985795259476
0.113673403859
0.128147274256
0.142057463527
0.155023083091
0.166991189122
0.177907839417
0.187702402472
0.196473315358
0.203855291009
0.209884151816
0.214571684599
0.217843085527
0.219926431775
0.220131084323
0.219119548798
0.216667577624
0.212939053774
0.207675203681
0.201287522912
0.19379632175
0.18527173996
0.175736963749
0.165398314595
0.154544979334
0.143146783113
0.131392464042
0.119226895273
0.107071094215
0.0950259193778
0.0831170380116
0.0714389011264
0.0600979067385
0.0491789281368
0.0386956296861
0.0288075115532
0.0195270236582
0.0108474092558
0.0027851879131
-0.00466509303078
-0.0114936744794
-0.0177180953324
-0.0233528260142
-0.0284102428705
-0.0329144336283
-0.0368946678936
-0.0403420701623
-0.0433378592134
-0.0459095239639
-0.0480772852898
-0.0498582050204
-0.051283787936
-0.0524070933461
-0.0532036907971
-0.0537454076111
-0.054077103734
-0.0541927143931
-0.0541531033814
-0.0539294742048
-0.0535788051784
-0.0531231462955
-0.0525883287191
-0.0519941151142
-0.0513253957033
-0.0506295152009
-0.0499426014721
-0.0492275319993
-0.0485266335309
-0.0478457771242
-0.0472477860749
-0.0466291382909
-0.0460873432457
-0.0456423163414
-0.0452166125178
-0.0448926016688
-0.0446606837213
-0.044508676976
-0.044449262321
-0.0444889888167
-0.0446402430534
-0.0448723696172
-0.0452256798744
-0.0457112416625
-0.0462351813912
-0.04690945521
-0.0477124229074
-0.048543382436
-0.0495339147747
-0.0506188608706
-0.0517671145499
-0.0530197285116
-0.0543678365648
-0.0558288544416
-0.0572386980057
-0.0587968714535
-0.0603928752244
-0.0620302371681
-0.0636397451162
-0.0653211399913
-0.066986605525
-0.0686703920364
-0.0701988115907
-0.0717561170459
-0.0732310712337
-0.0746075958014
-0.0759009569883
-0.0769390836358
-0.0778708234429
-0.0786127969623
-0.079119451344
-0.07937464118
-0.0793700888753
-0.0790879875422
-0.078365854919
-0.077308319509
-0.0758732780814
-0.0740277022123
-0.0717472732067
-0.0690221861005
-0.0658421739936
-0.0621985271573
-0.058092430234
-0.053538504988
-0.0485444441438
-0.043128579855
-0.0373120382428
-0.0311338938773
-0.0246298648417
-0.0178338810802
-0.0107976794243
-0.00357099017128
0.0037856081035
0.0112209748477
0.018672561273
0.0260781608522
0.033376082778
0.0404987856746
0.0473933927715
0.0539921596646
0.0602456629276
0.0660947784781
0.071493819356
0.0764047056437
0.0807851105928
0.0846007987857
0.0878273174167
0.0904483273625
0.0924486741424
0.0938228666782
0.0945767089725
0.0947417840362
0.0943647325039
0.0932842120528
0.0916994661093
0.0896013602614
0.0869842320681
0.0838897004724
0.0804138183594
0.0764713585377
0.0721014514565
0.0673389881849
0.0622164867818
0.0568738915026
0.0511776842177
0.0451537668705
0.0388339869678
0.0323441326618
0.0257249642164
0.018822312355
0.0116922231391
0.0044554900378
-0.00278953951783
-0.0101731363684
-0.0177182089537
-0.0252957381308
-0.0328189954162
-0.0402501896024
-0.0477266125381
-0.0551661141217
-0.0624548755586
-0.0695547759533
-0.0763788372278
-0.0829852372408
-0.0893560051918
-0.0953818410635
-0.100984573364
-0.10611794889
-0.110734649003
-0.114781960845
-0.118197344244
-0.120810903609
-0.122661165893
-0.12366785109
-0.123769536614
-0.122914433479
-0.121054813266
-0.118124566972
-0.114041782916
-0.108883924782
-0.102650314569
-0.0953481048346
-0.0870047807693
-0.0776467695832
-0.0673002302647
-0.0560261234641
-0.0438822433352
-0.0309166572988
-0.017364975065
-0.00334512069821
0.0110614802688
0.0257940795273
0.0407929979265
0.0557897351682
0.0705710425973
0.0850301608443
0.0990801230073
0.112745985389
0.125642359257
0.137668207288
0.148723110557
0.158751696348
0.16784837842
0.175445720553
0.181810244918
0.186795920134
0.190401703119
0.192773669958
0.193320572376
0.19259801507
0.190463289618
0.186901703477
0.182045966387
0.175669819117
0.16806833446
0.159331470728
0.149433329701
0.138445228338
0.126473769546
0.113403014839
0.0997072979808
0.0853612199426
0.070391073823
0.0548897795379
0.0389015674591
0.0227068141103
0.00647688610479
-0.00975316762924
-0.0259458590299
-0.0420648790896
-0.0577740855515
-0.0729605406523
-0.0875417590141
-0.101505979896
-0.114894218743
-0.127187937498
-0.138526946306
-0.148782894015
-0.15802782774
-0.166031584144
-0.172707825899
-0.178051605821
-0.182116732001
-0.184722393751
-0.185907170177
-0.185664474964
-0.184186860919
-0.180930614471
-0.176531970501
-0.170838713646
-0.163744062185
-0.155663311481
-0.146540090442
-0.136389136314
-0.125554069877
-0.11411755532
-0.102141544223
-0.0896661356091
-0.0771696418524
-0.0645476877689
-0.0518761724234
-0.0393346510828
-0.0271670538932
-0.0153629397973
-0.00396663462743
0.00697266170755
0.0173807423562
0.0271928161383
0.0363488197327
0.0448599271476
0.0527207218111
0.0598789528012
0.0664562135935
0.0725271850824
0.0781285688281
0.0832533091307
0.0879526212811
0.0921693146229
0.096118979156
0.0997688248754
0.103112965822
0.106070168316
0.10883948952
0.111350417137
0.113625407219
0.115533947945
0.117232225835
0.118666417897
0.119781456888
0.120607256889
0.121137693524
0.121128194034
0.120740734041
0.119916819036
0.118621334434
0.116833075881
0.114546261728
0.11168128252
0.108240559697
0.10432100296
0.0999261438847
0.0950455367565
0.0896860733628
0.0838834419847
0.0776862502098
0.0709946230054
0.0640765577555
0.0569068193436
0.0494950152934
0.0418840646744
0.0341271273792
0.0262337792665
0.0183574389666
0.010512650013
0.00270906370133
-0.00502260308713
-0.0126552227885
-0.0201638732105
-0.027509726584
-0.0346708446741
-0.0416118912399
-0.0483055375516
-0.0547262728214
-0.0608479306102
-0.0666517317295
-0.0721213594079
-0.0772488936782
-0.0820308402181
-0.0864649042487
-0.0905524268746
-0.0942966938019
-0.0976897701621
-0.100719228387
-0.103382334113
-0.105704054236
-0.107757337391
-0.10929132998
-0.110615335405
-0.11164560914
-0.112365499139
-0.112908966839
-0.112961746752
-0.112858131528
-0.112465143204
-0.111863620579
-0.110930576921
-0.109739609063
-0.108274996281
-0.106542147696
-0.104619279504
-0.102260768414
-0.0996626913548
-0.0967411622405
-0.0935040041804
-0.0899838581681
-0.0861897915602
-0.081928178668
-0.0773522853851
-0.072452314198
-0.0672315135598
-0.0617066919804
-0.0558971762657
-0.049827311188
-0.0435283966362
-0.0370256379247
-0.0303585249931
-0.0235620886087
-0.0166558623314
-0.00973127875477
-0.0028514934238
0.00394819304347
0.0106318742037
0.0171672981232
0.0235465206206
0.029655424878
0.0354289971292
0.040840305388
0.0458888411522
0.05060852319
0.0548014566302
0.0585479401052
0.0618203468621
0.0646968781948
0.06698859483
0.0688435211778
0.070248670876
0.0712228044868
0.0717633292079
0.0719273164868
0.0718186274171
0.0712765008211
0.0705531314015
0.0696372538805
0.0685110166669
0.067318469286
0.0660683959723
0.0648152828217
0.0635871365666
0.0624675489962
0.0615350790322
0.0606423504651
0.0600259713829
0.0596333071589
0.0594748221338
0.0595640838146
0.0599146746099
0.06055091694
0.0613951571286
0.0624744854867
0.0637570247054
0.0652287006378
0.0669072642922
0.0685877129436
0.070384927094
0.0722165852785
0.0740350559354
0.0758137628436
0.0775280073285
0.0791394263506
0.0806041955948
0.0818263888359
0.0828581675887
0.0836757048965
0.0842599272728
0.0845931395888
0.0846286788583
0.084349475801
0.083762422204
0.0828465670347
0.0815772786736
0.0799295008183
0.0778762623668
0.0753853097558
0.0724230110645
0.0689556449652
0.0649521276355
0.0603699944913
0.0551674365997
0.049302842468
0.042738866061
0.0353737324476
0.0273268129677
0.0186132695526
0.00922428816557
-0.000862250919454
-0.0115788364783
-0.0226678457111
-0.0341035239398
-0.0459497347474
-0.0579419136047
-0.0698657855392
-0.0816976055503
-0.0934947952628
-0.104779757559
-0.115565806627
-0.125822633505
-0.135562077165
-0.144360899925
-0.152387604117
-0.15954311192
-0.165836840868
-0.171305879951
-0.175941601396
-0.179720908403
-0.18260653317
-0.184750705957
-0.186155512929
-0.18695551157
-0.187238663435
-0.187043055892
-0.186367452145
-0.185267493129
-0.183978021145
-0.182007566094
-0.179871052504
-0.177402481437
-0.174874812365
-0.171780824661
-0.16854955256
-0.165084421635
-0.161470338702
-0.157526135445
-0.153329864144
-0.149146541953
-0.144437536597
-0.139585241675
-0.134535834193
-0.129431679845
-0.124003462493
-0.118399448693
-0.11269877851
-0.106985315681
-0.101034834981
-0.0949766933918
-0.0888655483723
-0.082876868546
-0.0766980424523
-0.0705166012049
-0.0643253102899
-0.0582266785204
-0.0522614233196
-0.0462795756757
-0.0403610765934
-0.0345379523933
-0.0288780089468
-0.023425521329
-0.0180733781308
-0.0128548741341
-0.00779017014429
-0.0029243263416
0.00171040836722
0.00612390134484
0.010366184637
0.0144340666011
0.0183063820004
0.0219578314573
0.0253973603249
0.0286200214177
0.0316517241299
0.0345333442092
0.0372500568628
0.0397921837866
0.0421798303723
0.0444442853332
0.0465068481863
0.0485079996288
0.0504345335066
0.0522825494409
0.0540668778121
0.0558196119964
0.0575742721558
0.0592492781579
0.0609668418765
0.0627410709858
0.0645819231868
0.0665037184954
0.0685287192464
0.0706802681088
0.0729835852981
0.0754611864686
0.0781374275684
0.081038095057
0.0841905027628
0.087637282908
0.0914587453008
0.0954213514924
0.0997364223003
0.104314997792
0.109170280397
0.114299103618
0.119484335184
0.124767325819
0.130167245865
0.13545794785
0.140611112118
0.145535722375
0.150334820151
0.154574245214
0.158453211188
0.161844208837
0.164714753628
0.167082861066
0.168932810426
0.170209735632
0.170886009932
0.170992210507
0.170626476407
0.169885262847
0.168797194958
0.167328581214
0.165540531278
0.163522079587
0.161038443446
0.15829411149
0.155259713531
0.151933759451
0.148183375597
0.144026190042
0.139590650797
0.134605467319
0.129093259573
0.122974045575
0.116236060858
0.108866028488
0.100754573941
0.0916547551751
0.081680752337
0.0708075761795
0.0590213909745
0.0463104322553
0.0328204743564
0.0186318978667
0.00379642820917
-0.0116607397795
-0.02774852328
-0.0441248752177
-0.0605658739805
-0.0770689472556
-0.0936682298779
-0.109763406217
-0.12531606853
-0.140497401357
-0.154611989856
-0.167708933353
-0.179936110973
-0.190655335784
-0.20001102984
-0.208132266998
-0.214489981532
-0.219342961907
-0.222912058234
-0.224481403828
-0.224774628878
-0.223606213927
-0.22112596035
-0.217086046934
-0.211965277791
-0.205629348755
-0.198256507516
-0.18965934217
-0.180193647742
-0.169969305396
-0.158957034349
-0.14724612236
-0.134921163321
-0.121915571392
-0.108650520444
-0.0950829982758
-0.0812384858727
-0.0671766772866
-0.0529743246734
-0.0386547259986
-0.0245186779648
-0.0105840293691
0.00312464521267
0.0165874306113
0.0297689512372
0.0424336493015
0.0545150227845
0.0659735873342
0.0767891034484
0.0870137885213
0.096385858953
0.104890987277
0.112496435642
0.119188688695
0.125061675906
0.129722982645
0.13341408968
0.136029928923
0.137729793787
0.138051763177
0.137420281768
0.135691046715
0.132921218872
0.129037290812
0.124278195202
0.11861525476
0.112032070756
0.104792021215
0.0969648435712
0.0885876640677
0.07972522825
0.0705655813217
0.0612971261144
0.0519514903426
0.0426118113101
0.0333772823215
0.0243382714689
0.0155934477225
0.00721239577979
-0.000738392816857
-0.00824234448373
-0.0152921164408
-0.0219095423818
-0.0281059425324
-0.0338865704834
-0.039238575846
-0.0441528894007
-0.048616617918
-0.0527277588844
-0.0565176084638
-0.0599193163216
-0.0629413574934
-0.0656175464392
-0.0680113956332
-0.0700621753931
-0.0717330500484
-0.0731335505843
-0.0742005705833
-0.0749977007508
-0.0753228440881
-0.0753845497966
-0.0750784948468
-0.0744943618774
-0.0734396353364
-0.0720773935318
-0.0703414306045
-0.0683237537742
-0.0659231320024
-0.06319193542
-0.0601270757616
-0.0567691065371
-0.0532168969512
-0.0493150055408
-0.0451773144305
-0.0407992899418
-0.0362515971065
-0.0316156037152
-0.0267866384238
-0.0218228530139
-0.0167625583708
-0.0116753485054
-0.00663068005815
-0.00158541067503
0.0034708911553
0.00848409999162
0.0133794853464
0.0181216932833
0.022695556283
0.0271679125726
0.031471952796
0.035540536046
0.0393715463579
0.0428955592215
0.0462273545563
0.04928137362
0.052016697824
0.0544613152742
0.0565047189593
0.0582840293646
0.0597196854651
0.0607959441841
0.0615684911609
0.0618840567768
0.0619042739272
0.061562769115
0.060861505568
0.0598709098995
0.058475304395
0.0567754469812
0.0547537468374
0.0524248071015
0.0498708821833
0.0470275729895
0.0439265333116
0.0405867174268
0.0370456837118
0.0333874598145
0.0295702926815
0.0255968384445
0.0214975588024
0.0173338837922
0.0131901195273
0.00899832881987
0.00476260017604
0.000533716287464
-0.00361209805124
-0.0076555381529
-0.0116637693718
-0.0156078077853
-0.0194107461721
-0.0230346787721
-0.0264937989414
-0.0298389606178
-0.0329879447818
-0.0359118580818
-0.0385626368225
-0.041019693017
-0.0432356968522
-0.0451676249504
-0.0468329042196
-0.04812643677
-0.0491634644568
-0.0498758368194
-0.0502464473248
-0.0503041893244
-0.0499585308135
-0.0492675937712
-0.0482185408473
-0.046791087836
-0.0449914671481
-0.0428388901055
-0.0403503254056
-0.0374486036599
-0.0342092104256
-0.0306303109974
-0.0267285145819
-0.0225285068154
-0.0180609654635
-0.0133540835232
-0.00844706222415
-0.00337914610282
0.00181134708691
0.00707638263702
0.0123731093481
0.0176481660455
0.0228560436517
0.0279384572059
0.0328422710299
0.0375145152211
0.0419033057988
0.0459567569196
0.049622643739
0.0528550185263
0.055613476783
0.0578514374793
0.0595352314413
0.060641027987
0.0611459165812
0.0610296502709
0.0602885074914
0.0588722452521
0.0567959919572
0.0541076548398
0.0508261136711
0.0469697266817
0.042558953166
0.0376277193427
0.0322245173156
0.0263989381492
0.0201712213457
0.0136795667931
0.0069894194603
0.000150064675836
-0.00678461091593
-0.0137564074248
-0.0207173191011
-0.0275286529213
-0.034119181335
-0.0404257662594
-0.0463929846883
-0.051985964179
-0.0571961812675
-0.0618874616921
-0.0660107135773
-0.0695759654045
-0.0725408941507
-0.0748988166451
-0.0766855105758
-0.0777760222554
-0.0782398059964
-0.0781102851033
-0.0773802250624
-0.0760837420821
-0.0742850676179
-0.0718725547194
-0.0690429806709
-0.065820209682
-0.0622168816626
-0.0582854859531
-0.0540953315794
-0.0495981536806
-0.0449828207493
-0.0402725338936
-0.03548906371
-0.0306693669409
-0.0258560013026
-0.0210644435138
-0.0163791179657
-0.0118396067992
-0.00745729263872
-0.00323901278898
0.000801473332103
0.00466317310929
0.00833515636623
0.0117816422135
0.0150163611397
0.0180490165949
0.0208905190229
0.0235517211258
0.0260562971234
0.0284217782319
0.0306689180434
0.0328207984567
0.0348416864872
0.0367949977517
0.0386961251497
0.0405613519251
0.0424040146172
0.0442390479147
0.0460768975317
0.0479249358177
0.0497917048633
0.0516817048192
0.0535972267389
0.0555339828134
0.0574902743101
0.0594613775611
0.0614391937852
0.0634123682976
0.0653689205647
0.0673011243343
0.0692062452435
0.0710855647922
0.0727909430861
0.0744616612792
0.0760743096471
0.0775893703103
0.078983053565
0.0802803188562
0.0814115107059
0.0823827162385
0.0832452923059
0.0839323028922
0.0844849050045
0.0847972109914
0.0849363952875
0.08488458395
0.0846229419112
0.0841806605458
0.0834307894111
0.0824734345078
0.0812479183078
0.0798630639911
0.078055948019
0.0760195106268
0.0736669972539
0.0710667818785
0.0681649595499
0.0649210885167
0.0613571219146
0.0574847310781
0.0534140951931
0.0489491969347
0.0441883541644
0.0391170084476
0.0338168516755
0.0283243209124
0.0225228145719
0.0164437349886
0.0101570123807
0.00375519553199
-0.0027747831773
-0.0095395212993
-0.0164662636817
-0.0234403535724
-0.0303882639855
-0.0374118871987
-0.0445407442749
-0.0516314841807
-0.0586358122528
-0.0654458701611
-0.0723290964961
-0.0790911614895
-0.0856998190284
-0.0920090377331
-0.0983127430081
-0.104429841042
-0.110309608281
-0.115835957229
-0.121176488698
-0.126282483339
-0.131025493145
-0.135470300913
-0.139332711697
-0.142881706357
-0.146000683308
-0.148580119014
-0.150598660111
-0.15205527842
-0.152928471565
-0.152919441462
-0.152216717601
-0.150750502944
-0.148473501205
-0.14534573257
-0.141335874796
-0.136433169246
-0.130639985204
-0.123963400722
-0.116413623095
-0.108022078872
-0.0988155379891
-0.0887757614255
-0.0780987292528
-0.0668718740344
-0.055163860321
-0.0430435948074
-0.0306055229157
-0.0179270934314
-0.00511852838099
0.00754988566041
0.0199491120875
0.0320053622127
0.0436665564775
0.0547968894243
0.0651065185666
0.0745352879167
0.0830298662186
0.0906016156077
0.0969083756208
0.102016024292
0.105897128582
0.108525507152
0.10978089273
0.109753251076
0.108516044915
0.10586784035
0.102147191763
0.0973053127527
0.0913628041744
0.0845511481166
0.0769644379616
0.0686393156648
0.0597308650613
0.0505236759782
0.0409973785281
0.0312597639859
0.0216905195266
0.0122372191399
0.00298894406296
-0.00572462705895
-0.0138976713642
-0.0215284805745
-0.0283504780382
-0.0343254543841
-0.0395141988993
-0.0437108688056
-0.0469417981803
-0.0492052622139
-0.0505102649331
-0.0508185215294
-0.0501918680966
-0.0486758612096
-0.0462607853115
-0.0430801026523
-0.0391969382763
-0.0346538610756
-0.0295025259256
-0.023894937709
-0.017947524786
-0.0117037901655
-0.00522560533136
0.00140394538175
0.00802934262902
0.0145669393241
0.0209611132741
0.0271546225995
0.0330933369696
0.0387301333249
0.0440109595656
0.048822119832
0.053175445646
0.0570525452495
0.0604338720441
0.0633063092828
0.0656640157104
0.0675135701895
0.0688646137714
0.0697274431586
0.0701200589538
0.0700735524297
0.0696245059371
0.0688171908259
0.0675619766116
0.0660090595484
0.0641698539257
0.0620520673692
0.0596813708544
0.0571331232786
0.054388768971
0.0514371991158
0.048320773989
0.0450644679368
0.0417792722583
0.0383180677891
0.0347582139075
0.0311142001301
0.0274933055043
0.0237921159714
0.0200153067708
0.0162093900144
0.0124686993659
0.00870184600353
0.00489927316085
0.00112348084804
-0.00256073847413
-0.00619663018733
-0.00982179213315
-0.0133618665859
-0.0167678650469
-0.0200163703412
-0.0231621004641
-0.0261815674603
-0.0290128923953
-0.031645976007
-0.0340421162546
-0.0362635403872
-0.0382815822959
-0.0400568768382
-0.0415957644582
-0.0428733825684
-0.0439037568867
-0.0447137914598
-0.0452695302665
-0.0455798134208
-0.0456912405789
-0.0454952865839
-0.0451143532991
-0.0445169657469
-0.0437071882188
-0.0427289903164
-0.0415691807866
-0.0402208156884
-0.0387285389006
-0.0370888523757
-0.0353402234614
-0.0335336700082
-0.0315873995423
-0.029582137242
-0.0275204088539
-0.025424670428
-0.023342365399
-0.0212767664343
-0.0192087460309
-0.0171796493232
-0.0152020109817
-0.0133114736527
-0.0115375425667
-0.00986272469163
-0.00830203853548
-0.00687464652583
-0.00559965567663
-0.00449757138267
-0.00358455581591
-0.00284239929169
-0.00229056202807
-0.00193963001948
-0.00179933942854
-0.00187441031449
-0.002161802724
-0.00265192356892
-0.00336239184253
-0.00429312093183
-0.00543570937589
-0.00677859224379
-0.00831382535398
-0.0100152119994
-0.0119128609076
-0.0139937056229
-0.0162302237004
-0.0186009779572
-0.0210925955325
-0.0236727409065
-0.0263390336186
-0.0291051082313
-0.0319314748049
-0.03478673473
-0.0376467145979
-0.0404983647168
-0.0432851240039
-0.0460091643035
-0.0486857518554
-0.051269877702
-0.0537265613675
-0.0560282729566
-0.0581652708352
-0.0601357221603
-0.061816457659
-0.0632989928126
-0.0645537897944
-0.0655429065228
-0.0662407651544
-0.0666364505887
-0.0667270869017
-0.0665145814419
-0.065974123776
-0.0650333762169
-0.0637721344829
-0.0621699914336
-0.0602138116956
-0.0578982643783
-0.0552310273051
-0.0522228144109
-0.0488859675825
-0.0452350340784
-0.041285328567
-0.0370325706899
-0.0324752032757
-0.0276549495757
-0.0225915331393
-0.0173039734364
-0.0118162967265
-0.00615462008864
-0.000348738394678
0.00556897139177
0.0115688601509
0.0176122765988
0.0236723702401
0.0297128800303
0.0357034094632
0.0416069738567
0.047392886132
0.0530260875821
0.0584792345762
0.0637105107307
0.0686943084002
0.0733985006809
0.0777937620878
0.0818501338363
0.0855282694101
0.0888208821416
0.0917094647884
0.0941697582603
0.0961845591664
0.0977254509926
0.0987949445844
0.0993843302131
0.0994870066643
0.0991057157516
0.0982452407479
0.0969087481499
0.0951050370932
0.0928477942944
0.0901539102197
0.0870378836989
0.0835180655122
0.0796197503805
0.0753675326705
0.0707844048738
0.0659001469612
0.060743458569
0.0553485453129
0.0497482605278
0.0439739264548
0.0380624607205
0.0320507697761
0.0259377844632
0.0198140479624
0.0137085048482
0.00766253145412
0.0016946347896
-0.00415754085407
-0.00987402535975
-0.0154250487685
-0.0207865051925
-0.0259438231587
-0.030864385888
-0.0354732982814
-0.0397819541395
-0.0437733009458
-0.0474253334105
-0.0507252924144
-0.0536680370569
-0.0562590137124
-0.0585042983294
-0.0602650903165
-0.061655472964
-0.0626566186547
-0.0632541105151
-0.063449755311
-0.0632619187236
-0.062719874084
-0.061694636941
-0.0603362284601
-0.0586358979344
-0.0565847791731
-0.0541989915073
-0.0515145435929
-0.0484868958592
-0.0451990701258
-0.0417002141476
-0.0379838012159
-0.0340668447316
-0.0299880467355
-0.0257306918502
-0.0214171372354
-0.0170640219003
-0.0126791130751
-0.00828483980149
-0.0039056292735
0.000374085648218
0.00451435847208
0.00849775597453
0.0123175391927
0.0159512385726
0.0193049032241
0.0223704781383
0.0251286942512
0.0275818370283
0.0296951774508
0.0314170457423
0.0327619723976
0.0337135121226
0.0343005284667
0.0344456285238
0.0342103987932
0.0335901416838
0.0325940027833
0.0312246121466
0.0294977575541
0.0274783018976
0.025159066543
0.0225740969181
0.0197227410972
0.0167254153639
0.0135761322454
0.0102984886616
0.00693080574274
0.00358240865171
0.00026612757938
-0.00300467107445
-0.00616796314716
-0.00913637969643
-0.0118883345276
-0.0144167039543
-0.0166412871331
-0.0185214057565
-0.0200289599597
-0.021166369319
-0.0218432229012
-0.0220823399723
-0.0218516476452
-0.0211507305503
-0.0199368186295
-0.0182612128556
-0.0160998143256
-0.0134434644133
-0.0103504518047
-0.00685700541362
-0.00294469902292
0.00135795853566
0.00591996358708
0.0107341948897
0.0158265251666
0.0210238005966
0.026266714558
0.0315511599183
0.0368140302598
0.0418852195144
0.0467263236642
0.0513754375279
0.0555586032569
0.0593055337667
0.0625563636422
0.0652297362685
0.0672188028693
0.0684834718704
0.0690349116921
0.0686616897583
0.0674764811993
0.0654049068689
0.0623408071697
0.0584025532007
0.0535251162946
0.0476596988738
0.0409038253129
0.0333260297775
0.0248443968594
0.0155248437077
0.0056120166555
-0.00499731488526
-0.0162650290877
-0.0278472676873
-0.0397819951177
-0.0521298199892
-0.064451187849
-0.0766990557313
-0.0890327692032
-0.100918292999
-0.112340524793
-0.123359315097
-0.133626043797
-0.143018364906
-0.151494815946
-0.158960714936
-0.16515994072
-0.170056939125
-0.173690363765
-0.17571015656
-0.176240816712
-0.175339534879
-0.172508105636
-0.168222308159
-0.162326544523
-0.154587835073
-0.14544776082
-0.134730085731
-0.122368313372
-0.108788788319
-0.093924716115
-0.0777034386992
-0.0605571754277
-0.0426285639405
-0.0237519294024
-0.00436126207933
0.0152214467525
0.0352098047733
0.0552174188197
0.0748143717647
0.094156242907
0.113024763763
0.130908474326
0.14784617722
0.163866877556
0.178358763456
0.191346868873
0.203011259437
0.212637484074
0.220460176468
0.226590260863
0.230366975069
0.232237696648
0.232075452805
0.229688107967
0.225320488214
0.218920066953
0.2104934901
0.200154781342
0.188137620687
0.174469292164
0.158992245793
0.142479494214
0.124703302979
0.105700105429
0.0861920565367
0.0660721957684
0.0453435331583
0.0246270224452
0.00409667845815
-0.0163794830441
-0.0363268740475
-0.0553728416562
-0.0736139193177
-0.0909043475986
-0.10673725605
-0.121101148427
-0.134153366089
-0.145279586315
-0.15459908545
-0.16215762496
-0.167724892497
-0.171303078532
-0.172893449664
-0.172636792064
-0.170220255852
-0.166067287326
-0.160126924515
-0.152344554663
-0.143086716533
-0.132414236665
-0.120449028909
-0.107111744583
-0.0930800288916
-0.0782330110669
-0.062648281455
-0.0467475540936
-0.030799517408
-0.0147542087361
0.00123261415865
0.0166639313102
0.0314727574587
0.0456855669618
0.0590250007808
0.071196846664
0.082177311182
0.0920443609357
0.100389011204
0.107269667089
0.112622641027
0.116551607847
0.118692584336
0.119340926409
0.118404872715
0.116010956466
0.111954793334
0.106610633433
0.0999399870634
0.0920398011804
0.0828884616494
0.072852961719
0.0619923770428
0.0503608360887
0.0380390956998
0.02533586137
0.0124430209398
-0.000612746633124
-0.0137700913474
-0.0267590861768
-0.0393581390381
-0.0514898523688
-0.063136421144
-0.0742013454437
-0.0843570902944
-0.093610085547
-0.101882629097
-0.109190188348
-0.11539876461
-0.120372451842
-0.124180540442
-0.126761212945
-0.128182813525
-0.12837934494
-0.127290576696
-0.125111445785
-0.121809065342
-0.117430351675
-0.112098351121
-0.105628035963
-0.0984247624874
-0.0904850140214
-0.0818517133594
-0.0726152956486
-0.0628481581807
-0.0526540204883
-0.0422662198544
-0.0317273326218
-0.0211073420942
-0.0104728396982
8.86943234946e-05
0.0104421945289
0.0204474348575
0.0300342552364
0.0391544103622
0.0477559044957
0.0558042153716
0.0632746145129
0.0699670687318
0.0759236887097
0.0811284780502
0.0855468139052
0.0891693308949
0.0920028984547
0.0940681770444
0.0953874886036
0.0958487391472
0.0955608561635
0.0945856720209
0.0929423123598
0.0906642600894
0.087790325284
0.0843666791916
0.0804480016232
0.076093710959
0.0713606327772
0.0662690401077
0.0608665384352
0.0552755631506
0.0495387688279
0.0437091588974
0.0378312394023
0.0319555029273
0.0261250380427
0.0203894041479
0.0147884869948
0.00935666635633
0.00413945037872
-0.000838031177409
-0.00555049674585
-0.00997100863606
-0.0140768615529
-0.0178568400443
-0.0212994646281
-0.024395506829
-0.0271377991885
-0.0295207556337
-0.0315567180514
-0.0332533754408
-0.0346176251769
-0.0356643870473
-0.0364111028612
-0.0368735268712
-0.037069439888
-0.0370211340487
-0.0367512702942
-0.036282915622
-0.0356390848756
-0.0348289273679
-0.0338900573552
-0.0328465625644
-0.0317206606269
-0.030535062775
-0.029309540987
-0.0280655976385
-0.0268214792013
-0.0255940072238
-0.0243976507336
-0.0232465993613
-0.0221548397094
-0.021132465452
-0.0201870333403
-0.0193270556629
-0.018559359014
-0.017889386043
-0.0173180084676
-0.0168414060026
-0.0164391193539
-0.0161319673061
-0.0159128326923
-0.0157731007785
-0.0157045740634
-0.015699474141
-0.0157487932593
-0.0158426240087
-0.0159725975245
-0.0161305945367
-0.0162749253213
-0.0164255481213
-0.0165662113577
-0.0166803915054
-0.0167534090579
-0.0167742352933
-0.0167358852923
-0.0166338011622
-0.0164229944348
-0.0161242187023
-0.0157226789743
-0.0152044286951
-0.0145625118166
-0.0137960519642
-0.0129078077152
-0.0118615915999
-0.010672996752
-0.00933216232806
-0.00783485826105
-0.00618959171697
-0.00440718512982
-0.00248297932558
-0.000398333882913
0.00184759218246
0.00424081133679
0.00676057115197
0.00939507130533
0.0121273277327
0.0150082139298
0.0180146601051
0.0211096778512
0.0242784656584
0.0274870526046
0.030768096447
0.0341374464333
0.0375440046191
0.040958173573
0.0443639829755
0.0477248467505
0.0511317774653
0.0545052960515
0.0578121580184
0.0610458701849
0.0641361624002
0.0672073587775
0.0701625198126
0.0729842633009
0.0756462216377
0.0781088620424
0.0804696306586
0.0826291143894
0.0846088156104
0.0863259658217
0.0878290608525
0.0891339182854
0.0901770442724
0.0910327136517
0.0914966091514
0.0917603000998
0.0917421504855
0.0914479270577
0.0909100696445
0.0899921655655
0.0888244584203
0.0873405486345
0.0856244713068
0.0835690200329
0.0812151581049
0.0785603821278
0.0756235942245
0.0725038573146
0.0690018385649
0.0652474686503
0.0612164661288
0.0569998063147
0.0525680109859
0.0478618219495
0.0429146811366
0.0377831719816
0.0325692035258
0.0271369982511
0.0215148124844
0.015742233023
0.00990595389158
0.00404294440523
-0.00194176158402
-0.00804045237601
-0.0141630219296
-0.0202442631125
-0.026253759861
-0.0323102995753
-0.0383572690189
-0.0443014651537
-0.0501277558506
-0.0557416751981
-0.061333425343
-0.0667793899775
-0.0720160380006
-0.077040232718
-0.0817616432905
-0.0863569527864
-0.0906942635775
-0.0947406962514
-0.0985024347901
-0.1018698439
-0.105026103556
-0.107847124338
-0.110326312482
-0.112496815622
-0.114181637764
-0.115607894957
-0.116664752364
-0.117353029549
-0.117781415582
-0.117631420493
-0.117226876318
-0.116462156177
-0.115330502391
-0.11392365396
-0.112099774182
-0.109924316406
-0.107439436018
-0.104615010321
-0.101489581168
-0.0981361493468
-0.0944367870688
-0.0904335975647
-0.0861859247088
-0.0816867798567
-0.0769516006112
-0.0720217898488
-0.0669311583042
-0.0617077536881
-0.0563708990812
-0.0508618243039
-0.0452893786132
-0.0396792627871
-0.0340709276497
-0.0284986812621
-0.0229954458773
-0.0176070220768
-0.0123669505119
-0.00731229642406
-0.00247745541856
0.00210245861672
0.00639866339043
0.010380320251
0.0140289114788
0.0173221025616
0.0202325247228
0.022736845538
0.0248402543366
0.0265385061502
0.0278308931738
0.0287268031389
0.0292380526662
0.0293781347573
0.0291715040803
0.0286517646164
0.0278223976493
0.0267198234797
0.025410072878
0.0239239204675
0.0222947206348
0.0205671228468
0.0187895018607
0.0169785730541
0.0152237396687
0.0135614685714
0.0120207527652
0.0106421820819
0.00946381967515
0.0085057746619
0.0078266877681
0.00743843382224
0.00735557219014
0.00760648911819
0.00817968975753
0.00909424386919
0.0103402137756
0.0119214234874
0.0138524789363
0.016056234017
0.0185399278998
0.0212729331106
0.024244973436
0.0274457447231
0.0307617913932
0.0341925732791
0.0376925319433
0.0412609837949
0.0448341369629
0.0483176000416
0.0517058558762
0.0549502521753
0.058068998158
0.0609449595213
0.0635468810797
0.065866574645
0.0678626522422
0.0695517957211
0.0708476752043
0.0717239305377
0.0722180381417
0.0722846463323
0.0719350650907
0.0712094530463
0.0699205249548
0.0682699531317
0.0662204101682
0.0637589842081
0.0609051920474
0.0576945133507
0.0540683455765
0.0501302406192
0.0459198877215
0.0414451695979
0.0367243736982
0.0317800045013
0.0266455989331
0.0213510710746
0.0159266982228
0.0104513168335
0.0049457764253
-0.000559422012884
-0.00604131026193
-0.011469271034
-0.0168156474829
-0.0220540296286
-0.0271631106734
-0.0320903137326
-0.0367908664048
-0.0412626303732
-0.0454842634499
-0.0494385845959
-0.0531066097319
-0.0564732067287
-0.0595282241702
-0.0622624196112
-0.064667314291
-0.0667403414845
-0.068479962647
-0.0698854103684
-0.0709561854601
-0.0716969445348
-0.0721071586013
-0.0721484422684
-0.0718788132071
-0.0713093057275
-0.0704503282905
-0.0693141296506
-0.0679118260741
-0.0662600696087
-0.0643726661801
-0.0622658208013
-0.0599555894732
-0.0574593469501
-0.0547918491066
-0.0519738383591
-0.0490197837353
-0.0459480583668
-0.042774040252
-0.039512719959
-0.0361846387386
-0.0328001752496
-0.0293756853789
-0.0259275101125
-0.0224659834057
-0.0190050341189
-0.0155567312613
-0.0121330255643
-0.00874316412956
-0.00539650348946
-0.00210386421531
0.00112728390377
0.0042871707119
0.00737066194415
0.0103697255254
0.0132823530585
0.0160969402641
0.0188132040203
0.0214254334569
0.0239282455295
0.0263204071671
0.0285988114774
0.0307538006455
0.0327753908932
0.0346706956625
0.0364404954016
0.0380801223218
0.0395877957344
0.0409598611295
0.0421947203577
0.0432884655893
0.0442374944687
0.0450391322374
0.0456904917955
0.046188108623
0.0465291254222
0.0467110052705
0.0467315465212
0.0465889200568
0.0462813340127
0.0458079949021
0.0451672188938
0.0443597920239
0.0433837659657
0.0422332957387
0.0408770516515
0.0393499583006
0.0376489311457
0.035771805793
0.0337189994752
0.0314888209105
0.0290826447308
0.0265050642192
0.0237547513098
0.0208391975611
0.0177654772997
0.0145375058055
0.0111655006185
0.00765607412905
0.00399110978469
0.000346793967765
-0.00369394663721
-0.00767229823396
-0.000448108825367
0.000265118695097
-0.000125609469251
3.10603936668e-05
0.0
0.0
0.0
0.0
0.0
0.0
0.0
0.0
0.0
0.0
0.0
0.0
0.0
0.0
0.0
0.0
0.0
0.0
0.0
0.0
0.0
0.0
0.0
0.0
0.0
0.0
0.0
0.0
0.0
0.0
0.0
0.0
0.0
0.0
0.0
0.0
0.0
0.0
0.0
0.0
0.0
0.0
0.0
0.0
0.0
0.0
0.0
0.0
0.0
0.0
