0.0
-1.21801695059e-05
-7.07766548658e-06
-3.35179083777e-06
-9.8758130207e-07
0.0
-3.74083811039e-07
-2.11102269532e-06
-5.22409118275e-06
-9.6988187579e-06
-1.55501711561e-05
-2.2763171728e-05
-3.13378404826e-05
-4.12891276937e-05
-5.26079275005e-05
-6.51932714391e-05
-7.89755795267e-05
-9.38800803851e-05
-0.0001098247958
-0.000126644663396
-0.000144227422425
-0.00016240226978
-0.000181047042133
-0.000199945832719
-0.000218957706238
-0.000237840562477
-0.000256438652286
-0.000274550286122
-0.000291934731649
-0.00030842772685
-0.000323805259541
-0.000337885780027
-0.000350477988832
-0.000361382233677
-0.000370440830011
-0.000377495161956
-0.000382421654649
-0.000385087128961
-0.000385357707273
-0.000383170758141
-0.000378486845875
-0.000371238071239
-0.000361398095265
-0.000348990957718
-0.000334075739374
-0.000316674559144
-0.000296874990454
-0.000274774356512
-0.000250548502663
-0.000224361894652
-0.000196320950636
-0.000166680125403
-0.000135663853143
-0.000103512204078
-7.04824124114e-05
-3.68099244952e-05
-2.81182201434e-06
3.12124066113e-05
6.49780340609e-05
9.81851553661e-05
0.000130503060063
0.000161649950314
0.000191324521438
0.000219212248339
0.000245043658651
0.000268534233328
0.00028942944482
0.000307474954752
0.000322461855831
0.00033419491956
0.000342464772984
0.000347123364918
0.000348080619005
0.000345201435266
0.000338412937708
0.00032770037069
0.000313039752655
0.000294478697469
0.000272025121376
0.000245786359301
0.000215911801206
0.000182521471288
0.000145761616295
0.000105881605123
6.31035873084e-05
1.76973244379e-05
-3.0082250305e-05
-7.99594054115e-05
-0.000131538094138
-0.000184499673196
-0.000238555396209
-0.000293260265607
-0.000348252389813
-0.000403183425078
-0.000457609916339
-0.000511169317178
-0.000563496607356
-0.000614151416812
-0.000662778678816
-0.000709002779331
-0.000752442283556
-0.000792786595412
-0.000829653814435
-0.000862749526277
-0.000891790259629
-0.000916468678042
-0.000936515978537
-0.000951750844251
-0.000961939163972
-0.000966892170254
-0.000966458057519
-0.000960526405834
-0.000949011417106
-0.000931854534429
-0.000908945454285
-0.000880328880157
-0.000846070877742
-0.000806159630883
-0.000760664523114
-0.000709765416104
-0.000653512659483
-0.000592128664721
-0.000525786250364
-0.000454657973023
-0.00037900332245
-0.000299093546346
-0.000215228195884
-0.000127623963635
-3.66533458873e-05
5.73695870116e-05
0.000154110573931
0.000253130274359
0.000354182790034
0.00045682801283
0.000560688844416
0.00066534767393
0.00077044183854
0.000875520810951
0.000980212586001
0.00108410918619
0.00118680833839
0.00128791644238
0.00138700183015
0.00148372154217
0.00157768290956
0.00166851340327
0.00175585295074
0.00183934369124
0.00191867363174
0.00199352367781
0.00206355447881
0.00212852866389
0.0021881593857
0.00224219332449
0.00229039601982
0.00233258819208
0.0023685740307
0.00239818519913
0.00242126965895
0.00243772380054
0.00244747125544
0.00245042517781
0.0024465334136
0.0024357852526
0.00241820607334
0.00239379773848
0.00236260029487
0.00232472014613
0.00228027510457
0.00222935155034
0.00217204447836
0.0021086318884
0.00203924602829
0.00196405663155
0.00188335985877
0.00179735757411
0.00170627387706
0.001610488398
0.00151015771553
0.00140570604708
0.00129740010016
0.00118551938795
0.00107047252823
0.000952531176154
0.000832128629554
0.000709506508429
0.00058514950797
0.00045928923646
0.000332401017658
0.000204731419217
7.6750817243e-05
-5.13215636602e-05
-0.000178997084731
-0.00030606353539
-0.000432076194556
-0.000556819431949
-0.000679945223965
-0.000801061512902
-0.000919995771255
-0.00103643187322
-0.00115004880354
-0.00126071285922
-0.00136810552794
-0.0014720025938
-0.00157228985336
-0.00166872399859
-0.00176108942833
-0.00184935855214
-0.00193336303346
-0.00201293290593
-0.00208804802969
-0.00215862202458
-0.00222459062934
-0.00228594313376
-0.00234257895499
-0.00239461078309
-0.00244199601002
-0.00248478446156
-0.00252300663851
-0.00255671422929
-0.00258601317182
-0.00261097680777
-0.0026316838339
-0.0026482574176
-0.00266080466099
-0.00266945641488
-0.00267430674285
-0.00267551117577
-0.00267319823615
-0.00266748899594
-0.00265851221047
-0.00264639244415
-0.0026312652044
-0.00261323270388
-0.0025924060028
-0.00256889429875
-0.00254276348278
-0.00251413253136
-0.00248304964043
-0.00244954740629
-0.0024137145374
-0.00237555196509
-0.00233509368263
-0.00229231198318
-0.00224721990526
-0.00219978345558
-0.00214996887371
-0.00209771166556
-0.0020429554861
-0.00198560394347
-0.00192562444136
-0.00186291593127
-0.00179738015868
-0.0017289200332
-0.00165745173581
-0.00158282567281
-0.0015050531365
-0.00142399501055
-0.00133959285449
-0.0012517325813
-0.00116047682241
-0.00106574886013
-0.000967529194895
-0.00086580729112
-0.000760725350119
-0.000652286922559
-0.000540537701454
-0.000425733771408
-0.000308007816784
-0.000187471465324
-6.44516912871e-05
6.07846704952e-05
0.00018799949612
0.000316732475767
0.000446691759862
0.000577511498705
0.000708584091626
0.000839591026306
0.000969924149103
0.0010990856681
0.00122656114399
0.00135168177076
0.00147397757974
0.00159274053294
0.00170746294316
0.0018174268771
0.00192215491552
0.00202095904388
0.00211335113272
0.00219867913984
0.00227649090812
0.00234624254517
0.002407573862
0.00245996704325
0.0025031066034
0.00253668846563
0.00256054336205
0.00257439212874
0.00257811998017
0.00257178233005
0.00255543668754
0.00252913450822
0.00249303970486
0.00244757859036
0.00239308364689
0.0023300005123
0.00225880253129
0.00218019657768
0.0020949637983
0.00200375728309
0.00190741301049
0.00180694996379
0.00170340528712
0.00159767898731
0.00149090611376
0.00138427398633
0.0012788727181
0.00117591931485
0.00107659737114
0.000982155092061
0.000893707503565
0.000812488782685
0.000739623676054
0.000676195777487
0.000623264466412
0.000581802101806
0.000552777200937
0.000536922772881
0.000534919498023
0.000547499279492
0.000575180631131
0.000618213380221
0.000676799798384
0.000751170271542
0.000841302098706
0.000946835032664
0.00106737774331
0.00120255583897
0.00135164393578
0.00151379720774
0.00168790237512
0.00187293079216
0.00206763134338
0.00227039400488
0.00247959420085
0.00269360863604
0.00291063287295
0.00312861683778
0.00334546668455
0.00355912209488
0.00376739841886
0.00396800693125
0.00415865844116
0.00433702534065
0.00450081843883
0.00464781234041
0.00477574858814
0.00488237151876
0.00496558565646
0.00502350274473
0.005054238718
0.00505590764806
0.00502690766007
0.00496599636972
0.00487197889015
0.0047436398454
0.00458012660965
0.00438114209101
0.00414636451751
0.00387548212893
0.00356866582297
0.00322645995766
0.00284992810339
0.00243968027644
0.00199694372714
0.0015235261526
0.00102126586717
0.000491738668643
-6.22828156338e-05
-0.000638260797132
-0.00123339775018
-0.00184490031097
-0.00246990844607
-0.00310434470885
-0.00374498032033
-0.00438826298341
-0.00503083923832
-0.00566821685061
-0.00629680743441
-0.00691275112331
-0.0075124790892
-0.008091612719
-0.00864665117115
-0.00917379371822
-0.00966972112656
-0.0101306848228
-0.0105536598712
-0.0109355775639
-0.0112732555717
-0.0115645630285
-0.0118072889745
-0.0119988899678
-0.0121378004551
-0.0122229754925
-0.0122532742098
-0.0122277121991
-0.0121458815411
-0.0120082106441
-0.0118150059134
-0.0115665253252
-0.0112640848383
-0.0109091037884
-0.0105036627501
-0.0100493896753
-0.00954837817699
-0.00900403596461
-0.00841877609491
-0.0077961073257
-0.00713881012052
-0.00645126728341
-0.0057369871065
-0.00499937077984
-0.00424310425296
-0.00347168417647
-0.00268999650143
-0.00190149538685
-0.00111109460704
-0.000322174979374
0.000460416660644
0.00123328529298
0.00199183006771
0.00273313652724
0.00345286377706
0.00414806697518
0.00481493677944
0.00545126432553
0.00605366379023
0.00661993445829
0.00714733218774
0.00763461133465
0.00807977188379
0.00848095212132
0.00883742049336
0.00914827082306
0.00941323116422
0.00963149219751
0.00980331841856
0.0099291196093
0.0100094126537
0.0100448373705
0.0100364340469
0.00998566672206
0.0098940115422
0.00976303964853
0.00959450937808
0.00939074531198
0.00915370415896
0.00888567510992
0.00858918018639
0.00826650019735
0.00792029965669
0.00755332875997
0.00716781197116
0.0067665358074
0.00635233148932
0.00592739507556
0.00549440737814
0.00505600543693
0.00461415573955
0.00417147157714
0.00373029662296
0.00329220714048
0.00285938987508
0.00243401480839
0.00201731757261
0.00161094032228
0.00121630588546
0.000835011247545
0.000467766978545
0.000115597322292
-0.000220499860006
-0.000540009874385
-0.0008422692772
-0.00112698029261
-0.0013937324984
-0.00164248899091
-0.00187310879119
-0.00208573625423
-0.00228051561862
-0.00245752814226
-0.00261728372425
-0.00276016071439
-0.00288661406375
-0.00299705564976
-0.00309214950539
-0.00317245116457
-0.00323859229684
-0.00329119339585
-0.00333086284809
-0.00335829379037
-0.00337413093075
-0.00337900873274
-0.00337351299822
-0.00335827027448
-0.00333383586258
-0.00330078764819
-0.00325963483192
-0.00321083888412
-0.00315488316119
-0.00309223984368
-0.00302323815413
-0.00294824177399
-0.0028676094953
-0.00278165587224
-0.00269068824127
-0.00259494502097
-0.00249473075382
-0.00239021959715
-0.00228167232126
-0.00216932361946
-0.00205340352841
-0.00193414709065
-0.0018118066946
-0.00168665044475
-0.00155895017087
-0.00142904673703
-0.00129714619834
-0.00116368522868
-0.00102902879007
-0.000893552787602
-0.000757722591516
-0.000622035120614
-0.000486989796627
-0.000353074399754
-0.000220867586904
-9.1070891358e-05
3.5854325688e-05
0.000159206814715
0.000278343388345
0.000392559915781
0.000501201022416
0.000603582477197
0.000699032912962
0.000786892080214
0.000866496178787
0.000937201431952
0.000998439034447
0.00104966631625
0.00109035137575
0.00112000037916
0.00113821262494
0.00114470848348
0.00113919295836
0.00112140050624
0.00109125347808
0.00104881811421
0.000994071597233
0.000927106419113
0.000848223862704
0.000757825211622
0.00065633415943
0.000544178765267
0.000422059383709
0.000290777883492
0.000151115440531
3.91181765735e-06
-0.000149821731611
-0.000308925664285
-0.000472314102808
-0.000638798170257
-0.000807124655694
-0.00097591150552
-0.00114384561311
-0.00130953313783
-0.00147160375491
-0.00162860145792
-0.00177912064828
-0.0019217284862
-0.00205508852378
-0.00217787967995
-0.0022887440864
-0.0023864521645
-0.00246976688504
-0.00253769033588
-0.00258913752623
-0.00262312288396
-0.0026389057748
-0.00263583590277
-0.00261326460168
-0.00257062865421
-0.00250767963007
-0.00242430926301
-0.00232039671391
-0.00219590705819
-0.00205116462894
-0.00188664952293
-0.00170280027669
-0.00150015368126
-0.00127962883562
-0.00104221724905
-0.000788973586168
-0.000520941335708
-0.000239552391577
5.37154774065e-05
0.000357356708264
0.000670004345011
0.000989564112388
0.00131437159143
0.0016425732756
0.00197233189829
0.00230169016868
0.002628674265
0.00295126391575
0.00326751312241
0.00357544701546
0.00387315009721
0.00415866170079
0.0044300951995
0.00468570040539
0.00492378743365
0.00514259887859
0.00534037221223
0.00551593350247
0.00566800497472
0.00579531863332
0.00589667679742
0.00597128411755
0.00601838761941
0.00603728182614
0.0060273418203
0.00598837947473
0.00592026347294
0.00582291837782
0.00569635536522
0.0055408901535
0.00535727757961
0.00514594046399
0.00490754423663
0.00464312359691
0.00435381103307
0.00404073903337
0.00370511226356
0.00334849837236
0.00297250761651
0.002578755375
0.00216892687604
0.00174496136606
0.00130857469048
0.000862180022523
0.00040757865645
-5.3144103731e-05
-0.000517830718309
-0.000984346261248
-0.00145057728514
-0.00191435555462
-0.00237357406877
-0.00282609229907
-0.00326982582919
-0.00370279327035
-0.00412323605269
-0.00452880747616
-0.00491783116013
-0.00528862373903
-0.0056395707652
-0.00596901867539
-0.00627544429153
-0.00655760243535
-0.0068142763339
-0.00704426085576
-0.00724647985771
-0.00742017198354
-0.00756462058052
-0.00767916860059
-0.00776313384995
-0.0078163491562
-0.00783863198012
-0.00782980117947
-0.00778982928023
-0.00771902222186
-0.00761773856357
-0.00748632615432
-0.00732527161017
-0.00713542290032
-0.00691764848307
-0.00667279260233
-0.00640185596421
-0.0061061475426
-0.00578680308536
-0.00544548407197
-0.00508346874267
-0.00470240600407
-0.00430399272591
-0.0038899530191
-0.00346201262437
-0.00302209611982
-0.00257216021419
-0.00211414066143
-0.00164997961838
-0.00118170003407
-0.000711325730663
-0.00024089559156
0.00022762347362
0.00069226505002
0.00115110445768
0.0016021982301
0.00204391218722
0.00247411406599
0.0028913274873
0.00329389516264
0.00368023733608
0.00404904177412
0.00439902767539
0.00472889794037
0.00503751682118
0.00532404147089
0.00558765465394
0.00582755822688
0.00604311516508
0.00623396970332
0.00639986013994
0.00654046889395
0.00665566092357
0.00674559362233
0.00681045930833
0.00685044005513
0.00686587952077
0.00685734767467
0.00682543357834
0.00677075516433
0.00669398903847
0.00659605953842
0.00647783884779
0.00634023034945
0.00618421239778
0.00601085182279
0.0058212177828
0.00561640458182
0.00539750372991
0.00516564073041
0.00492197507992
0.00466760573909
0.00440366519615
0.00413125148043
0.00385143840685
0.00356532097794
0.0032739310991
0.00297822477296
0.00267917057499
0.00237774034031
0.00207479507662
0.00177117169369
0.00146764109377
0.00116497755516
0.000863941386342
0.000565265421756
0.000269272655714
-2.32784623222e-05
-0.000311847776175
-0.000595955702011
-0.000875183031894
-0.00114906753879
-0.00141720846295
-0.00167929462623
-0.00193499494344
-0.0021839721594
-0.00242594419979
-0.00266066589393
-0.00288789230399
-0.00310725672171
-0.0033187395893
-0.00352202588692
-0.00371688068844
-0.00390308583155
-0.00408040964976
-0.00424862792715
-0.00440749153495
-0.00455676671118
-0.0046961302869
-0.00482545979321
-0.00494439713657
-0.0050526545383
-0.00514994794503
-0.00523595558479
-0.00531035335734
-0.00537282600999
-0.00542302941903
-0.00546065438539
-0.00548534886912
-0.00549677340314
-0.0054945894517
-0.00547849293798
-0.00544817466289
-0.00540334917605
-0.00534371007234
-0.00526904733852
-0.00517916213721
-0.00507385004312
-0.00495302258059
-0.00481654517353
-0.00466445507482
-0.00449670106173
-0.0043133739382
-0.00411482481286
-0.00390108302236
-0.00367247941904
-0.00342941144481
-0.00317242904566
-0.00290223630145
-0.00261915754527
-0.00232404773124
-0.00201783049852
-0.00170145859011
-0.00137603469193
-0.0010423483327
-0.000701864657458
-0.000355872412911
-5.83846122026e-06
0.000347106106346
0.000701202312484
0.00105466600507
0.00140623841435
0.00175406329799
0.00209633470513
0.00243112188764
0.0027569453232
0.00307185505517
0.00337391463108
0.00366159691475
0.00393297057599
0.00418634572998
0.0044199959375
0.00463255262002
0.00482231657952
0.00498781586066
0.0051280525513
0.0052417726256
0.00532777654007
0.00538530340418
0.00541378324851
0.00541270896792
0.00538155203685
0.00532020675018
0.00522901164368
0.00510816415772
0.00495808338746
0.00477938028052
0.00457330327481
0.0043411613442
0.00408391607925
0.00380348972976
0.00350166019052
0.0031806176994
0.00284262560308
0.00248981057666
0.00212530046701
0.00175157492049
0.00137177028228
0.000988599844277
0.000605534587521
0.000226018062676
-0.000147021040902
-0.0005099021364
-0.000859590771142
-0.00119236134924
-0.00150514754932
-0.00179445673712
-0.00205749948509
-0.0022909801919
-0.00249207671732
-0.00265798601322
-0.00278657139279
-0.00287545146421
-0.00292246462777
-0.0029259712901
-0.00288489158265
-0.00279816868715
-0.00266469107009
-0.00248437863775
-0.00225744675845
-0.00198454642668
-0.0016660381807
-0.00130309874658
-0.000898128317203
-0.000452793959994
3.03857796098e-05
0.000548904936295
0.00109864806291
0.00167622871231
0.00227830279619
0.00289992359467
0.00353648443706
0.00418341439217
0.00483516929671
0.00548704247922
0.00613273773342
0.0067669195123
0.00738421361893
0.00797830056399
0.00854369439185
0.00907488819212
0.00956561975181
0.0100107491016
0.0104053001851
0.0107437474653
0.0110211735591
0.0112332683057
0.0113762505352
0.0114461705089
0.011439403519
0.0113532599062
0.0111859915778
0.0109356921166
0.0106005966663
0.0101801306009
0.00967520661652
0.00908613111824
0.0084135401994
0.00765955774114
0.00682675745338
0.00591899640858
0.00493900571018
0.00389136606827
0.0027814260684
0.00161401380319
0.000395747629227
-0.000867321970873
-0.00216790800914
-0.00349872745574
-0.00485245417804
-0.00622171163559
-0.00759675027803
-0.00896981358528
-0.0103324605152
-0.0116761345416
-0.0129921939224
-0.0142720369622
-0.0155070591718
-0.0166892036796
-0.0178106520325
-0.0188640877604
-0.0198407974094
-0.020734699443
-0.0215397663414
-0.0222499668598
-0.0228594616055
-0.0233639348298
-0.0237599220127
-0.0240439325571
-0.0242126844823
-0.0242647528648
-0.0241996403784
-0.0240168552846
-0.0237161181867
-0.0232990365475
-0.0227681584656
-0.0221260581166
-0.0213754530996
-0.0205212496221
-0.0195679105818
-0.0185210835189
-0.01738618128
-0.0161699764431
-0.0148797854781
-0.0135229825974
-0.0121070053428
-0.0106400409713
-0.00913065765053
-0.00758817372844
-0.00601964630187
-0.00443454552442
-0.00284163840115
-0.00124972884078
0.000332456926117
0.00189587660134
0.0034340203274
0.00493805250153
0.00640000682324
0.00781294424087
0.00916965119541
0.0104649690911
0.0116918170825
0.0128452377394
0.013920285739
0.0149136176333
0.0158205013722
0.0166382845491
0.0173646695912
0.0179984141141
0.0185373816639
0.0189812015742
0.0193308368325
0.0195865351707
0.0197488907725
0.0198202319443
0.0198031757027
0.0197004452348
0.0195148531348
0.0192504283041
0.0189117453992
0.0185029692948
0.0180289912969
0.017494674772
0.0169057399035
0.0162680260837
0.0155865419656
0.0148677788675
0.0141169950366
0.0133408308029
0.0125445025042
0.0117344623432
0.0109156379476
0.010094457306
0.00927573256195
0.00846523977816
0.00766699854285
0.00688657490537
0.00612789997831
0.00539545342326
0.00469205947593
0.00402186112478
0.00338782905601
0.00279196328484
0.00223673786968
0.00172354467213
0.00125462701544
0.000830340490211
0.000450821215054
0.00011672070832
-0.000172061249032
-0.000416531984229
-0.000617663259618
-0.000776818429586
-0.000895422126632
-0.000975545088295
-0.00101970718242
-0.00103035476059
-0.0010100385407
-0.000961876474321
-0.000889143673703
-0.000795063329861
-0.000683062185999
-0.000556678336579
-0.000419516902184
-0.000275167578366
-0.000127388047986
2.03444578801e-05
0.000164495999343
0.000301581516396
0.000428143976023
0.000541181245353
0.000637616263703
0.000714563706424
0.000769218313508
0.000799356843345
0.000802964204922
0.000778025190812
0.000722707947716
0.000635895878077
0.000516721105669
0.000364449108019
0.000178349262569
-4.13539237343e-05
-0.000294256198686
-0.000579878047574
-0.000897642283235
-0.00124609144405
-0.00162353995256
-0.00202835327946
-0.00245866994374
-0.00291200121865
-0.00338535080664
-0.0038765410427
-0.00438247760758
-0.00489986687899
-0.00542526645586
-0.00595525000244
-0.0064863213338
-0.00701476912946
-0.00753685226664
-0.00804878398776
-0.00854656286538
-0.00902710016817
-0.00948648154736
-0.00992103852332
-0.0103272646666
-0.0107017401606
-0.0110418992117
-0.0113444058225
-0.0116063663736
-0.0118253529072
-0.0119996042922
-0.0121268099174
-0.0122047802433
-0.0122328037396
-0.0122099649161
-0.0121354348958
-0.0120087293908
-0.011829954572
-0.0115997754037
-0.0113189322874
-0.0109878676012
-0.0106084942818
-0.0101830400527
-0.00971297267824
-0.00920103769749
-0.00864962302148
-0.00806259457022
-0.00744249578565
-0.0067930361256
-0.00611858023331
-0.00542250694707
-0.00470974482596
-0.00398372486234
-0.00324976304546
-0.00251172203571
-0.00177497288678
-0.00104376196396
-0.000322268460877
0.00038415635936
0.00107166997623
0.00173511169851
0.0023710608948
0.00297489133663
0.00354295200668
0.00407168734819
0.00455752806738
0.00499783316627
0.00538986362517
0.00573066202924
0.00601876247674
0.00625282991678
0.00643125129864
0.00655303196982
0.00661821756512
0.00662706233561
0.00657988339663
0.00647728983313
0.00632108002901
0.00611323630437
0.00585562642664
0.00555087672547
0.00520217930898
0.0048130787909
0.00438714493066
0.00392815191299
0.00344063760713
0.00292902439833
0.00239856122062
0.00185377593152
0.0012998811435
0.000742171076126
0.000185924945981
-0.000363591796486
-0.000901131657884
-0.00142147520091
-0.00191938737407
-0.00238979631104
-0.00282809394412
-0.00322976591997
-0.00359029741958
-0.00390545348637
-0.00417181896046
-0.00438611907884
-0.00454532215372
-0.00464645726606
-0.00468780938536
-0.00466789212078
-0.00458519300446
-0.00443864893168
-0.00422857934609
-0.00395523197949
-0.00361912790686
-0.00322116096504
-0.00276348064654
-0.00224873842672
-0.00167882046662
-0.00105671654455
-0.000386302737752
0.000327947869664
0.00108269986231
0.00187320495024
0.00269390689209
0.00354025140405
0.00440653273836
0.00528682954609
0.00617608614266
0.00706748804078
0.0079558705911
0.00883484818041
0.0096980156377
0.010540262796
0.0113547965884
0.0121365953237
0.0128795653582
0.013579107821
0.0142293199897
0.0148257762194
0.0153638226911
0.0158399231732
0.0162496622652
0.0165896583349
0.0168575067073
0.0170507449657
0.0171671919525
0.0172049887478
0.0171636324376
0.0170426778495
0.01684198156
0.0165616292506
0.016202820465
0.0157676208764
0.0152574945241
0.0146745322272
0.014021593146
0.0133028021082
0.0125212622806
0.0116807129234
0.0107858451083
0.00984092801809
0.0088517582044
0.00782288517803
0.00675983773544
0.00566827459261
0.004553809762
0.0034221552778
0.00227914541028
0.00113005784806
-1.80958886631e-05
-0.00116012361832
-0.00229053059593
-0.00340389297344
-0.00449472619221
-0.0055578071624
-0.00658856378868
-0.00758246984333
-0.0085345748812
-0.00944166537374
-0.0102999536321
-0.0111063253134
-0.0118576362729
-0.0125511493534
-0.0131851462647
-0.0137580959126
-0.0142682595178
-0.0147149404511
-0.0150978062302
-0.0154169723392
-0.0156725067645
-0.015864809975
-0.0159954465926
-0.0160658508539
-0.0160776022822
-0.016032602638
-0.0159333273768
-0.0157825052738
-0.015582986176
-0.0153373898938
-0.0150493495166
-0.0147219412029
-0.014358734712
-0.0139634376392
-0.0135392295197
-0.0130902193487
-0.0126195913181
-0.0121314292774
-0.0116286892444
-0.011115337722
-0.0105942795053
-0.0100693646818
-0.00954295229167
-0.0090184500441
-0.00849818531424
-0.00798535346985
-0.00748179573566
-0.00698930816725
-0.00651043700054
-0.00604672683403
-0.00559915183112
-0.00516930641606
-0.00475804647431
-0.00436607515439
-0.0039941133
-0.00364218745381
-0.00331051298417
-0.00299900467508
-0.0027075316757
-0.00243544974364
-0.00218223663978
-0.0019472973654
-0.00172967137769
-0.00152827077545
-0.00134228856768
-0.00117059599143
-0.00101197801996
-0.000865211535711
-0.000729068764485
-0.00060232548276
-0.000483772688312
-0.000372195208911
-0.000266374234343
-0.000165166333318
-6.7499713623e-05
2.7598665838e-05
0.00012117838196
0.000214169675019
0.000307280803099
0.000401292694733
0.000496895401739
0.000594735320192
0.000695248600096
0.000798814115115
0.000905815686565
0.00101668597199
0.00113154656719
0.00125058554113
0.00137386331335
0.00150165567175
0.00163393619005
0.00177073769737
0.00191201758571
0.00205792952329
0.00220845034346
0.00236351881176
0.00252331816591
0.00268777366728
0.00285714003257
0.00303140678443
0.00321087474003
0.00339556531981
0.00358591368422
0.0037820469588
0.0039844578132
0.00419328222051
0.00440912740305
0.00463222665712
0.00486323842779
0.00510237505659
0.00535018462688
0.00560727901757
0.00587385054678
0.00615045800805
0.00643756333739
0.00673518888652
0.00704379379749
0.00736358575523
0.00769469700754
0.0080367513001
0.00838986411691
0.00875379703939
0.00912799313664
0.00951195321977
0.00990469194949
0.0103055574
0.0107132168487
0.0111262584105
0.0115432897583
0.0119627118111
0.0123823704198
0.0128000564873
0.0132135404274
0.0136203784496
0.0140176918358
0.0144024742767
0.0147717436776
0.0151223689318
0.0154508464038
0.0157536491752
0.0160272121429
0.0162678640336
0.0164720695466
0.0166359711438
0.0167558323592
0.0168279688805
0.0168489068747
0.0168151333928
0.0167231857777
0.0165697764605
0.0163523014635
0.0160678438842
0.0157138668001
0.015288265422
0.0147890858352
0.0142156025395
0.013565835543
0.0128392037004
0.0120364269242
0.0111571447924
0.0102027449757
0.00917319767177
0.00807189475745
0.00690089259297
0.00566208967939
0.0043598129414
0.0029971874319
0.00158029457089
0.000113179237815
-0.0013998147333
-0.0029507484287
-0.00453375419602
-0.00614299671724
-0.00776992551982
-0.00940746441483
-0.0110483467579
-0.0126829016954
-0.01430373732
-0.015902178362
-0.017469516024
-0.0189969968051
-0.0204766448587
-0.0218985378742
-0.0232549421489
-0.0245373640209
-0.0257376395166
-0.0268484354019
-0.0278625506908
-0.0287728197873
-0.0295725613832
-0.0302565339953
-0.030819857493
-0.0312575995922
-0.0315654501319
-0.0317411534488
-0.0317828394473
-0.0316885076463
-0.0314569845796
-0.0310893170536
-0.030587002635
-0.029951961711
-0.0291855875403
-0.0282926801592
-0.0272781085223
-0.0261474251747
-0.0249047894031
-0.023558197543
-0.0221162177622
-0.0205850247294
-0.018973575905
-0.0172922648489
-0.0155490692705
-0.0137556241825
-0.0119199510664
-0.0100545641035
-0.00816811900586
-0.00627327430993
-0.00437865639105
-0.00249656848609
-0.000635415955912
0.00119255727623
0.00297829136252
0.00471359863877
0.00638788426295
0.00799317844212
0.00952185783535
0.0109656397253
0.0123188290745
0.0135750267655
0.0147288739681
0.0157754272223
0.0167118292302
0.0175346694887
0.0182411205024
0.0188307147473
0.0193028002977
0.0196574609727
0.0198950599879
0.0200179927051
0.020029136911
0.0199313536286
0.0197279714048
0.0194239933044
0.019024822861
0.0185358449817
0.0179627817124
0.017312919721
0.0165925752372
0.0158092863858
0.0149703184143
0.0140834944323
0.0131567502394
0.0121985767037
0.0112157836556
0.0102167250589
0.00920917652547
0.00820145290345
0.00719996215776
0.00621217209846
0.00524540059268
0.00430543441325
0.00339965475723
0.00253243884072
0.00170967669692
0.000935528310947
0.000215427455259
-0.000448130827863
-0.00105161371175
-0.0015928032808
-0.00206861784682
-0.00247861281969
-0.00282179121859
-0.00309779541567
-0.00330650643446
-0.00344886514358
-0.00352660147473
-0.00354126770981
-0.00349468551576
-0.00338986515999
-0.00323015358299
-0.00301877269521
-0.00275940564461
-0.00245625386015
-0.00211385381408
-0.00173672568053
-0.00132945214864
-0.000896983430721
-0.000444391858764
2.32973561651e-05
0.000501043512486
0.000983888865449
0.00146694330033
0.00194527336862
0.00241406774148
0.00286900391802
0.00330593576655
0.00372067233548
0.00410921825096
0.00446835672483
0.00479500740767
0.00508655747399
0.00534008257091
0.00555383833125
0.00572632392868
0.00585631560534
0.00594248762354
0.00598468026146
0.00598314078525
0.00593806151301
0.00584984896705
0.00571982795373
0.00554981129244
0.00534139433876
0.00509658968076
0.00481782807037
0.00450831651688
0.00417067250237
0.00380823388696
0.00342437601648
0.00302256597206
0.00260690366849
0.00218089693226
0.00174821494147
0.00131320708897
0.000879578583408
0.000450994702987
3.15723009408e-05
-0.000375308474759
-0.000766058859881
-0.00113716884516
-0.00148565892596
-0.00180894031655
-0.00210391473956
-0.00236811302602
-0.00259967753664
-0.00279707671143
-0.00295878667384
-0.00308339623734
-0.00317044253461
-0.00321983243339
-0.00323151238263
-0.00320550822653
-0.00314283045009
-0.00304485508241
-0.0029129863251
-0.00274871196598
-0.00255447952077
-0.0023328056559
-0.00208646571264
-0.00181822350714
-0.00153161794879
-0.00123000680469
-0.000917174911592
-0.00059694738593
-0.000273005076451
5.02546026837e-05
0.000369018845959
0.000679042830598
0.000976147362962
0.00125658710022
0.00151607603766
0.00175082485657
0.0019573122263
0.00213200319558
0.0022716766689
0.00237290095538
0.002433139598
0.00245014787652
0.0024216347374
0.00234546326101
0.00222035404295
0.00204540626146
0.00181996251922
0.00154325959738
0.00121553894132
0.000837616214994
0.00041027989937
-6.56009651721e-05
-0.000588178401813
-0.00115510087926
-0.00176398199983
-0.00241241324693
-0.0030971490778
-0.00381446210667
-0.00456065777689
-0.00533199030906
-0.00612410157919
-0.0069323158823
-0.00775196123868
-0.00857792329043
-0.00940600596368
-0.010230621323
-0.0110465893522
-0.0118483621627
-0.0126315206289
-0.0133905028924
-0.0141198085621
-0.01481498871
-0.015470854938
-0.0160824470222
-0.0166457239538
-0.0171555317938
-0.017608307302
-0.0179999303073
-0.0183270908892
-0.0185858681798
-0.0187735371292
-0.0188877936453
-0.0189261753112
-0.0188864450902
-0.0187671110034
-0.0185675323009
-0.0182868558913
-0.017924355343
-0.0174800232053
-0.0169551838189
-0.0163505151868
-0.0156669896096
-0.0149064669386
-0.0140714840963
-0.0131646012887
-0.0121883982792
-0.0111462837085
-0.0100422743708
-0.00888039451092
-0.00766471633688
-0.00639992486686
-0.00509120849892
-0.00374375656247
-0.0023627972696
-0.000953956099693
0.0004761365999
0.00192289496772
0.00337967812084
0.0048403874971
0.0062980982475
0.00774797657505
0.00918311160058
0.0105967307463
0.0119841899723
0.0133381988853
0.0146540608257
0.0159249212593
0.0171467289329
0.0183130670339
0.0194197893143
0.0204611811787
0.021434109658
0.022333541885
0.0231558680534
0.0238980408758
0.0245566945523
0.0251295808703
0.0256142821163
0.0260085109621
0.0263115186244
0.0265223365277
0.0266400184482
0.0266644041985
0.0265961829573
0.0264361687005
0.026185117662
0.0258445702493
0.0254168938845
0.0249044932425
0.024309778586
0.0236358102411
0.0228867642581
0.0220658127218
0.0211771056056
0.0202249865979
0.0192143898457
0.0181502737105
0.0170381404459
0.0158821959049
0.0146886054426
0.0134636154398
0.0122117390856
0.0109393009916
0.00965282134712
0.00835697539151
0.00705889705569
0.0057631698437
0.00447669252753
0.00320389145054
0.0019516418688
0.00072413746966
-0.000472469895612
-0.00163437100127
-0.00275550340302
-0.00383191299625
-0.00485972361639
-0.00583554292098
-0.00675461860374
-0.00761412642896
-0.00841162260622
-0.00914471410215
-0.00981133431196
-0.0104090180248
-0.0109373079613
-0.0113954655826
-0.011782778427
-0.0120991058648
-0.0123453307897
-0.0125224711373
-0.0126315159723
-0.012674016878
-0.0126525042579
-0.0125696910545
-0.012428149581
-0.0122309727594
-0.0119821578264
-0.0116858910769
-0.0113459322602
-0.0109668029472
-0.0105534913018
-0.0101112956181
-0.00964486692101
-0.00915988441557
-0.00866139959544
-0.0081554884091
-0.00764722982422
-0.00714268675074
-0.00664680311456
-0.00616559246555
-0.0057040262036
-0.00526782916859
-0.00486157182604
-0.00448975618929
-0.00415751012042
-0.00386896263808
-0.00362760736607
-0.00343663967215
-0.00329963071272
-0.00321930274367
-0.0031972527504
-0.00323490821756
-0.00333363958634
-0.00349432206713
-0.00371633563191
-0.00399879459292
-0.00434077810496
-0.0047408984974
-0.00519612897187
-0.00570316473022
-0.00625870842487
-0.00685897376388
-0.00749871786684
-0.00817206129432
-0.00887408293784
-0.0095986071974
-0.0103385457769
-0.0110862674192
-0.0118351466954
-0.0125770391896
-0.0133044719696
-0.0140088563785
-0.014681619592
-0.0153150763363
-0.015900503844
-0.0164295509458
-0.0168931260705
-0.0172844287008
-0.0175964999944
-0.0178218800575
-0.0179538466036
-0.0179858375341
-0.0179126374424
-0.0177297182381
-0.0174324531108
-0.017016524449
-0.0164802931249
-0.0158223286271
-0.0150413475931
-0.0141365835443
-0.0131098655984
-0.0119639076293
-0.0107013462111
-0.00932537391782
-0.00784191116691
-0.00625779852271
-0.00457982905209
-0.00281618465669
-0.000974803813733
0.000932823575567
0.00289609609172
0.0049040983431
0.00694304564968
0.00900154002011
0.0110650807619
0.0131190409884
0.0151510005817
0.0171440225095
0.0190852619708
0.0209579300135
0.0227493233979
0.0244431328028
0.0260266065598
0.0274838525802
0.028802877292
0.0299721248448
0.0309782791883
0.0318101197481
0.032458756119
0.0329156219959
0.0331731699407
0.0332238338888
0.0330636277795
0.0326903089881
0.0321017093956
0.0312959812582
0.0302753318101
0.0290441513062
0.0276068206877
0.0259681120515
0.0241367239505
0.0221237428486
0.0199402403086
0.0175975486636
0.015110434033
0.0124971140176
0.00977196916938
0.00695330742747
0.00406200205907
0.00111629802268
-0.00186137866694
-0.00484848720953
-0.00782586168498
-0.0107679599896
-0.0136548802257
-0.0164612233639
-0.0191676598042
-0.0217501465231
-0.0241896994412
-0.0264626573771
-0.0285511482507
-0.0304379481822
-0.0321066118777
-0.0335385128856
-0.034721057862
-0.0356439128518
-0.036297056824
-0.036669742316
-0.0367567166686
-0.036556430161
-0.0360674373806
-0.0352884232998
-0.0342228151858
-0.032878652215
-0.0312641076744
-0.0293883904815
-0.0272622928023
-0.0249037500471
-0.0223299916834
-0.0195583309978
-0.0166108030826
-0.0135088851675
-0.0102783730254
-0.00694531900808
-0.00353283621371
-7.09780215402e-05
0.00341003318317
0.00688493251801
0.0103216907009
0.0136947147548
0.0169718787074
0.0201259572059
0.0231309961528
0.0259588155895
0.0285870023072
0.0309878829867
0.0331405550241
0.0350271426141
0.0366300418973
0.0379322320223
0.0389187224209
0.0395826175809
0.0399168767035
0.0399143844843
0.0395723246038
0.0388951711357
0.0378880053759
0.0365559384227
0.0349081195891
0.0329612120986
0.0307337436825
0.0282408744097
0.0255043525249
0.0225514359772
0.019411759451
0.0161101855338
0.0126784071326
0.00915301870555
0.00556585751474
0.0019558405038
-0.00164448667783
-0.00519368285313
-0.00865712296218
-0.0119932554662
-0.015167882666
-0.01814211905
-0.0208820663393
-0.0233533233404
-0.0255198869854
-0.0273547619581
-0.0288305301219
-0.0299201607704
-0.0305981058627
-0.0308489650488
-0.0306583270431
-0.0300117395818
-0.0288981478661
-0.0273174140602
-0.0252716764808
-0.0227630063891
-0.0197968687862
-0.0163907967508
-0.0125650186092
-0.0083420490846
-0.0037405686453
0.00120211753529
0.00644772546366
0.0119556365535
0.0176918823272
0.0236044954509
0.029638627544
0.0357490330935
0.0418797619641
0.0479723773897
0.0539668314159
0.0598030164838
0.0654207989573
0.0707592144608
0.0757571533322
0.0803558602929
0.0844900384545
0.0881085917354
0.0911552086473
0.0935747995973
0.0953177884221
0.0963409096003
0.0966046079993
0.0960711017251
0.0947037115693
0.0924809202552
0.0893873199821
0.0854075327516
0.0805257633328
0.0747483670712
0.0680878385901
0.0605527609587
0.0521652065217
0.0429457090795
0.0329495184124
0.022209212184
0.010773729533
-0.00129529298283
-0.013933904469
-0.0270659700036
-0.0406197831035
-0.0545168891549
-0.0686582326889
-0.0829513221979
-0.0973099246621
-0.111632980406
-0.125808209181
-0.139730289578
-0.153293937445
-0.166399806738
-0.17894141376
-0.190806493163
-0.201894953847
-0.212103739381
-0.221340224147
-0.229515641928
-0.236536905169
-0.242324620485
-0.246812835336
-0.249937877059
-0.251630306244
-0.251850008965
-0.250566720963
-0.247752338648
-0.243378713727
-0.237445041537
-0.229970216751
-0.220966815948
-0.210452407598
-0.198479101062
-0.185104340315
-0.170390456915
-0.154410466552
-0.137248247862
-0.119009010494
-0.0998075678945
-0.0797428786755
-0.0589419305325
-0.0375420562923
-0.0156915895641
0.00648077949882
0.0288266129792
0.0511926226318
0.0734143555164
0.0953598618507
0.1168570593
0.137767225504
0.157930731773
0.177219688892
0.195483237505
0.212614417076
0.228470161557
0.242938175797
0.255925327539
0.26734828949
0.277123510838
0.285174369812
0.291456848383
0.295949876308
0.298619806767
0.29944524169
0.29836294055
0.295488238335
0.290847271681
0.284488379955
0.276486247778
0.266926169395
0.255893677473
0.243483632803
0.229825109243
0.215038105845
0.199249133468
0.18259100616
0.165218830109
0.147264525294
0.128902852535
0.110257148743
0.0915029495955
0.072763338685
0.0542056113482
0.0359712541103
0.0181818455458
0.00096722622402
-0.015535206534
-0.0312132686377
-0.0459805876017
-0.0597373768687
-0.0723977610469
-0.0838826596737
-0.0941567197442
-0.103172726929
-0.110878631473
-0.11726565659
-0.122333429754
-0.126086965203
-0.1285289675
-0.129694953561
-0.129631429911
-0.128385871649
-0.126008585095
-0.12257155031
-0.118155427277
-0.112843252718
-0.106713324785
-0.0998633652925
-0.0923783108592
-0.0843552425504
-0.0759162083268
-0.0671728700399
-0.0582239516079
-0.049172449857
-0.0401186682284
-0.0311603229493
-0.0223850328475
-0.0138848954812
-0.00574562931433
0.00195690244436
0.00915264803916
0.01577764377
0.0217650700361
0.0270716492087
0.0316573902965
0.0354794748127
0.0385066643357
0.0407271236181
0.0421273261309
0.0426958054304
0.0424343943596
0.0413585491478
0.0394844934344
0.0368275903165
0.0334178172052
0.0292945206165
0.0244946610183
0.0190599858761
0.0130400899798
0.00649084895849
-0.000531993922777
-0.00797597505152
-0.01577215828
-0.0238631572574
-0.0321765802801
-0.0406557545066
-0.0492306947708
-0.05783059448
-0.0663976147771
-0.0748574659228
-0.0831557959318
-0.0912225171924
-0.0990004464984
-0.106429427862
-0.113455913961
-0.120028741658
-0.126093477011
-0.131605014205
-0.136524036527
-0.140811771154
-0.144437402487
-0.147360906005
-0.149567469954
-0.151035487652
-0.151747912169
-0.151691406965
-0.150864124298
-0.1492626369
-0.146895483136
-0.143769904971
-0.139901772141
-0.135314956307
-0.130027636886
-0.124062158167
-0.117450676858
-0.110237985849
-0.102459251881
-0.0941584780812
-0.0853769034147
-0.0761739909649
-0.0665918812156
-0.0566919893026
-0.046527210623
-0.0361563377082
-0.0256379302591
-0.0150252217427
-0.00438869418576
0.00621716678143
0.0167380459607
0.0271043200046
0.037271220237
0.0471792593598
0.0567745380104
0.0660090371966
0.0748282968998
0.0832034870982
0.0910795852542
0.0984240546823
0.10520298034
0.111394271255
0.116969376802
0.121906809509
0.126191943884
0.129820883274
0.132787227631
0.135084435344
0.136720061302
0.137706831098
0.138058617711
0.137788936496
0.136920630932
0.135483145714
0.133507207036
0.131021916866
0.128062933683
0.124670960009
0.120886668563
0.116750918329
0.112306714058
0.107596941292
0.102671295404
0.0975728183985
0.092345751822
0.0870305001736
0.0816724523902
0.0763145312667
0.0709965005517
0.0657510310411
0.0606156922877
0.0556254200637
0.050810996443
0.0461940318346
0.0417980998755
0.037648845464
0.0337654352188
0.03015720658
0.0268348045647
0.0238103698939
0.0210907012224
0.0186724178493
0.0165563318878
0.0147395217791
0.0132185891271
0.01198185049
0.0110176149756
0.01031415537
0.00985822919756
0.00963207799941
0.0096170771867
0.00979447737336
0.0101448232308
0.0106468303129
0.0112780416384
0.0120168607682
0.0128404544666
0.0137274349108
0.0146552249789
0.0156015269458
0.01654448919
0.0174644850194
0.0183411762118
0.0191548466682
0.0198874659836
0.0205224081874
0.0210458263755
0.0214415192604
0.0216961521655
0.0217986870557
0.021739019081
0.0215083509684
0.021098446101
0.0205050762743
0.0197244882584
0.0187531355768
0.0175899285823
0.0162350609899
0.0146906748414
0.0129608167335
0.011047036387
0.00895671639591
0.00669582653791
0.00427388260141
0.00169645820279
-0.00102350697853
-0.00387788540684
-0.00685449317098
-0.00994190201163
-0.0131272235885
-0.0163973122835
-0.0197390206158
-0.0231389272958
-0.0265831332654
-0.0300576705486
-0.033546872437
-0.0370402447879
-0.0405211858451
-0.0439780429006
-0.0473974645138
-0.0507653653622
-0.0540736056864
-0.0573078170419
-0.0604568906128
-0.0635138303041
-0.0664662718773
-0.0693102255464
-0.0720349624753
-0.0746342763305
-0.0771058350801
-0.0794417783618
-0.0816398561001
-0.0836972519755
-0.0856108888984
-0.0873820409179
-0.089007049799
-0.0904876515269
-0.0918239429593
-0.0930174812675
-0.0940686091781
-0.0949787348509
-0.0957495048642
-0.0963824763894
-0.096879594028
-0.0972409248352
-0.0974678993225
-0.0975607484579
-0.0975194424391
-0.0973242297769
-0.096968151629
-0.0964743569493
-0.0958407446742
-0.0950642004609
-0.0941393300891
-0.0930632278323
-0.0918298214674
-0.0904344469309
-0.0888701677322
-0.0871315523982
-0.0852113515139
-0.0831017270684
-0.0807989314198
-0.078292965889
-0.075579918921
-0.0726547688246
-0.0695095732808
-0.0661436468363
-0.0625490993261
-0.0587297640741
-0.054679337889
-0.0504025518894
-0.0458955615759
-0.0411696657538
-0.0362257175148
-0.0310713108629
-0.0257132481784
-0.0201663207263
-0.0144429886714
-0.00855315290391
-0.00251922244206
0.00364493578672
0.00991700496525
0.0162772089243
0.0227022245526
0.0291700605303
0.0356493853033
0.0421212203801
0.0485519655049
0.0549198389053
0.0611905120313
0.0673392042518
0.0733411833644
0.0791626051068
0.0847789347172
0.0901631265879
0.0952877551317
0.100134752691
0.104674994946
0.108888618648
0.112755291164
0.116263002157
0.119390696287
0.122123681009
0.124455027282
0.126377210021
0.127872437239
0.12894667685
0.129601046443
0.129838719964
0.129662290215
0.129077076912
0.128093287349
0.126723200083
0.124980576336
0.12287787348
0.120434015989
0.117669202387
0.114605680108
0.111255608499
0.107647970319
0.103810288012
0.0997680127621
0.095548696816
0.0911757349968
0.0866803079844
0.0820856466889
0.0774228721857
0.0727159678936
0.0679906085134
0.0632701292634
0.0585840083659
0.0539520122111
0.0493929646909
0.044932231307
0.0405856519938
0.0363713018596
0.0323033966124
0.0283961053938
0.0246628988534
0.0211123023182
0.0177490804344
0.0145813813433
0.0116151077673
0.00885009672493
0.0062878341414
0.00392347294837
0.00175909802783
-0.00021260631911
-0.00199803593569
-0.00360468751751
-0.00504076899961
-0.0063158608973
-0.00744073884562
-0.00842684134841
-0.0092860236764
-0.010029903613
-0.0106714172289
-0.0112231038511
-0.0116972690448
-0.0121058486402
-0.0124601656571
-0.0127712404355
-0.0130501044914
-0.0133061930537
-0.0135471746325
-0.0137803275138
-0.0140132848173
-0.0142515562475
-0.014498045668
-0.0147556690499
-0.0150268534198
-0.0153130339459
-0.0156126609072
-0.0159238129854
-0.0162445530295
-0.0165721923113
-0.0169016439468
-0.0172278713435
-0.0175453331321
-0.017848642543
-0.0181237608194
-0.0183711759746
-0.0185838136822
-0.0187552627176
-0.0188789721578
-0.0189489796758
-0.0189589969814
-0.0189030840993
-0.0187771264464
-0.018577683717
-0.0183012075722
-0.0179448239505
-0.0175078455359
-0.0169915165752
-0.0163966491818
-0.015725184232
-0.0149811841547
-0.0141714904457
-0.0133038628846
-0.0123845795169
-0.0114242080599
-0.0104371840134
-0.00943561363965
-0.00843459088355
-0.00745001854375
-0.00650201691315
-0.00561127392575
-0.00479764863849
-0.00408435380086
-0.00349722267129
-0.0030618486926
-0.0028049251996
-0.00275392876938
-0.00293861376122
-0.00338912475854
-0.00413530599326
-0.00520769832656
-0.00663703959435
-0.00845415238291
-0.0106887910515
-0.0133714415133
-0.0165290459991
-0.0201883558184
-0.0243739672005
-0.0291117560118
-0.034419182688
-0.040315810591
-0.0468091145158
-0.0539209879935
-0.061649877578
-0.069995328784
-0.0789567902684
-0.0885243266821
-0.0986863523722
-0.109414182603
-0.12068361789
-0.132465213537
-0.144710555673
-0.157366722822
-0.170380696654
-0.183683395386
-0.197198823094
-0.21085909009
-0.22457253933
-0.238242834806
-0.25177910924
-0.265061289072
-0.277977049351
-0.290410786867
-0.302233576775
-0.313319295645
-0.323521256447
-0.332711875439
-0.340752780437
-0.347499519587
-0.352821141481
-0.356573849916
-0.358626961708
-0.358850628138
-0.357118844986
-0.353306800127
-0.347296327353
-0.339002758265
-0.328332096338
-0.315212935209
-0.299591481686
-0.281429260969
-0.260687798262
-0.237355828285
-0.211448267102
-0.183002009988
-0.152070567012
-0.118694543839
-0.0829866528511
-0.0450908541679
-0.00511413812637
0.0367986150086
0.0804225057364
0.125564455986
0.171987622976
0.219457194209
0.267736107111
0.316463142633
0.365416795015
0.414220243692
0.462582021952
0.510158598423
0.556583464146
0.601509690285
0.644602298737
0.685483515263
0.723814606667
0.759230196476
0.791404485703
0.820013523102
0.844744443893
0.865289211273
0.88140052557
0.892838656902
0.899350941181
0.900745630264
0.896898090839
0.887681782246
0.872985184193
0.852746546268
0.827001690865
0.795784175396
0.759129822254
0.717159330845
0.670072317123
0.618045210838
0.561332523823
0.500173211098
0.434986144304
0.366105556488
0.293863505125
0.218769207597
0.141243875027
0.0618526823819
-0.018944747746
-0.100605331361
-0.182558685541
-0.264234572649
-0.345061898232
-0.424423694611
-0.501814544201
-0.576577425003
-0.648173868656
-0.716067135334
-0.779737234116
-0.838634729385
-0.892287433147
-0.940277218819
-0.982195675373
-1.01768302917
-1.04637765884
-1.06804525852
-1.08248031139
-1.08950221539
-1.08894908428
-1.08057951927
-1.06467461586
-1.04128873348
-1.0104906559
-0.972538948059
-0.927684664726
-0.876196086407
-0.818417847157
-0.75477206707
-0.685770094395
-0.611854076385
-0.533534288406
-0.451463490725
-0.366228878498
-0.27850034833
-0.188881784678
-0.0980684310198
-0.00680670095608
0.084246404469
0.174349412322
0.262856572866
0.349078655243
0.432287037373
0.5118663311
0.587220430374
0.657727599144
0.722836792469
0.781990885735
0.834800481796
0.88085347414
0.919721186161
0.951097488403
0.974781155586
0.990608811378
0.998400807381
0.998074471951
0.989702522755
0.973361968994
0.949143648148
0.917217612267
0.877902388573
0.83154964447
0.778497755527
0.719110846519
0.653977334499
0.583644390106
0.508585691452
0.429510086775
0.346988201141
0.261780709028
0.174533054233
0.0859954431653
-0.00313426414505
-0.0921163782477
-0.180169507861
-0.266613215208
-0.350745767355
-0.431829154491
-0.509204983711
-0.582231342793
-0.6503059268
-0.712896943092
-0.769413232803
-0.819411873817
-0.862529397011
-0.898407578468
-0.926677405834
-0.947107493877
-0.959611177444
-0.964075088501
-0.960408687592
-0.948640823364
-0.928936719894
-0.901481211185
-0.866421222687
-0.824071586132
-0.774854958057
-0.719142913818
-0.657437384129
-0.590158343315
-0.517971992493
-0.441454172134
-0.361212790012
-0.277941644192
-0.192313358188
-0.105081133544
-0.0169160664082
0.0714667513967
0.15934805572
0.245967820287
0.330649852753
0.412674337626
0.491487145424
0.566383719444
0.636741220951
0.702037930489
0.761810481548
0.815600216389
0.862928271294
0.903454244137
0.93692368269
0.963136911392
0.981837213039
0.992898643017
0.996339261532
0.992170870304
0.980421245098
0.961193442345
0.934713721275
0.901276528835
0.861090302467
0.814512193203
0.761984944344
0.703899383545
0.640754699707
0.573007822037
0.501254379749
0.426028817892
0.347897350788
0.267440468073
0.185307860374
0.102070920169
0.0183405205607
-0.0652412474155
-0.148138493299
-0.22977681458
-0.309542626143
-0.38693100214
-0.461464673281
-0.532675862312
-0.600064814091
-0.663238048553
-0.721842348576
-0.775624215603
-0.824222505093
-0.867376029491
-0.904975473881
-0.936860382557
-0.96292257309
-0.983064293861
-0.99732863903
-1.00576364994
-1.00842952728
-1.00520145893
-0.99647128582
-0.982455670834
-0.963358700275
-0.939418554306
-0.910928189754
-0.878206372261
-0.841589391232
-0.801388263702
-0.757962226868
-0.71168255806
-0.662944436073
-0.612096190453
-0.55950576067
-0.505539834499
-0.450592249632
-0.394998788834
-0.339088320732
-0.28317424655
-0.227597206831
-0.172610908747
-0.118524119258
-0.0655615776777
-0.0138977319002
0.0361952930689
0.0845813602209
0.131136208773
0.175735592842
0.218238383532
0.258619040251
0.296812057495
0.332810997963
0.366575539112
0.398153752089
0.427565783262
0.454877883196
0.480141669512
0.503431022167
0.524842321873
0.544463276863
0.562401592731
0.578759551048
0.593645572662
0.607167720795
0.619434833527
0.630542576313
0.640592157841
0.649663567543
0.657851338387
0.665231466293
0.671852529049
0.677771449089
0.683034777641
0.687675893307
0.691703021526
0.695118784904
0.697925448418
0.700113892555
0.701647102833
0.702483892441
0.702585339546
0.701900660992
0.700367510319
0.697914004326
0.694465041161
0.689957201481
0.684166550636
0.677078008652
0.668694198132
0.658933103085
0.647725522518
0.635008454323
0.620703399181
0.604756832123
0.587108671665
0.567735671997
0.546591460705
0.523628354073
0.498859614134
0.472277522087
0.44388499856
0.413687825203
0.381721138954
0.348036020994
0.312683671713
0.275717407465
0.237217888236
0.197283804417
0.156014189124
0.113509252667
0.0699124708772
0.0253215916455
-0.0201024580747
-0.0662190020084
-0.11287266016
-0.159871354699
-0.207090601325
-0.254338085651
-0.301437228918
-0.348203867674
-0.394453763962
-0.439980596304
-0.484645366669
-0.52824318409
-0.570591807365
-0.611509263515
-0.650819659233
-0.688358545303
-0.723962068558
-0.757482528687
-0.788733661175
-0.817599236965
-0.843949198723
-0.867663145065
-0.888599991798
-0.906688690186
-0.921828389168
-0.933945059776
-0.942956924438
-0.94882619381
-0.951519906521
-0.951004743576
-0.946954607964
-0.939689815044
-0.929236412048
-0.915615022182
-0.898867249489
-0.879053354263
-0.856274008751
-0.830594003201
-0.802112579346
-0.770971179008
-0.737280249596
-0.701193809509
-0.662855267525
-0.622417449951
-0.580107033253
-0.536091804504
-0.490538150072
-0.44367697835
-0.395752906799
-0.346940457821
-0.297484755516
-0.2476169765
-0.19757437706
-0.147570237517
-0.0978902727365
-0.0487449169159
-0.00034349609632
0.0470577254891
0.093226544559
0.13792347908
0.181006416678
0.222207516432
0.261343568563
0.29823243618
0.332733571529
0.364672929049
0.393881380558
0.420259535313
0.443701088428
0.46411678195
0.481425315142
0.495549201965
0.506487071514
0.514215707779
0.518730938435
0.520042181015
0.518212258816
0.513308882713
0.505394220352
0.494565576315
0.48094651103
0.464692562819
0.44592705369
0.424813628197
0.401546508074
0.376311451197
0.349335938692
0.320798993111
0.290965348482
0.260040998459
0.228280842304
0.195925787091
0.16319462657
0.130367666483
0.0976972728968
0.0654504820704
0.0338849015534
0.00319193839096
-0.0263413693756
-0.0544965304434
-0.0810782760382
-0.105859234929
-0.12866461277
-0.149286791682
-0.167571499944
-0.183386936784
-0.19657792151
-0.207024604082
-0.214635252953
-0.21934749186
-0.221098765731
-0.219831943512
-0.21553876996
-0.208244934678
-0.197964757681
-0.184726595879
-0.168604925275
-0.149693205953
-0.1281131953
-0.103950276971
-0.0773612707853
-0.04852059111
-0.0176027752459
0.0152322901413
0.0497478991747
0.0857499465346
0.122994817793
0.16125433147
0.200303599238
0.239848688245
0.279670357704
0.319492429495
0.359055936337
0.398100048304
0.436382174492
0.473605126143
0.509553968906
0.543971121311
0.576632738113
0.607268512249
0.635688662529
0.661682367325
0.685055196285
0.705612897873
0.723195493221
0.73765283823
0.748867809772
0.756701350212
0.761052429676
0.761862576008
0.75907343626
0.752630054951
0.742506980896
0.728727817535
0.711309671402
0.69029635191
0.665721893311
0.637684285641
0.606318056583
0.571700155735
0.533994853497
0.493339926004
0.449910223484
0.403928011656
0.355544239283
0.305012822151
0.252569794655
0.198423817754
0.142874777317
0.0861362889409
0.0285077039152
-0.0297389868647
-0.0883579328656
-0.147037386894
-0.205493584275
-0.263442516327
-0.320631623268
-0.376733154058
-0.431532293558
-0.484730750322
-0.536091446877
-0.585351526737
-0.632279157639
-0.676642000675
-0.718221366405
-0.756854176521
-0.792347729206
-0.824529409409
-0.853242099285
-0.878387570381
-0.899855494499
-0.917548000813
-0.931383907795
-0.941338300705
-0.947391808033
-0.949530184269
-0.94775480032
-0.942114889622
-0.932682573795
-0.919526994228
-0.902716934681
-0.882408797741
-0.858717679977
-0.831781923771
-0.801789700985
-0.768894910812
-0.733317434788
-0.695258140564
-0.654876947403
-0.612453699112
-0.56822603941
-0.522431671619
-0.475287646055
-0.427085161209
-0.378004044294
-0.328363418579
-0.278362959623
-0.228266432881
-0.178311645985
-0.128736361861
-0.0797488167882
-0.0315858758986
0.0155460126698
0.0614637993276
0.105920821428
0.148794412613
0.18992164731
0.229098275304
0.266213417053
0.301129043102
0.333738058805
0.363949418068
0.391631036997
0.416752874851
0.439247131348
0.459073424339
0.476174652576
0.490542531013
0.502178192139
0.511082470417
0.517268419266
0.520767748356
0.521627783775
0.519886255264
0.51559150219
0.508833944798
0.499698877335
0.48827123642
0.474631428719
0.458906859159
0.441191673279
0.421597242355
0.4002648592
0.377301484346
0.352854371071
0.32705873251
0.300052255392
0.271966636181
0.242981612682
0.213199436665
0.182818189263
0.151978358626
0.120821192861
0.0895202979445
0.058233615011
0.0271203108132
-0.00367562612519
-0.0339786484838
-0.063630387187
-0.0924759805202
-0.120361357927
-0.147145196795
-0.172662451863
-0.196771889925
-0.219333991408
-0.240209192038
-0.259272783995
-0.276398003101
-0.291471272707
-0.304379045963
-0.315021932125
-0.323311597109
-0.329180806875
-0.332550376654
-0.333359181881
-0.331577211618
-0.327182948589
-0.320147871971
-0.31046718359
-0.298166334629
-0.283294081688
-0.265872776508
-0.245976030827
-0.223681807518
-0.199088722467
-0.172322556376
-0.143479809165
-0.112749017775
-0.0802653580904
-0.0462079048157
-0.0107423076406
0.0258832592517
0.0634865984321
0.101833112538
0.140692964196
0.17981633544
0.218952059746
0.257867217064
0.296287894249
0.333953619003
0.370603770018
0.405977517366
0.43982231617
0.471911072731
0.501986145973
0.529806256294
0.555151462555
0.577827990055
0.597651958466
0.614412426949
0.627967715263
0.638188779354
0.644956886768
0.648154973984
0.647709071636
0.64359164238
0.635772109032
0.624226868153
0.608981668949
0.590108156204
0.567667424679
0.541755735874
0.512474238873
0.480000883341
0.444502949715
0.406150013208
0.36515557766
0.321743369102
0.276199728251
0.228728890419
0.179629728198
0.129199430346
0.0777351111174
0.0255099050701
-0.0271163899451
-0.0798772796988
-0.132431000471
-0.184436738491
-0.235662892461
-0.285733044147
-0.334370672703
-0.38127797842
-0.426209360361
-0.468887031078
-0.509056568146
-0.546470820904
-0.58093047142
-0.612254977226
-0.64026337862
-0.664798498154
-0.685734212399
-0.702970325947
-0.716438055038
-0.726048827171
-0.731791138649
-0.733674407005
-0.731698215008
-0.725717365742
-0.71599817276
-0.702628135681
-0.685716629028
-0.665381669998
-0.641793012619
-0.615131735802
-0.585561811924
-0.553308606148
-0.518568992615
-0.481596767902
-0.442629307508
-0.401911526918
-0.359708249569
-0.316286832094
-0.271893024445
-0.226838514209
-0.181349888444
-0.135719388723
-0.0902176573873
-0.0451077595353
-0.000638751429506
0.0429620295763
0.085405446589
0.126500040293
0.166019693017
0.203760653734
0.239519327879
0.27311655879
0.304406613111
0.333258569241
0.359513640404
0.38305914402
0.403818577528
0.421716749668
0.436679750681
0.44866797328
0.457680076361
0.463705867529
0.466742873192
0.466823756695
0.464011222124
0.458368390799
0.449955374002
0.438877403736
0.425244271755
0.409181058407
0.390810340643
0.370270103216
0.347743958235
0.3233743608
0.297337591648
0.269816070795
0.241001024842
0.211083501577
0.18025521934
0.14869877696
0.116629518569
0.0842480510473
0.0517541989684
0.0193427819759
-0.0128091610968
-0.0444766171277
-0.0755013078451
-0.105692721903
-0.134878441691
-0.162853166461
-0.189455866814
-0.214573785663
-0.238061413169
-0.259786278009
-0.279625684023
-0.297487407923
-0.313291877508
-0.32694336772
-0.338363796473
-0.347527295351
-0.354384422302
-0.358904391527
-0.361068636179
-0.36088848114
-0.358381599188
-0.353565454483
-0.346475690603
-0.337173014879
-0.325728029013
-0.31220883131
-0.296701341867
-0.279315501451
-0.260153621435
-0.239334970713
-0.216986849904
-0.193253144622
-0.168278336525
-0.142195120454
-0.115182802081
-0.087380670011
-0.0589655600488
-0.030088653788
-0.000944639905356
0.0283236913383
0.0575328096747
0.0865132510662
0.115100942552
0.143148243427
0.170467719436
0.196926251054
0.222365558147
0.246658787131
0.269643217325
0.291206657887
0.311223834753
0.329589307308
0.3462061584
0.360956043005
0.373783797026
0.384460240602
0.393067359924
0.399553835392
0.403894037008
0.406075179577
0.406080216169
0.403905361891
0.399578392506
0.393128097057
0.384593844414
0.374013215303
0.361465185881
0.347035259008
0.330788254738
0.312823235989
0.29325646162
0.27220582962
0.249789685011
0.226127624512
0.201388344169
0.175708860159
0.149237141013
0.122129149735
0.0945485904813
0.0666593909264
0.038625523448
0.010611529462
-0.0172177460045
-0.0446975752711
-0.0716639086604
-0.0979613810778
-0.123428240418
-0.147938787937
-0.171322137117
-0.193460807204
-0.214234307408
-0.233522206545
-0.251208037138
-0.26719379425
-0.281416267157
-0.293779939413
-0.304219275713
-0.312687724829
-0.319069236517
-0.323382169008
-0.325640976429
-0.325859457254
-0.32405847311
-0.320261389017
-0.314498990774
-0.30683901906
-0.297341585159
-0.286084532738
-0.273149847984
-0.258630514145
-0.242648795247
-0.225315064192
-0.206731468439
-0.187060877681
-0.166413784027
-0.144947007298
-0.122794568539
-0.100119225681
-0.0770631805062
-0.0537897348404
-0.0304406248033
-0.00717897387221
0.0158539209515
0.0385060682893
0.0606225430965
0.0820665732026
0.102711394429
0.122420459986
0.141063451767
0.158532172441
0.174726128578
0.189530730247
0.202867165208
0.214658394456
0.224839240313
0.233336493373
0.24010938406
0.245132416487
0.248381346464
0.249831452966
0.249486923218
0.247368380427
0.243496403098
0.237892076373
0.2306086272
0.221709996462
0.211259916425
0.199319750071
0.185985222459
0.17134937644
0.155526056886
0.138603150845
0.120708055794
0.101966634393
0.0824946984649
0.0624383576214
0.0419134050608
0.0210676360875
3.87137843063e-05
-0.0210362169892
-0.0420319996774
-0.0627916902304
-0.0832016989589
-0.10311884433
-0.122421555221
-0.140991225839
-0.158709689975
-0.17546364665
-0.191158682108
-0.205705299973
-0.21901255846
-0.23099938035
-0.241613894701
-0.250795543194
-0.258497864008
-0.264669388533
-0.26930052042
-0.272373706102
-0.273882806301
-0.273824155331
-0.272221028805
-0.269103199244
-0.264499843121
-0.258449345827
-0.251006871462
-0.242239788175
-0.232218295336
-0.22100289166
-0.208678990602
-0.195350244641
-0.181103393435
-0.16602486372
-0.150226384401
-0.13381627202
-0.11690261215
-0.0995849817991
-0.0819922760129
-0.0642198249698
-0.0463798418641
-0.0286017339677
-0.0109754893929
0.00638397363946
0.0233793314546
0.0398894846439
0.055844578892
0.0711312368512
0.0856755897403
0.0993824452162
0.112185418606
0.124013110995
0.134801223874
0.144491299987
0.153032585979
0.160394132137
0.166537508368
0.171431645751
0.175058543682
0.177417695522
0.178505957127
0.178322404623
0.176882594824
0.174216106534
0.170352712274
0.165325149894
0.159179091454
0.151971012354
0.143760040402
0.134605541825
0.124581746757
0.113771870732
0.102247975767
0.0901036784053
0.077421694994
0.0643056109548
0.0508468225598
0.0371427237988
0.0232924371958
0.00940562505275
-0.00442183157429
-0.0180872585624
-0.0314892232418
-0.0445226505399
-0.057102702558
-0.0691187158227
-0.0804823413491
-0.0911081433296
-0.100908026099
-0.109786830842
-0.117654547095
-0.124473199248
-0.130174472928
-0.13470210135
-0.137998893857
-0.140027686954
-0.140758022666
-0.140159294009
-0.138203695416
-0.134885936975
-0.130210489035
-0.124181874096
-0.11680662632
-0.108113594353
-0.0981388911605
-0.0869338288903
-0.0745365023613
-0.061002407223
-0.0464208312333
-0.0308539532125
-0.0143938111141
0.00288369483314
0.0208660811186
0.0394574664533
0.0585347115993
0.0780021101236
0.0977270230651
0.11758569628
0.137454345822
0.157216221094
0.176722198725
0.195861533284
0.214503675699
0.232503175735
0.249755099416
0.26613599062
0.281507670879
0.295769453049
0.308817446232
0.32053822279
0.330842524767
0.339635521173
0.346841871738
0.352394908667
0.356228202581
0.358281046152
0.358524054289
0.356928050518
0.353474110365
0.34803584218
0.340735673904
0.331599444151
0.32065191865
0.307917892933
0.293457388878
0.277348279953
0.259663283825
0.240469694138
0.219869241118
0.197996273637
0.174931675196
0.150813281536
0.125776484609
0.09995187819
0.0734952837229
0.0465379431844
0.0192454587668
-0.00822559464723
-0.0357454195619
-0.0631170645356
-0.0902138501406
-0.116883806884
-0.142949789762
-0.168298318982
-0.192766651511
-0.216226518154
-0.238560125232
-0.259628713131
-0.279326289892
-0.297570794821
-0.314269572496
-0.329324513674
-0.342671602964
-0.354272693396
-0.364078253508
-0.372049659491
-0.378165870905
-0.382434040308
-0.384862571955
-0.385457336903
-0.384249061346
-0.381290912628
-0.376635044813
-0.370337694883
-0.362471610308
-0.353123486042
-0.342388868332
-0.330354034901
-0.317127048969
-0.302823126316
-0.287550449371
-0.271431446075
-0.254577130079
-0.237118393183
-0.219170123339
-0.200872719288
-0.182320252061
-0.163654863834
-0.144974663854
-0.126395478845
-0.108042038977
-0.0899927169085
-0.0723431557417
-0.0551972910762
-0.0386382453144
-0.0227254144847
-0.00753285363317
0.00687354104593
0.0204474441707
0.0331476256251
0.0449463315308
0.0558042377234
0.0657008439302
0.0746333375573
0.0826035663486
0.0896085128188
0.0956499874592
0.100756935775
0.104952029884
0.108256682754
0.110701844096
0.112328261137
0.11317743361
0.113289810717
0.112709924579
0.11148596555
0.109667271376
0.107301861048
0.104439437389
0.101128429174
0.0974172130227
0.0933521687984
0.0889803990722
0.0843408554792
0.0794788971543
0.0744308456779
0.0692329779267
0.0639179870486
0.0585158318281
0.0530565157533
0.0475626923144
0.0420560315251
0.0365552827716
0.0310765746981
0.025640103966
0.0202485788614
0.0149197885767
0.00965882278979
0.00447652908042
-0.000623352767434
-0.0056299706921
-0.0105419615284
-0.0153526943177
-0.020050548017
-0.0246327966452
-0.029090039432
-0.0334145575762
-0.0375897884369
-0.041607003659
-0.0454532131553
-0.0491082891822
-0.0525551103055
-0.0557712353766
-0.0587371736765
-0.0614254921675
-0.0638102218509
-0.0658614262938
-0.0675511658192
-0.0688466504216
-0.0697155892849
-0.0701238363981
-0.0700374916196
-0.0694231167436
-0.0682475119829
-0.0664776563644
-0.0640793293715
-0.0610242970288
-0.0572868101299
-0.0528411865234
-0.0476622022688
-0.0417298711836
-0.035035379231
-0.0275676995516
-0.0193125773221
-0.010279792361
-0.000470711413072
0.0101005025208
0.021428225562
0.0334753580391
0.0462181307375
0.0596156790853
0.0736380293965
0.0882185846567
0.103309594095
0.118842348456
0.134753197432
0.150963425636
0.167395070195
0.183954134583
0.200552836061
0.21709163487
0.233465984464
0.249579519033
0.265318274498
0.280570536852
0.295222342014
0.309159725904
0.322276055813
0.334451347589
0.345567554235
0.35553202033
0.364216119051
0.371531903744
0.377373248339
0.381652832031
0.384189814329
0.384996861219
0.384006202221
0.381155967712
0.376383185387
0.369660079479
0.360962599516
0.350260078907
0.337551593781
0.322843372822
0.30617710948
0.287561327219
0.267044007778
0.244699820876
0.220596462488
0.194837540388
0.167492613196
0.138715535402
0.10860979557
0.077320381999
0.044992312789
0.011780358851
-0.0221105962992
-0.0565391667187
-0.0912899374962
-0.126197546721
-0.161046251655
-0.195636421442
-0.229766473174
-0.26323223114
-0.2958291471
-0.327367514372
-0.357621371746
-0.386432409286
-0.413587868214
-0.438927471638
-0.462271988392
-0.483476102352
-0.502394855022
-0.518884897232
-0.53283315897
-0.544154644012
-0.552768051624
-0.558583319187
-0.561561822891
-0.561690270901
-0.558954775333
-0.553349792957
-0.544904112816
-0.533683717251
-0.519759654999
-0.503186106682
-0.484078884125
-0.462571620941
-0.438798159361
-0.412895917892
-0.385037243366
-0.355410844088
-0.324205756187
-0.291597723961
-0.257831454277
-0.223114207387
-0.187668159604
-0.15169903636
-0.115470133722
-0.0791944041848
-0.0431020706892
-0.00740305986255
0.0276515502483
0.0618676915765
0.095027975738
0.126892998815
0.157306611538
0.186113670468
0.213117659092
0.238176777959
0.261184692383
0.282010763884
0.300557553768
0.316732764244
0.330495208502
0.341792404652
0.35059133172
0.356871575117
0.36065736413
0.361978530884
0.360864937305
0.357366234064
0.351570636034
0.343570113182
0.333456784487
0.321340024471
0.307364583015
0.291657328606
0.27436453104
0.25564712286
0.235656127334
0.214579120278
0.192576393485
0.169810324907
0.146479740739
0.122752062976
0.098804987967
0.0748108923435
0.050936460495
0.0273482073098
0.00422277394682
-0.0183100756258
-0.040101069957
-0.0610026158392
-0.0808883607388
-0.0996523723006
-0.117179870605
-0.133382841945
-0.148166164756
-0.161456242204
-0.173215925694
-0.183389186859
-0.191925391555
-0.19881182909
-0.204049289227
-0.207631334662
-0.209562495351
-0.209871530533
-0.208600655198
-0.205791085958
-0.201489776373
-0.195762291551
-0.188684344292
-0.180331468582
-0.170781582594
-0.160126984119
-0.148470968008
-0.135900080204
-0.122524768114
-0.108443945646
-0.0937641710043
-0.0785993933678
-0.0630409792066
-0.0472081340849
-0.0311903450638
-0.015105580911
0.000944994797464
0.0168690178543
0.0325684696436
0.0479687564075
0.0629686787724
0.0775034204125
0.0915031582117
0.104891754687
0.117617890239
0.129621133208
0.140862122178
0.151299968362
0.160885751247
0.169597789645
0.177423790097
0.184338852763
0.190326541662
0.195391446352
0.199536308646
0.202765271068
0.205083474517
0.206516191363
0.207084566355
0.206811442971
0.205724209547
0.203860357404
0.201256617904
0.197948560119
0.19397982955
0.189394652843
0.184241637588
0.1785620749
0.172405421734
0.165823757648
0.158859878778
0.151569157839
0.143996223807
0.136183649302
0.128184899688
0.120042584836
0.11179947108
0.103494510055
0.095170378685
0.0868579894304
0.0785947293043
0.0704126060009
0.0623319894075
0.0543845519423
0.046595454216
0.0389766395092
0.0315402038395
0.0243083853275
0.0172864217311
0.0104775633663
0.00388192245737
-0.00249142199755
-0.00864860415459
-0.0145970601588
-0.0203442387283
-0.0258978847414
-0.0312700085342
-0.0364755950868
-0.0415295809507
-0.0464471243322
-0.0512453094125
-0.0559424832463
-0.0605547875166
-0.0651048868895
-0.0696080327034
-0.0740812346339
-0.0785414800048
-0.0830054208636
-0.0874837785959
-0.0919920131564
-0.0965389534831
-0.101134896278
-0.10578404367
-0.110487610102
-0.115246832371
-0.120061963797
-0.124925449491
-0.12982390821
-0.134751677513
-0.139696881175
-0.144634187222
-0.149543300271
-0.154401168227
-0.15918366611
-0.163859963417
-0.168397128582
-0.172764673829
-0.17692348361
-0.180838569999
-0.184473529458
-0.18778449297
-0.190737262368
-0.193288460374
-0.195403158665
-0.197004944086
-0.198090583086
-0.198626637459
-0.19858135283
-0.197920739651
-0.196615174413
-0.194640979171
-0.191980853677
-0.188612997532
-0.184520751238
-0.179695591331
-0.174139529467
-0.167842969298
-0.160813853145
-0.153058767319
-0.144601911306
-0.13545063138
-0.125630527735
-0.115175679326
-0.104127667844
-0.0925115346909
-0.0803736224771
-0.06776612252
-0.0547361411154
-0.0413497574627
-0.0276583675295
-0.0137274544686
0.000376724230591
0.0145946107805
0.0288441944867
0.0430668890476
0.0571767613292
0.071114718914
0.084795743227
0.0981620922685
0.111136563122
0.123648487031
0.135625705123
0.147018700838
0.157761067152
0.167792379856
0.177059695125
0.185519576073
0.19312915206
0.199845671654
0.205639451742
0.210484951735
0.214365407825
0.217261388898
0.219166919589
0.220086097717
0.22002607584
0.218993738294
0.217007726431
0.214101493359
0.210303738713
0.205650314689
0.200180202723
0.193948090076
0.187006697059
0.179412946105
0.171220675111
0.162499785423
0.153317034245
0.14373908937
0.133835673332
0.123678177595
0.11333796382
0.102886162698
0.0923910886049
0.0819194093347
0.0715328454971
0.0613070651889
0.0512946732342
0.0415490977466
0.0321193002164
0.0230662561953
0.0144207663834
0.00622533960268
-0.00149016268551
-0.00869725272059
-0.0153713710606
-0.021507171914
-0.0270893275738
-0.0321059860289
-0.0365671478212
-0.0404778569937
-0.0438519120216
-0.046699244529
-0.0490438565612
-0.0509121417999
-0.0523338392377
-0.053334724158
-0.0539451092482
-0.0542127490044
-0.0541771352291
-0.0538778044283
-0.0533573590219
-0.0526589006186
-0.051825478673
-0.0508993156254
-0.0499201528728
-0.0489272028208
-0.0479597374797
-0.0470544733107
-0.046241402626
-0.0455490350723
-0.0450070425868
-0.0446398407221
-0.0444626957178
-0.0444895550609
-0.0447343811393
-0.0452063269913
-0.0459032729268
-0.0468225032091
-0.0479610674083
-0.0493107698858
-0.0508545078337
-0.0525719188154
-0.054444860667
-0.0564509518445
-0.0585576109588
-0.0607345923781
-0.0629517361522
-0.0651730000973
-0.0673618242145
-0.0694812685251
-0.0714914053679
-0.0733554065228
-0.0750362724066
-0.0764952376485
-0.0776940584183
-0.0785990282893
-0.0791794881225
-0.0794041752815
-0.0792427882552
-0.0786712989211
-0.0776719301939
-0.0762262418866
-0.0743172690272
-0.0719378888607
-0.0690866932273
-0.0657615587115
-0.0619638226926
-0.0577059909701
-0.0530047155917
-0.0478758923709
-0.0423434711993
-0.036431517452
-0.030181767419
-0.0236245598644
-0.016803001985
-0.00975585263222
-0.0025400663726
0.00480102933943
0.012209710665
0.0196374449879
0.0270189382136
0.0343031212687
0.0414247624576
0.0483323782682
0.0549607612193
0.0612549372017
0.0671600773931
0.0726203992963
0.0775829553604
0.0820002481341
0.0858254209161
0.0890162214637
0.0915415287018
0.09336386621
0.0944531559944
0.0947926864028
0.0943690389395
0.0931704044342
0.0911873504519
0.0884297341108
0.0848930254579
0.080609627068
0.0755948647857
0.0698896124959
0.0635270178318
0.0565530322492
0.0490080863237
0.04095024243
0.0324404165149
0.0235350038856
0.014307204634
0.00482643814757
-0.00483188591897
-0.0145971346647
-0.0243830662221
-0.0341145955026
-0.0437114238739
-0.0530932359397
-0.0621813833714
-0.0709048882127
-0.0791807249188
-0.086938560009
-0.0941087678075
-0.100634329021
-0.106449976563
-0.11149995774
-0.1157335639
-0.119114033878
-0.121606782079
-0.123173773289
-0.123791702092
-0.123451903462
-0.122145876288
-0.119867280126
-0.116620339453
-0.112425357103
-0.107300870121
-0.10127299279
-0.0943726524711
-0.0866426229477
-0.0781372115016
-0.0689003393054
-0.0589843206108
-0.0484653860331
-0.0374010391533
-0.0258690677583
-0.013938235119
-0.0016821908066
0.010808066465
0.0234644860029
0.0361936204135
0.0489182732999
0.0615612752736
0.0740336179733
0.0862494558096
0.0981421917677
0.109627939761
0.120624154806
0.131071224809
0.140898600221
0.150036886334
0.15843065083
0.166022852063
0.172764137387
0.178614884615
0.183527097106
0.187470734119
0.190422803164
0.192360267043
0.193262308836
0.193124249578
0.191948130727
0.189735963941
0.186492472887
0.182238355279
0.17700022459
0.170804619789
0.163680911064
0.155669003725
0.146824225783
0.137191534042
0.126816600561
0.115770831704
0.104097172618
0.0918770059943
0.0791775137186
0.066085845232
0.0526634678245
0.0389994159341
0.0251553412527
0.0112154306844
-0.00274281064048
-0.0166418794543
-0.0304055009037
-0.0439608357847
-0.0572355985641
-0.0701574906707
-0.0826574042439
-0.094673961401
-0.106146879494
-0.117015846074
-0.127225697041
-0.13673210144
-0.14549612999
-0.153466299176
-0.16061411798
-0.166909009218
-0.172334671021
-0.176865443587
-0.180485233665
-0.183195874095
-0.184994488955
-0.185880109668
-0.185860902071
-0.184955433011
-0.183181673288
-0.180562213063
-0.177119344473
-0.172892913222
-0.16791780293
-0.162227556109
-0.155869349837
-0.148888498545
-0.141329318285
-0.133243113756
-0.12468508631
-0.115701258183
-0.106349520385
-0.0966885462403
-0.0867634266615
-0.0766329467297
-0.066351428628
-0.0559730231762
-0.0455443114042
-0.0351248793304
-0.024754576385
-0.0144925098866
-0.00437814695761
0.0055517447181
0.0152509156615
0.0246740840375
0.033795889467
0.0425806604326
0.0509973503649
0.0590157657862
0.0666127279401
0.0737681984901
0.0804620608687
0.0866753607988
0.0923986956477
0.097616456449
0.102324508131
0.106509126723
0.110172361135
0.113311037421
0.115924291313
0.118012472987
0.119580499828
0.120602697134
0.1211168468
0.121130056679
0.120654284954
0.119700059295
0.118280820549
0.116407111287
0.114094763994
0.111360758543
0.108217351139
0.104681916535
0.100772105157
0.0965058207512
0.091900870204
0.0869757607579
0.0817476436496
0.0762415453792
0.0704749003053
0.0644654035568
0.0582405179739
0.051816239953
0.0452205203474
0.0384697578847
0.0315907336771
0.0246072299778
0.0175463855267
0.0104260630906
0.00327490316704
-0.00388168124482
-0.0110182641074
-0.0181089937687
-0.0251276101917
-0.0320510081947
-0.038846436888
-0.0454910695553
-0.0519590005279
-0.0582243576646
-0.0642640590668
-0.0700478777289
-0.0755575150251
-0.0807642191648
-0.0856471806765
-0.0901874676347
-0.0943616554141
-0.0981544479728
-0.101543478668
-0.104517005384
-0.10706076771
-0.109161384404
-0.110808886588
-0.111994922161
-0.112716667354
-0.112969361246
-0.112749829888
-0.112061038613
-0.110908322036
-0.109297171235
-0.10723502934
-0.104733161628
-0.101807288826
-0.0984739810228
-0.0947467312217
-0.0906487330794
-0.0862054973841
-0.0814189016819
-0.0763306096196
-0.070978872478
-0.0653877705336
-0.0595902949572
-0.0536170601845
-0.0475038699806
-0.0412774980068
-0.0349772349
-0.0286296289414
-0.0222703553736
-0.0159348845482
-0.00964947603643
-0.00344847771339
0.00263666105457
0.00858073215932
0.0143582159653
0.0199403464794
0.0253031738102
0.0304284058511
0.0352950654924
0.0398876667023
0.044189825654
0.0481938533485
0.0518843233585
0.0552557483315
0.0583062805235
0.0610343851149
0.0634386539459
0.0655220448971
0.0672925934196
0.068758495152
0.0699281319976
0.0708138644695
0.0714319869876
0.0717987939715
0.0719310939312
0.0718483105302
0.0715723112226
0.0711250975728
0.0705291032791
0.069807626307
0.0689846202731
0.0680853426456
0.0671337544918
0.0661536157131
0.0651682391763
0.0642009451985
0.063274756074
0.0624098777771
0.0616250857711
0.0609393343329
0.0603701807559
0.0599311925471
0.0596335232258
0.0594881363213
0.0595053099096
0.05968850106
0.0600392483175
0.060558911413
0.0612475052476
0.0620980113745
0.0631011649966
0.0642468631268
0.0655259415507
0.0669014751911
0.0683712661266
0.0699163079262
0.0715162530541
0.073143132031
0.0747719705105
0.0763736665249
0.0779204145074
0.0793804451823
0.08072309196
0.0819159597158
0.0829269066453
0.0837249085307
0.08427760005
0.0845535770059
0.0845223739743
0.084156870842
0.0834303051233
0.0823158323765
0.0807898044586
0.0788345262408
0.0764328688383
0.0735677108169
0.0702268928289
0.0664060786366
0.0621038787067
0.0573126412928
0.0520395599306
0.0462911948562
0.0400819443166
0.0334271490574
0.0263429358602
0.0188530236483
0.0109920119867
0.00278427335434
-0.00573613960296
-0.0145285725594
-0.0235564280301
-0.0327702350914
-0.0421286858618
-0.0515822246671
-0.0610812306404
-0.0705759972334
-0.0800152570009
-0.0893466100097
-0.0985176190734
-0.107471808791
-0.116167359054
-0.124551333487
-0.132575020194
-0.140190213919
-0.14735122025
-0.154025971889
-0.160172298551
-0.165752246976
-0.170736953616
-0.175100326538
-0.178822726011
-0.181879073381
-0.184257850051
-0.185952469707
-0.186956033111
-0.187265053391
-0.186885520816
-0.18582932651
-0.184107512236
-0.18173339963
-0.178730756044
-0.175127148628
-0.170951664448
-0.166230157018
-0.161001041532
-0.155303627253
-0.149177327752
-0.142643332481
-0.135752990842
-0.128568291664
-0.121135063469
-0.113499201834
-0.105706594884
-0.0978031381965
-0.0898347198963
-0.0818458497524
-0.0738772451878
-0.0659648776054
-0.0581567697227
-0.0504861027002
-0.0429795831442
-0.0356738939881
-0.0285946056247
-0.0217638164759
-0.0152048747987
-0.00892708916217
-0.00295218476094
0.00271459273063
0.00806819088757
0.0131073780358
0.0178309194744
0.0222422797233
0.0263526272029
0.0301736965775
0.0337172746658
0.036999002099
0.0400399193168
0.0428614392877
0.0454861819744
0.0479352995753
0.0502374581993
0.0524169094861
0.0545021556318
0.0565186180174
0.0584926642478
0.0604507103562
0.0624190419912
0.0644215047359
0.0664796754718
0.0686150044203
0.0708498358727
0.0731986388564
0.0756751894951
0.0782933980227
0.0810644850135
0.0839942842722
0.0870842412114
0.090335726738
0.093749538064
0.0973191633821
0.101033776999
0.104884430766
0.108857795596
0.112933129072
0.117092132568
0.121310509741
0.125565186143
0.129827216268
0.134065061808
0.138247281313
0.14234405756
0.146317332983
0.150129973888
0.153742596507
0.157122388482
0.160229042172
0.163026243448
0.165471553802
0.167481258512
0.169067308307
0.170195102692
0.170830354095
0.170940712094
0.170499384403
0.169480904937
0.167858466506
0.165611729026
0.162725687027
0.159185528755
0.154980048537
0.15010073781
0.144549459219
0.138329207897
0.131443098187
0.123899713159
0.115718327463
0.106919281185
0.0975229665637
0.0875559002161
0.0770495757461
0.0660509541631
0.0545870997012
0.0427119657397
0.0304656792432
0.017911253497
0.00508878193796
-0.00793350953609
-0.0211062282324
-0.0343617200851
-0.0476320274174
-0.0608657039702
-0.073990881443
-0.0869358628988
-0.0996470525861
-0.112054161727
-0.124088652432
-0.135693505406
-0.146811261773
-0.157379239798
-0.16733944416
-0.176643610001
-0.185243085027
-0.193086370826
-0.200143024325
-0.206368088722
-0.211728543043
-0.216200038791
-0.21976390481
-0.222401469946
-0.224096134305
-0.224845051765
-0.224650710821
-0.223515793681
-0.221445158124
-0.218458205462
-0.214576125145
-0.209824174643
-0.204226791859
-0.197777539492
-0.190550535917
-0.182601168752
-0.173972651362
-0.164721697569
-0.154896736145
-0.1445453614
-0.133733123541
-0.1225136742
-0.110946767032
-0.0990980565548
-0.0870156288147
-0.0747718885541
-0.062421374023
-0.0500186048448
-0.0376407317817
-0.0253264512867
-0.0131380334496
-0.0011374540627
0.0106276292354
0.0221085399389
0.033256996423
0.0440197512507
0.0543579757214
0.0642380267382
0.0736085474491
0.0824453979731
0.090711325407
0.0983765646815
0.105419188738
0.111813463271
0.117536634207
0.122578173876
0.126926377416
0.130562335253
0.133484497666
0.13568906486
0.137176603079
0.137946531177
0.138004794717
0.137362971902
0.136034086347
0.134028732777
0.13136741519
0.128071427345
0.124169699848
0.119683556259
0.114641219378
0.109085321426
0.103043369949
0.0965566337109
0.0896635279059
0.0824085846543
0.0748400315642
0.0669993534684
0.0589393042028
0.0507031045854
0.0423494912684
0.0339296869934
0.0254920143634
0.0170894060284
0.00877482723445
0.000604882487096
-0.00737000955269
-0.0151042044163
-0.0225516855717
-0.0296527985483
-0.0363720618188
-0.0426687002182
-0.0485019683838
-0.0538273900747
-0.0586235746741
-0.0628589466214
-0.066509462893
-0.0695491284132
-0.0719674229622
-0.0737556368113
-0.0749043598771
-0.0754086971283
-0.0752754285932
-0.0745159089565
-0.0731414854527
-0.071165509522
-0.0686148405075
-0.0655180513859
-0.0619042627513
-0.0578068867326
-0.0532679408789
-0.0483271293342
-0.0430356711149
-0.0374343767762
-0.0315746068954
-0.0255122892559
-0.0192974694073
-0.0129864895716
-0.00663068005815
-0.000288004026515
0.0059897811152
0.012145884335
0.018130550161
0.0238978732377
0.0293987710029
0.0345837362111
0.0394142530859
0.0438578911126
0.0478715486825
0.0514254458249
0.0544952079654
0.0570621937513
0.0591033138335
0.0606044866145
0.061560574919
0.0619714446366
0.0618356764317
0.0611558742821
0.0599465034902
0.0582249872386
0.0560098029673
0.053321570158
0.0501899346709
0.0466482490301
0.0427318178117
0.0384761430323
0.033921726048
0.0291154179722
0.0240993816406
0.0189186260104
0.0136241037399
0.00826249923557
0.00288571766578
-0.00245999149047
-0.00772429862991
-0.0128626823425
-0.0178254283965
-0.0225689653307
-0.0270524863154
-0.0312350913882
-0.0350803919137
-0.038549233228
-0.0416151061654
-0.0442517288029
-0.0464357957244
-0.0481436923146
-0.0493627637625
-0.0500849597156
-0.0503032244742
-0.0500112473965
-0.0492142215371
-0.0479234308004
-0.0461491309106
-0.0439027808607
-0.0412061214447
-0.0380882695317
-0.0345753803849
-0.0306954663247
-0.026486357674
-0.0219867061824
-0.0172369275242
-0.0122801996768
-0.00715908547863
-0.00192132894881
0.00338277081028
0.00871057715267
0.0140064405277
0.0192298199981
0.0243300553411
0.0292567312717
0.0339675880969
0.038418918848
0.04257337749
0.0463855713606
0.049822062254
0.0528536625206
0.0554502233863
0.0575854070485
0.0592355951667
0.0603892840445
0.0610343329608
0.0611585751176
0.0607573986053
0.0598367229104
0.0584026649594
0.0564614310861
0.054026696831
0.0511187128723
0.0477636568248
0.0439815931022
0.0398060716689
0.0352647267282
0.030403342098
0.0252515505999
0.0198505688459
0.0142470290884
0.0084825521335
0.00260143191554
-0.0033518448472
-0.00933216232806
-0.0152943404391
-0.0211931690574
-0.0269845873117
-0.0326282233
-0.0380845107138
-0.0433072596788
-0.0482558980584
-0.0529099591076
-0.0572356581688
-0.0612092278898
-0.0647994503379
-0.0679913461208
-0.070770509541
-0.0731236562133
-0.0750353112817
-0.076503790915
-0.0775302797556
-0.0781142115593
-0.0782579779625
-0.0779719501734
-0.0772703886032
-0.0761669054627
-0.0746774375439
-0.0728226080537
-0.0706256628036
-0.0681131780148
-0.0653073862195
-0.062238778919
-0.0589341521263
-0.0554247461259
-0.0517421774566
-0.0479127243161
-0.0439679436386
-0.0399376414716
-0.0358515866101
-0.0317370295525
-0.0276189632714
-0.0235203914344
-0.0194701161236
-0.0154851265252
-0.0115840155631
-0.00778505671769
-0.00410102307796
-0.000545775226783
0.00287575856782
0.006154011935
0.00928588118404
0.0122658899054
0.0151000553742
0.0177903156728
0.0203413385898
0.0227566510439
0.0250489506871
0.0272276885808
0.0293035618961
0.0312882997096
0.0331956669688
0.035040486604
0.0368358045816
0.0385952852666
0.0403317511082
0.0420587286353
0.0437881313264
0.0455314107239
0.0472964011133
0.049091193825
0.0509214550257
0.0527951344848
0.0547096543014
0.0566646531224
0.0586596727371
0.0606909543276
0.062749736011
0.0648100525141
0.066874243319
0.068929836154
0.0709596723318
0.072942212224
0.0748573243618
0.0766840577126
0.0783982351422
0.0799721926451
0.0813793838024
0.0825937911868
0.0835863947868
0.0843282267451
0.0847920402884
0.0849483311176
0.0847715139389
0.0842361673713
0.0833170562983
0.0819897726178
0.0802355930209
0.0780384242535
0.0753807649016
0.0722483992577
0.0686348006129
0.0645378902555
0.0599555373192
0.05488659814
0.049337618053
0.0433291569352
0.0368737950921
0.0299841221422
0.0226898733526
0.0150243407115
0.00702079804614
-0.00128687522374
-0.00985565315932
-0.0186364483088
-0.0275801699609
-0.0366373471916
-0.0457569919527
-0.0548707917333
-0.0639277398586
-0.0728594884276
-0.0816091522574
-0.0901143476367
-0.0983165428042
-0.106145739555
-0.113550283015
-0.120467051864
-0.126843705773
-0.132627084851
-0.137763410807
-0.142214685678
-0.145940095186
-0.148899257183
-0.151062086225
-0.152409762144
-0.152923852205
-0.152586013079
-0.151390507817
-0.149343430996
-0.146452710032
-0.142728075385
-0.138187363744
-0.132863476872
-0.126790195704
-0.120001211762
-0.112539164722
-0.104463048279
-0.0958207175136
-0.0866761133075
-0.0770863592625
-0.0671210214496
-0.0568552389741
-0.0463491864502
-0.0356848984957
-0.0249321106821
-0.0141658354551
-0.00346108223312
0.00710359588265
0.0174633860588
0.02754855901
0.0372893437743
0.0466156601906
0.0554759651423
0.0638149082661
0.071577116847
0.0787094384432
0.0851797610521
0.0909538865089
0.0959976166487
0.100280739367
0.103793665767
0.106526009738
0.108470052481
0.109621338546
0.109991811216
0.10959751159
0.10845362395
0.106580615044
0.103985540569
0.100731246173
0.0968562588096
0.0923984050751
0.0874068289995
0.0819363817573
0.0760369598866
0.0697614476085
0.0631714016199
0.0563238151371
0.0492785684764
0.042099211365
0.0348421446979
0.0275672599673
0.0203379653394
0.01320996508
0.00624129734933
-0.000522567192093
-0.00702264951542
-0.0132106272504
-0.019040197134
-0.0244782026857
-0.0294805560261
-0.0340097174048
-0.0380418226123
-0.0415517091751
-0.0445202551782
-0.0469266735017
-0.0487596169114
-0.0500182956457
-0.0507008209825
-0.050805516541
-0.0503400340676
-0.049320936203
-0.0477647967637
-0.0456883609295
-0.043116454035
-0.0400799661875
-0.0366109460592
-0.032741509378
-0.0285100340843
-0.0239547099918
-0.0191226489842
-0.0140543580055
-0.00879398640245
-0.00339127681218
0.00211193040013
0.00766300037503
0.0132180349901
0.0187314637005
0.0241579283029
0.0294494591653
0.0345652773976
0.0394667945802
0.0441162884235
0.0484760440886
0.0525059774518
0.0561674237251
0.0594466589391
0.0623203366995
0.0647661238909
0.0667674094439
0.0683149918914
0.0693976432085
0.0700073093176
0.0701440647244
0.0698131248355
0.0690196156502
0.0677693560719
0.0660761743784
0.0639611184597
0.0614427477121
0.058542471379
0.0552837997675
0.051698628813
0.0478175804019
0.0436735861003
0.0392969511449
0.0347290113568
0.0300025567412
0.0251593776047
0.0202349536121
0.0152651295066
0.010295345448
0.00535424426198
0.000485429685796
-0.0042794556357
-0.00890650600195
-0.0133618665859
-0.0176148694009
-0.0216400288045
-0.0254123155028
-0.0289066843688
-0.0321017280221
-0.0349834039807
-0.0375384949148
-0.0397537946701
-0.0416193194687
-0.0431335419416
-0.0442962907255
-0.0451073497534
-0.0455688424408
-0.0456912405789
-0.0454690791667
-0.0449322015047
-0.0440938547254
-0.0429751724005
-0.0415984205902
-0.0399852432311
-0.0381602533162
-0.0361503437161
-0.0339836739004
-0.0316915549338
-0.0293012205511
-0.0268458835781
-0.0243547391146
-0.0218605808914
-0.019394967705
-0.016987932846
-0.0146685913205
-0.0124660255387
-0.0104091959074
-0.00852317549288
-0.00683006923646
-0.00535190152004
-0.00411004060879
-0.00312239909545
-0.00239967368543
-0.00195410544984
-0.00179669156205
-0.00193374441005
-0.0023647157941
-0.00308879371732
-0.00410513952374
-0.0054081841372
-0.0069853393361
-0.00882355775684
-0.0109108490869
-0.0132287647575
-0.0157568082213
-0.0184705071151
-0.0213450714946
-0.0243581179529
-0.0274786036462
-0.0306778438389
-0.0339224301279
-0.0371847003698
-0.0404289737344
-0.0436254702508
-0.0467397458851
-0.0497239306569
-0.0525583401322
-0.0552144162357
-0.0576626583934
-0.0598700679839
-0.061813339591
-0.0634656846523
-0.064804404974
-0.0658048018813
-0.0664496272802
-0.0667242184281
-0.0666137859225
-0.066104516387
-0.0651896297932
-0.0638667941093
-0.062133513391
-0.0599879063666
-0.0574355795979
-0.0544853173196
-0.051150329411
-0.0474380403757
-0.0433671213686
-0.0389594770968
-0.0342370942235
-0.0292196888477
-0.0239387918264
-0.0184201784432
-0.0126972449943
-0.0068010087125
-0.000764803611673
0.00537847261876
0.0115869268775
0.0178305823356
0.0240701958537
0.0302691943944
0.0363940373063
0.042402189225
0.0482643358409
0.0539445690811
0.0594101324677
0.0646282806993
0.0695710256696
0.0742099508643
0.0785197913647
0.082475297153
0.0860539674759
0.0892410948873
0.0920197144151
0.0943745672703
0.0962930619717
0.0977703630924
0.0988014787436
0.0993829444051
0.0995124876499
0.0991948544979
0.0984381586313
0.0972211658955
0.0955801680684
0.0935300961137
0.0910874828696
0.0882676020265
0.0850887075067
0.0815728753805
0.0777435749769
0.0736222416162
0.0692344903946
0.0646067261696
0.0597663372755
0.0547407008708
0.0495546646416
0.0442412346601
0.0388233549893
0.033331785351
0.0277918484062
0.0222331099212
0.0166845396161
0.011166960001
0.00570915034041
0.000334828859195
-0.00493620987982
-0.0100765824318
-0.0150691075251
-0.0198920313269
-0.0245281681418
-0.0289603099227
-0.0331714004278
-0.0371492393315
-0.0408800467849
-0.0443521738052
-0.0475540347397
-0.0504768639803
-0.0531143955886
-0.0554614402354
-0.0575096197426
-0.0592571869493
-0.0607019327581
-0.0618427395821
-0.0626785606146
-0.0632104873657
-0.0634421631694
-0.0633770599961
-0.0630188137293
-0.062373008579
-0.0614482574165
-0.0602512657642
-0.0587917305529
-0.0570790395141
-0.0551254637539
-0.052942328155
-0.0505441688001
-0.0479424409568
-0.0451542288065
-0.0421956926584
-0.0390830151737
-0.0358332432806
-0.0324652716517
-0.0289980694652
-0.0254506655037
-0.0218406859785
-0.0181921664625
-0.0145219964907
-0.0108544062823
-0.0072061768733
-0.00359949166887
-5.46943265363e-05
0.00340791768394
0.00676690367982
0.0100089553744
0.013111022301
0.0160566847771
0.0188288241625
0.0214131455868
0.0237969402224
0.0259640701115
0.0279031265527
0.0296061709523
0.031064350158
0.0322693958879
0.0332153774798
0.0338982194662
0.0343154370785
0.0344697386026
0.0343615375459
0.0339963175356
0.0333805829287
0.032521404326
0.0314256548882
0.0301056951284
0.0285749807954
0.0268469676375
0.0249357242137
0.022858960554
0.0206366889179
0.0182856265455
0.0158260744065
0.0132795646787
0.0106684686616
0.00801646336913
0.00534341158345
0.00267376913689
3.09955867124e-05
-0.00256142904982
-0.00508016347885
-0.00750161614269
-0.00980619341135
-0.0119707304984
-0.0139725506306
-0.0157943181694
-0.0174170937389
-0.0188223142177
-0.01999367401
-0.0209162179381
-0.0215791780502
-0.0219703316689
-0.0220787655562
-0.0218977220356
-0.0214239191264
-0.0206538755447
-0.0195844434202
-0.0182176083326
-0.0165583379567
-0.0146150924265
-0.0123913772404
-0.00989923998713
-0.00715406564996
-0.00417129369453
-0.000968106323853
0.00243851682171
0.00602122582495
0.00975922122598
0.013624669984
0.0175917651504
0.0216295998544
0.0257071778178
0.02979346551
0.0338556617498
0.0378590002656
0.0417667962611
0.0455479621887
0.0491639971733
0.0525834746659
0.055768199265
0.058685015887
0.0613006725907
0.0635841861367
0.0655039325356
0.0670310258865
0.0681366324425
0.0687975585461
0.068991869688
0.0686970353127
0.0678943991661
0.0665724277496
0.0647203475237
0.0623286925256
0.059388525784
0.0559052787721
0.0518811531365
0.0473196431994
0.0422283895314
0.036625020206
0.0305317956954
0.023964939639
0.01694695279
0.00951016973704
0.00168859260157
-0.00648379605263
-0.0149704143405
-0.0237216539681
-0.0326950699091
-0.0418439283967
-0.0511199906468
-0.060454506427
-0.0697975680232
-0.07909873873
-0.0883068740368
-0.0973533764482
-0.106179371476
-0.11473531276
-0.122953027487
-0.130784288049
-0.138163998723
-0.145039975643
-0.151356488466
-0.157060831785
-0.16211155057
-0.16645590961
-0.17005199194
-0.172859206796
-0.174847245216
-0.175983726978
-0.17623744905
-0.175589159131
-0.174027442932
-0.171538203955
-0.168110504746
-0.163748532534
-0.158461049199
-0.1522552073
-0.145148172975
-0.137161061168
-0.128327473998
-0.11868121475
-0.108261704445
-0.09709854424
-0.0852680951357
-0.0728088989854
-0.0597818344831
-0.0462568514049
-0.0322926230729
-0.0179743710905
-0.00336027517915
0.0114592881873
0.0264096017927
0.0414161160588
0.0563896819949
0.0712403580546
0.0858916938305
0.100259974599
0.114268220961
0.127821415663
0.140855401754
0.153280541301
0.165026456118
0.176026135683
0.186206042767
0.19551435113
0.203880235553
0.211255922914
0.21759301424
0.222857713699
0.227005928755
0.230007573962
0.231845185161
0.232506364584
0.23197863996
0.230257153511
0.227348536253
0.223279371858
0.218000471592
0.211593717337
0.204102322459
0.195568069816
0.186044231057
0.175576224923
0.164223536849
0.152061253786
0.139159694314
0.125591084361
0.111439138651
0.0967918857932
0.0817373469472
0.0663565993309
0.0507589578629
0.0350255705416
0.0192606784403
0.00356084969826
-0.0119787547737
-0.0272636637092
-0.0422066040337
-0.0566990561783
-0.0706686601043
-0.084020152688
-0.0966847240925
-0.10858014971
-0.119626507163
-0.129774659872
-0.138955369592
-0.147122070193
-0.154215991497
-0.160219848156
-0.165093943477
-0.168813019991
-0.171360969543
-0.172739654779
-0.172951221466
-0.171998009086
-0.169896960258
-0.166682288051
-0.162388429046
-0.157050147653
-0.150711223483
-0.143435761333
-0.135286182165
-0.126325055957
-0.116618409753
-0.106252402067
-0.0953097045422
-0.0838731005788
-0.0720232874155
-0.0598581433296
-0.047470472753
-0.034947052598
-0.0223864410073
-0.00988050550222
0.00247896439396
0.0146060297266
0.02640648745
0.0377996787429
0.0487057417631
0.0590546317399
0.068752259016
0.0777572691441
0.0860008969903
0.093424282968
0.099975913763
0.105624608696
0.110335558653
0.114078871906
0.116828233004
0.118579655886
0.119332112372
0.119084045291
0.117840796709
0.115625880659
0.112468421459
0.108396954834
0.103442259133
0.0976568162441
0.0910941436887
0.0838035792112
0.0758456513286
0.0672842934728
0.058194950223
0.0486489348114
0.0387137196958
0.0284728705883
0.0180006958544
0.00738248135895
-0.0033020246774
-0.0139794107527
-0.0245653707534
-0.0349862463772
-0.0451567545533
-0.0550134032965
-0.0644821748137
-0.0734945163131
-0.0819892883301
-0.089911930263
-0.0972028747201
-0.103823237121
-0.109713919461
-0.11485286057
-0.119202487171
-0.122742377222
-0.125441223383
-0.127295613289
-0.128301665187
-0.128455296159
-0.127757534385
-0.126225724816
-0.123880304396
-0.120743453503
-0.116838671267
-0.112206101418
-0.106886163354
-0.100923635066
-0.0943638235331
-0.0872551351786
-0.0796611830592
-0.071639969945
-0.0632507279515
-0.0545488521457
-0.0456044599414
-0.0364875346422
-0.0272537320852
-0.0179824344814
-0.00872874166816
0.000442366086645
0.00946281291544
0.018275026232
0.026826929301
0.0350616648793
0.0429213643074
0.0503658354282
0.0573494583368
0.0638305991888
0.0697768703103
0.0751539990306
0.0799441486597
0.084121607244
0.0876694619656
0.0905815511942
0.092852383852
0.0944815501571
0.0954683199525
0.0958274304867
0.0955739319324
0.0947241857648
0.0932963117957
0.0913209840655
0.0888293683529
0.0858527123928
0.0824234262109
0.0785834416747
0.0743719562888
0.0698320865631
0.0650041773915
0.0599379427731
0.0546739250422
0.0492573343217
0.0437379926443
0.038151524961
0.0325491949916
0.0269691701978
0.021454654634
0.0160395037383
0.0107648735866
0.00566191319376
0.00076214823639
-0.00390467373654
-0.00831805821508
-0.0124510060996
-0.0162866767496
-0.0198113322258
-0.0230134986341
-0.0258819069713
-0.0284130759537
-0.0306074693799
-0.0324670895934
-0.033994268626
-0.0351979397237
-0.0360909104347
-0.0366866327822
-0.0369996652007
-0.0370478741825
-0.0368530638516
-0.0364369116724
-0.0358213596046
-0.0350304320455
-0.0340889170766
-0.0330229736865
-0.0318568237126
-0.0306153036654
-0.0293217878789
-0.0280014462769
-0.026677146554
-0.0253681838512
-0.0240935981274
-0.0228717550635
-0.0217201281339
-0.0206505656242
-0.0196728929877
-0.0187966618687
-0.0180308222771
-0.017377614975
-0.0168365091085
-0.0164028033614
-0.0160805601627
-0.0158621128649
-0.0157383847982
-0.0157002769411
-0.0157372392714
-0.0158342272043
-0.0159753356129
-0.0161445494741
-0.0163251422346
-0.0164979267865
-0.0166433397681
-0.0167420301586
-0.016774520278
-0.0167215634137
-0.0165638644248
-0.0162821933627
-0.0158586092293
-0.0152778895572
-0.0145241478458
-0.0135822817683
-0.0124402698129
-0.0110884550959
-0.0095189511776
-0.00772345345467
-0.00569764850661
-0.00344311841764
-0.000959701195825
0.00175308994949
0.0046885185875
0.00783458258957
0.0111819999292
0.0147216692567
0.0184345394373
0.0223023071885
0.0263050254434
0.0304224546999
0.0346301086247
0.0389005243778
0.043204177171
0.047515373677
0.0518057048321
0.0560390613973
0.0601854585111
0.064212821424
0.0680885761976
0.0717798471451
0.07525216043
0.078476421535
0.08141900599
0.0840521603823
0.0863464772701
0.0882732719183
0.089807972312
0.0909297391772
0.0916170999408
0.0918482318521
0.0916104987264
0.0908931493759
0.0896607339382
0.0879298225045
0.085700802505
0.0829761326313
0.0797601863742
0.0760546177626
0.0718780830503
0.0672475621104
0.062174513936
0.0566807575524
0.0507972724736
0.0445506349206
0.0379734002054
0.0310912076384
0.0239493474364
0.0165839679539
0.00903447251767
0.00134219427127
-0.00644410494715
-0.0142827555537
-0.022128386423
-0.0299353320152
-0.0376575104892
-0.0452452488244
-0.0526561364532
-0.0598458983004
-0.0667729824781
-0.0733929648995
-0.0796679183841
-0.0855632871389
-0.0910391286016
-0.0960718914866
-0.100625365973
-0.104676656425
-0.108207434416
-0.111199706793
-0.113634593785
-0.115504100919
-0.116803906858
-0.117532685399
-0.117688454688
-0.117277607322
-0.116312868893
-0.114808693528
-0.112779557705
-0.110244758427
-0.107233926654
-0.103773370385
-0.0998907014728
-0.0956192389131
-0.0909988209605
-0.0860649645329
-0.0808553621173
-0.0754107013345
-0.0697736740112
-0.0639897361398
-0.0580988191068
-0.0521432645619
-0.0461652241647
-0.0402096509933
-0.0343154408038
-0.0285206995904
-0.0228615403175
-0.0173741076142
-0.0120962411165
-0.00705415150151
-0.00227341288701
0.00221824436449
0.00640062335879
0.0102535644546
0.0137668745592
0.0169282853603
0.0197254419327
0.0221580620855
0.0242288727313
0.0259367693216
0.0272877253592
0.0282921306789
0.0289642140269
0.0293191038072
0.0293723978102
0.0291461218148
0.0286645200104
0.027951689437
0.0270323958248
0.0259348861873
0.024689109996
0.0233233757317
0.0218689870089
0.0203537773341
0.018808895722
0.0172627512366
0.0157459825277
0.0142843779176
0.0129043199122
0.0116302669048
0.0104879206046
0.00949616357684
0.00867347232997
0.00803719088435
0.00760367279872
0.00738336611539
0.00738460337743
0.00761577673256
0.00808311905712
0.00878635141999
0.00972353387624
0.0108927320689
0.0122902635485
0.0139054264873
0.0157275013626
0.0177451875061
0.0199457891285
0.0223105382174
0.0248218271881
0.0274610482156
0.0302086938173
0.0330421775579
0.03593833372
0.0388726256788
0.041822899133
0.044764727354
0.0476734489202
0.0505231209099
0.0532920323312
0.055954311043
0.0584881193936
0.060870334506
0.0630786567926
0.065092779696
0.0668953806162
0.0684659704566
0.0697877258062
0.0708470493555
0.0716311857104
0.0721272602677
0.0723243504763
0.0722161829472
0.0717979595065
0.0710643231869
0.070011921227
0.0686427280307
0.0669607520103
0.0649681687355
0.0626683756709
0.0600738078356
0.0571941509843
0.0540401935577
0.0506242774427
0.0469632223248
0.0430767014623
0.0389781706035
0.0346905849874
0.0302337110043
0.0256299562752
0.020901709795
0.0160719770938
0.011165314354
0.00620657764375
0.00122316891793
-0.0037626514677
-0.00872867740691
-0.0136453099549
-0.0184903889894
-0.0232399106026
-0.0278716478497
-0.0323636978865
-0.0366941690445
-0.0408402867615
-0.0447884984314
-0.0485197007656
-0.0520153157413
-0.0552615970373
-0.0582484602928
-0.0609625279903
-0.0633945912123
-0.065535582602
-0.0673810467124
-0.068927384913
-0.070170968771
-0.071109674871
-0.0717458054423
-0.0720828026533
-0.072123683989
-0.0718728676438
-0.0713391005993
-0.0705311000347
-0.0694570466876
-0.0681281462312
-0.0665553808212
-0.0647536814213
-0.0627352297306
-0.0605136007071
-0.0581023693085
-0.0555195808411
-0.0527792051435
-0.0498965904117
-0.046887319535
-0.0437670201063
-0.0405513197184
-0.0372556075454
-0.0338944792747
-0.0304823331535
-0.0270336419344
-0.0235623829067
-0.0200811289251
-0.0166039578617
-0.0131376553327
-0.00970124453306
-0.00629935739562
-0.00294353649952
0.00035651458893
0.00359153095633
0.0067538805306
0.00983623601496
0.0128298094496
0.0157320518047
0.0185315199196
0.0212270133197
0.023811692372
0.0262803919613
0.02862871252
0.0308524519205
0.0329474136233
0.0349103659391
0.0367350466549
0.0384210720658
0.0399625077844
0.0413565114141
0.0425995886326
0.0436882190406
0.0446191765368
0.0453883074224
0.04599256441
0.0464281216264
0.0466915480793
0.0467794463038
0.0466881915927
0.0464149750769
0.045955825597
0.0453078821301
0.0444686226547
0.0434356406331
0.0422065705061
0.0407793447375
0.0391532182693
0.0373277552426
0.035302489996
0.0330762341619
0.0306537356228
0.0280349962413
0.0252257045358
0.0222261846066
0.0190443489701
0.0156890749931
0.0121638514102
0.00847838632762
0.00464177085087
0.000671974557918
-0.00342699233443
-0.00762836961076
2.74551757684e-06
0.0
0.0
0.0
0.0
