0.0
-1.21801695059e-05
-7.07766548658e-06
-3.35179083777e-06
-9.8758130207e-07
0.0
-3.74574511852e-07
-2.11102269532e-06
-5.22409118275e-06
-9.6988187579e-06
-1.55501711561e-05
-2.27670825552e-05
-3.13424170599e-05
-4.12943772972e-05
-5.26138064743e-05
-6.51997252135e-05
-7.89825862739e-05
-9.38950615819e-05
-0.000109832712042
-0.000126661208924
-0.000144244506373
-0.000162419761182
-0.000181064737262
-0.000199972375412
-0.000218984059757
-0.000237866319367
-0.000256471917965
-0.000274582009297
-0.000291964533972
-0.000308455259074
-0.000323836138705
-0.000337907491485
-0.000350500718923
-0.000361400278052
-0.000370456342353
-0.00037750415504
-0.000382424128475
-0.00038508119178
-0.000385340943467
-0.000383143953513
-0.00037844516919
-0.000371184840333
-0.000361333281035
-0.000348906498402
-0.000333979201969
-0.000316566147376
-0.000296743382933
-0.000274631223874
-0.000250395067269
-0.000224169096327
-0.000196118169697
-0.000166469006217
-0.000135429290822
-0.00010327216296
-7.02213001205e-05
-3.65296691598e-05
-2.53229927694e-06
3.1488831155e-05
6.52659509797e-05
9.84646467259e-05
0.00013080300414
0.000161934716743
0.000191605315194
0.000219471214223
0.000245289964369
0.00026875216281
0.000289625430014
0.000307643524138
0.000322592037264
0.00033428860479
0.000342516344972
0.00034712816705
0.000348035333445
0.000345101201674
0.000338253827067
0.000327478599502
0.000312761665555
0.000294133409625
0.000271623342996
0.000245315633947
0.000215371153899
0.000181910087122
0.000145100100781
0.000105152561446
6.23092491878e-05
1.68402293639e-05
-3.10236864607e-05
-8.09309785836e-05
-0.000132558940095
-0.000185564436833
-0.000239630651777
-0.000294364697766
-0.000349404930603
-0.000404321937822
-0.000458751892438
-0.000512305065058
-0.000564615998883
-0.000615242985077
-0.000663810409606
-0.000710007094312
-0.000753385131247
-0.000793657382019
-0.000830440083519
-0.000863427703734
-0.000892375071999
-0.000916926248465
-0.000936853699386
-0.000951950671151
-0.000961989921052
-0.000966785184573
-0.000966189370956
-0.000960079429206
-0.000948384578805
-0.00093103951076
-0.000907937530428
-0.000879125494976
-0.000844667956699
-0.000804554205388
-0.00075885647675
-0.000707724946551
-0.000651268463116
-0.000589682545979
-0.000523140770383
-0.000451818894362
-0.000375976698706
-0.00029588615871
-0.000211803402635
-0.00012403439905
-3.29095346387e-05
6.12574149272e-05
0.000158128823387
0.000257315638009
0.000358471792424
0.00046120560728
0.000565189111512
0.000669903703965
0.000775034946855
0.000880132429302
0.000984824961051
0.00108875182923
0.00119141198229
0.00129245873541
0.00139146368019
0.00148812821135
0.00158196629491
0.00167265348136
0.00175986776594
0.00184317142703
0.00192233128473
0.00199695164338
0.00206676428206
0.00213147024624
0.00219081388786
0.00224456400611
0.00229246146046
0.00233431183733
0.00236995331943
0.00239918357693
0.00242189108394
0.0024379522074
0.0024472901132
0.00244982191361
0.00244550290518
0.00243432237767
0.00241629173979
0.0023914235644
0.00235978001729
0.00232145469636
0.00227654073387
0.00222514243796
0.00216739904135
0.00210351985879
0.00203367043287
0.00195810711011
0.00187696376815
0.00179052457679
0.00169906730298
0.00160287041217
0.00150219677016
0.00139736605342
0.00128870096523
0.00117653561756
0.00106111133937
0.000942932732869
0.000822254631203
0.00069944531424
0.000574864970986
0.000448870414402
0.000321812665788
0.000194003077922
6.59083452774e-05
-6.21844083071e-05
-0.000189913538634
-0.000317004945828
-0.000443011813331
-0.000567660434172
-0.000690722488798
-0.000811744132079
-0.000930499343667
-0.0010467863176
-0.00116022815928
-0.00127068627626
-0.00137779908255
-0.00148144399282
-0.00158145453315
-0.00167754245922
-0.00176963140257
-0.00185756210703
-0.00194116914645
-0.00202039862052
-0.00209508859552
-0.00216525862925
-0.00223078625277
-0.00229171267711
-0.0023479424417
-0.00239951047115
-0.00244645355269
-0.00248879566789
-0.00252656894736
-0.00255982531235
-0.0025886783842
-0.00261319545098
-0.00263346289285
-0.00264959968626
-0.00266171526164
-0.00266994466074
-0.00267438217998
-0.00267518381588
-0.00267247622833
-0.00266637955792
-0.0026570179034
-0.00264453003183
-0.00262904423289
-0.00261065829545
-0.00258948956616
-0.00256563839503
-0.00253917742521
-0.00251022097655
-0.00247881328687
-0.00244500953704
-0.00240885396488
-0.00237037148327
-0.00232958560809
-0.00228647352196
-0.00224102195352
-0.0021932378877
-0.00214306404814
-0.00209043477662
-0.00203529419377
-0.00197754288092
-0.00191714661196
-0.00185400387272
-0.00178798101842
-0.00171904941089
-0.00164708530065
-0.00157195120119
-0.00149364676327
-0.00141204148531
-0.00132703350391
-0.00123863806948
-0.00114675029181
-0.00105141976383
-0.000952593749389
-0.000850267184433
-0.000744577962905
-0.000635485339444
-0.000523200491443
-0.000407772371545
-0.000289442861686
-0.000168435595697
-4.48713144579e-05
8.08091426734e-05
0.000208418976399
0.000337497593137
0.000467805279186
0.000598834245466
0.000730044615921
0.000861113949213
0.000991484965198
0.00112058187369
0.00124777853489
0.00137263885699
0.00149450928438
0.00161279260647
0.00172681023832
0.00183606671635
0.00193992175627
0.00203778571449
0.0021290758159
0.0022132312879
0.00228968798183
0.00235806638375
0.00241788709536
0.00246870354749
0.00251016276889
0.00254202564247
0.00256407819688
0.00257606455125
0.00257791625336
0.00256968545727
0.00255143502727
0.00252322223969
0.00248526595533
0.00243797781877
0.00238172896206
0.00231693126261
0.00224415771663
0.00216406118125
0.00207747193053
0.00198507518508
0.001887725899
0.00178645388223
0.00168223900255
0.00157605332788
0.00146909395698
0.00136246997863
0.00125737267081
0.00115497107618
0.00105641328264
0.000963000638876
0.000875896599609
0.000796242151409
0.000725232122932
0.000663904065732
0.000613268406596
0.000574397912715
0.000548163836356
0.000535268802196
0.000536420382559
0.000552344252355
0.000583476969041
0.00063002272509
0.000692240253557
0.000770276819821
0.00086408900097
0.000973195303231
0.00109732046258
0.00123594189063
0.00138843571767
0.00155363825615
0.00173065660056
0.00191828166135
0.00211532600224
0.00232006120495
0.00253076548688
0.00274598388933
0.00296363607049
0.0031818356365
0.00339839304797
0.00361112575047
0.00381799950264
0.00401661358774
0.00420457543805
0.00437972322106
0.00453969091177
0.00468224100769
0.00480504380539
0.00490597169846
0.00498292408884
0.00503402482718
0.00505736051127
0.0050511052832
0.00501376530156
0.00494409678504
0.00484091276303
0.00470300251618
0.00452981470153
0.00432089483365
0.0040759886615
0.00379483914003
0.00347783230245
0.00312570505776
0.00273920805193
0.0023191573564
0.00186700653285
0.00138460646849
0.000873791694175
0.000336458469974
-0.000224911433179
-0.000807496195193
-0.00140849733725
-0.00202505919151
-0.00265385699458
-0.00329138874076
-0.00393408956006
-0.00457839760929
-0.00522055616602
-0.00585664249957
-0.00648276600987
-0.00709504634142
-0.00768992258236
-0.00826298352331
-0.00881072320044
-0.00932934880257
-0.00981543492526
-0.0102656753734
-0.0106768133119
-0.0110458163545
-0.0113697042689
-0.011646348983
-0.0118734268472
-0.0120487865061
-0.0121708344668
-0.0122386114672
-0.0122510567307
-0.012207204476
-0.0121070602909
-0.0119509790093
-0.0117393033579
-0.011472412385
-0.0111519461498
-0.0107795177028
-0.0103566963226
-0.00988574419171
-0.0093688685447
-0.00880951620638
-0.00821038335562
-0.00757421785966
-0.00690519064665
-0.00620681792498
-0.005482559558
-0.00473691336811
-0.00397329358384
-0.00319665460847
-0.00241042021662
-0.00161958078388
-0.000827518233564
-3.91643297917e-05
0.000742144125979
0.00151150429156
0.00226594600827
0.00300104427151
0.00371389160864
0.00440021045506
0.00505774794146
0.00568295363337
0.00627371948212
0.00682671787217
0.00734062260017
0.00781334936619
0.00824293401092
0.0086282948032
0.00896816886961
0.00926239602268
0.0095101846382
0.00971097685397
0.00986540690064
0.00997383706272
0.0100367609411
0.0100550083444
0.010029817
0.0099626686424
0.00985489971936
0.00970774516463
0.00952396821231
0.00930546689779
0.0090545527637
0.00877349078655
0.00846496410668
0.00813118461519
0.00777486525476
0.00739863002673
0.00700528407469
0.00659704115242
0.00617674225941
0.00574697321281
0.00531042087823
0.00486904289573
0.00442546978593
0.0039820629172
0.00354083720595
0.0031038208399
0.00267320289277
0.00225042970851
0.00183722015936
0.00143502571154
0.00104526872747
0.000669279543217
0.000307966867695
-3.78226650355e-05
-0.000367081083823
-0.000679403368849
-0.000974271213636
-0.00125138415024
-0.00151045387611
-0.00175127305556
-0.00197395915166
-0.0021786482539
-0.00236549414694
-0.00253471895121
-0.00268675433472
-0.00282206805423
-0.00294111482799
-0.00304439454339
-0.00313250860199
-0.00320608098991
-0.00326574640349
-0.0033121262677
-0.00334586040117
-0.0033676198218
-0.00337806367315
-0.00337780313566
-0.00336743402295
-0.00334756891243
-0.00331876752898
-0.00328159308992
-0.00323651707731
-0.00318401539698
-0.00312456232496
-0.00305857136846
-0.00298640597612
-0.00290836463682
-0.00282487901859
-0.00273621152155
-0.00264264922589
-0.00254441960715
-0.0024418013636
-0.00233503733762
-0.00222434150055
-0.00210995739326
-0.0019920533523
-0.00187099014875
-0.00174697325565
-0.00162027624901
-0.00149117119145
-0.00135995971505
-0.00122694054153
-0.00109261681791
-0.000957287091296
-0.000821372319479
-0.000685368780978
-0.000549711869098
-0.000415023823734
-0.00028176480555
-0.000150565814693
-2.20430956688e-05
0.000103258076706
0.000224565286771
0.000341267150361
0.000452668202342
0.000558111409191
0.000656947377138
0.000748422811739
0.000831919023767
0.000906774657778
0.000972411886323
0.00102822016925
0.00107369199395
0.00110832380597
0.00113162922207
0.00114330230281
0.00114306923933
0.00113061862066
0.00110579177272
0.00106860103551
0.00101905560587
0.000957226788159
0.000883295258973
0.000797644024715
0.000700646371115
0.000592803698964
0.000474641070468
0.000346898421412
0.000210484693525
6.6145315941e-05
-8.52589582792e-05
-0.000242459223955
-0.000404397811508
-0.000570024305489
-0.000737943686545
-0.000906894856598
-0.00107559934258
-0.00124254624825
-0.00140649615787
-0.00156587571837
-0.00171931937803
-0.00186547194608
-0.00200280221179
-0.00213006953709
-0.00224596983753
-0.00234906189144
-0.00243824999779
-0.00251238048077
-0.0025704219006
-0.00261133327149
-0.00263424147852
-0.00263850647025
-0.00262346561067
-0.00258850655518
-0.00253322138451
-0.00245753419586
-0.00236131204292
-0.00224439240992
-0.00210707006045
-0.0019496793393
-0.0017728303792
-0.00157681468409
-0.00136260781437
-0.00113111746032
-0.000883266038727
-0.000620307051577
-0.000343283900293
-5.39630818821e-05
0.000246431445703
0.000556107785087
0.000873514567502
0.00119697616901
0.00152433512267
0.00185405940283
0.00218391651288
0.00251223705709
0.00283669237979
0.00315561215393
0.00346672185697
0.00376823521219
0.00405833730474
0.00433481903747
0.00459614116699
0.00484035583213
0.00506598688662
0.0052711465396
0.00545458542183
0.00561483670026
0.00575078418478
0.00586102483794
0.00594474375248
0.00600111763924
0.00602946570143
0.00602908199653
0.0059996531345
0.00594101753086
0.00585314119235
0.00573588255793
0.00558964675292
0.00541484635323
0.00521217240021
0.00498200766742
0.00472551118582
0.00444356398657
0.00413758028299
0.00380840688013
0.00345783843659
0.00308716320433
0.00269835535437
0.00229288125411
0.0018724197289
0.00143933959771
0.000995176029392
0.000542374502402
8.25669703772e-05
-0.000381646474125
-0.000848559255246
-0.00131560093723
-0.00178105430678
-0.00224233348854
-0.00269775115885
-0.00314473523758
-0.00358171551488
-0.00400628754869
-0.00441692024469
-0.00481127528474
-0.00518800597638
-0.00554510671645
-0.00588128622621
-0.00619459757581
-0.00648391665891
-0.0067481524311
-0.00698581011966
-0.00719599286094
-0.00737764453515
-0.00753024127334
-0.00765290716663
-0.00774512533098
-0.00780648039654
-0.00783687923104
-0.00783607829362
-0.00780400447547
-0.00774089526385
-0.00764708407223
-0.00752297788858
-0.00736896693707
-0.00718576228246
-0.0069743860513
-0.00673551345244
-0.0064702774398
-0.0061797183007
-0.00586540903896
-0.00552839739248
-0.00517038488761
-0.004792669788
-0.00439729169011
-0.00398582406342
-0.003559761215
-0.00312141352333
-0.00267232628539
-0.00221488811076
-0.00175058923196
-0.0012819156982
-0.000810669269413
-0.000338668382028
0.000131619803142
0.000598633429036
0.00105994567275
0.00151406798977
0.00195865589194
0.00239221705124
0.00281324237585
0.00321965874173
0.00361022842117
0.00398322520778
0.00433755526319
0.00467206770554
0.00498525751755
0.0052765281871
0.00554480310529
0.0057894079946
0.0060097486712
0.00620523514226
0.00637577474117
0.00652091344818
0.00664053857327
0.00673480238765
0.00680384133011
0.00684787519276
0.00686719221994
0.00686236470938
0.00683393981308
0.00678260810673
0.00670898985118
0.00661393394694
0.00649844482541
0.00636336905882
0.00620958255604
0.00603832677007
0.00585059309378
0.00564736593515
0.0054299631156
0.00519939698279
0.00495671434328
0.00470326840878
0.00444007525221
0.00416824454442
0.00388870947063
0.00360285723582
0.00331159168854
0.00301573588513
0.00271654757671
0.00241486821324
0.00211142096668
0.00180734950118
0.00150328828022
0.00120000494644
0.000898133497685
0.000598574639298
0.000301782478346
8.38271080283e-06
-0.000281217653537
-0.000566244067159
-0.000846419017762
-0.00112128083128
-0.0013905436499
-0.00165363098495
-0.00191034679301
-0.0021603484638
-0.00240334868431
-0.00263920868747
-0.00286746071652
-0.00308795389719
-0.00330045144074
-0.00350474962033
-0.00370070198551
-0.00388790224679
-0.00406621303409
-0.00423541292548
-0.00439524743706
-0.00454548792914
-0.00468593789265
-0.00481620570645
-0.00493607204407
-0.00504524866119
-0.00514345103875
-0.00523035787046
-0.00530564459041
-0.00536902062595
-0.00542010227218
-0.00545856263489
-0.00548407621682
-0.00549630308524
-0.00549490144476
-0.00547956256196
-0.00544998096302
-0.00540584232658
-0.00534687796608
-0.00527285737917
-0.00518358126283
-0.00507879024372
-0.0049584293738
-0.00482242647558
-0.00467076757923
-0.00450340146199
-0.00432040868327
-0.00412204582244
-0.00390852894634
-0.00368009810336
-0.00343714351766
-0.00318021862768
-0.00290989736095
-0.0026267610956
-0.00233153579757
-0.00202514813282
-0.00170855398756
-0.00138286000583
-0.00104885408655
-0.000708005973138
-0.000361610320397
-1.09728798634e-05
0.000342442130204
0.00069703347981
0.0010511764558
0.00140327133704
0.00175162369851
0.00209441920742
0.00242972048
0.002756039612
0.00307141896337
0.00337405363098
0.0036621238105
0.003933835309
0.0041874917224
0.00442135985941
0.00463406462222
0.0048238998279
0.00498946523294
0.00512959621847
0.00524307554588
0.00532883871347
0.0053859888576
0.00541400024667
0.00541236484423
0.00538055226207
0.00531847076491
0.00522641092539
0.00510472338647
0.00495360046625
0.00477386731654
0.00456671742722
0.00433346489444
0.00407507969067
0.00379337393679
0.00349055207334
0.00316839758307
0.00282916263677
0.00247549708001
0.00210987520404
0.00173530052416
0.00135475257412
0.00097097660182
0.000587637245189
0.000207651144592
-0.000165496661793
-0.000528287666384
-0.000877672748175
-0.00120991026051
-0.00152192497626
-0.00181022274774
-0.00207200273871
-0.0023039560765
-0.00250325584784
-0.00266719399951
-0.0027934180107
-0.00287977582775
-0.00292394985445
-0.0029244478792
-0.00288015347905
-0.00279000797309
-0.00265291845426
-0.00246888492256
-0.00223812484182
-0.00196129828691
-0.00163862446789
-0.00127187650651
-0.000862977816723
-0.000413760513766
7.32078915462e-05
0.000595063494984
0.00114843447227
0.00172915018629
0.00233408808708
0.00295818550512
0.00359681877308
0.00424508471042
0.00489833112806
0.0055505335331
0.00619629491121
0.0068302587606
0.00744610605761
0.00803839229047
0.00860130041838
0.00912931282073
0.00961613282561
0.0100566605106
0.0104457186535
0.0107781309634
0.0110489260405
0.0112536018714
0.0113884611055
0.011449676007
0.0114335818216
0.0113376993686
0.0111601930112
0.0108990222216
0.0105527434498
0.0101211071014
0.00960462260991
0.00900377519429
0.00831931270659
0.00755357788876
0.00670958589762
0.00579040311277
0.00479925377294
0.00374095886946
0.00262088398449
0.00144446885679
0.000217304914258
-0.00105379556771
-0.00236150855199
-0.00369852199219
-0.00505741732195
-0.00643000286072
-0.0078078196384
-0.00918170623481
-0.0105445748195
-0.0118871126324
-0.0132006313652
-0.0144764855504
-0.0157060660422
-0.0168813765049
-0.0179939586669
-0.0190371628851
-0.0200027581304
-0.0208842866123
-0.0216752514243
-0.0223704911768
-0.0229638274759
-0.0234511867166
-0.0238288454711
-0.0240938141942
-0.0242426916957
-0.0242743231356
-0.0241883657873
-0.0239842068404
-0.0236618928611
-0.0232231914997
-0.0226707160473
-0.0220073405653
-0.0212354641408
-0.0203605182469
-0.0193870607764
-0.0183207206428
-0.0171676501632
-0.015933835879
-0.0146277518943
-0.0132556026801
-0.0118262311444
-0.0103466492146
-0.00882688630372
-0.00727406097576
-0.00569811696187
-0.00410733325407
-0.0025098156184
-0.000916079268791
0.000666822714265
0.00222904374823
0.00376332667656
0.00526230176911
0.00671662716195
0.00812029372901
0.00946736335754
0.0107499901205
0.0119626400992
0.0131011428311
0.0141599690542
0.0151352481917
0.016023049131
0.016821352765
0.017527513206
0.0181399043649
0.0186570584774
0.0190791357309
0.0194066353142
0.0196401067078
0.0197803601623
0.0198299027979
0.0197914931923
0.0196678191423
0.0194619651884
0.0191781930625
0.0188209395856
0.0183946769685
0.017904099077
0.0173546466976
0.016751870513
0.0161013286561
0.0154086947441
0.0146798975766
0.0139208836481
0.0131376348436
0.012336069718
0.0115218814462
0.0107012093067
0.00987887009978
0.00906079541892
0.00825187470764
0.00745691824704
0.00668076099828
0.00592827564105
0.00520229432732
0.00450674910098
0.00384510471486
0.00322078983299
0.00263523985632
0.00209068413824
0.00158931117039
0.00113210850395
0.000719750358257
0.000352723756805
3.09295428451e-05
-0.000245563947828
-0.00047775162966
-0.0006670858711
-0.000814616156276
-0.000922057544813
-0.000991666340269
-0.00102596567012
-0.00102738151327
-0.000998621690087
-0.000942932907492
-0.000863545457833
-0.000763824267779
-0.000647084380034
-0.000517060456332
-0.000377321150154
-0.000231468846323
-8.32427467685e-05
6.38767305645e-05
0.000206432130653
0.000340782076819
0.000463626871351
0.000572029792238
0.000662916572765
0.000733399181627
0.000780818401836
0.000803075963631
0.000798133492935
0.000763997901231
0.000699022959452
0.000602261919994
0.000472917163279
0.000310114730382
0.000113327856525
-0.000116878472909
-0.00038016930921
-0.000676075113006
-0.00100378680509
-0.00136166554876
-0.00174804776907
-0.00216127326712
-0.00259929057211
-0.00305946171284
-0.00353905372322
-0.00403512362391
-0.00454515777528
-0.00506553053856
-0.00559279415756
-0.00612351391464
-0.00665411679074
-0.0071808565408
-0.0076997266151
-0.0082074413076
-0.0087000541389
-0.00917390547693
-0.00962514430285
-0.0100505519658
-0.0104465009645
-0.01080970373
-0.011137467809
-0.011426512152
-0.0116740353405
-0.0118781281635
-0.0120364837348
-0.0121471453458
-0.0122084049508
-0.012219347991
-0.0121791483834
-0.0120869791135
-0.0119424546137
-0.0117462165654
-0.0114987595007
-0.011200488545
-0.0108528072014
-0.0104572940618
-0.0100162839517
-0.00953159667552
-0.0090054217726
-0.00844141375273
-0.00784256216139
-0.0072117834352
-0.00655325874686
-0.00587079720572
-0.00516853760928
-0.00445064669475
-0.00372108421288
-0.00298516848125
-0.00224717799574
-0.00151173432823
-0.000783452531323
-6.69008368277e-05
0.000633313145954
0.00131262873765
0.00196670391597
0.00259151426144
0.00318307382986
0.00373739004135
0.00425091804937
0.00472072511911
0.00514388969168
0.00551752280444
0.00583936739713
0.00610793288797
0.00632180413231
0.00647956691682
0.00658049201593
0.0066249249503
0.00661309016868
0.00654527032748
0.00642259605229
0.00624693697318
0.00602032523602
0.00574495457113
0.00542327528819
0.00505891256034
0.00465562799945
0.00421661930159
0.00374636659399
0.00324910297059
0.00273000588641
0.00219329330139
0.00164442579262
0.00108818197623
0.000530378601979
-2.42281075771e-05
-0.000569844967686
-0.00110174412839
-0.0016141947126
-0.00210222299211
-0.00256114592776
-0.00298599363305
-0.00337247108109
-0.00371608277783
-0.00401303637773
-0.00425979727879
-0.00445331679657
-0.00459037581459
-0.0046685715206
-0.00468637980521
-0.00464227981865
-0.00453481730074
-0.00436343252659
-0.0041285501793
-0.00383062311448
-0.00347011070698
-0.00304843578488
-0.00256794062443
-0.00203102221712
-0.00144010351505
-0.000798386114184
-0.000109955297376
0.000620762642939
0.00139034562744
0.00219374871813
0.00302565819584
0.00388072105125
0.00475320219994
0.00563823338598
0.00652944250032
0.00742083089426
0.0083059836179
0.0091797541827
0.0100357485935
0.0108676115051
0.0116701517254
0.0124370111153
0.0131635982543
0.0138439657167
0.0144734727219
0.0150469001383
0.0155607759953
0.0160106029361
0.0163928307593
0.0167039651424
0.0169419124722
0.0171044450253
0.0171891469508
0.0171948671341
0.0171211883426
0.0169678535312
0.0167345646769
0.0164220388979
0.0160319041461
0.0155655685812
0.0150251723826
0.0144131239504
0.0137328151613
0.0129876835272
0.012181179598
0.0113174812868
0.0104013895616
0.00943768490106
0.00843122880906
0.00738726882264
0.0063114464283
0.00520940311253
0.00408678082749
0.00294936005957
0.00180354248732
0.000654102070257
-0.00049256515922
-0.00163079728372
-0.00275462889113
-0.00385966803879
-0.00493990909308
-0.0059899459593
-0.00700625963509
-0.00798381585628
-0.00891774054617
-0.00980513636023
-0.0106420153752
-0.0114260334522
-0.0121533516794
-0.0128223868087
-0.0134309483692
-0.0139780845493
-0.0144617836922
-0.0148816350847
-0.0152378911152
-0.0155303124338
-0.0157591849566
-0.0159254800528
-0.016030581668
-0.0160761307925
-0.0160637199879
-0.0159954801202
-0.0158741697669
-0.0157024674118
-0.0154830925167
-0.0152191342786
-0.0149140013382
-0.01457110513
-0.0141938664019
-0.0137858381495
-0.0133506478742
-0.0128919696435
-0.0124134458601
-0.0119186043739
-0.0114109003916
-0.0108937723562
-0.0103709073737
-0.00984492525458
-0.00931892637163
-0.00879578478634
-0.0082785943523
-0.00776925776154
-0.00727007398382
-0.00678331544623
-0.00631053326651
-0.00585347833112
-0.00541348848492
-0.00499125709757
-0.00458826730028
-0.00420475983992
-0.00384134217165
-0.00349788460881
-0.00317493826151
-0.002872150857
-0.00258889980614
-0.00232494878583
-0.00207965401933
-0.00185214134399
-0.00164163240697
-0.0014470082242
-0.00126727879979
-0.00110133353155
-0.000947867636569
-0.000805804564152
-0.000673840753734
-0.000550757569727
-0.000435349676991
-0.000326388719259
-0.000222690432565
-0.000123128687846
-2.66974111582e-05
6.76134659443e-05
0.000160826049978
0.000253791164141
0.00034716835944
0.000441756099463
0.000538234657142
0.000637158518657
0.000738861621358
0.00084384821821
0.000952491303906
0.00106502696872
0.00118158466648
0.00130242132582
0.00142757338472
0.0015572613338
0.00169138412457
0.00183010369074
0.00197330582887
0.00212115887552
0.00227355468087
0.00243065156974
0.002592360368
0.00275883404538
0.00293028051965
0.003106683027
0.00328827090561
0.00347526767291
0.00366795714945
0.00386674609035
0.00407175347209
0.00428343378007
0.00450221356004
0.00472853705287
0.00496284617111
0.00520556420088
0.00545716658235
0.00571811385453
0.00598884746432
0.00626976927742
0.00656116986647
0.0068632136099
0.00717649282888
0.00750096933916
0.00783657096326
0.00818325672299
0.00854077003896
0.00890906434506
0.00928733497858
0.0096747353673
0.0100709786639
0.0104746399447
0.0108846826479
0.0112993232906
0.0117175439373
0.0121370907873
0.0125561403111
0.0129720969126
0.0133828818798
0.0137860523537
0.0141782574356
0.0145566994324
0.0149185461923
0.0152601553127
0.0155781712383
0.0158690530807
0.0161292478442
0.016355112195
0.016542904079
0.0166888833046
0.016789322719
0.0168406181037
0.0168392956257
0.0167818889022
0.0166649576277
0.0164854414761
0.0162406805903
0.0159280393273
0.0155450794846
0.0150894634426
0.0145600512624
0.0139555288479
0.0132749481127
0.0125172957778
0.0116837592795
0.0107740238309
0.00978897605091
0.00873069837689
0.00760073401034
0.00640271278098
0.00513870036229
0.00381172448397
0.00242769648321
0.000990717788227
-0.000495206797495
-0.00202299817465
-0.00358674232848
-0.00518058938906
-0.00679637957364
-0.00842752121389
-0.0100659998134
-0.0117037529126
-0.0133327394724
-0.0149445589632
-0.0165305025876
-0.0180818587542
-0.019589908421
-0.0210460498929
-0.0224418416619
-0.0237688198686
-0.0250179693103
-0.0261826757342
-0.0272551365197
-0.028228174895
-0.0290942899883
-0.0298482179642
-0.0304845813662
-0.0309982784092
-0.0313848815858
-0.0316405929625
-0.0317636989057
-0.0317521356046
-0.0316040590405
-0.0313193239272
-0.0308990944177
-0.0303452592343
-0.0296591632068
-0.0288434922695
-0.0279038138688
-0.0268446262926
-0.0256708245724
-0.0243886075914
-0.0230049863458
-0.0215289946645
-0.0199677776545
-0.0183300022036
-0.0166253559291
-0.0148636149243
-0.0130545049906
-0.0112082017586
-0.00933621823788
-0.0074473824352
-0.00555324042216
-0.00366426445544
-0.00179074751213
5.61218330404e-05
0.00186780304648
0.0036337771453
0.0053443913348
0.00699243554845
0.00856754090637
0.0100634684786
0.0114729478955
0.0127889523283
0.0140057960525
0.0151188736781
0.0161236319691
0.0170172229409
0.0177966039628
0.0184589922428
0.0190045107156
0.0194329861552
0.0197443775833
0.0199394579977
0.0200211871415
0.0199924241751
0.0198560450226
0.0196159556508
0.0192774590105
0.0188459344208
0.0183267705142
0.0177260711789
0.0170512236655
0.0163087006658
0.0155059332028
0.0146503485739
0.0137502830476
0.0128127867356
0.0118461828679
0.0108588030562
0.00985747016966
0.00885038636625
0.00784575939178
0.00685046426952
0.00587079487741
0.00491435173899
0.00398694071919
0.0030955078546
0.00224464456551
0.00143897882663
0.000684243103024
-1.57644335559e-05
-0.000658103614114
-0.00123993784655
-0.00175842561293
-0.00221152976155
-0.00259878206998
-0.00291922455654
-0.00317237759009
-0.00335868657567
-0.00347946933471
-0.00353629793972
-0.00353072653525
-0.00346494023688
-0.00334213441238
-0.00316574587487
-0.00293891341425
-0.00266540935263
-0.00234983232804
-0.00199639052153
-0.00160992238671
-0.00119471736252
-0.000756188004743
-0.000298945320537
0.000171559833689
0.000650774105452
0.00113332853653
0.00161458214279
0.00208962126635
0.00255401036702
0.00300309830345
0.00343298097141
0.00383948744275
0.00421884097159
0.00456801429391
0.00488410145044
0.00516414223239
0.00540566537529
0.00560713466257
0.00576714333147
0.00588427018374
0.00595756620169
0.00598710263148
0.00597308482975
0.00591572327539
0.00581560656428
0.00567440502346
0.00549367070198
0.00527531839907
0.00502111203969
0.00473413430154
0.00441700592637
0.0040729502216
0.00370473391376
0.00331633957103
0.00291123613715
0.00249289814383
0.00206546648405
0.00163263082504
0.00119828700554
0.000766334647778
0.000340595026501
-7.53019266995e-05
-0.000477982219309
-0.000863274559379
-0.00122837838717
-0.00157024443615
-0.00188613776118
-0.00217329384759
-0.0024292320013
-0.00265226024203
-0.00284077785909
-0.00299343862571
-0.0031088993419
-0.00318686547689
-0.00322731072083
-0.00323014636524
-0.00319551932625
-0.00312470528297
-0.00301896617748
-0.00287983100861
-0.00270874239504
-0.0025083986111
-0.00228139176033
-0.00203038961627
-0.00175808370113
-0.00146825890988
-0.00116438639816
-0.000850093783811
-0.000529069628101
-0.000205325341085
0.000117024937936
0.000433860812336
0.000741140102036
0.00103485153522
0.00131098378915
0.00156542437617
0.00179457582999
0.00199477560818
0.00216272263788
0.00229496276006
0.00238846358843
0.00244064256549
0.00244934437796
0.00241228030063
0.00232738885097
0.00219363206998
0.00201009190641
0.00177612155676
0.001491065952
0.00115515466314
0.000769547943491
0.000334863434546
-0.000147935410496
-0.000676847586874
-0.00124953279737
-0.00186361710075
-0.00251664407551
-0.00320524000563
-0.0039257039316
-0.00467436853796
-0.00544745801017
-0.006240547169
-0.00704899476841
-0.00786773208529
-0.00869289133698
-0.00951904896647
-0.0103406310081
-0.0111533254385
-0.0119511783123
-0.0127298496664
-0.0134834088385
-0.0142074991018
-0.0148962950334
-0.0155454231426
-0.0161505229771
-0.0167064070702
-0.0172088220716
-0.0176538322121
-0.0180377699435
-0.0183569882065
-0.0186080262065
-0.0187878664583
-0.0188943278044
-0.0189250726253
-0.0188778657466
-0.018751386553
-0.0185448732227
-0.0182575173676
-0.0178886391222
-0.0174388028681
-0.0169084593654
-0.0162986759096
-0.0156108075753
-0.0148461116478
-0.01400786452
-0.0130977910012
-0.0121193528175
-0.0110755888745
-0.00996993947774
-0.0088074663654
-0.00759170623496
-0.00632735947147
-0.00501894578338
-0.0036728719715
-0.00229371711612
-0.000887096277438
0.000541085319128
0.00198492477648
0.00343849463388
0.00489573273808
0.00635044509545
0.00779577484354
0.00922692473978
0.0106371417642
0.012020486407
0.0133703825995
0.0146821793169
0.0159490723163
0.0171670429409
0.0183297246695
0.0194329898804
0.0204711891711
0.0214412026107
0.0223380327225
0.0231580976397
0.0238980408758
0.0245555229485
0.0251273084432
0.0256111249328
0.026005147025
0.0263083837926
0.0265198796988
0.0266386885196
0.0266646277159
0.0265984330326
0.0264408588409
0.0261927936226
0.025855505839
0.0254314392805
0.0249232295901
0.0243328008801
0.023663373664
0.0229190867394
0.0221030823886
0.0212199222296
0.0202734973282
0.0192682147026
0.0182099342346
0.0171031206846
0.0159523971379
0.0147644653916
0.0135443909094
0.0122978016734
0.0110303852707
0.00974799133837
0.00845647137612
0.00716167502105
0.00586938951164
0.00458523537964
0.00331481872126
0.0020643575117
0.00083801872097
-0.000358634366421
-0.00152012624312
-0.00264269276522
-0.00372067140415
-0.00475125480443
-0.00572961010039
-0.00665292469785
-0.0075168996118
-0.00831991713494
-0.00905881728977
-0.00973166804761
-0.0103365154937
-0.0108725167811
-0.0113391429186
-0.0117352381349
-0.0120607549325
-0.0123164858669
-0.0125034386292
-0.0126225687563
-0.0126753291115
-0.0126640843228
-0.0125914542004
-0.0124600762501
-0.0122729772702
-0.0120337707922
-0.0117465630174
-0.0114155709743
-0.0110446196049
-0.0106390286237
-0.010203583166
-0.00974304229021
-0.00926305446774
-0.00876879412681
-0.0082653965801
-0.00775800365955
-0.00725301261991
-0.00675581907853
-0.0062718745321
-0.00580659136176
-0.00536524411291
-0.00495267240331
-0.00457351282239
-0.00423245690763
-0.00393395451829
-0.00368172139861
-0.00347877200693
-0.0033285531681
-0.0032341494225
-0.00319727743044
-0.00321937212721
-0.00330182770267
-0.00344569049776
-0.00365079962648
-0.0039160666056
-0.0042406655848
-0.00462373020127
-0.00506222853437
-0.00555305788293
-0.00609295815229
-0.00667846854776
-0.00730473920703
-0.00796628091484
-0.00865758024156
-0.00937305483967
-0.0101059880108
-0.0108491573483
-0.0115953227505
-0.0123368473724
-0.0130665730685
-0.0137759558856
-0.0144564826041
-0.0151006113738
-0.0156995914876
-0.0162458531559
-0.0167307518423
-0.0171464700252
-0.0174857750535
-0.017741413787
-0.0179066359997
-0.0179745983332
-0.0179397556931
-0.0177974961698
-0.0175432283431
-0.0171724520624
-0.0166824534535
-0.0160719007254
-0.0153395114467
-0.0144840897992
-0.0135064506903
-0.0124097773805
-0.0111956624314
-0.00986730121076
-0.00843018572778
-0.00688967434689
-0.00525397388265
-0.00352833746001
-0.00172300310805
0.000152388442075
0.00208826037124
0.00407223589718
0.0060934103094
0.00813852902502
0.0101942513138
0.0122472401708
0.0142835685983
0.0162885338068
0.0182474236935
0.0201455224305
0.0219682585448
0.0237012840807
0.0253294967115
0.026840178296
0.0282190423459
0.0294534470886
0.0305326133966
0.0314434766769
0.0321764238179
0.0327227339149
0.0330749936402
0.0332254208624
0.0331678912044
0.0329000502825
0.0324197150767
0.0317247435451
0.0308149009943
0.0296941045672
0.0283666849136
0.0268369838595
0.0251111723483
0.0231995880604
0.0211131908
0.0188640747219
0.0164622906595
0.0139250457287
0.0112704290077
0.00851236190647
0.00567125435919
0.00276443432085
-0.000184405274922
-0.00315601401962
-0.00613087462261
-0.00908384099603
-0.0119940694422
-0.0148391993716
-0.0175971053541
-0.0202450528741
-0.0227604936808
-0.0251243487
-0.0273161623627
-0.029318286106
-0.0311137903482
-0.0326849482954
-0.0340175554156
-0.0350991673768
-0.0359192527831
-0.0364686921239
-0.0367376916111
-0.03672324121
-0.0364238023758
-0.0358377732337
-0.0349651314318
-0.0338113196194
-0.0323843769729
-0.0306914504617
-0.028742916882
-0.0265524629503
-0.0241370722651
-0.0215137023479
-0.0186998043209
-0.0157187134027
-0.0125915808603
-0.00934389978647
-0.00599994929507
-0.00258818315342
0.000866534304805
0.00433438643813
0.00778548326343
0.0111947646365
0.0145304203033
0.0177655983716
0.0208733677864
0.0238244011998
0.0265953466296
0.0291613936424
0.0314978696406
0.0335841067135
0.0354026481509
0.0369360931218
0.0381672419608
0.0390841513872
0.0396796651185
0.0399468056858
0.0398788005114
0.0394745282829
0.0387387946248
0.0376772135496
0.0362939164042
0.0346008241177
0.0326132699847
0.0303502827883
0.0278281923383
0.0250686481595
0.0220975242555
0.0189453307539
0.0156383421272
0.0122070740908
0.00868617743254
0.00511052226648
0.00151502585504
-0.0020644296892
-0.00558865489438
-0.00902348943055
-0.0123295951635
-0.0154686737806
-0.0184086747468
-0.0211117099971
-0.023545416072
-0.0256747696549
-0.027474263683
-0.0289151594043
-0.0299714393914
-0.0306196641177
-0.0308438707143
-0.0306302942336
-0.0299647245556
-0.0288367457688
-0.027246568352
-0.0251962952316
-0.0226879529655
-0.0197288710624
-0.0163333136588
-0.0125226275995
-0.00831663236022
-0.0037405686453
0.00117555900943
0.00638859719038
0.0118670202792
0.0175661332905
0.0234437603503
0.0294430069625
0.0355194248259
0.0416148714721
0.0476784966886
0.0536479577422
0.0594641268253
0.0650677978992
0.0703989490867
0.0753998532891
0.080005094409
0.0841597020626
0.0878059566021
0.0908906906843
0.093361787498
0.0951645746827
0.0962585955858
0.096603795886
0.0961630567908
0.0948989391327
0.0927871614695
0.0898128077388
0.085960611701
0.0812164619565
0.0755794420838
0.0690639466047
0.0616785101593
0.0534394420683
0.0443723201752
0.034522715956
0.0239272806793
0.0126277450472
0.000692891131621
-0.0118252439424
-0.0248457510024
-0.0383048020303
-0.052114252001
-0.0661891549826
-0.0804311856627
-0.0947549939156
-0.109061844647
-0.123247101903
-0.137199297547
-0.150819957256
-0.164003506303
-0.176643922925
-0.188629463315
-0.199860021472
-0.210235655308
-0.219662636518
-0.228047221899
-0.235295638442
-0.241324529052
-0.246069744229
-0.249464735389
-0.251438826323
-0.251945108175
-0.250952869654
-0.24843198061
-0.244350463152
-0.238704949617
-0.231508433819
-0.222776055336
-0.212518557906
-0.200785338879
-0.187627479434
-0.173120141029
-0.15731343627
-0.140299931169
-0.12217656523
-0.103066675365
-0.0830693989992
-0.0622993819416
-0.0409044772387
-0.0190135557204
0.00321262842044
0.025646051392
0.0481209494174
0.0704920217395
0.0925924405456
0.114268682897
0.135378599167
0.155759438872
0.175259813666
0.19375257194
0.211100459099
0.227183118463
0.241866990924
0.255061268806
0.266673386097
0.276623219252
0.284824967384
0.291239529848
0.295832365751
0.298575401306
0.29944524169
0.298318266869
0.295362323523
0.290608137846
0.284102231264
0.275925695896
0.266161173582
0.254900544882
0.242243394256
0.228309214115
0.213233813643
0.197147443891
0.180181026459
0.162502288818
0.144257292151
0.125591680408
0.106677301228
0.0876521468163
0.0686891078949
0.0499349981546
0.0315339080989
0.0136209661141
-0.00366079597734
-0.0201868340373
-0.0358478799462
-0.0505403541028
-0.0641749426723
-0.0766540840268
-0.08792501688
-0.0979257449508
-0.106547690928
-0.113808199763
-0.119702525437
-0.124236799777
-0.127417564392
-0.129259884357
-0.12981210649
-0.129123717546
-0.127243816853
-0.12423582375
-0.120184704661
-0.115171015263
-0.10928388685
-0.102615721524
-0.095270358026
-0.0873555988073
-0.0789724141359
-0.0702270492911
-0.0612312294543
-0.0520882308483
-0.0429085865617
-0.0337870381773
-0.024823859334
-0.016110630706
-0.00774677656591
0.000193969521206
0.00762686086819
0.0144733218476
0.0206724945456
0.0261811893433
0.030953688547
0.0349456518888
0.0381279475987
0.0404837951064
0.0420033894479
0.0426733866334
0.0424945838749
0.0414835959673
0.0396572835743
0.0370327048004
0.0336386151612
0.0295173637569
0.0247079282999
0.0192537922412
0.0132060609758
0.00661934446543
-0.000446045538411
-0.00793593656272
-0.0157797839493
-0.0239186435938
-0.0322827957571
-0.0408062450588
-0.0494261085987
-0.0580663755536
-0.066664069891
-0.0751527622342
-0.0834691300988
-0.0915511548519
-0.0993371084332
-0.106766916811
-0.113783530891
-0.120340198278
-0.126382857561
-0.131867453456
-0.136755794287
-0.141001269221
-0.14457668364
-0.147457227111
-0.149623274803
-0.151058390737
-0.15174742043
-0.151678144932
-0.150850102305
-0.149269297719
-0.146919965744
-0.143825039268
-0.140002280474
-0.135473355651
-0.130264550447
-0.124396264553
-0.117903091013
-0.110829651356
-0.103203602135
-0.0950706005096
-0.0864737555385
-0.077466905117
-0.0680947005749
-0.0584062412381
-0.0484553873539
-0.0382979810238
-0.0279895123094
-0.0175853390247
-0.00713665317744
0.00328952516429
0.0136468270794
0.0238737277687
0.0339165963233
0.0437287129462
0.053253903985
0.0624456964433
0.0712538808584
0.0796428844333
0.0875694006681
0.0950022116303
0.101901166141
0.108247108757
0.114018082619
0.119192637503
0.123756691813
0.127701565623
0.13102710247
0.133731395006
0.13574552536
0.137116864324
0.137886688113
0.138065606356
0.13766656816
0.136711373925
0.135225236416
0.133233517408
0.130763635039
0.127847164869
0.124520786107
0.120821766555
0.116789951921
0.11246162653
0.107881322503
0.103091947734
0.0981364771724
0.0930546224117
0.0878895521164
0.0826817974448
0.0774714946747
0.0722937211394
0.0671811103821
0.062168225646
0.0572717227042
0.0525036081672
0.0479213446379
0.0435430854559
0.0393897406757
0.0354814678431
0.0318309739232
0.0284463185817
0.0253408048302
0.022522225976
0.0199923813343
0.0177513994277
0.0157979391515
0.0141297858208
0.012741593644
0.0116220470518
0.0107609014958
0.0101468153298
0.00976635795087
0.00960202142596
0.009636586532
0.00985244382173
0.0102309426293
0.0107515249401
0.0113934129477
0.0121356621385
0.0129572888836
0.0138373104855
0.0147550655529
0.0156888589263
0.0166179426014
0.0175236593932
0.0183866973966
0.0191883705556
0.0199102628976
0.0205367375165
0.0210532117635
0.0214446522295
0.0216968916357
0.0217976476997
0.0217397026718
0.0215135905892
0.0211105383933
0.020525990054
0.0197560526431
0.0187968406826
0.0176453851163
0.0163024887443
0.0147697003558
0.0130492178723
0.0111448345706
0.00906159635633
0.00680741667747
0.00438933400437
0.00181508401874
-0.000906536879484
-0.00376355042681
-0.00674368161708
-0.0098385149613
-0.0130337681621
-0.0163162648678
-0.0196711886674
-0.0230866055936
-0.0265501532704
-0.0300444215536
-0.0335551612079
-0.0370716452599
-0.0405769646168
-0.0440575480461
-0.047501321882
-0.0508954450488
-0.0542266629636
-0.0574834570289
-0.0606557615101
-0.0637319982052
-0.0667038634419
-0.0695630833507
-0.0723027065396
-0.0749142467976
-0.0773955732584
-0.0797410905361
-0.081946760416
-0.0840095505118
-0.0859306678176
-0.0877073034644
-0.0893399491906
-0.0908294767141
-0.0921772867441
-0.0933685600758
-0.0943703874946
-0.0952311754227
-0.095952399075
-0.0965350195765
-0.0969799384475
-0.0972870290279
-0.0974562242627
-0.0974873155355
-0.0973794534802
-0.0971305295825
-0.096738345921
-0.0962011963129
-0.0955156087875
-0.0946780368686
-0.093683578074
-0.0925291404128
-0.0912091881037
-0.0897178202868
-0.0880491659045
-0.0861981064081
-0.0841565653682
-0.0819206759334
-0.0794806927443
-0.076831817627
-0.0739682689309
-0.0708817690611
-0.0675243213773
-0.0639443993568
-0.060135807842
-0.0560966357589
-0.0518292970955
-0.0473296009004
-0.0426038056612
-0.0376567803323
-0.0324934609234
-0.0271215867251
-0.0215560682118
-0.0158045236021
-0.00988229364157
-0.00380834168755
0.00240280572325
0.00872524734586
0.0151385907084
0.0216224268079
0.0281508639455
0.0346980392933
0.0412350483239
0.047734208405
0.0541697405279
0.0605099983513
0.0667264387012
0.0727937072515
0.0786778256297
0.0843565836549
0.0897994861007
0.0949841737747
0.0998813286424
0.104469843209
0.108726747334
0.112633883953
0.116174519062
0.119332104921
0.122089698911
0.124440476298
0.126377210021
0.127873435616
0.128945171833
0.129594787955
0.129825159907
0.12964040041
0.129045337439
0.128051370382
0.126672744751
0.124919913709
0.122809834778
0.120359055698
0.117591612041
0.114526435733
0.111182682216
0.107589647174
0.103767357767
0.0997318699956
0.0955192521214
0.0911582559347
0.0866762399673
0.0820982605219
0.0774531513453
0.0727666765451
0.0680642575026
0.0633688569069
0.0587072558701
0.0540988482535
0.0495664030313
0.0451281405985
0.0408060103655
0.0366134867072
0.0325644277036
0.0286745391786
0.0249551385641
0.021416651085
0.0180618315935
0.0149002168328
0.011937524192
0.00917260441929
0.00660584168509
0.00423721270636
0.00206316960976
8.14538070699e-05
-0.00171621819027
-0.00333784334362
-0.00478910468519
-0.00608042627573
-0.00722166243941
-0.00822509266436
-0.00910130050033
-0.00986192654818
-0.0105195846409
-0.0110862478614
-0.0115742916241
-0.0119956182316
-0.0123613961041
-0.0126823466271
-0.012969000265
-0.0132317291573
-0.013474566862
-0.0137033788487
-0.0139296846464
-0.0141599969938
-0.0143979592249
-0.0146460607648
-0.0149067910388
-0.0151821384206
-0.0154716288671
-0.0157732963562
-0.0160849951208
-0.0164049528539
-0.0167289171368
-0.0170519389212
-0.0173684954643
-0.0176735110581
-0.0179612059146
-0.0182247180492
-0.01845773682
-0.0186534821987
-0.0188059061766
-0.0189090669155
-0.0189571920782
-0.0189444646239
-0.0188658423722
-0.0187180731446
-0.0184980146587
-0.0182023439556
-0.017828617245
-0.0173779185861
-0.0168412588537
-0.0162287987769
-0.0155430091545
-0.0147889172658
-0.0139729250222
-0.0131019456312
-0.0121825877577
-0.0112264193594
-0.0102459257469
-0.00925412494689
-0.00826440099627
-0.00729395262897
-0.00636287545785
-0.00548999663442
-0.004696064163
-0.0040035545826
-0.00343794049695
-0.00302462512627
-0.00278970832005
-0.00276039447635
-0.00296606239863
-0.00343640707433
-0.0042010131292
-0.00528966402635
-0.00673245824873
-0.00856055319309
-0.0108036696911
-0.0134922470897
-0.0166500173509
-0.0203063916415
-0.0244884863496
-0.0292183235288
-0.0345157980919
-0.0403950810432
-0.0468759573996
-0.0539682544768
-0.0616773553193
-0.0700037479401
-0.0789433196187
-0.088495798409
-0.0986413061619
-0.109356559813
-0.120612725616
-0.132391825318
-0.144635111094
-0.157295584679
-0.170304775238
-0.183621376753
-0.19716732204
-0.21085909009
-0.224612519145
-0.238338664174
-0.251921713352
-0.265256494284
-0.278229117393
-0.290714532137
-0.302596509457
-0.313713788986
-0.323921442032
-0.333102166653
-0.341113477945
-0.347809582949
-0.353048801422
-0.356688171625
-0.358594954014
-0.358637541533
-0.356682568789
-0.352606505156
-0.346308678389
-0.337687283754
-0.326648563147
-0.313109517097
-0.297024607658
-0.278344511986
-0.257037252188
-0.233084544539
-0.206517621875
-0.177374094725
-0.145691603422
-0.111520454288
-0.0750149711967
-0.0362872742116
0.00455387914553
0.0473072081804
0.0917754247785
0.137738406658
0.184974730015
0.23322814703
0.282177299261
0.331543564796
0.381024390459
0.430290818214
0.478966087103
0.526717782021
0.573189616203
0.617996513844
0.660789966583
0.70119959116
0.738838255405
0.773359715939
0.804443478584
0.831737458706
0.854924201965
0.873713135719
0.887850344181
0.897086322308
0.901171326637
0.899949193001
0.893233239651
0.880567014217
0.86223757267
0.838266193867
0.808671891689
0.773521184921
0.732876598835
0.686905324459
0.635859966278
0.579899668694
0.519337892532
0.454513281584
0.385767310858
0.313538998365
0.238225996494
0.160370007157
0.0804091766477
-0.00107206101529
-0.0835608765483
-0.166467264295
-0.249162361026
-0.331093519926
-0.411663532257
-0.490270495415
-0.56624352932
-0.639092504978
-0.708190202713
-0.773005902767
-0.83303809166
-0.887736558914
-0.936693668365
-0.97949129343
-1.0157572031
-1.04508471489
-1.06726813316
-1.08210480213
-1.08937978745
-1.08894908428
-1.08037304878
-1.06414401531
-1.04029357433
-1.00894796848
-0.97032481432
-0.92472499609
-0.872431516647
-0.813779830933
-0.749208688736
-0.679273724556
-0.604396939278
-0.525147736073
-0.442119002342
-0.356032669544
-0.267448782921
-0.177075445652
-0.0855825319886
0.00622832495719
0.0977292358875
0.188168391585
0.276845574379
0.363102853298
0.446201711893
0.525490403175
0.600373327732
0.670291185379
0.734619021416
0.792852580547
0.844579041004
0.88941013813
0.926916062832
0.95682144165
0.978923678398
0.993072152138
0.9990888834
0.996941030025
0.986710965633
0.968488514423
0.94236934185
0.908568143845
0.867435872555
0.819288671017
0.764519393444
0.703510761261
0.636896967888
0.565164804459
0.488899946213
0.408739358187
0.325334578753
0.239413633943
0.15162602067
0.0627370327711
-0.0265088714659
-0.115411996841
-0.203190281987
-0.289128780365
-0.372567713261
-0.452768296003
-0.529076695442
-0.600843608379
-0.667507231236
-0.728536009789
-0.78334826231
-0.831521272659
-0.872724175453
-0.906599342823
-0.932790875435
-0.951119482517
-0.961495578289
-0.96382856369
-0.958034217358
-0.944194018841
-0.922489762306
-0.893086493015
-0.856185913086
-0.812104046345
-0.761282920837
-0.704118847847
-0.641067862511
-0.572639346123
-0.499473690987
-0.422180265188
-0.341331630945
-0.257596194744
-0.171765208244
-0.0844225510955
0.00364153482951
0.0917152836919
0.179127469659
0.265124469995
0.349038988352
0.430210113525
0.507976412773
0.58171993494
0.650859415531
0.714868426323
0.773264884949
0.825603187084
0.871463954449
0.910515904427
0.942514240742
0.967239201069
0.984488368034
0.994142055511
0.996232271194
0.990772366524
0.977792561054
0.957422852516
0.929908216
0.895515739918
0.854483366013
0.807172060013
0.753998160362
0.695427834988
0.631874978542
0.563830375671
0.491886645555
0.416571885347
0.338446110487
0.258126318455
0.176217794418
0.0932442545891
0.00992965139449
-0.07325707376
-0.155666336417
-0.236772507429
-0.31597083807
-0.392769515514
-0.46670165658
-0.537272691727
-0.604060530663
-0.666649162769
-0.724694430828
-0.777924537659
-0.826035797596
-0.868749260902
-0.905947506428
-0.937507033348
-0.963295400143
-0.983240664005
-0.99737405777
-1.0057502985
-1.00842952728
-1.00519156456
-0.996518909931
-0.982621967793
-0.963706612587
-0.93999260664
-0.911784470081
-0.879385888577
-0.843126952648
-0.803290724754
-0.760265767574
-0.714398145676
-0.666075825691
-0.615640282631
-0.563452601433
-0.509873390198
-0.455289900303
-0.400033682585
-0.34445887804
-0.288819938898
-0.233479842544
-0.178717657924
-0.124817542732
-0.0719511508942
-0.0204175710678
0.029637105763
0.0780178979039
0.124579116702
0.169221699238
0.211803898215
0.252271085978
0.290595829487
0.326752275229
0.360715389252
0.392476290464
0.422100812197
0.449626594782
0.475132405758
0.498660296202
0.520317971706
0.540192723274
0.558392465115
0.575017571449
0.590175330639
0.603973567486
0.616515219212
0.627910912037
0.638251304626
0.647623360157
0.656119644642
0.663701653481
0.670373618603
0.676344513893
0.681668877602
0.686388254166
0.690513312817
0.694042026997
0.696980059147
0.699319064617
0.701030015945
0.702072679996
0.702402770519
0.701977133751
0.700735569
0.698605597019
0.695519089699
0.691404163837
0.686185479164
0.679787516594
0.672129690647
0.663134217262
0.652729034424
0.640854358673
0.627433896065
0.612415254116
0.595740556717
0.577382922173
0.55730009079
0.535445928574
0.511833310127
0.486432671547
0.45927515626
0.430338054895
0.399668842554
0.367317378521
0.333298742771
0.297698259354
0.260555118322
0.22195571661
0.181930422783
0.140640854836
0.0982002988458
0.0547307766974
0.0103623112664
-0.0347744524479
-0.0805221274495
-0.126750901341
-0.173299461603
-0.220005467534
-0.266681969166
-0.313178896904
-0.359316974878
-0.404916346073
-0.449796944857
-0.49375757575
-0.536661505699
-0.578288018703
-0.618460595608
-0.657048583031
-0.693854033947
-0.728753864765
-0.76155602932
-0.792119145393
-0.820348501205
-0.846105456352
-0.869257628918
-0.889710426331
-0.907384335995
-0.922197282314
-0.934085130692
-0.942973792553
-0.948836326599
-0.951645731926
-0.950832843781
-0.946912109852
-0.939896523952
-0.929808139801
-0.916665256023
-0.90049123764
-0.881345570087
-0.859314799309
-0.834452748299
-0.806862235069
-0.776643514633
-0.743927717209
-0.70884758234
-0.671538293362
-0.632160186768
-0.590894401073
-0.547944486141
-0.503452062607
-0.457658469677
-0.410733669996
-0.362938284874
-0.314464151859
-0.265505224466
-0.216336429119
-0.167158901691
-0.118196383119
-0.0696696490049
-0.0217697657645
0.0252393055707
0.0711697712541
0.115814588964
0.158907860518
0.200331553817
0.239853948355
0.277314007282
0.312556236982
0.345450103283
0.375813215971
0.403531134129
0.4284684062
0.450561195612
0.4697073102
0.485813319683
0.49884942174
0.508791983128
0.51562666893
0.519342362881
0.51996088028
0.517546474934
0.512166798115
0.503883242607
0.492792665958
0.479030191898
0.462733119726
0.444028645754
0.4230902493
0.400085330009
0.375216066837
0.348673343658
0.320655405521
0.291366487741
0.261046081781
0.229824110866
0.197994664311
0.165833860636
0.133560851216
0.101428486407
0.0696729496121
0.0385076701641
0.00819083023816
-0.0210803709924
-0.0490773320198
-0.0755676627159
-0.100384950638
-0.123322837055
-0.14419926703
-0.162843108177
-0.17911952734
-0.192894384265
-0.204039335251
-0.212449714541
-0.218067109585
-0.220827043056
-0.220673277974
-0.217578187585
-0.211558714509
-0.202638149261
-0.190832331777
-0.176193132997
-0.158806741238
-0.138790681958
-0.116211734712
-0.0912190079689
-0.0639312490821
-0.0345545224845
-0.0032230108045
0.0298923663795
0.0645621195436
0.10053922981
0.137648865581
0.175653398037
0.214335992932
0.253432750702
0.292719811201
0.331931322813
0.370838552713
0.409171104431
0.446696966887
0.483146429062
0.518298745155
0.55191975832
0.583745121956
0.613588631153
0.641212761402
0.666438996792
0.689064085484
0.708908498287
0.725805282593
0.739631593227
0.750250637531
0.75753813982
0.76139831543
0.761771559715
0.758601367474
0.751834988594
0.741448521614
0.727461993694
0.709896683693
0.688785254955
0.664173185825
0.636157989502
0.60485625267
0.5703561306
0.532802164555
0.492325305939
0.449137032032
0.403413414955
0.355298489332
0.30506414175
0.252915471792
0.199109062552
0.143829792738
0.0873955786228
0.0300447680056
-0.0279265753925
-0.0862772613764
-0.144758492708
-0.203031152487
-0.260814785957
-0.317887932062
-0.373923450708
-0.428680300713
-0.481887668371
-0.533281743526
-0.58262270689
-0.629654705524
-0.674166321754
-0.715932250023
-0.754766285419
-0.790490567684
-0.822926700115
-0.851908683777
-0.877312123775
-0.899013876915
-0.916936278343
-0.930986046791
-0.941143989563
-0.947389781475
-0.949703514576
-0.948076605797
-0.942564487457
-0.933227062225
-0.920128643513
-0.903351128101
-0.883011937141
-0.859264373779
-0.832231938839
-0.802085459232
-0.768937051296
-0.733073472977
-0.694677591324
-0.653935074806
-0.611127138138
-0.566472172737
-0.520185887814
-0.472564250231
-0.423834770918
-0.374253034592
-0.324075132608
-0.273581415415
-0.222966134548
-0.172501087189
-0.122457444668
-0.0730484947562
-0.0244922395796
0.0229966640472
0.0692030116916
0.113923065364
0.156963139772
0.19819624722
0.237413346767
0.274481058121
0.309264987707
0.341684132814
0.371593058109
0.398911625147
0.423579216003
0.445538580418
0.464724063873
0.481109052896
0.494688123465
0.505454301834
0.513411879539
0.518577814102
0.520995914936
0.520712316036
0.517774820328
0.512247264385
0.504218637943
0.493772476912
0.480995178223
0.465996086597
0.448886185884
0.429782301188
0.408812880516
0.386110752821
0.361794352531
0.336026608944
0.308950543404
0.280704498291
0.251444041729
0.221339449286
0.190533697605
0.159204035997
0.127500742674
0.0955887436867
0.0636490359902
0.031848821789
0.000340243364917
-0.0306931976229
-0.0610928423703
-0.090656965971
-0.119215682149
-0.146607607603
-0.172686561942
-0.197290942073
-0.220284774899
-0.241509065032
-0.260824233294
-0.27811601758
-0.293261289597
-0.306125283241
-0.316613942385
-0.32464209199
-0.330124467611
-0.332981318235
-0.333155602217
-0.330618321896
-0.325343817472
-0.317303270102
-0.306506335735
-0.292991191149
-0.276788860559
-0.257946372032
-0.236544385552
-0.212690591812
-0.186479836702
-0.158034294844
-0.127491772175
-0.0950544402003
-0.0608641430736
-0.0251141786575
0.0119807338342
0.0502123460174
0.0893352031708
0.129031538963
0.169061243534
0.209159985185
0.249080255628
0.288515597582
0.327227622271
0.364920765162
0.401317238808
0.436161667109
0.469162642956
0.500093221664
0.528666675091
0.554672420025
0.57788836956
0.598108351231
0.6151278615
0.628780305386
0.638938367367
0.645478188992
0.648271620274
0.647255063057
0.642397284508
0.633675217628
0.621059596539
0.604605793953
0.584375321865
0.560461759567
0.532929182053
0.501952707767
0.46767783165
0.430236786604
0.3897138834
0.34659793973
0.301126867533
0.253558814526
0.204165041447
0.153252586722
0.101134121418
0.0481226071715
-0.00546181760728
-0.059286121279
-0.112990953028
-0.166291028261
-0.218808606267
-0.270248830318
-0.32029274106
-0.368621706963
-0.414921939373
-0.458966851234
-0.500448584557
-0.539123296738
-0.574771046638
-0.607188642025
-0.636218130589
-0.661650061607
-0.683377206326
-0.701306641102
-0.715338528156
-0.725400447845
-0.731476604939
-0.733574211597
-0.731698215008
-0.725481152534
-0.715414881706
-0.70161730051
-0.684178292751
-0.663243293762
-0.638994634151
-0.611595034599
-0.581258058548
-0.548175513744
-0.512606322765
-0.474763005972
-0.434926599264
-0.39333820343
-0.350294917822
-0.306035280228
-0.260878175497
-0.215083688498
-0.16895455122
-0.12273003161
-0.0767335891724
-0.0312123950571
0.0135757662356
0.057353451848
0.0998865887523
0.140947252512
0.180324733257
0.217808559537
0.253192842007
0.286295294762
0.316985100508
0.3451141119
0.370541781187
0.393162578344
0.412922918797
0.429722428322
0.443390130997
0.453919917345
0.461398333311
0.465828925371
0.467222511768
0.465639352798
0.46114218235
0.453806519508
0.443704247475
0.430957883596
0.41569891572
0.398036360741
0.378125756979
0.356125086546
0.332202225924
0.306525409222
0.279274404049
0.250657826662
0.220845207572
0.190060079098
0.158489629626
0.126324400306
0.0937996804714
0.0611061416566
0.0284448396415
-0.0039716497995
-0.0359762646258
-0.0673576593399
-0.097919665277
-0.12751789391
-0.155951499939
-0.183077409863
-0.208722636104
-0.232764959335
-0.255079448223
-0.275512754917
-0.293976336718
-0.31038069725
-0.324636131525
-0.336660593748
-0.346283078194
-0.353554606438
-0.35846683383
-0.360996335745
-0.36115577817
-0.358963131905
-0.354436814785
-0.347608357668
-0.338547199965
-0.327313095331
-0.313979059458
-0.29862806201
-0.281369954348
-0.26232662797
-0.241593137383
-0.219303697348
-0.19560316205
-0.170637637377
-0.144565761089
-0.117518976331
-0.0896750688553
-0.0612003281713
-0.032261274755
-0.00302725238726
0.026329960674
0.0556522272527
0.0847409889102
0.113443724811
0.141598016024
0.169054403901
0.195626184344
0.221191316843
0.245585933328
0.268693864346
0.290366590023
0.310489147902
0.328955560923
0.345659583807
0.360500365496
0.373404622078
0.384307771921
0.392970472574
0.399498939514
0.403875112534
0.406082004309
0.406104564667
0.40393820405
0.399610638618
0.393158614635
0.38460791111
0.374007642269
0.361433386803
0.346963614225
0.330677062273
0.312667042017
0.293050318956
0.271955430508
0.249481812119
0.225770622492
0.200981259346
0.175239235163
0.148716911674
0.121546834707
0.0939185619354
0.0659842267632
0.0379084832966
0.00985643919557
-0.0180064644665
-0.0455021522939
-0.0724793896079
-0.0987951681018
-0.124274365604
-0.148767903447
-0.172151714563
-0.19427408278
-0.215025871992
-0.234286233783
-0.251938939095
-0.267886430025
-0.282057970762
-0.29437276721
-0.304670065641
-0.312946796417
-0.319215893745
-0.323447495699
-0.325622498989
-0.325756967068
-0.323873341084
-0.319989204407
-0.314142048359
-0.306398361921
-0.296823680401
-0.285486012697
-0.27247312665
-0.25788590312
-0.241832986474
-0.224431350827
-0.205793440342
-0.186065211892
-0.165385529399
-0.143872916698
-0.121701873839
-0.0989943221211
-0.075934484601
-0.0526430904865
-0.0293049681932
-0.00604006368667
0.0169672425836
0.0395869128406
0.061674900353
0.0830838829279
0.103677734733
0.123330488801
0.141912966967
0.15932507813
0.175450190902
0.190182596445
0.203444972634
0.215160295367
0.225259140134
0.233678460121
0.240373641253
0.245319247246
0.248491048813
0.249864533544
0.249447107315
0.247258201241
0.243317678571
0.23765027523
0.230308830738
0.221357107162
0.210853487253
0.198869362473
0.185496658087
0.170828148723
0.154977396131
0.138032510877
0.120121084154
0.101368747652
0.0819007307291
0.0618439465761
0.041323389858
0.020497161895
-0.000518411281519
-0.0215761568397
-0.0425404757261
-0.0632655546069
-0.0836385190487
-0.10352281481
-0.12277905643
-0.141301244497
-0.158972397447
-0.175680458546
-0.191332221031
-0.205845400691
-0.219118535519
-0.231076776981
-0.241662725806
-0.250825077295
-0.25851264596
-0.264681220055
-0.269297331572
-0.272364407778
-0.273872226477
-0.273816734552
-0.272223234177
-0.269120544195
-0.264538675547
-0.258515685797
-0.251106053591
-0.242376774549
-0.232397675514
-0.221228480339
-0.208959683776
-0.195682987571
-0.181489780545
-0.166480615735
-0.150744855404
-0.134396955371
-0.117535620928
-0.10028475523
-0.0827467665076
-0.0650246143341
-0.0472472645342
-0.0295078214258
-0.0119220875204
0.00540484208614
0.0223681833595
0.0388643182814
0.0548070333898
0.0700922459364
0.0846465677023
0.0983751639724
0.111210808158
0.123077102005
0.133921578526
0.143675401807
0.15229165554
0.159736305475
0.165978386998
0.170980781317
0.174726471305
0.177214935422
0.178443148732
0.178410574794
0.177130699158
0.174632802606
0.170948699117
0.16610994935
0.160155728459
0.153147250414
0.145140320063
0.13620300591
0.126387774944
0.115789785981
0.104480162263
0.0925393328071
0.0800578296185
0.0671297907829
0.0538503341377
0.0402992814779
0.0265898462385
0.0128040453419
-0.00094554387033
-0.0145526714623
-0.0279189553112
-0.0409553907812
-0.0535600557923
-0.0656440258026
-0.0771121904254
-0.0878726840019
-0.0978439822793
-0.106948800385
-0.115104943514
-0.122240133584
-0.128298208117
-0.133216843009
-0.136939659715
-0.139422655106
-0.140635624528
-0.140550732613
-0.139140054584
-0.136390283704
-0.132308870554
-0.126898050308
-0.120169267058
-0.112143166363
-0.102856487036
-0.0923505574465
-0.0806662738323
-0.0678595304489
-0.0539940856397
-0.0391419567168
-0.0233744289726
-0.00677350349724
0.010565822944
0.028534123674
0.0470531694591
0.0660039633512
0.0852843597531
0.104777537286
0.124356038868
0.143921092153
0.163330078125
0.182467117906
0.201206192374
0.219421088696
0.236980974674
0.253775596619
0.269693881273
0.284602224827
0.298400342464
0.310991585255
0.322275280952
0.332168340683
0.340582489967
0.347452491522
0.352725148201
0.356335669756
0.358237713575
0.358407199383
0.35682618618
0.353474110365
0.348113387823
0.340980768204
0.332101911306
0.32149374485
0.30917981267
0.295212626457
0.279648333788
0.262567311525
0.244029685855
0.224126964808
0.202954590321
0.180640593171
0.157271713018
0.132994443178
0.107921496034
0.0822140946984
0.0559843070805
0.0293866042048
0.00258214515634
-0.02430822514
-0.0511246584356
-0.077736698091
-0.103978149593
-0.129724532366
-0.15483891964
-0.179202452302
-0.202686131001
-0.225165650249
-0.24644947052
-0.266457229853
-0.285157620907
-0.302447110415
-0.318261563778
-0.332503199577
-0.345133811235
-0.356103181839
-0.365368783474
-0.37289327383
-0.378656357527
-0.382667839527
-0.384929597378
-0.385447770357
-0.384252011776
-0.381390571594
-0.376914590597
-0.370876073837
-0.363342314959
-0.354399710894
-0.344130188227
-0.332625210285
-0.319979518652
-0.306293189526
-0.291680455208
-0.276249051094
-0.260107785463
-0.243369027972
-0.226135209203
-0.208527326584
-0.190568596125
-0.172421976924
-0.154229536653
-0.136094480753
-0.118109323084
-0.100372835994
-0.0829707309604
-0.0659808069468
-0.0494970344007
-0.0335882753134
-0.0183151941746
-0.00372479297221
0.0101005034521
0.0231308210641
0.0353279002011
0.0466605089605
0.0571027398109
0.0666325464845
0.0752516835928
0.0829535275698
0.0897366553545
0.0956123843789
0.10060133785
0.104721210897
0.107998900115
0.110461495817
0.112145096064
0.113088510931
0.113330349326
0.112910658121
0.111873693764
0.110265314579
0.108129516244
0.105512484908
0.102456614375
0.0989831835032
0.095140516758
0.0909937471151
0.0865814238787
0.0819384753704
0.077101804316
0.0721098855138
0.0669899508357
0.0617716871202
0.0564798898995
0.0511438921094
0.0457814000547
0.0404122434556
0.0350510589778
0.0297174789011
0.02442128025
0.0191719364375
0.0139815155417
0.00885694473982
0.00380807672627
-0.00116177008022
-0.00604441622272
-0.0108363889158
-0.0155313853174
-0.0201203729957
-0.024598762393
-0.0289596728981
-0.0331918820739
-0.0372856780887
-0.0412271171808
-0.0450061932206
-0.0486078336835
-0.0520110987127
-0.055199701339
-0.0581494569778
-0.0608425363898
-0.0632495358586
-0.0653437003493
-0.0670998170972
-0.0684873610735
-0.0694755911827
-0.0700322166085
-0.0701256245375
-0.0697236657143
-0.0687943547964
-0.0673066079617
-0.0652266517282
-0.0625278577209
-0.059180367738
-0.055162396282
-0.0504468753934
-0.0450114123523
-0.0388427488506
-0.0319329798222
-0.0242673587054
-0.0158382505178
-0.00665124272928
0.00328004173934
0.0139573961496
0.0253570694476
0.0374552495778
0.0502126663923
0.0636092722416
0.077594384551
0.092120051384
0.10712762922
0.122554816306
0.138337388635
0.154392033815
0.170644938946
0.187022686005
0.203421041369
0.219751358032
0.235912486911
0.251793771982
0.267310410738
0.282335072756
0.296774059534
0.310498744249
0.323406368494
0.335386842489
0.34633025527
0.356126338243
0.364641159773
0.371798396111
0.377501428127
0.381657510996
0.384174585342
0.384980738163
0.384010821581
0.381196975708
0.376479625702
0.369826376438
0.361210584641
0.35061237216
0.338010638952
0.323413521051
0.306869596243
0.28837659955
0.267978847027
0.245758980513
0.22178401053
0.196131289005
0.168905302882
0.140203163028
0.110182285309
0.0789583325386
0.0466890856624
0.013528236188
-0.0203519538045
-0.0547786355019
-0.0895534679294
-0.12449490279
-0.159403011203
-0.194060817361
-0.228282153606
-0.26186093688
-0.294575065374
-0.326233357191
-0.356621742249
-0.385565280914
-0.412874132395
-0.438346713781
-0.461824864149
-0.483149111271
-0.502181231976
-0.518772363663
-0.532798469067
-0.544172823429
-0.55281329155
-0.558632671833
-0.56158298254
-0.56165099144
-0.55882281065
-0.553086340427
-0.544479310513
-0.533066868782
-0.518906354904
-0.502064347267
-0.482661247253
-0.460833281279
-0.436704725027
-0.410426646471
-0.38217741251
-0.352134644985
-0.320488154888
-0.287448137999
-0.253234565258
-0.217994049191
-0.182040289044
-0.145634561777
-0.10899271816
-0.0723685026169
-0.0359971709549
-0.000109085289296
0.0350945405662
0.0693798586726
0.102530404925
0.134357616305
0.164668932557
0.193290546536
0.220048487186
0.244803011417
0.267425596714
0.287803202868
0.305823117495
0.321411371231
0.334510177374
0.345089793205
0.353103131056
0.358549028635
0.361452579498
0.361847400665
0.359765022993
0.355275094509
0.348472714424
0.339453101158
0.328314453363
0.315186083317
0.300205230713
0.283529907465
0.265292108059
0.245675772429
0.224836975336
0.202958554029
0.180214345455
0.156726136804
0.132757231593
0.108503632247
0.084146246314
0.0598579198122
0.0358214974403
0.0121849607676
-0.0108766471967
-0.0332188792527
-0.0546896867454
-0.0751670598984
-0.0945042073727
-0.112616851926
-0.129387795925
-0.144725605845
-0.158556953073
-0.170816376805
-0.181459397078
-0.190435409546
-0.197715610266
-0.203304752707
-0.207196474075
-0.209393844008
-0.20992206037
-0.20882435143
-0.206144466996
-0.201927796006
-0.196244135499
-0.189170360565
-0.180784881115
-0.171167895198
-0.160419479012
-0.148636162281
-0.135918468237
-0.122368074954
-0.108099624515
-0.0932166576385
-0.0777954384685
-0.0620050914586
-0.0459369085729
-0.0297138318419
-0.0134423458949
0.00279018539004
0.0188735872507
0.0347154065967
0.050237942487
0.0653396248817
0.0799544081092
0.0940101593733
0.107434719801
0.120158992708
0.132141083479
0.143328592181
0.1536847651
0.163163721561
0.171748325229
0.179417178035
0.186146214604
0.191929847002
0.196770504117
0.200671106577
0.20363381505
0.205675020814
0.206817895174
0.207085683942
0.20650242269
0.205101728439
0.202922031283
0.20000167191
0.196381613612
0.192103162408
0.187217801809
0.181771203876
0.175811067224
0.169390067458
0.162555932999
0.155355706811
0.147849053144
0.140074297786
0.132082104683
0.123923517764
0.115613207221
0.107211843133
0.0987748727202
0.0903464257717
0.0819548517466
0.0736387968063
0.0654223188758
0.0573338493705
0.0494024902582
0.0416373126209
0.0340615808964
0.0266870912164
0.0195257496089
0.0125814918429
0.00586047163233
-0.000640606158413
-0.00691633904353
-0.012977110222
-0.0188306607306
-0.0244847517461
-0.0299477111548
-0.0352398045361
-0.0403714440763
-0.0453605093062
-0.0502239540219
-0.0549804680049
-0.0596488267183
-0.0642477944493
-0.0687933713198
-0.0733050853014
-0.0778023973107
-0.0822984576225
-0.0868092924356
-0.0913441702724
-0.0959186255932
-0.100541494787
-0.105215854943
-0.109945200384
-0.11473312974
-0.119575895369
-0.124468952417
-0.129401430488
-0.134362384677
-0.139337509871
-0.144312083721
-0.149257749319
-0.154156222939
-0.158978059888
-0.163694739342
-0.168272733688
-0.172678366303
-0.176877230406
-0.180831030011
-0.184500172734
-0.187844857574
-0.190823167562
-0.193340837955
-0.195412904024
-0.197000458837
-0.198065057397
-0.198572829366
-0.198490664363
-0.197785377502
-0.196426600218
-0.194392234087
-0.191661447287
-0.188213393092
-0.18403197825
-0.179111868143
-0.173452496529
-0.167044594884
-0.159896865487
-0.152017444372
-0.143430069089
-0.134142905474
-0.124188125134
-0.113591872156
-0.102400533855
-0.090645827353
-0.0783713310957
-0.0656307935715
-0.0524722635746
-0.0389624349773
-0.0251554194838
-0.0111182630062
0.00308171333745
0.0173770505935
0.0316973254085
0.0459624640644
0.0601122304797
0.0740664452314
0.0877525135875
0.10109872371
0.114033475518
0.126479700208
0.138383314013
0.149676889181
0.160294339061
0.1701849401
0.179293334484
0.187572255731
0.194986060262
0.201488465071
0.207049205899
0.211653679609
0.215278998017
0.217905983329
0.219536080956
0.220174014568
0.219826132059
0.218501448631
0.216225028038
0.213030099869
0.208946183324
0.204008698463
0.198268547654
0.19177441299
0.184581488371
0.176745027304
0.168318420649
0.159347772598
0.1499389112
0.140160277486
0.130083620548
0.119781240821
0.109325371683
0.0987872481346
0.0882347673178
0.0777353048325
0.0673561617732
0.0571612417698
0.0472057051957
0.0375434197485
0.0282283313572
0.0193085167557
0.0108157703653
0.00279260496609
-0.00473077455536
-0.0117308748886
-0.0181879065931
-0.024096051231
-0.0294378437102
-0.0342147909105
-0.038433291018
-0.0421016067266
-0.0452331826091
-0.0478438064456
-0.0499608255923
-0.0516120642424
-0.0528254769742
-0.0536344870925
-0.0540783442557
-0.0541964657605
-0.0540283098817
-0.0536155700684
-0.0530012957752
-0.0522295422852
-0.0513429455459
-0.050383195281
-0.0493905469775
-0.0484037548304
-0.0474626161158
-0.0466004312038
-0.045846555382
-0.0452300570905
-0.0447799749672
-0.044515285641
-0.0444502942264
-0.0445992909372
-0.0449754334986
-0.0455808080733
-0.0464120879769
-0.0474673956633
-0.0487418733537
-0.0502214059234
-0.0518852993846
-0.0537153147161
-0.0556919984519
-0.0577839650214
-0.059962015599
-0.0621918737888
-0.0644245222211
-0.0666361749172
-0.068790435791
-0.0708495005965
-0.0727731510997
-0.0745244026184
-0.0760634317994
-0.0773529559374
-0.0783556178212
-0.0790393725038
-0.07937297225
-0.0793251097202
-0.0788683742285
-0.0779831930995
-0.0766517668962
-0.0748560130596
-0.0725839436054
-0.0698340907693
-0.0666060000658
-0.0628992319107
-0.058720882982
-0.0540867932141
-0.0490175783634
-0.0435321852565
-0.0376575887203
-0.0314303226769
-0.0248873848468
-0.0180627647787
-0.0110036507249
-0.00376463797875
0.00360969337635
0.0110679604113
0.0185473114252
0.0259918179363
0.0333454683423
0.0405452921987
0.0475283823907
0.0542446561158
0.0606247298419
0.0666125789285
0.0721565410495
0.0772020369768
0.0816975161433
0.0855926945806
0.0888477265835
0.0914284661412
0.0932975485921
0.0944214761257
0.0947840064764
0.0943703651428
0.0931680798531
0.0911672636867
0.0883436873555
0.0847467631102
0.0803906992078
0.0752948895097
0.0694930106401
0.0630280077457
0.0559400990605
0.048275180161
0.0400936380029
0.0314537882805
0.0224265195429
0.0130704101175
0.00346629112028
-0.00630823709071
-0.0161801576614
-0.0260606557131
-0.0358763709664
-0.0455353520811
-0.0549680963159
-0.0640808567405
-0.0728008598089
-0.0810547098517
-0.0887579023838
-0.0958484560251
-0.102261409163
-0.107935734093
-0.11281106621
-0.116841718554
-0.119987092912
-0.122212424874
-0.123482830822
-0.12377756834
-0.123089656234
-0.121410652995
-0.118733122945
-0.115072309971
-0.110446318984
-0.10487806797
-0.0983949378133
-0.0910327285528
-0.0828422904015
-0.0738671422005
-0.0641667619348
-0.0537806786597
-0.0428097620606
-0.0313196331263
-0.0193881429732
-0.00709600606933
0.00547448080033
0.0182409975678
0.0311203207821
0.0440329536796
0.0568806268275
0.0695834681392
0.0820629298687
0.0942317545414
0.106008969247
0.11731364578
0.128069967031
0.138209745288
0.147665292025
0.156369000673
0.164265915751
0.171300306916
0.177430808544
0.182604372501
0.186790972948
0.189964041114
0.192099928856
0.193176016212
0.193184748292
0.192128479481
0.190009534359
0.186831980944
0.182613492012
0.177385672927
0.171174317598
0.164005726576
0.155926883221
0.146991714835
0.137241750956
0.126732796431
0.115501835942
0.103626988828
0.0912054106593
0.0783066153526
0.0650068894029
0.0513837710023
0.0375148169696
0.0234782006592
0.00935373641551
-0.0047851735726
-0.0188449379057
-0.0327538400888
-0.0464429818094
-0.0598245337605
-0.0728299021721
-0.0853890106082
-0.0974441766739
-0.108926579356
-0.119768731296
-0.129922002554
-0.139345467091
-0.14798951149
-0.155806511641
-0.162768036127
-0.168853312731
-0.174035787582
-0.17829169333
-0.181616127491
-0.18400631845
-0.185461014509
-0.185982719064
-0.185584798455
-0.184287458658
-0.182111546397
-0.179077580571
-0.175219446421
-0.17057621479
-0.165181398392
-0.159003213048
-0.152168989182
-0.144729316235
-0.136729583144
-0.128224819899
-0.119274571538
-0.109930068254
-0.100242093205
-0.0902708619833
-0.080077059567
-0.0697117969394
-0.0592309199274
-0.0486837737262
-0.0381315872073
-0.0276159029454
-0.0171976853162
-0.00691973930225
0.00317483744584
0.0130431791767
0.0226425472647
0.0319355092943
0.0408897735178
0.0494731999934
0.0576540417969
0.0654069185257
0.0727111548185
0.0795430392027
0.0858890041709
0.091729670763
0.0970608517528
0.101869948208
0.106145940721
0.109888330102
0.113098248839
0.115771509707
0.117910310626
0.119519665837
0.120606034994
0.121119044721
0.121122427285
0.120628483593
0.119648225605
0.118194274604
0.11628074944
0.113920733333
0.111130870879
0.10792837292
0.104328222573
0.100348457694
0.0960072502494
0.0913228243589
0.0863141790032
0.0810016095638
0.0754055455327
0.0695464536548
0.0634485632181
0.0571287274361
0.0506152622402
0.0439247265458
0.0370868332684
0.0301229674369
0.0230542626232
0.015915106982
0.00871758814901
0.00150111713447
-0.00572182703763
-0.0129117025062
-0.0200521741062
-0.0271131061018
-0.0340644232929
-0.0408828407526
-0.047545272857
-0.0540188774467
-0.0602807216346
-0.0663079023361
-0.0720696374774
-0.0775450319052
-0.0827025994658
-0.0874916315079
-0.0919232517481
-0.0959744602442
-0.0996294170618
-0.102868460119
-0.105677016079
-0.108043923974
-0.10995721817
-0.111404329538
-0.112382978201
-0.112887404859
-0.112913966179
-0.112462125719
-0.111536622047
-0.110143102705
-0.108288139105
-0.105979785323
-0.103235222399
-0.10006903857
-0.096495129168
-0.0925364792347
-0.0882156193256
-0.0835568010807
-0.0785844624043
-0.0733288675547
-0.0678157433867
-0.0620808191597
-0.0561495237052
-0.0500570200384
-0.0438400506973
-0.0375294797122
-0.0311589147896
-0.0247616600245
-0.0183707624674
-0.0120192533359
-0.00573977548629
0.000437825394329
0.00648184772581
0.0123694837093
0.0180671177804
0.0235575791448
0.0288138575852
0.033809710294
0.0385232195258
0.0429462008178
0.0470671020448
0.0508743487298
0.0543586611748
0.0575161501765
0.0603472217917
0.0628515928984
0.0650283247232
0.0668862909079
0.068434625864
0.0696803182364
0.0706353634596
0.0713157057762
0.0717388167977
0.0719205364585
0.0718802437186
0.071640111506
0.0712222978473
0.0706495046616
0.0699451118708
0.069133900106
0.0682406872511
0.067290276289
0.066306963563
0.0653144717216
0.0643370300531
0.0633972808719
0.0625171512365
0.0617149285972
0.0610104501247
0.0604220181704
0.059963773936
0.0596470721066
0.0594833232462
0.0594831965864
0.0596509538591
0.0599883906543
0.0604969374835
0.0611764863133
0.0620207227767
0.0630203187466
0.0641660168767
0.065447062254
0.0668459683657
0.0683431327343
0.0698918998241
0.0714962258935
0.0731305554509
0.0747658535838
0.0763754993677
0.0779293552041
0.0793962329626
0.0807437300682
0.0819394662976
0.082950681448
0.0837461575866
0.0842921435833
0.084557145834
0.0845101848245
0.0841235816479
0.0833703503013
0.0822224915028
0.0806574746966
0.0786569863558
0.0762023851275
0.0732785239816
0.0698729604483
0.0659815818071
0.0616007559001
0.0567269809544
0.0513643957675
0.0455249585211
0.0392239652574
0.0324681289494
0.0252811741084
0.0176947358996
0.00972979702055
0.00141833606176
-0.00720342574641
-0.0160897932947
-0.0252076648176
-0.034506522119
-0.0439478605986
-0.053476985544
-0.0630389302969
-0.0725877508521
-0.0820757821202
-0.0914452373981
-0.100638255477
-0.109606795013
-0.118305012584
-0.126678824425
-0.1346745193
-0.1422483325
-0.149362891912
-0.155974283814
-0.161982655525
-0.167408779263
-0.172222062945
-0.176402136683
-0.179922953248
-0.182763323188
-0.184916868806
-0.186376065016
-0.187134504318
-0.187190905213
-0.186555206776
-0.185239166021
-0.18325458467
-0.180618301034
-0.177357330918
-0.173499599099
-0.169073164463
-0.164110451937
-0.158651009202
-0.152732104063
-0.146399319172
-0.139689728618
-0.1326559484
-0.12534147501
-0.117789402604
-0.110049791634
-0.102173097432
-0.0941988229752
-0.0861772671342
-0.0781520232558
-0.0701640620828
-0.0622542463243
-0.0544630326331
-0.0468212775886
-0.039366196841
-0.0321207903326
-0.0251211449504
-0.0183814819902
-0.011921220459
-0.00575642846525
9.80133918347e-05
0.00563658680767
0.0108580552042
0.0157611519098
0.0203482843935
0.0246259029955
0.0286041479558
0.0322991423309
0.0357223600149
0.0388938784599
0.0418215729296
0.0445382595062
0.0470664463937
0.0494339950383
0.0516692064703
0.0537982545793
0.0558484308422
0.0578467994928
0.0598204620183
0.0617973543704
0.0638021528721
0.0658562630415
0.06798350811
0.0702048689127
0.0725402757525
0.0750008374453
0.0776005163789
0.0803534537554
0.0832665935159
0.0863415822387
0.0895796865225
0.0929821208119
0.0965458899736
0.100258544087
0.104108832777
0.108085393906
0.112170770764
0.116344161332
0.120578959584
0.124855935574
0.129144757986
0.133413344622
0.137631639838
0.141765326262
0.145776599646
0.149633541703
0.153292700648
0.156718090177
0.159872993827
0.162716522813
0.165209770203
0.167314052582
0.168994665146
0.170214638114
0.170860663056
0.170976176858
0.170532807708
0.169504836202
0.167867064476
0.165592551231
0.162670314312
0.159085795283
0.154823407531
0.149876281619
0.144248977304
0.137935951352
0.130948543549
0.123293414712
0.114986546338
0.106056317687
0.0965154990554
0.0863965377212
0.0757422968745
0.0645811408758
0.0529509223998
0.0409083105624
0.0285008810461
0.0157816112041
0.00279766786844
-0.0103798657656
-0.0236939378083
-0.0370879173279
-0.0504924058914
-0.0638353899121
-0.0770625919104
-0.0900944471359
-0.102877028286
-0.11533293128
-0.127410575747
-0.139039471745
-0.150150775909
-0.16069406271
-0.170557558537
-0.179707288742
-0.18811994791
-0.19574765861
-0.202555820346
-0.208505660295
-0.213563501835
-0.217708438635
-0.220921397209
-0.22318328917
-0.224481403828
-0.224818184972
-0.224195718765
-0.222617059946
-0.220092907548
-0.216646060348
-0.212300211191
-0.207081839442
-0.201018199325
-0.194156214595
-0.186534851789
-0.178196251392
-0.169189065695
-0.159572437406
-0.149392053485
-0.138712257147
-0.127587154508
-0.116083703935
-0.1042579934
-0.0921712592244
-0.0798852965236
-0.0674621090293
-0.0549696236849
-0.0424633510411
-0.0300019085407
-0.0176427513361
-0.00544929178432
0.00652817450464
0.0182329472154
0.0296202804893
0.0406255945563
0.0512070581317
0.0613203383982
0.070932790637
0.0800063535571
0.0885019302368
0.0963965654373
0.103660956025
0.110272802413
0.116209536791
0.121454261243
0.125996261835
0.129820197821
0.132919088006
0.135291293263
0.136935278773
0.137851417065
0.138043895364
0.137524679303
0.13630631566
0.134400680661
0.131826549768
0.128607183695
0.124766938388
0.120332382619
0.1153344661
0.109806872904
0.103788293898
0.0973122119904
0.0904197320342
0.0831596776843
0.0755778700113
0.0677164494991
0.0596285387874
0.0513661615551
0.0429771691561
0.0345133543015
0.0260358471423
0.0175862982869
0.00923044979572
0.00101357942913
-0.00701289623976
-0.0147948618978
-0.022282352671
-0.0294262375683
-0.0361865125597
-0.0425219014287
-0.0483854860067
-0.0537440031767
-0.0585646554828
-0.0628233477473
-0.0664894729853
-0.0695445463061
-0.0719711408019
-0.0737640187144
-0.0749137178063
-0.0754149332643
-0.075275503099
-0.0745064765215
-0.0731195509434
-0.0711291953921
-0.0685610771179
-0.0654459819198
-0.0618140213192
-0.0576957575977
-0.0531331337988
-0.0481718145311
-0.0428589619696
-0.0372406616807
-0.0313689783216
-0.0252939369529
-0.0190750863403
-0.0127592785284
-0.00640426017344
-6.46991393296e-05
0.00620493805036
0.0123543906957
0.018327832222
0.0240825843066
0.0295670069754
0.0347324460745
0.0395480133593
0.0439700521529
0.0479629822075
0.0514989756048
0.0545507110655
0.0571004599333
0.0591294616461
0.0606200061738
0.0615696199238
0.0619773231447
0.0618361420929
0.0611546337605
0.0599475540221
0.0582337640226
0.0560299530625
0.0533569790423
0.0502455532551
0.0467292815447
0.0428415983915
0.0386173091829
0.0340960361063
0.0293263159692
0.024347377941
0.0192085262388
0.0139520308003
0.00862885452807
0.00328723434359
-0.00202749390155
-0.00726332841441
-0.0123793790117
-0.0173269864172
-0.0220608599484
-0.0265430174768
-0.0307334326208
-0.0345928221941
-0.0380882248282
-0.0411904379725
-0.0438736788929
-0.0461140647531
-0.0478883385658
-0.0491832979023
-0.0499909333885
-0.0503042675555
-0.0501167215407
-0.0494307354093
-0.0482564456761
-0.0466059371829
-0.0444887839258
-0.0419233441353
-0.0389392748475
-0.0355610512197
-0.0318154990673
-0.0277368780226
-0.0233647357672
-0.0187364891171
-0.013893885538
-0.00887652672827
-0.00373287219554
0.00149340101052
0.00675364024937
0.012001783587
0.0171943251044
0.022285239771
0.0272260662168
0.0319749712944
0.0364895649254
0.0407308228314
0.0446616858244
0.0482290759683
0.0514118522406
0.0541862919927
0.0565255396068
0.0584054924548
0.0598099529743
0.0607285760343
0.0611482746899
0.0610590130091
0.0604609772563
0.05936088413
0.0577628873289
0.055674765259
0.0531116984785
0.0500974282622
0.0466530174017
0.0428010076284
0.0385708734393
0.0340002775192
0.0291227158159
0.0239737723023
0.0185950789601
0.0130242016166
0.00730945821851
0.00149098609108
-0.00438521476462
-0.0102815283462
-0.0161487814039
-0.0219467580318
-0.027633972466
-0.0331697538495
-0.0385224409401
-0.0436494015157
-0.0485184602439
-0.0531037002802
-0.057341247797
-0.061239015311
-0.0647691041231
-0.0679150745273
-0.0706615969539
-0.0729976519942
-0.0749076902866
-0.0763891562819
-0.0774426087737
-0.0780670717359
-0.0782638862729
-0.078041434288
-0.0774126127362
-0.0763914883137
-0.074991568923
-0.0732317566872
-0.0711354613304
-0.0687262490392
-0.0660278871655
-0.0630648881197
-0.0598688349128
-0.0564654953778
-0.0528870411217
-0.0491587519646
-0.0453110188246
-0.041374463588
-0.0373735167086
-0.0333372838795
-0.0292897131294
-0.0252542197704
-0.021251950413
-0.0173067878932
-0.0134309018031
-0.00964115466923
-0.00595750100911
-0.00239210017025
0.00104366661981
0.00434764660895
0.00751224905252
0.0105322618037
0.0134082809091
0.0161448828876
0.0187437739223
0.0212083868682
0.0235461853445
0.0257682595402
0.0278834886849
0.0299029443413
0.031836502254
0.033699285239
0.0355044789612
0.0372636690736
0.038991432637
0.0406991243362
0.042399790138
0.0441048629582
0.0458255633712
0.0475683286786
0.0493402704597
0.0511493943632
0.052999611944
0.0548905022442
0.0568220280111
0.0587932169437
0.0608000904322
0.0628333985806
0.0648836344481
0.0669395402074
0.0689589977264
0.0709532722831
0.0729043111205
0.074791431427
0.0765956044197
0.0782913863659
0.0798531919718
0.0812568441033
0.0824739187956
0.0834786444902
0.0842425450683
0.0847380757332
0.0849371775985
0.0848142504692
0.0843444019556
0.0835032165051
0.0822665020823
0.0806140452623
0.0785306543112
0.0759994238615
0.0730074122548
0.0695433318615
0.0656043738127
0.0611924417317
0.0563014596701
0.0509394332767
0.0451179891825
0.0388544723392
0.0321638472378
0.0250681880862
0.0175992995501
0.00978954788297
0.00166718231048
-0.00672631431371
-0.0153484158218
-0.0241430960596
-0.0330670550466
-0.0420742966235
-0.0511035732925
-0.0600973591208
-0.0689981281757
-0.0777478218079
-0.0862866193056
-0.0945545732975
-0.102495416999
-0.110046207905
-0.117149040103
-0.123756632209
-0.129800155759
-0.135207012296
-0.139965102077
-0.144032821059
-0.147375941277
-0.149955064058
-0.151747599244
-0.152735590935
-0.152900889516
-0.152227818966
-0.1507178545
-0.148375540972
-0.145212233067
-0.141232937574
-0.136463567615
-0.130939483643
-0.124690905213
-0.117747657001
-0.110162898898
-0.101987242699
-0.093274615705
-0.0840794742107
-0.0744690671563
-0.0645023658872
-0.0542522780597
-0.0437924303114
-0.0331889651716
-0.0225203242153
-0.011849520728
-0.0012549655512
0.00918733980507
0.0194141920656
0.0293574184179
0.0389443300664
0.0481175854802
0.0568227134645
0.0650057420135
0.0726091936231
0.0795940831304
0.0859164819121
0.0915531516075
0.0964655131102
0.100630864501
0.104038693011
0.106679104269
0.108545079827
0.109633542597
0.109957933426
0.109534166753
0.108377575874
0.106506951153
0.103954970837
0.100717976689
0.0968727618456
0.092458948493
0.0875224247575
0.0821134001017
0.0762850567698
0.070085786283
0.0635748952627
0.0568073578179
0.0498446561396
0.0427414923906
0.0355559773743
0.028346342966
0.0211743712425
0.0140945874155
0.00716431764886
0.000431189546362
-0.00605364982039
-0.0122392047197
-0.0180785823613
-0.0235342923552
-0.0285737514496
-0.0331544056535
-0.037248890847
-0.0408347249031
-0.0438950508833
-0.0464065484703
-0.0483568646014
-0.0497451685369
-0.0505703017116
-0.0508301369846
-0.0505293533206
-0.0496828444302
-0.0483078956604
-0.046421635896
-0.0440414063632
-0.0411990173161
-0.0379239693284
-0.034234456718
-0.0301738251001
-0.0257820840925
-0.02110424079
-0.0161787439138
-0.0110466694459
-0.00575491599739
-0.000343588239048
0.005136330612
0.010642006062
0.0161259248853
0.0215491112322
0.0268617663532
0.0320247039199
0.0369924940169
0.0417302921414
0.0461986549199
0.0503647699952
0.0541932098567
0.0576622746885
0.0607420541346
0.0634136795998
0.06565284729
0.0674527212977
0.0688020959496
0.0696908533573
0.0701147839427
0.0700780972838
0.0695866122842
0.068645067513
0.0672632157803
0.0654580891132
0.0632502064109
0.0606304369867
0.0576374903321
0.0543094016612
0.0506719313562
0.0467554964125
0.0425918400288
0.038212697953
0.0336510650814
0.0289446357638
0.0241315308958
0.0192458573729
0.014324571006
0.00940469745547
0.00452096015215
-0.000286913185846
-0.00498811667785
-0.00955165084451
-0.0139399599284
-0.0181260928512
-0.0220872014761
-0.0257948935032
-0.0292267743498
-0.0323643274605
-0.0351911894977
-0.0376963317394
-0.039868157357
-0.0416955910623
-0.0431795753539
-0.0443188473582
-0.0451145246625
-0.0455684922636
-0.0456912405789
-0.0454696007073
-0.0449403896928
-0.0441165193915
-0.0430175662041
-0.0416650921106
-0.0400798209012
-0.0382853411138
-0.0363062657416
-0.0341728627682
-0.0319113209844
-0.0295512266457
-0.0271225329489
-0.0246560443193
-0.0221838131547
-0.0197331067175
-0.017337160185
-0.015023236163
-0.0128186959773
-0.0107540842146
-0.00885362643749
-0.0071381162852
-0.0056299441494
-0.00435103615746
-0.0033178392332
-0.00254257256165
-0.00203632377088
-0.00181012263056
-0.00187178340275
-0.00222173170187
-0.00285881524906
-0.00378241250291
-0.00499020144343
-0.00646932143718
-0.00820441823453
-0.010187686421
-0.0124045591801
-0.0148346824571
-0.017455548048
-0.0202446822077
-0.0231789369136
-0.0262307785451
-0.0293722115457
-0.0325704552233
-0.035798817873
-0.0390242561698
-0.0422127433121
-0.0453349165618
-0.0483567044139
-0.0512466989458
-0.0539743974805
-0.0565093830228
-0.0588224641979
-0.0608839057386
-0.0626709610224
-0.0641605779529
-0.0653275772929
-0.0661531612277
-0.0666224509478
-0.066721752286
-0.0664373636246
-0.0657590031624
-0.0646838918328
-0.0632100850344
-0.0613343156874
-0.0590593330562
-0.0563926063478
-0.0533374771476
-0.0498888865113
-0.0460810065269
-0.041932426393
-0.0374637767673
-0.0326957069337
-0.0276497341692
-0.0223529562354
-0.0168347656727
-0.0111217265949
-0.00524650653824
0.000754902255721
0.00685368105769
0.0130120338872
0.019195009023
0.025367192924
0.0314928814769
0.037536393851
0.0434648655355
0.0492386184633
0.0548284761608
0.0602050274611
0.0653335824609
0.0701853260398
0.0747355446219
0.0789598226547
0.0828338563442
0.086336761713
0.0894536375999
0.0921701937914
0.0944731160998
0.0963496118784
0.0977948904037
0.0988066866994
0.0993808209896
0.0995158627629
0.099217325449
0.0984442979097
0.0972515046597
0.0956460237503
0.0936427786946
0.0912556797266
0.0885023102164
0.0853962302208
0.0819590464234
0.0782130286098
0.0741805061698
0.0698840245605
0.0653462484479
0.0605979263783
0.0556607581675
0.0505660697818
0.0453358180821
0.0399998053908
0.0345880500972
0.0291226729751
0.0236327443272
0.0181411821395
0.0126788243651
0.00726847909391
0.00193136709277
-0.003305636812
-0.00842614565045
-0.013403701596
-0.0182235855609
-0.022866724059
-0.0273168198764
-0.0315576270223
-0.0355764515698
-0.0393580384552
-0.04289534688
-0.0461741350591
-0.049186591059
-0.051927741617
-0.0543904155493
-0.0565606020391
-0.0584241487086
-0.059995573014
-0.0612738728523
-0.0622585341334
-0.0629476308823
-0.0633442029357
-0.0634516179562
-0.0632728114724
-0.062811344862
-0.0620740018785
-0.0610676780343
-0.0598002560437
-0.0582787320018
-0.0565149225295
-0.0545198470354
-0.0523053258657
-0.0498820692301
-0.0472650676966
-0.0444711856544
-0.041513338685
-0.038408447057
-0.0351734980941
-0.0318268723786
-0.028386970982
-0.0248722098768
-0.0212998632342
-0.0176932346076
-0.0140686500818
-0.0104494886473
-0.00685187987983
-0.00329716294073
0.000195154716494
0.00360563583672
0.00691546546295
0.010107267648
0.0131653640419
0.0160694792867
0.0188063178211
0.0213596131653
0.0237188450992
0.0258696060628
0.0277919508517
0.029482441023
0.0309344641864
0.0321416594088
0.033097371459
0.0337993949652
0.0342471562326
0.0344392955303
0.0343758538365
0.0340611413121
0.0335011184216
0.0327021218836
0.0316707491875
0.0304176621139
0.0289556905627
0.0272968672216
0.0254558902234
0.0234470851719
0.0212906375527
0.019002687186
0.0166037958115
0.0141117684543
0.0115493992344
0.00893834419549
0.00630032736808
0.00365754403174
0.00103141297586
-0.00155280111358
-0.00407368177548
-0.00651032105088
-0.00884019210935
-0.011041062884
-0.0130939483643
-0.0149778900668
-0.0166754610837
-0.0181694887578
-0.0194427482784
-0.0204797871411
-0.0212693754584
-0.0217996370047
-0.0220599640161
-0.0220408532768
-0.0217379853129
-0.0211484655738
-0.0202675834298
-0.0190944615752
-0.0176268983632
-0.0158791095018
-0.0138532221317
-0.0115588456392
-0.00900790188462
-0.00621367292479
-0.00319215608761
3.93555601477e-05
0.00346306199208
0.00705407466739
0.0107890702784
0.0146442763507
0.0185917653143
0.0226015001535
0.0266454108059
0.0306892730296
0.0347025543451
0.0386532768607
0.0425054952502
0.0462234839797
0.0497767925262
0.0531294606626
0.0562474317849
0.0590966641903
0.0616451315582
0.063862644136
0.0657199844718
0.0671853795648
0.068233333528
0.0688419193029
0.0689885243773
0.0686511769891
0.0678124502301
0.0664622411132
0.0645878091455
0.0621810369194
0.059235483408
0.0557539053261
0.0517399050295
0.0471945255995
0.0421301946044
0.036559201777
0.0305025782436
0.0239788945764
0.0170138292015
0.00963171385229
0.00186919793487
-0.00624490575865
-0.014666791074
-0.023356821388
-0.0322631038725
-0.0413370579481
-0.0505364984274
-0.0598135776818
-0.0691087767482
-0.0783674493432
-0.0875345245004
-0.0965478494763
-0.105358533561
-0.113903358579
-0.122128121555
-0.12996776402
-0.137370452285
-0.144280254841
-0.150641456246
-0.156406655908
-0.161525294185
-0.165948316455
-0.169631719589
-0.172538727522
-0.174635186791
-0.175888627768
-0.176268517971
-0.175753101707
-0.174329936504
-0.171986848116
-0.16871368885
-0.164504468441
-0.159377425909
-0.153333351016
-0.146394491196
-0.138568729162
-0.129904255271
-0.120418198407
-0.11016253382
-0.0991597250104
-0.0874792188406
-0.0751705616713
-0.0622884631157
-0.0488933175802
-0.0350553616881
-0.0208456348628
-0.00633507128805
0.00840248540044
0.0232944525778
0.0382452495396
0.0531816706061
0.0680226609111
0.0826859846711
0.0970891937613
0.111149929464
0.124787189066
0.137924298644
0.150485500693
0.162386462092
0.173514887691
0.183849126101
0.193328261375
0.201891094446
0.209475174546
0.216045424342
0.221557706594
0.225970223546
0.229251086712
0.231377825141
0.232337415218
0.232118397951
0.230710029602
0.22811858356
0.224363192916
0.21945938468
0.213425189257
0.20629554987
0.198111429811
0.188926190138
0.178782135248
0.167744800448
0.155873268843
0.143242701888
0.129923626781
0.115995548666
0.101553119719
0.0866772904992
0.0714484229684
0.0559727661312
0.0403387732804
0.024642162025
0.00897868257016
-0.00655690394342
-0.0218712463975
-0.036871150136
-0.0514564663172
-0.0655531287193
-0.0790666267276
-0.0919240787625
-0.104051478207
-0.115363776684
-0.125807970762
-0.135326340795
-0.143857166171
-0.151358619332
-0.15779440105
-0.163133203983
-0.167349159718
-0.170419797301
-0.172343358397
-0.17312219739
-0.172743678093
-0.171184301376
-0.168518394232
-0.164780795574
-0.160002037883
-0.154222503304
-0.147494807839
-0.139882862568
-0.131439268589
-0.12223392725
-0.112332172692
-0.101823411882
-0.0907824933529
-0.0792955607176
-0.0674376487732
-0.0553041175008
-0.0429908484221
-0.0305817201734
-0.0181660801172
-0.0058329035528
0.00632878299803
0.0182244572788
0.0297827851027
0.0409150533378
0.051549512893
0.0616088993847
0.0710213258862
0.0797346532345
0.0876959040761
0.0948407649994
0.101124994457
0.106524117291
0.111005045474
0.114536568522
0.117101810873
0.118698999286
0.119327634573
0.118987955153
0.117688126862
0.11545355618
0.112311758101
0.108292639256
0.103424221277
0.0977599844337
0.0913478136063
0.0842379555106
0.0764624923468
0.0681024715304
0.0592328831553
0.0499200932682
0.0402313657105
0.030244441703
0.0200288128108
0.00965886376798
-0.000785709707998
-0.0112416017801
-0.021624783054
-0.0318667851388
-0.0418893843889
-0.0516300424933
-0.0610289089382
-0.0700082108378
-0.0785173252225
-0.0864931344986
-0.0938955098391
-0.100666604936
-0.106769390404
-0.112161040306
-0.116818547249
-0.120716236532
-0.123827263713
-0.126138031483
-0.127645924687
-0.128349274397
-0.128246665001
-0.127344563603
-0.125662595034
-0.123223170638
-0.120044365525
-0.116155214608
-0.11159453541
-0.106399491429
-0.100608959794
-0.0942640379071
-0.0873714834452
-0.0800303444266
-0.0722918957472
-0.0642081424594
-0.0558398105204
-0.0472408309579
-0.0384692437947
-0.0295832250267
-0.0206451639533
-0.0117084421217
-0.00283110071905
0.00592891359702
0.0145178800449
0.0228808578104
0.0309712029994
0.0387418307364
0.04614116624
0.0531352497637
0.0596834011376
0.0657546967268
0.0713157877326
0.0763434991241
0.080822698772
0.0847307145596
0.0880523771048
0.0907869488001
0.0929335206747
0.0944888219237
0.0954551398754
0.0958465486765
0.0956771150231
0.0949610844254
0.0937065556645
0.0919053778052
0.0896272882819
0.086900472641
0.0837486311793
0.0802111104131
0.0763167440891
0.072106488049
0.0676144734025
0.0628765821457
0.0579345300794
0.0528280772269
0.0475970096886
0.0422802865505
0.0369136333466
0.0315381288528
0.0261922497302
0.0209112707525
0.015724869445
0.010670190677
0.0057743806392
0.00106542941649
-0.00342978071421
-0.00769376475364
-0.0117043377832
-0.0154398316517
-0.0188934840262
-0.0220535453409
-0.0249116439372
-0.0274595022202
-0.0296992324293
-0.0316316001117
-0.0332587324083
-0.0345851816237
-0.0356190614402
-0.0363595858216
-0.0368326082826
-0.0370511114597
-0.0370327718556
-0.0367963053286
-0.0363606363535
-0.0357451029122
-0.0349706821144
-0.0340593159199
-0.0330335944891
-0.0319157429039
-0.0307260677218
-0.0294868629426
-0.0282193589956
-0.0269440021366
-0.0256791301072
-0.0244417767972
-0.0232477337122
-0.0221133418381
-0.0210515949875
-0.0200708769262
-0.0191805288196
-0.0183889493346
-0.0177006721497
-0.0171170067042
-0.0166372992098
-0.0162622146308
-0.0159883182496
-0.0158079788089
-0.0157130751759
-0.0156956706196
-0.0157454330474
-0.0158484131098
-0.0159902665764
-0.0161568019539
-0.0163324866444
-0.0164999980479
-0.0166416503489
-0.0167397223413
-0.0167764760554
-0.0167343299836
-0.0165954884142
-0.016342241317
-0.0159578565508
-0.015427576378
-0.014736643061
-0.0138714406639
-0.0128185627982
-0.0115684354678
-0.0101151913404
-0.00844759680331
-0.00656165648252
-0.00445557292551
-0.00212839152664
0.000417194794863
0.00318190502003
0.00615481613204
0.00932835787535
0.012690118514
0.0162326060236
0.0199370551854
0.0237848926336
0.0277574975044
0.0318350382149
0.0359952002764
0.0402074456215
0.0444503128529
0.0486946739256
0.0529130063951
0.0570698939264
0.0611391551793
0.0650874003768
0.0688829645514
0.0724939331412
0.0758903324604
0.079038374126
0.0818998590112
0.0844540372491
0.0866706594825
0.0885218158364
0.0899845063686
0.0910367816687
0.0916565880179
0.0918236523867
0.0915251895785
0.0907498374581
0.0894862487912
0.0877259299159
0.0854690372944
0.0827172920108
0.0794705748558
0.0757375508547
0.0715309381485
0.0668664872646
0.0617598928511
0.0562307499349
0.0503069423139
0.0440205000341
0.0373944193125
0.0304675456136
0.0232756938785
0.0158584564924
0.00825553573668
0.000512767466716
-0.00732763065025
-0.015219591558
-0.0231131892651
-0.0309654027224
-0.0387254841626
-0.0463497750461
-0.0537909120321
-0.0610004886985
-0.0679391250014
-0.0745609924197
-0.0808266848326
-0.0866962224245
-0.0921394377947
-0.0971210598946
-0.101611174643
-0.105583675206
-0.109019957483
-0.111901521683
-0.114212952554
-0.115943185985
-0.117091044784
-0.117654450238
-0.117631785572
-0.117032930255
-0.115871742368
-0.114161320031
-0.111917629838
-0.109153628349
-0.105875827372
-0.10215048492
-0.0980082675815
-0.0934869349003
-0.0886229947209
-0.0834632366896
-0.0780374854803
-0.0724003762007
-0.0665851831436
-0.0606474243104
-0.0546227991581
-0.0485579967499
-0.0424996241927
-0.0364886596799
-0.030563859269
-0.0247711986303
-0.0191402174532
-0.013711203821
-0.00852155778557
-0.00358869228512
0.00105159741361
0.00537747889757
0.00936954282224
0.0130131943151
0.016297545284
0.0192089769989
0.021746089682
0.0239074211568
0.0256973523647
0.0271184742451
0.0281809102744
0.0289005376399
0.0292922258377
0.029372677207
0.029164114967
0.0286915842444
0.0279808714986
0.0270573142916
0.0259511470795
0.02469147183
0.0233105234802
0.0218376778066
0.0203044656664
0.0187417939305
0.0171752590686
0.0156405363232
0.0141663933173
0.0127776293084
0.0115013653412
0.0103615922853
0.00937887933105
0.00857049692422
0.0079552270472
0.00754906330258
0.00736072845757
0.00739889871329
0.0076718092896
0.00818474031985
0.00893668085337
0.00992511957884
0.0111470948905
0.0125985406339
0.0142686367035
0.0161448996514
0.0182155519724
0.0204663742334
0.0228798091412
0.025436969474
0.0281163193285
0.0308997314423
0.0337625406682
0.0366826206446
0.03963509202
0.0425958931446
0.0455415993929
0.0484459027648
0.051284018904
0.0540330782533
0.0566684119403
0.0591680668294
0.0615087375045
0.0636667683721
0.0656252503395
0.0673650428653
0.0688664019108
0.0701131522655
0.0710930600762
0.0717932581902
0.0722007751465
0.0723064541817
0.0721051245928
0.0715915411711
0.070760987699
0.0696122348309
0.0681469514966
0.0663703158498
0.0642841160297
0.0618947632611
0.0592128261924
0.0562506057322
0.0530193299055
0.049531403929
0.0458041802049
0.0418570786715
0.037705887109
0.0333723537624
0.0288745481521
0.0242412611842
0.0194883365184
0.0146436309442
0.00972953997552
0.00477314926684
-0.000205529213417
-0.00517480634153
-0.0101172709838
-0.0150037612766
-0.0198121834546
-0.0245192106813
-0.0291008483618
-0.0335376784205
-0.0378080047667
-0.0418920665979
-0.0457710362971
-0.0494300462306
-0.0528523139656
-0.0560234598815
-0.0589313730597
-0.0615671537817
-0.0639202669263
-0.0659828484058
-0.0677510797977
-0.0692207440734
-0.0703891888261
-0.0712557286024
-0.0718223527074
-0.0720926374197
-0.0720700547099
-0.0717595815659
-0.0711701288819
-0.0703104436398
-0.0691888183355
-0.0678165704012
-0.0662059485912
-0.0643707662821
-0.0623211786151
-0.0600747838616
-0.0576434396207
-0.0550432987511
-0.0522908642888
-0.0494000948966
-0.0463848598301
-0.0432619974017
-0.0400485657156
-0.0367581173778
-0.033403288573
-0.0300016384572
-0.0265640523285
-0.0231075920165
-0.0196410827339
-0.0161800831556
-0.0127332201228
-0.0093153975904
-0.00593295972794
-0.00259724911302
0.000680533412378
0.00389625504613
0.0070360712707
0.0100990077481
0.0130732040852
0.0159534495324
0.0187341850251
0.021411344409
0.023976944387
0.0264284312725
0.0287602152675
0.0309681408107
0.0330480672419
0.0349968336523
0.0368097648025
0.0384825728834
0.0400131605566
0.0413971729577
0.0426315888762
0.043711937964
0.0446355678141
0.0453985333443
0.0459973476827
0.0464284904301
0.0466883517802
0.0467732325196
0.0466800369322
0.0464054085314
0.0459456183016
0.0452977865934
0.0444587469101
0.0434265658259
0.0421997345984
0.0407736264169
0.0391490198672
0.0373254641891
0.035302489996
0.0330789014697
0.030658017844
0.0280425734818
0.0252337157726
0.0222362969071
0.0190549287945
0.015698261559
0.012173390016
0.00848627090454
