-0.00124604720622
-0.00124604720622
-0.00366375106387
-0.00596986711025
-0.00816439837217
-0.0102473450825
-0.0122186988592
-0.0140784755349
-0.0158266555518
-0.0174632575363
-0.0189882703125
-0.0204016976058
-0.0217035263777
-0.0228937994689
-0.0239724740386
-0.0249395370483
-0.0257950294763
-0.0265389382839
-0.0271712467074
-0.0276920031756
-0.0281011722982
-0.0283987298608
-0.0285847038031
-0.0286590643227
-0.0286218691617
-0.0284731201828
-0.0282127279788
-0.0278407819569
-0.027357308194
-0.0267620775849
-0.0260553769767
-0.0252370946109
-0.0243072267622
-0.0232657752931
-0.0221126228571
-0.0208480618894
-0.0194717422128
-0.0179840717465
-0.0163845829666
-0.0146735683084
-0.0128509700298
-0.010916845873
-0.00887119676918
-0.00671378755942
-0.00444479519501
-0.0020643346943
0.00042782627861
0.00303139653988
0.00574666727334
0.00857358053327
0.0115119032562
0.0145621011034
0.0177235919982
0.0209968984127
0.0243816170841
0.0278779175133
0.0314858593047
0.0352058559656
0.039036501199
0.0429792553186
0.0470335334539
0.0511994846165
0.0554773397744
0.0598659925163
0.0643666386604
0.0689788386226
0.073702685535
0.0785386040807
0.0834845378995
0.0885153263807
0.0935149937868
0.098455734551
0.103337571025
0.108160540462
0.112924546003
0.117629647255
0.122275777161
0.126863121986
0.131391510367
0.135860860348
0.140271261334
0.144623324275
0.148915559053
0.153149709105
0.157324358821
0.161440342665
0.165497645736
0.169495806098
0.173434838653
0.177314966917
0.181136637926
0.18489895761
0.188602820039
0.192247092724
0.195833146572
0.199360057712
0.202828079462
0.206236720085
0.209587618709
0.212877511978
0.216110602021
0.219283610582
0.222398430109
0.22545363009
0.228451088071
0.231387555599
0.234267205
0.237087234855
0.239846751094
0.242550373077
0.245192542672
0.247777432203
0.250302702188
0.252769321203
0.255175858736
0.257526516914
0.259812921286
0.262046217918
0.26421713829
0.266330301762
0.268384814262
0.270378768444
0.272314995527
0.27419346571
0.276011407375
0.277770668268
0.279471278191
0.281111329794
0.282697379589
0.284218221903
0.285685062408
0.287090420723
0.288436174393
0.289726048708
0.290954470634
0.292124211788
0.293237149715
0.294288605452
0.295282334089
0.296217381954
0.297092825174
0.297909587622
0.298667699099
0.299366176128
0.30000692606
0.300588071346
0.301109611988
0.301575273275
0.301977604628
0.302324056625
0.302610903978
0.302836298943
0.303007662296
0.303115695715
0.303167849779
0.303158521652
0.303093343973
0.302966684103
0.302784144878
0.302538275719
0.302234649658
0.30187702179
0.301454216242
0.300973653793
0.30043721199
0.299841165543
0.29918551445
0.298466533422
0.297697246075
0.296862781048
0.295970588923
0.29501876235
0.294014811516
0.29294192791
0.291815012693
0.290630370378
0.289382398129
0.28808042407
0.286715090275
0.285295754671
0.283816814423
0.282272696495
0.280678272247
0.279016792774
0.277303159237
0.275524318218
0.273695200682
0.27179902792
0.26984885335
0.267837196589
0.265765935183
0.263638794422
0.261448323727
0.259203821421
0.256899744272
0.254530459642
0.252112746239
0.249627962708
0.247087314725
0.244487062097
0.241823479533
0.239111468196
0.236328676343
0.233501181006
0.230599179864
0.227652475238
0.224634990096
0.22156535089
0.218432381749
0.215243533254
0.211998805404
0.208690747619
0.205323085189
0.201899543405
0.198416396976
0.194869920611
0.191275015473
0.187605604529
0.183895215392
0.180110320449
0.176273271441
0.17238406837
0.168427810073
0.164408221841
0.160332754254
0.156205147505
0.152017921209
0.14777854085
0.143554061651
0.139351934195
0.135183334351
0.131029635668
0.126909464598
0.122807912529
0.118736170232
0.114686779678
0.110663466156
0.106666229665
0.102691344917
0.0987462624907
0.0948198065162
0.0909268781543
0.0870525762439
0.0832006260753
0.0793859288096
0.0755824148655
0.0718161463737
0.0680647790432
0.0643469393253
0.060651447624
0.0569783113897
0.0533312521875
0.0497139953077
0.0461116395891
0.0425428114831
0.0390037894249
0.0354796648026
0.0319816172123
0.0285170953721
0.0250637512654
0.0216551106423
0.0182501971722
0.0148862591013
0.0115446737036
0.00821799039841
0.0049285585992
0.0016614793567
-0.00158324826043
-0.00480189919472
-0.0079981982708
-0.0111609688029
-0.0143088391051
-0.0174269080162
-0.020515171811
-0.0235848110169
-0.0266246479005
-0.0296458583325
-0.0326372683048
-0.0356025993824
-0.0385493040085
-0.0414624772966
-0.0443533025682
-0.0472180508077
-0.0500641725957
-0.0528730414808
-0.0556707344949
-0.0584311746061
-0.0611767135561
-0.0638887286186
-0.0665821135044
-0.0692456960678
-0.0718832015991
-0.0745020806789
-0.0770911574364
-0.0796541497111
-0.0821910724044
-0.0847093686461
-0.0872015878558
-0.0896602794528
-0.092096619308
-0.0945143327117
-0.0968985185027
-0.0992715284228
-0.101599834859
-0.103916965425
-0.106204293668
-0.108465544879
-0.110704444349
-0.112917266786
-0.115107737482
-0.117264680564
-0.119406722486
-0.121511511505
-0.123601399362
-0.125661492348
-0.127702951431
-0.129710882902
-0.131696462631
-0.133655965328
-0.135596841574
-0.137504190207
-0.139389187098
-0.141251832247
-0.143084675074
-0.144895166159
-0.146679580212
-0.148441642523
-0.150170177221
-0.151883810759
-0.153567641973
-0.155229121447
-0.156860798597
-0.158470109105
-0.160053357482
-0.161610528827
-0.16314534843
-0.164654091001
-0.166133031249
-0.167593345046
-0.169031307101
-0.170432016253
-0.171817824244
-0.173173829913
-0.17450748384
-0.175815060735
-0.177092835307
-0.178351983428
-0.179581329226
-0.180792048573
-0.181969240308
-0.183127805591
-0.184252843261
-0.18536670506
-0.186443313956
-0.187501296401
-0.188529476523
-0.189535304904
-0.190515056252
-0.191468730569
-0.192400053144
-0.193305298686
-0.194182604551
-0.195037558675
-0.195870161057
-0.196671098471
-0.197447821498
-0.198204055429
-0.198928624392
-0.199636429548
-0.200314432383
-0.200966358185
-0.2015940696
-0.202195703983
-0.202774986625
-0.203326329589
-0.203857183456
-0.204356372356
-0.204831346869
-0.205287694931
-0.205708652735
-0.206114709377
-0.206489101052
-0.206843003631
-0.207167103887
-0.20746512711
-0.207740798593
-0.207997843623
-0.208219498396
-0.208418801427
-0.208595752716
-0.208746626973
-0.208867698908
-0.208970144391
-0.209046512842
-0.209093078971
-0.209115430713
-0.209115430713
-0.209091216326
-0.209040924907
-0.208964556456
-0.208860248327
-0.208737313747
-0.208580851555
-0.208405762911
-0.208208322525
-0.207971766591
-0.207677468657
-0.207325428724
-0.206904470921
-0.206422045827
-0.205874428153
-0.205259755254
-0.204589203
-0.203846007586
-0.203045070171
-0.202173352242
-0.201245754957
-0.200247377157
-0.199189394712
-0.198064357042
-0.196875989437
-0.195626154542
-0.194309264421
-0.192929044366
-0.191485494375
-0.189976751804
-0.188404679298
-0.186769276857
-0.185068681836
-0.18330475688
-0.181477501988
-0.179583191872
-0.177628353238
-0.175607383251
-0.173523083329
-0.171373590827
-0.169162631035
-0.166885539889
-0.16454513371
-0.162140458822
-0.159671515226
-0.157138317823
-0.154543668032
-0.151881948113
-0.149155959487
-0.146368518472
-0.143514946103
-0.140598967671
-0.137616872787
-0.134572386742
-0.131463631988
-0.128290608525
-0.125053331256
-0.121751792729
-0.118386924267
-0.114957794547
-0.111463472247
-0.107907682657
-0.104285769165
-0.100600525737
-0.0968510210514
-0.0930381864309
-0.0891582965851
-0.085219733417
-0.081213183701
-0.0771433115005
-0.0730101019144
-0.0688107684255
-0.0645508989692
-0.0602239705622
-0.0558346472681
-0.0513819940388
-0.0468622855842
-0.0422811098397
-0.0376347452402
-0.032925978303
-0.0281510856003
-0.0233137961477
-0.0184094533324
-0.0134455030784
-0.00841449946165
-0.00332109606825
0.00183936196845
0.0070603559725
0.0123465424404
0.0176960602403
0.0231126304716
0.0285888072103
0.0341329723597
0.039738599211
0.0454103536904
0.0511435754597
0.0569429211318
0.0628056004643
0.0687334686518
0.0747218728065
0.0807791873813
0.0868961140513
0.0930800959468
0.0993264764547
0.10563711822
0.112012952566
0.118452116847
0.124954611063
0.131520435214
0.138128176332
0.14466792345
0.151120126247
0.157481044531
0.163751646876
0.169932827353
0.176024615765
0.182026058435
0.187936231494
0.193756997585
0.199490219355
0.205129370093
0.210680991411
0.216141328216
0.221514135599
0.226794734597
0.231984987855
0.237086772919
0.242098227143
0.2470202595
0.251850098372
0.256588667631
0.261241555214
0.26580503583
0.270275384188
0.274654477835
0.278946012259
0.283148139715
0.287257134914
0.291280448437
0.295212477446
0.299049526453
0.30280277133
0.306464731693
0.310035407543
0.313514828682
0.316906690598
0.320209175348
0.323418498039
0.326540291309
0.329570829868
0.332511931658
0.335361778736
0.338125944138
0.340795129538
0.343376755714
0.345867097378
0.34826618433
0.350577741861
0.35280174017
0.35493260622
0.356968462467
0.358924239874
0.360783159733
0.362554550171
0.364238381386
0.365825355053
0.367328494787
0.368738532066
0.370059132576
0.371290355921
0.372430294752
0.37348267436
0.374443799257
0.375313669443
0.376095980406
0.376788884401
0.377383053303
0.377900868654
0.378314375877
0.378649652004
0.378891795874
0.379044532776
0.37910041213
0.379070609808
0.378958851099
0.378739058971
0.378448486328
0.378061056137
0.377573043108
0.377010524273
0.3763474226
0.37559863925
0.374764174223
0.373832851648
0.372808396816
0.371705710888
0.370506167412
0.369213491678
0.367838859558
0.3663636446
0.364806473255
0.363159894943
0.361420184374
0.359587341547
0.357668817043
0.355664610863
0.353563547134
0.351369351149
0.349093198776
0.346731364727
0.344265222549
0.341713398695
0.339075893164
0.336348980665
0.333528935909
0.330615758896
0.327624350786
0.324528634548
0.321350961924
0.318083882332
0.314727395773
0.311270356178
0.307735055685
0.304102897644
0.300388783216
0.296577811241
0.292677432299
0.288687646389
0.284608453512
0.280439853668
0.276178121567
0.271830707788
0.267393887043
0.26286393404
0.25824084878
0.253532081842
0.248733893037
0.243846312165
0.238865599036
0.23379547894
0.228639677167
0.223383292556
0.218048676848
0.212624654174
0.207092598081
0.201489761472
0.195793792605
0.189997240901
0.184126183391
0.178154543042
0.172093495727
0.165939316154
0.159706905484
0.153377652168
0.146951526403
0.140450894833
0.133849680424
0.127151608467
0.120379023254
0.113509587944
0.106547020376
0.0995024964213
0.0923611149192
0.0851266011596
0.0778175890446
0.0704005360603
0.0628978013992
0.0553168319166
0.0476390086114
0.039856877178
0.0320039689541
0.0240541975945
0.0160150229931
0.00789389014244
-0.000327825517161
-0.00865012407303
-0.0170432031155
-0.0255294125527
-0.0341050326824
-0.0427812300622
-0.0515058599412
-0.0601559840143
-0.0686943531036
-0.0771209597588
-0.0854395255446
-0.0936463400722
-0.101741395891
-0.109728418291
-0.117603681982
-0.125367194414
-0.133022665977
-0.140562653542
-0.147998332977
-0.155325978994
-0.16253067553
-0.16963480413
-0.17662717402
-0.183504059911
-0.190276637673
-0.196933731437
-0.203486517072
-0.209920093417
-0.216253086925
-0.222463145852
-0.228572621942
-0.234570339322
-0.240456297994
-0.246230497956
-0.251896679401
-0.257451087236
-0.262893736362
-0.268220901489
-0.273451209068
-0.278558582067
-0.283557921648
-0.2884529531
-0.293232500553
-0.297900289297
-0.302463769913
-0.306908041239
-0.311248004436
-0.315476179123
-0.319592624903
-0.323601037264
-0.327490240335
-0.331278860569
-0.334959447384
-0.338513374329
-0.341974169016
-0.345315754414
-0.348549306393
-0.351674824953
-0.354681134224
-0.357583135366
-0.3603733778
-0.363055586815
-0.365626037121
-0.368084728718
-0.370431661606
-0.372670561075
-0.374793976545
-0.376816809177
-0.37871670723
-0.380516022444
-0.382203578949
-0.383775651455
-0.385239690542
-0.386595696211
-0.38783249259
-0.388972431421
-0.389989435673
-0.390909582376
-0.39170306921
-0.392392247915
-0.392973393202
-0.39344650507
-0.393800407648
-0.394050002098
-0.394187837839
-0.394217640162
-0.394135683775
-0.393938243389
-0.393632769585
-0.393222987652
-0.392693996429
-0.392056971788
-0.391308188438
-0.39045509696
-0.389488399029
-0.388409912586
-0.387217819691
-0.385923296213
-0.384509533644
-0.382991492748
-0.381359815598
-0.379620105028
-0.377766758204
-0.375801682472
-0.373734146357
-0.371545523405
-0.369258195162
-0.366849809885
-0.364333361387
-0.361712634563
-0.358968943357
-0.35613027215
-0.353164941072
-0.350100904703
-0.346923232079
-0.343635648489
-0.340238183737
-0.336717784405
-0.333111703396
-0.329367786646
-0.325554966927
-0.321734666824
-0.317942321301
-0.314168602228
-0.310419112444
-0.306691974401
-0.302990883589
-0.299310296774
-0.295653939247
-0.29201990366
-0.288408249617
-0.284822642803
-0.281257539988
-0.277718514204
-0.274196267128
-0.270703792572
-0.26723369956
-0.263782203197
-0.260354936123
-0.256955623627
-0.25357490778
-0.250218421221
-0.246884286404
-0.243574365973
-0.240287736058
-0.237022519112
-0.233782440424
-0.230564728379
-0.227370291948
-0.224197268486
-0.221049398184
-0.217923879623
-0.214820712805
-0.211743623018
-0.208684235811
-0.205653712153
-0.202642738819
-0.199655994773
-0.196691587567
-0.193752333522
-0.190831705928
-0.187940880656
-0.185067757964
-0.182218834758
-0.17939414084
-0.176592722535
-0.173811793327
-0.171057865024
-0.168324440718
-0.165613353252
-0.16292835772
-0.160263836384
-0.157624468207
-0.155006527901
-0.152410939336
-0.149841412902
-0.147293314338
-0.144767567515
-0.14226603508
-0.139786854386
-0.137330964208
-0.134898349643
-0.132490873337
-0.130102962255
-0.127739727497
-0.125399321318
-0.123082190752
-0.120787411928
-0.11851824075
-0.116270028055
-0.114045098424
-0.111842989922
-0.109665088356
-0.107508614659
-0.105378210545
-0.103266440332
-0.10118214041
-0.0991183295846
-0.0970782637596
-0.0950624197721
-0.0930670574307
-0.091097779572
-0.0891494527459
-0.0872248709202
-0.0853235796094
-0.083446495235
-0.0815922319889
-0.0797561332583
-0.0779493674636
-0.0761658847332
-0.0743982344866
-0.0726603865623
-0.0709458217025
-0.0692498832941
-0.067581422627
-0.0659329816699
-0.0643101483583
-0.06270827353
-0.0611282847822
-0.0595762357116
-0.0580423474312
-0.0565340705216
-0.0550495423377
-0.0535873658955
-0.0521447472274
-0.0507314652205
-0.0493358783424
-0.0479677654803
-0.0466192103922
-0.0452958010137
-0.0439970716834
-0.0427169688046
-0.041461545974
-0.0402317345142
-0.0390245094895
-0.0378361418843
-0.0366745516658
-0.0355376377702
-0.0344200506806
-0.0333250500262
-0.0322591513395
-0.0312097817659
-0.0301857925951
-0.0291862506419
-0.0282097589225
-0.0272521264851
-0.0263233650476
-0.0254153255373
-0.0245284736156
-0.0236665345728
-0.0228290427476
-0.0220146011561
-0.0212173890322
-0.020450444892
-0.0197049211711
-0.0189798884094
-0.0182781368494
-0.0176068861037
-0.016946811229
-0.0163153745234
-0.0157109461725
-0.0151251433417
-0.0145626245067
-0.0140247857198
-0.013509764336
-0.0130138350651
-0.0125465439633
-0.0121020702645
-0.0116766886786
-0.0112783154473
-0.0109004313126
-0.0105476928875
-0.0102138137445
-0.00990671012551
-0.00962452031672
-0.00936328433454
-0.0091209076345
-0.00890926457942
-0.00871834345162
-0.0085448846221
-0.00839633867145
-0.00827223993838
-0.0081395264715
-0.00799703411758
-0.0078440643847
-0.00768154812977
-0.00750925345346
-0.00732717989013
-0.00713462894782
-0.00693276477978
-0.00672065606341
-0.00649876846001
-0.00626686913893
-0.00602519093081
-0.00577373383567
-0.0055120321922
-0.00524101732299
-0.00495929224417
-0.0046684872359
-0.00436720438302
-0.00405614264309
-0.00373530178331
-0.00340468226932
-0.00306381820701
-0.00271340808831
-0.00235275365412
-0.00198255293071
-0.00160234037321
-0.00121188350022
-0.000812113226857
-0.000401865661843
1.79279595613e-05
0.000447500467999
0.000887084694114
0.00133691343945
0.00179628829937
0.0022656749934
0.0027448402252
0.00323378457688
0.00373320630752
0.00424194149673
0.00476068817079
0.00528967892751
0.00582844903693
0.00637676520273
0.00693509308621
0.00750343268737
0.00808178447187
0.0086696818471
0.00926782377064
0.0098757436499
0.0104939090088
0.0111211547628
0.0117591107264
0.0124063799158
0.0130638936535
0.0137309534475
0.0144084906206
0.01509557385
0.0157924368978
0.0164995435625
0.0172161962837
0.0179428607225
0.0186793040484
0.0194259919226
0.0201824568212
0.0209487024695
0.0217247270048
0.0225109960884
0.0233068112284
0.0241128709167
0.0249284766614
0.0257540941238
0.0265899561346
0.0274355970323
0.0282905511558
0.0291557498276
0.0300314258784
0.0309159494936
0.0318111851811
0.0327157303691
0.0336309894919
0.0345553271472
0.0354901403189
0.0364342704415
0.0373888760805
0.0383527949452
0.039326954633
0.0403113625944
0.0413050837815
0.0423090495169
0.0433227941394
0.0443463176489
0.0453800857067
0.0464231669903
0.0474764928222
0.0485395975411
0.0496134124696
0.0506956093013
0.0517894476652
0.0528916679323
0.0540045984089
0.0551268421113
0.0562593303621
0.0574020631611
0.0585545748472
0.0597163997591
0.0608889348805
0.0620707832277
0.0632624104619
0.0644642859697
0.0656754672527
0.0668978318572
0.0681290403008
0.0693709552288
0.0706221908331
0.0718832015991
0.0731535255909
0.0744350254536
0.0757253691554
0.0770268961787
0.0783377289772
0.0796578750014
0.0809887349606
0.0823289081454
0.0836788639426
0.0850385949016
0.0864095017314
0.087789721787
0.0891792550683
0.0905790328979
0.0919885858893
0.0934079214931
0.0948375016451
0.0962763950229
0.0977264642715
0.09918538481
0.10065408051
0.102133482695
0.103622205555
0.105120234191
0.106630377471
0.108147963881
0.109676264226
0.11121480912
0.112755216658
0.114263027906
0.115733586252
0.117163166404
0.11855456233
0.119904980063
0.121219076216
0.122489400208
0.123725265265
0.124918289483
0.126072198153
0.12718886137
0.128264531493
0.129301100969
0.130298539996
0.131256878376
0.132176086307
0.133054330945
0.133895307779
0.134694382548
0.135457143188
0.13617798686
0.136862501502
0.137504190207
0.138108611107
0.138672068715
0.139200121164
0.139683485031
0.140130519867
0.140538439155
0.140905380249
0.141234129667
0.141523778439
0.141773372889
0.141982913017
0.142155215144
0.14228746295
0.142377793789
0.142433673143
0.142444849014
0.1424215734
0.142354518175
0.142251133919
0.14210678637
0.141925171018
0.1417016536
0.141439959407
0.141139134765
0.140800133348
0.140418291092
0.140001058578
0.139541924
0.139043658972
0.138506293297
0.137930735946
0.137315124273
0.136659473181
0.135965645313
0.135229900479
0.134456902742
0.133646652102
0.132795423269
0.131901353598
0.130971893668
0.130001455545
0.12899376452
0.12794137001
0.126859173179
0.125728547573
0.124560661614
0.123355530202
0.122113145888
0.120824195445
0.119503580034
0.118138261139
0.116735689342
0.115294001997
0.113813199103
0.112291418016
0.110732384026
0.109132371843
0.107493244112
0.105816863477
0.104093916714
0.102343030274
0.100545577705
0.0987090095878
0.0968333259225
0.0949203893542
0.0929683372378
0.090973444283
0.0889431610703
0.0868681743741
0.0847596600652
0.082610167563
0.0804178342223
0.0781901180744
0.0759232789278
0.0736117362976
0.0712685286999
0.0688806176186
0.0664554536343
0.0639893114567
0.061487775296
0.058941539377
0.056358050555
0.05373730883
0.0510737262666
0.0483728908002
0.0456329397857
0.0428557358682
0.0400543175638
0.0373218208551
0.0346787273884
0.0321175903082
0.0296439956874
0.0272598098963
0.0249613057822
0.0227466206998
0.0206232052296
0.0185817480087
0.0166315585375
0.0147633245215
0.0129882236943
0.0112932166085
0.00968761742115
0.00816956162453
0.00673532439396
0.00539235724136
0.00413134694099
0.00296160555445
0.00187195825856
0.000875443161931
-3.53902578354e-05
-0.000862404645886
-0.00160187471192
-0.00225380063057
-0.00281818187796
-0.00329874432646
-0.0036898998078
-0.0039953738451
-0.00421330332756
-0.00434741377831
-0.00439211726189
-0.0043511390686
-0.00422261655331
-0.00400841236115
-0.00370666361414
-0.0033192334231
-0.00284425891005
-0.00228546559811
-0.00163353967946
-0.000899657548871
-8.19563792902e-05
0.000830739678349
0.00182352948468
0.00290386355482
0.00407360494137
0.00532716466114
0.00667013181373
0.00809691846371
0.00960938632488
0.0112149855122
0.0129006793723
0.0146776428446
0.0165365636349
0.018484890461
0.0205207597464
0.0226423125714
0.0248514097184
0.0271461885422
0.0295247863978
0.0319965183735
0.0345483422279
0.0371914356947
0.039920207113
0.0427328012884
0.0456385277212
0.0486243478954
0.0516977123916
0.054860483855
0.0581107996404
0.0614449344575
0.0648647546768
0.068373978138
0.0719707459211
0.075651332736
0.0794194564223
0.0832751318812
0.0872146263719
0.0912453904748
0.0953599736094
0.0995621010661
0.1038499102
0.108225263655
0.112688161433
0.117234878242
0.121871002018
0.126590952277
0.131402164698
0.13629719615
0.141277909279
0.146348029375
0.151500105858
0.156743451953
0.162074327469
0.167487174273
0.172989428043
0.178579226136
0.184254705906
0.190015867352
0.195862710476
0.201800823212
0.207822754979
0.213928505778
0.220127388835
0.226406365633
0.232778474689
0.239232540131
0.245774149895
0.252403318882
0.259118139744
0.265920519829
0.272810459137
0.279782325029
0.286851078272
0.293994307518
0.301232546568
0.308554619551
0.315906465054
0.323068320751
0.329982459545
0.336648881435
0.343065679073
0.349238485098
0.355157971382
0.360839039087
0.366263061762
0.371444940567
0.376377224922
0.381059914827
0.385500460863
0.389687687159
0.393636494875
0.39732453227
0.400774151087
0.403974175453
0.40692460537
0.409629166126
0.412087857723
0.41429322958
0.416256457567
0.417970091105
0.419434130192
0.42065602541
0.421628326178
0.422347307205
0.422824144363
0.423055112362
0.42302903533
0.422768265009
0.422254174948
0.421486765146
0.420480936766
0.419221788645
0.417716771364
0.415962159634
0.413965404034
0.411715328693
0.409219384193
0.406477570534
0.403489887714
0.400245159864
0.396758288145
0.393029272556
0.389043211937
0.384818732738
0.3803409338
0.375617265701
0.370644003153
0.365424871445
0.359959870577
0.354245275259
0.348281085491
0.342071026564
0.335618823767
0.328905850649
0.321958184242
0.314757198095
0.30730292201
0.299613922834
0.291671603918
0.283479690552
0.275038182735
0.26635825634
0.257421284914
0.248238429427
0.238813444972
0.229135140777
0.219210967422
0.209040924907
0.198617562652
0.187952056527
0.177040681243
0.165875986218
0.154469162226
0.142812728882
0.130902975798
0.118751071393
0.10634957999
0.0937059447169
0.0808089897037
0.0676661729813
0.0542774759233
0.0406354628503
0.0267550330609
0.0126138320193
-0.00175833690446
-0.0163912773132
-0.0312700867653
-0.0463910363615
-0.0617653094232
-0.0773817300797
-0.0932514593005
-0.109359614551
-0.125724822283
-0.142335891724
-0.159192815423
-0.176299348474
-0.193558618426
-0.210594370961
-0.227317199111
-0.243738278747
-0.259827822447
-0.275615602732
-0.291094183922
-0.306244939566
-0.321097642183
-0.335622549057
-0.349845707417
-0.363752216101
-0.377342075109
-0.390619009733
-0.403590470552
-0.416234105825
-0.428579717875
-0.440604954958
-0.452309817076
-0.46371665597
-0.474795669317
-0.48556920886
-0.496029824018
-0.506173789501
-0.516008555889
-0.525519251823
-0.534728169441
-0.543620407581
-0.552199780941
-0.560466170311
-0.568415939808
-0.576049089432
-0.583380460739
-0.590391457081
-0.597085773945
-0.603470921516
-0.609546899796
-0.615302443504
-0.620748817921
-0.625874817371
-0.630695343018
-0.635206639767
-0.639386415482
-0.643275618553
-0.646833300591
-0.650085449219
-0.653024733067
-0.655647337437
-0.657957017422
-0.65995746851
-0.661641299725
-0.663012206554
-0.664066493511
-0.664815247059
-0.66524553299
-0.665364742279
-0.665165424347
-0.664658784866
-0.663835525513
-0.662697434425
-0.66125202179
-0.659488081932
-0.657409369946
-0.655025184155
-0.652322530746
-0.649303138256
-0.645972728729
-0.642329394817
-0.638378739357
-0.634105861187
-0.629519999027
-0.624626874924
-0.619418919086
-0.613896131516
-0.60805863142
-0.601904451847
-0.595448493958
-0.588672220707
-0.581577420235
-0.574173390865
-0.566462934017
-0.558430314064
-0.550090312958
-0.54143178463
-0.532455742359
-0.523177862167
-0.513584315777
-0.503665745258
-0.493450075388
-0.482906550169
-0.472064584494
-0.460899412632
-0.44941714406
-0.437633574009
-0.425525456667
-0.413112789392
-0.400379270315
-0.387336581945
-0.373977690935
-0.36031332612
-0.346321135759
-0.3320350945
-0.317417055368
-0.30249401927
-0.287250608206
-0.271705657244
-0.255847930908
-0.239669799805
-0.223175033927
-0.206367447972
-0.18926243484
-0.171907991171
-0.154668226838
-0.137619033456
-0.120760634542
-0.104092873633
-0.0876161009073
-0.0713297724724
-0.0552343688905
-0.0393297113478
-0.0236155968159
-0.00809234473854
0.00724017759785
0.0223818998784
0.0373330116272
0.0520934462547
0.0666627287865
0.0810419395566
0.0952297374606
0.109227575362
0.123033583164
0.136649981141
0.150075063109
0.163308978081
0.176353365183
0.189206555486
0.201867878437
0.214340046048
0.226620808244
0.238710299134
0.250610977411
0.26231816411
0.273836523294
0.285163730383
0.296299338341
0.30724516511
0.318000555038
0.328564077616
0.338939458132
0.349120676517
0.359112381935
0.36891362071
0.378523945808
0.387943327427
0.397173196077
0.406213074923
0.415058791637
0.423715442419
0.432181149721
0.440457820892
0.44854170084
0.45643466711
0.46413949132
0.471650600433
0.478975445032
0.486102849245
0.493044942617
0.499791443348
0.506351649761
0.512721896172
0.518895685673
0.524886846542
0.53067779541
0.53628718853
0.541698157787
0.54692286253
0.551955759525
0.556800484657
0.561444044113
0.565910696983
0.570181727409
0.57425904274
0.578144550323
0.581845641136
0.585351109505
0.588670372963
0.591794013977
0.594731390476
0.597467601299
0.600028753281
0.602388739586
0.604560554028
0.606536865234
0.60833799839
0.609932422638
0.611336886883
0.612556934357
0.613590657711
0.61442142725
0.615065872669
0.615522265434
0.615794181824
0.615861237049
0.61574202776
0.615440309048
0.614933669567
0.61425191164
0.61337274313
0.612303614616
0.611033260822
0.609584152699
0.607945024967
0.60610473156
0.604081869125
0.601880252361
0.599462509155
0.596858561039
0.594083189964
0.591110408306
0.587929010391
0.584572553635
0.581026077271
0.577282130718
0.573348224163
0.569228053093
0.564921617508
0.560414016247
0.555709004402
0.550836324692
0.545751273632
0.540491163731
0.535033643246
0.529386103153
0.523541092873
0.51751357317
0.511296093464
0.50488114357
0.498287349939
0.491481244564
0.484507501125
0.477336317301
0.46996024251
0.462409079075
0.454656749964
0.44674050808
0.438585847616
0.430278450251
0.42178106308
0.413063883781
0.404186517
0.395096808672
0.385820835829
0.376369774342
0.366702646017
0.356871604919
0.346824496984
0.336609750986
0.326186388731
0.315573036671
0.304788351059
0.293791294098
0.282622873783
0.271297991276
0.260077416897
0.248990938067
0.238046035171
0.227250143886
0.216603264213
0.20608304441
0.195734187961
0.185504540801
0.175423905253
0.165484830737
0.155694782734
0.146046280861
0.13655424118
0.127181410789
0.117965035141
0.108890227973
0.0999569818377
0.0911801978946
0.0825226232409
0.074028968811
0.0656768679619
0.0574588738382
0.0493898950517
0.0414624772966
0.0336766242981
0.0260472279042
0.0185519456863
0.0111907711253
0.00398606061935
-0.0030770895537
-0.0100061288103
-0.0167712569237
-0.0234171729535
-0.0298991780728
-0.0362545251846
-0.0424608550966
-0.0485107265413
-0.0544339381158
-0.0602081380785
-0.0658333301544
-0.0713169574738
-0.0766739249229
-0.0818595215678
-0.0869259163737
-0.0918283984065
-0.0966042205691
-0.10123103112
-0.105708830059
-0.110052518547
-0.114239744842
-0.118292860687
-0.12219696492
-0.125974416733
-0.129587948322
-0.133067369461
-0.136397778988
-0.139586627483
-0.142633914948
-0.145547091961
-0.148288905621
-0.150918960571
-0.153385102749
-0.155717134476
-0.15790759027
-0.159941598773
-0.161841496825
-0.163599833846
-0.165216609836
-0.166676923633
-0.168003126979
-0.169184044003
-0.170223399997
-0.171121194959
-0.171866253018
-0.172473475337
-0.172935411334
-0.17325951159
-0.173438325524
-0.173468127847
-0.173360094428
-0.173103049397
-0.172704443336
-0.172164276242
-0.171482548118
-0.170651808381
-0.169683232903
-0.168565645814
-0.167313948274
-0.165902063251
-0.164359793067
-0.162675961852
-0.160835668445
-0.158864989877
-0.156745314598
-0.154480338097
-0.152073800564
-0.149525702
-0.146832317114
-0.143993645906
-0.141013413668
-0.137887895107
-0.134620815516
-0.131212174892
-0.127654522657
-0.123962752521
-0.120110802352
-0.116135917604
-0.112000845373
-0.1077279374
-0.103317193687
-0.0987574383616
-0.094056122005
-0.0892020687461
-0.0842176303267
-0.0790841802955
-0.0738091766834
-0.0683851540089
-0.062819570303
-0.057119872421
-0.0512674413621
-0.0452697239816
-0.039130449295
-0.0328533351421
-0.0264309328049
-0.0198557954282
-0.0131502738222
-0.00628828955814
0.0007078050985
0.00784918665886
0.0151358535513
0.0225603561848
0.0301338713616
0.037856400013
0.0457130335271
0.0537186823785
0.061862166971
0.0701583921909
0.0785812661052
0.0871717855334
0.0958852395415
0.104747705162
0.113759182394
0.122908495367
0.132210552692
0.141635537148
0.151231884956
0.160943701863
0.1707598418
0.180412068963
0.189851954579
0.199072048068
0.20807980001
0.216875210404
0.225443378091
0.233806654811
0.241950139403
0.249881282449
0.257596373558
0.265091657639
0.272370874882
0.279445201159
0.286288559437
0.292927026749
0.299345701933
0.30555203557
0.31153857708
0.31731647253
0.322870880365
0.328216671944
0.333338946104
0.338248878717
0.342942744493
0.347427994013
0.351697176695
0.355742841959
0.359572440386
0.363185971975
0.366598337889
0.369779735804
0.372745066881
0.375509232283
0.378042429686
0.380367010832
0.382490426302
0.384367972612
0.386044353247
0.387512117624
0.388763815165
0.389784544706
0.390611559153
0.3912076056
0.39158013463
0.391766399145
0.3917067945
0.391446024179
0.390969187021
0.390283733606
0.389367312193
0.388242274523
0.386901170015
0.385351449251
0.383570760489
0.38159635663
0.379383534193
0.37696954608
0.374332040548
0.37148591876
0.368423730135
0.365145474672
0.361636251211
0.357933312654
0.35400685668
0.349864333868
0.345505744219
0.340938538313
0.336140364408
0.331141024828
0.32591816783
0.320479243994
0.314839154482
0.308953225613
0.302888453007
0.296577811241
0.29007345438
0.28333812952
0.276401638985
0.26922672987
0.26186555624
0.254265964031
0.246457740664
0.238440915942
0.230208024383
0.221736714244
0.21307168901
0.204205498099
0.195078536868
0.185787662864
0.176236018538
0.166505560279
0.15652179718
0.146366655827
0.135965645313
0.125348567963
0.114530317485
0.103488557041
0.0922307297587
0.0807568356395
0.0690668821335
0.0571757517755
0.0450536571443
0.0327229499817
0.0201612692326
0.00739842606708
-0.00557303382084
-0.0187680125237
-0.0321865081787
-0.0458210669458
-0.0596418939531
-0.073716044426
-0.0879093930125
-0.101916484535
-0.115677706897
-0.129163265228
-0.142395496368
-0.155366957188
-0.168077632785
-0.180527552962
-0.192709252238
-0.204645082355
-0.216297790408
-0.227712079883
-0.238865599036
-0.249735996127
-0.260375440121
-0.27073174715
-0.28083473444
-0.290676951408
-0.300258398056
-0.309571623802
-0.318638950586
-0.327438086271
-0.335976451635
-0.344254046679
-0.35226342082
-0.360019475222
-0.367522209883
-0.374756723642
-0.381730467081
-0.388443440199
-0.394895642996
-0.401094526052
-0.407017737627
-0.412695080042
-0.418096750975
-0.423245102167
-0.428140133619
-0.432759493589
-0.43714043498
-0.441238254309
-0.445090204477
-0.448666483164
-0.45198944211
-0.455059081316
-0.45786049962
-0.460401147604
-0.462681025267
-0.464707583189
-0.46647337079
-0.46796348691
-0.469200283289
-0.470176309347
-0.470899015665
-0.471353501081
-0.471547216177
-0.471487611532
-0.471167236567
-0.470571190119
-0.469729274511
-0.468619138002
-0.467248231173
-0.465616554022
-0.463731557131
-0.461585789919
-0.459164351225
-0.456497043371
-0.453568965197
-0.450372666121
-0.446919322014
-0.443201482296
-0.439230322838
-0.434987217188
-0.430494517088
-0.425737321377
-0.420719355345
-0.415440618992
-0.409901112318
-0.404097110033
-0.398043513298
-0.391714245081
-0.385135382414
-0.378292024136
-0.371184170246
-0.363822996616
-0.356193602085
-0.348314613104
-0.340163677931
-0.331755697727
-0.323090672493
-0.314157426357
-0.304967164993
-0.295519828796
-0.285807996988
-0.27583912015
-0.2656057477
-0.25511905551
-0.244352951646
-0.233344718814
-0.222071990371
-0.210531041026
-0.198818728328
-0.187251701951
-0.175923094153
-0.164821729064
-0.153947621584
-0.143319368362
-0.132910907269
-0.122737132013
-0.112801782787
-0.103093676269
-0.0936165377498
-0.0843740925193
-0.0753588974476
-0.0665821135044
-0.0580325685441
-0.0497214458883
-0.04163011536
-0.0337846577168
-0.0261664371938
-0.0187791883945
-0.0116191795096
-0.00469759106636
0.00198930501938
0.00844895839691
0.0146776428446
0.0206716340035
0.0264346580952
0.0319629907608
0.0372603535652
0.0423341952264
0.0471658967435
0.0517629049718
0.0561326704919
0.0602789185941
0.0641755759716
0.0678524374962
0.0712983310223
0.0745058059692
0.0774823129177
0.0802278444171
0.0827386900783
0.0850222930312
0.0870749279857
0.088889144361
0.0904761180282
0.0918246731162
0.0929497107863
0.0938363298774
0.0944957062602
0.0949166640639
0.0951141044497
0.0950731262565
0.0947974547744
0.0942982658744
0.0935606583953
0.092595808208
0.0913925394416
0.089962027967
0.0882968232036
0.0864043757319
0.0842735096812
0.081911675632
0.0793188735843
0.0764988362789
0.0734403729439
0.0701509416103
0.0666305422783
0.0628791749477
0.0588931106031
0.0546760819852
0.0502280853689
0.045549120754
0.0406354628503
0.0354871153831
0.0301077943295
0.0245012324303
0.0186637043953
0.0125877549872
0.00627711368725
-0.000253319740295
-0.00702589703724
-0.0140294423327
-0.0212602298707
-0.0287257116288
-0.0364258885384
-0.0443570278585
-0.0525228641927
-0.0609084926546
-0.0695362687111
-0.0783987343311
-0.0874884352088
-0.0968091115355
-0.106364481151
-0.116154544055
-0.126171857119
-0.13642013073
-0.14690682292
-0.157617017627
-0.168569371104
-0.179745242
-0.191152080894
-0.202804788947
-0.214677289128
-0.226780757308
-0.239044412971
-0.251136720181
-0.26298686862
-0.2745911479
-0.28594955802
-0.29706209898
-0.307928770781
-0.318549543619
-0.328931927681
-0.339060992002
-0.348944187164
-0.358588963747
-0.36798414588
-0.377133458853
-0.386040627956
-0.39469820261
-0.403113633394
-0.411283195019
-0.419203162193
-0.426884710789
-0.434320390224
-0.44150274992
-0.448450416327
-0.455141037703
-0.46159696579
-0.467799574137
-0.473763763905
-0.479482084513
-0.484947085381
-0.49017739296
-0.495150655508
-0.499892950058
-0.504374504089
-0.50862133503
-0.512618541718
-0.516377389431
-0.519879162312
-0.523142516613
-0.526160001755
-0.528931617737
-0.531457364559
-0.533737242222
-0.535778701305
-0.537563085556
-0.53911280632
-0.540409207344
-0.541463494301
-0.542275607586
-0.542836248875
-0.543158471584
-0.543227374554
-0.543057918549
-0.542640686035
-0.541975677013
-0.541066706181
-0.539915621281
-0.538514912128
-0.536873936653
-0.534979581833
-0.532846868038
-0.530468285084
-0.527841925621
-0.524967908859
-0.521855413914
-0.518491446972
-0.514889121056
-0.51103156805
-0.506939351559
-0.502591907978
-0.498004227877
-0.49317252636
-0.488089382648
-0.482773393393
-0.477199405432
-0.471382379532
-0.465325057507
-0.459018141031
-0.452469080687
-0.445671349764
-0.438628703356
-0.431342959404
-0.423813223839
-0.416031092405
-0.408012390137
-0.399745970964
-0.391227185726
-0.382465302944
-0.373470574617
-0.364216029644
-0.354724913836
-0.344981431961
-0.334992051125
-0.324771732092
-0.314285486937
-0.303569704294
-0.292602449656
-0.281387448311
-0.269931733608
-0.25823199749
-0.246277064085
-0.234088853002
-0.221649169922
-0.208961308002
-0.196037337184
-0.182865172625
-0.169437363744
-0.15577301383
-0.141865104437
-0.12770806253
-0.113304235041
-0.0986633747816
-0.0837705954909
-0.0686228722334
-0.0532530210912
-0.0376205407083
-0.0217477772385
-0.00562285957858
0.0107346558943
0.0273438617587
0.0442045256495
0.0612984858453
0.0786399394274
0.0961478725076
0.113453246653
0.130470365286
0.147203445435
0.163649201393
0.179809048772
0.19568297267
0.211270987988
0.226572141051
0.241586923599
0.256316244602
0.270759195089
0.284915775061
0.298786908388
0.31237116456
0.325669050217
0.338681966066
0.351408004761
0.363846302032
0.376000970602
0.387868821621
0.399448901415
0.410744905472
0.421754062176
0.432477325201
0.442912787199
0.453064203262
0.462928771973
0.472505539656
0.481799215078
0.490802317858
0.49952507019
0.507956326008
0.516106367111
0.523966729641
0.53154116869
0.538829684258
0.545831382275
0.552549958229
0.558979809284
0.565122783184
0.57098454237
0.57655197382
0.581841886044
0.58683937788
0.591551840305
0.595979392529
0.60012191534
0.603975713253
0.607546389103
0.61082649231
0.613823533058
0.616535544395
0.618958830833
0.621097147465
0.622946739197
0.624513208866
0.625792860985
0.626787543297
0.627497196198
0.627912521362
0.628050386906
0.627901375294
0.627458035946
0.626742839813
0.625722110271
0.624433159828
0.622849881649
0.620976090431
0.618834018707
0.616382777691
0.613659620285
0.610649585724
0.607341527939
0.603765249252
0.599890947342
0.595733523369
0.59128922224
0.586561858654
0.581540167332
0.576246500015
0.570651113987
0.564776360989
0.558618426323
0.552173674107
0.545434653759
0.538423657417
0.531110882759
0.523518741131
0.515647232533
0.507481396198
0.499032407999
0.490289151669
0.481273949146
0.471968173981
0.462368100882
0.45248863101
0.442314863205
0.431869149208
0.421129137278
0.410165607929
0.399250507355
0.388439714909
0.377736955881
0.367131054401
0.356644362211
0.346261978149
0.335983902216
0.325810134411
0.315751850605
0.305790454149
0.2959407866
0.28619915247
0.276561826468
0.267032533884
0.257611274719
0.248294308782
0.239085391164
0.229984506965
0.220987930894
0.212099388242
0.203318879008
0.194646403193
0.186078235507
0.177614375949
0.1692622751
0.161018207669
0.152874737978
0.144839286804
0.136915594339
0.129099935293
0.121377401054
0.113777808845
0.106278799474
0.0988840982318
0.0916011556983
0.0844187960029
0.0773556530476
0.0703819096088
0.06353110075
0.0567771457136
0.0501312278211
0.0435933433473
0.0371634960175
0.0308416765183
0.0246241670102
0.0185184180737
0.0125095238909
0.00661238981411
0.000827014388051
-0.0048540532589
-0.0104345371947
-0.0158995389938
-0.021263955161
-0.0265203397721
-0.0316612422466
-0.0367052853107
-0.0416450165212
-0.0464655421674
-0.0511892102659
-0.0558048449457
-0.0603124462068
-0.0647082924843
-0.0690035521984
-0.0731870532036
-0.077273696661
-0.0812448486686
-0.0851042494178
-0.0888667926192
-0.0925175771117
-0.0960677787662
-0.0995024964213
-0.102832905948
-0.106059007347
-0.109173350036
-0.112190835178
-0.11508911103
-0.117886804044
-0.12058018893
-0.123165540397
-0.125635415316
-0.128008425236
-0.130273401737
-0.13243034482
-0.134475529194
-0.13642013073
-0.138252973557
-0.139985233545
-0.141605734825
-0.143118202686
-0.144526362419
-0.145826488733
-0.147022306919
-0.148113816977
-0.149089843035
-0.149969011545
-0.150728970766
-0.151392072439
-0.151947140694
-0.152390450239
-0.152729451656
-0.152964144945
-0.153090804815
-0.153101980686
-0.15302374959
-0.152826309204
-0.15252456069
-0.152111053467
-0.151600688696
-0.150978565216
-0.150240957737
-0.149413943291
-0.148467719555
-0.147417187691
-0.146266072989
-0.144995748997
-0.143624842167
-0.142153352499
-0.140566378832
-0.138875097036
-0.137079507113
-0.13517588377
-0.133160501719
-0.131044536829
-0.128816813231
-0.126481056213
-0.124055884778
-0.121496610343
-0.118847928941
-0.11608376354
-0.113248817623
-0.110421322286
-0.107638530433
-0.104896716774
-0.102188430727
-0.099536024034
-0.0969134196639
-0.0943355187774
-0.0917985960841
-0.0893026515841
-0.0868514105678
-0.0844336971641
-0.0820606872439
-0.0797361060977
-0.0774376094341
-0.0751949846745
-0.0729858875275
-0.0708214938641
-0.0686943531036
-0.0666119158268
-0.0645667314529
-0.062569975853
-0.0606030188501
-0.058691944927
-0.056806948036
-0.0549741052091
-0.0531785152853
-0.0514239035547
-0.0497102700174
-0.0480376146734
-0.0464059375226
-0.0448189638555
-0.0432692430913
-0.0417642258108
-0.0402927361429
-0.0388734042645
-0.0374875962734
-0.036146491766
-0.0348426401615
-0.0335872173309
-0.0323615968227
-0.0311918538064
-0.0300481896847
-0.0289566796273
-0.0278986971825
-0.026892868802
-0.0259168427438
-0.0249855201691
-0.0240951757878
-0.0232495348901
-0.0224411468953
-0.0216737370938
-0.0209510307759
-0.0202730279416
-0.0196211021394
-0.0190250575542
-0.0184662640095
-0.0179447233677
-0.0174678862095
-0.0170320272446
-0.0166408717632
-0.0162795186043
-0.0159703195095
-0.0156983733177
-0.0154711296782
-0.0152774145827
-0.015132128261
-0.0150203695521
-0.0149607649073
-0.0149346878752
-0.0149533143267
-0.0150091936812
-0.0151060512289
-0.0152476122603
-0.0154301514849
-0.0156536698341
-0.0159181654453
-0.0162199139595
-0.0165700912476
-0.0169537961483
-0.0173822045326
-0.0178553164005
-0.0183656811714
-0.0189170241356
-0.019509345293
-0.0201426427811
-0.0208206456155
-0.0215396266431
-0.0222958605736
-0.0230930726975
-0.0239387135953
-0.0248178821057
-0.0257380288094
-0.026706604287
-0.0277087073773
-0.0287555139512
-0.0298432987183
-0.0309757869691
-0.0321418046951
-0.0333525240421
-0.0345967710018
-0.0358261168003
-0.037033110857
-0.0382252037525
-0.03938376531
-0.0405274294317
-0.0416524671018
-0.0427477024496
-0.0438317619264
-0.0448785685003
-0.0459179244936
-0.0469312034547
-0.0479146800935
-0.0488907061517
-0.0498294793069
-0.050753351301
-0.0516585968435
-0.0525414906442
-0.0533983074129
-0.0542327724397
-0.0550523363054
-0.0558383725584
-0.0566132329404
-0.0573620162904
-0.0580884478986
-0.0587962530553
-0.0594817064703
-0.0601373575628
-0.0607781074941
-0.061400230974
-0.0619962774217
-0.0625662505627
-0.0631175935268
-0.0636540353298
-0.0641569495201
-0.0646449625492
-0.0651106238365
-0.065553933382
-0.0659748911858
-0.0663734972477
-0.0667497515678
-0.0671073794365
-0.0674389302731
-0.0677518546581
-0.0680424273014
-0.0683031976223
-0.0685565173626
-0.0687763094902
-0.0689812004566
-0.0691637396812
-0.0693202018738
-0.0694580376148
-0.0695660710335
-0.0696666538715
-0.0697299838066
-0.0697858631611
-0.0698119401932
-0.0698156654835
-0.0698007643223
-0.069759786129
-0.0696964561939
-0.0696182250977
-0.0695176422596
-0.0693872570992
-0.0692419707775
-0.0690706074238
-0.0688768923283
-0.0686645507812
-0.0684298574924
-0.0681728124619
-0.0678971409798
-0.0675916671753
-0.0672675669193
-0.0669248402119
-0.0665560364723
-0.0661686062813
-0.0657625496387
-0.0653266906738
-0.0648722052574
-0.0643953680992
-0.0638961791992
-0.063382089138
-0.0628344714642
-0.0622719489038
-0.0616908036172
-0.061076130718
-0.0604540072381
-0.0598020814359
-0.0591240786016
-0.0584348998964
-0.0577159188688
-0.0569745860994
-0.0562183521688
-0.0554323159158
-0.0546276532114
-0.0538080893457
-0.052951272577
-0.0520907305181
-0.0511929355562
-0.0502765141428
-0.0493489168584
-0.0483840666711
-0.0474080406129
-0.0464059375226
-0.0453852079809
-0.044338401407
-0.0432729683816
-0.0421777330339
-0.0410787723958
-0.0399388335645
-0.0387839972973
-0.0376105308533
-0.0364109873772
-0.0351890921593
-0.0339522957802
-0.0326819717884
-0.031404197216
-0.0300928931683
-0.0287629645318
-0.0274144094437
-0.0260360520333
-0.024646518752
-0.0232271831483
-0.0217854958028
-0.0203289072961
-0.0188425183296
-0.0173412263393
-0.0158175826073
-0.0142678609118
-0.0126920631155
-0.0111050894484
-0.00949203968048
-0.00785291194916
-0.00619515730068
-0.00452250242233
-0.00281631923281
-0.00109151005745
0.000651925744023
0.0024177134037
0.00420585274696
0.00602006865665
0.00785291194916
0.00970438122749
0.011574476026
0.0134333958849
0.015281139873
0.0171065330505
0.0189207494259
0.0207126121968
0.0224933009595
0.0242553632706
0.0260062497109
0.0277310591191
0.0294484179467
0.0311471503228
0.0328235328197
0.0344961881638
0.0361427664757
0.0377744436264
0.0393949411809
0.040993090719
0.0425800643861
0.0441484116018
0.0456944070756
0.0472366772592
0.048756595701
0.0502578876913
0.0517480038106
0.0532157681882
0.0546723566949
0.0561140440404
0.0575333796442
0.0589340887964
0.0603347979486
0.0617019794881
0.0630617141724
0.0644028186798
0.0657327473164
0.0670328736305
0.0683329999447
0.0696070492268
0.0708699226379
0.0721141695976
0.0733397901058
0.0745505094528
0.0757500529289
0.0769272446632
0.0780895352364
0.079240642488
0.0803656801581
0.081486992538
0.0825785025954
0.0836662873626
0.0847317203879
0.0857785269618
0.0868141576648
0.0878311619163
0.0888295397162
0.0898167416453
0.0907890424132
0.0917389914393
0.0926777645946
0.093594186008
0.0944994315505
0.0953860506415
0.0962577685714
0.09711458534
0.0979527756572
0.0987797901034
0.0995807275176
0.100374214351
0.101145349443
0.101905308664
0.102650366724
0.103369347751
0.104084603488
0.104773782194
0.105455510318
0.106114886701
0.106759361923
0.107388935983
0.107996158302
0.10859593004
0.109177075326
0.109739594162
0.110287211835
0.110816203058
0.111334018409
0.111833207309
0.112310044467
0.112783156335
0.113230191171
0.113662324846
0.11408700794
0.114485614002
0.114865593612
0.115241847932
0.11558829993
0.115931026638
0.116247676313
0.116556875408
0.11683999747
0.117111943662
0.117372713983
0.117607407272
0.11783092469
0.118039540946
0.118229530752
0.118408344686
0.118557356298
0.11870636791
0.11883302778
0.118941061199
0.119034193456
0.119116149843
0.119172029197
0.119216732681
0.119250260293
0.119257710874
0.119257710874
0.119235359132
0.11920183152
0.119149677455
0.119090072811
0.119023017585
0.118944786489
0.118862830102
0.118769697845
0.118669115007
0.118564806879
0.118445597589
0.118322663009
0.118188552558
0.118050716817
0.117905430496
0.117748968303
0.11758133024
0.117413692176
0.117234878242
0.117044888437
0.116851173341
0.116646282375
0.116437666118
0.116217873991
0.115986905992
0.115755937994
0.115513794124
0.115260474384
0.114999704063
0.114735208452
0.11445953697
0.114180140197
0.113882116973
0.11358781904
0.113278619945
0.11296942085
0.112645320594
0.112310044467
0.111974768341
0.111628316343
0.111274413764
0.110913060606
0.110544256866
0.110160551965
0.109773121774
0.109381966293
0.108983360231
0.108569853008
0.108156345785
0.10772048682
0.107295803726
0.10685249418
0.106398008764
0.105947248638
0.10547413677
0.105004750192
0.104520462453
0.104036174715
0.103533260524
0.103030346334
0.102516256273
0.101994715631
0.101465724409
0.100929282606
0.100381664932
0.0998303219676
0.0992678031325
0.0987015590072
0.0981204137206
0.097539268434
0.0969432219863
0.0963434502482
0.0957362279296
0.09511782974
0.0944919809699
0.0938624069095
0.0932179316878
0.0925697311759
0.0919178053737
0.0912509784102
0.0905767008662
0.0898949727416
0.089213244617
0.0885091647506
0.0878088101745
0.0870972797275
0.0863745734096
0.0856481418014
0.0849105343223
0.0841692015529
0.0834166929126
0.0826567336917
0.0818855985999
0.0811107382178
0.0803321525455
0.0795349404216
0.0787340030074
0.0779330730438
0.0771135091782
0.0762864947319
0.0754557549953
0.0746212899685
0.0737719237804
0.0729188323021
0.0720508396626
0.071182847023
0.0703036785126
0.0694170594215
0.0685155391693
0.0676140189171
0.0667124986649
0.0657811760902
0.0648647546768
0.063918530941
0.0629872083664
0.0620260797441
0.0610798560083
0.0601038299501
0.0591278038919
0.0581517778337
0.0571534000337
0.0561624728143
0.0551566444337
0.054135914892
0.0531151853502
0.0520870052278
0.0510439239442
0.0500008426607
0.0489503107965
0.0478848777711
0.0468119941652
0.0457391105592
0.0446513257921
0.0435560904443
0.042453404516
0.0413507185876
0.0402256809175
0.0391080975533
0.0379607081413
0.0368282198906
0.0356733798981
0.0345259904861
0.0333562493324
0.0321790575981
0.0309944134206
0.0298097711056
0.0286102276295
0.0274032335728
0.0262036900967
0.0249668937176
0.0237449984998
0.0225082021207
0.021263955161
0.0200048070401
0.0187531113625
0.0174716114998
0.0161975622177
0.0149160614237
0.0136271109805
0.012323259376
0.0110194077715
0.0096932053566
0.00838190317154
0.00704079819843
0.00569969369099
0.00434368848801
0.00300258374773
0.00163167703431
0.000283122062683
-0.00107288360596
-0.00239908695221
-0.00373274064623
-0.00505149317905
-0.00636279536411
-0.00765919638798
-0.0089555978775
-0.0102370968089
-0.0115036955103
-0.012785195373
-0.0140294423327
-0.0152736892924
-0.0165179371834
-0.0177398324013
-0.0189617276192
-0.0201761703938
-0.0213682632893
-0.0225678067654
-0.0237524490803
-0.0249221902341
-0.0260844808072
-0.0272467713803
-0.0283867102116
-0.0295340996236
-0.0306516867131
-0.0317767262459
-0.0328943133354
-0.0339895486832
-0.0350773334503
-0.0361651182175
-0.0372380018234
-0.0383108854294
-0.0393539629877
-0.0404119454324
-0.0414475761354
-0.0424757562578
-0.043489035219
-0.0445097647607
-0.0455155931413
-0.0464990697801
-0.0474825464189
-0.0484585724771
-0.0494271479547
-0.0503808222711
-0.0513270460069
-0.0522658191621
-0.0531971417367
-0.0541210137308
-0.055022533983
-0.0559315048158
-0.0568255744874
-0.0577047429979
-0.0585839115083
-0.0594556294382
-0.0602975450456
-0.0611618123949
-0.0619888268411
-0.0628232955933
-0.0636428594589
-0.064454972744
-0.0652596354485
-0.0660419464111
-0.066839158535
-0.0676065683365
-0.0683814287186
-0.0691339373589
-0.0698789954185
-0.0706240534782
-0.0713504850864
-0.0720731914043
-0.0727847218513
-0.0734850764275
-0.0741817057133
-0.0748634338379
-0.0755414366722
-0.0762082636356
-0.0768639147282
-0.0775158405304
-0.0781528651714
-0.0787824317813
-0.0794045552611
-0.0800192281604
-0.0806227251887
-0.0812150463462
-0.0817961916327
-0.0823773369193
-0.0829398557544
-0.0835023745894
-0.0840499922633
-0.0845901593566
-0.085119150579
-0.0856406912208
-0.0861547812819
-0.0866576954722
-0.0871531590819
-0.0876374468207
-0.0881105586886
-0.0885836705565
-0.089038155973
-0.0894926413894
-0.0899285003543
-0.0903569087386
-0.0907815918326
-0.0911950990558
-0.091597430408
-0.0919923111796
-0.0923797413707
-0.0927559956908
-0.0931247994304
-0.093482427299
-0.0938288792968
-0.0941753312945
-0.0944994315505
-0.0948272570968
-0.0951364561915
-0.0954456552863
-0.0957362279296
-0.0960230752826
-0.096302472055
-0.0965706929564
-0.096827737987
-0.097077332437
-0.0973157510161
-0.0975541695952
-0.0977702364326
-0.0979863032699
-0.0981911942363
-0.0983849093318
-0.098574899137
-0.098749987781
-0.0989176258445
-0.0990778133273
-0.0992305502295
-0.0993646606803
-0.0995024964213
-0.0996217057109
-0.0997409150004
-0.0998414978385
-0.0999383553863
-0.100024037063
-0.10010599345
-0.100169323385
-0.10023265332
-0.100281082094
-0.100322060287
-0.100351862609
-0.100381664932
-0.100392840803
-0.100396566093
-0.100396566093
-0.100377939641
-0.10035931319
-0.100329510868
-0.100292257965
-0.10023265332
-0.100184224546
-0.10011344403
-0.100035212934
-0.0999532565475
-0.0998526737094
-0.0997558161616
-0.0996403321624
-0.0995211228728
-0.0993870124221
-0.0992454513907
-0.0991038903594
-0.098936252296
-0.0987797901034
-0.0985972508788
-0.0984147116542
-0.0982209965587
-0.0980310067534
-0.0978223904967
-0.0976174995303
-0.097401432693
-0.0971853658557
-0.0969581231475
-0.0967234298587
-0.0964887365699
-0.0962503179908
-0.0960007235408
-0.0957436785102
-0.0954866334796
-0.0952184125781
-0.0949539169669
-0.0946707949042
-0.0943876728415
-0.0941045507789
-0.093806527555
-0.0935085043311
-0.0931993052363
-0.0928901061416
-0.0925771817565
-0.0922493562102
-0.0919252559543
-0.0915862545371
-0.0912472531199
-0.0909045264125
-0.0905468985438
-0.0901967212558
-0.0898279175162
-0.089462839067
-0.0890865847468
-0.0887103304267
-0.0883191749454
-0.0879317447543
-0.0875331386924
-0.0871270820498
-0.0867247506976
-0.0863037928939
-0.0858865603805
-0.0854618772864
-0.0850260183215
-0.0845901593566
-0.0841468498111
-0.0836998149753
-0.0832453295588
-0.0827833935618
-0.0823140069842
-0.0818446204066
-0.0813677832484
-0.0808834955096
-0.0803954824805
-0.0799037441611
-0.0793971046805
-0.0788941904902
-0.0783801078796
-0.0778660178185
-0.0773370265961
-0.0768080353737
-0.076275318861
-0.0757351517677
-0.0751875340939
-0.0746361911297
-0.0740773975849
-0.0735148787498
-0.0729449093342
-0.0723674893379
-0.0717900693417
-0.0712014734745
-0.070609152317
-0.0700131058693
-0.0694058835506
-0.068798661232
-0.0681839883327
-0.0675618648529
-0.0669322907925
-0.066302716732
-0.0656619668007
-0.0650249421597
-0.0643692910671
-0.0637099146843
-0.0630542635918
-0.0623911581933
-0.0617094300687
-0.0610351525247
-0.0603534244001
-0.0596605204046
-0.0589638911188
-0.0582598112524
-0.0575631819665
-0.0568404756486
-0.0561252199113
-0.0554025135934
-0.0546723566949
-0.0539347492158
-0.0531934164464
-0.0524483583868
-0.0516883991659
-0.0509358905256
-0.0501684807241
-0.0494010709226
-0.0486262105405
-0.0478401742876
-0.0470541380346
-0.046260651201
-0.0454634390771
-0.0446587763727
-0.0438503883779
-0.0430270992219
-0.0422112606466
-0.04138052091
-0.0405460558832
-0.0397115908563
-0.0388659536839
-0.0380165874958
-0.0371560454369
-0.0362955033779
-0.0354275107384
-0.0345520675182
-0.0336766242981
-0.0327937304974
-0.0318959355354
-0.0310055892915
-0.0301077943295
-0.0292099993676
-0.0283271055669
-0.0274591129273
-0.0265911202878
-0.0257417540997
-0.0248923879117
-0.0240690987557
-0.0232383590192
-0.0224262457341
-0.0216215830296
-0.0208280961961
-0.0200420599431
-0.0192746520042
-0.0185035169125
-0.0177510082722
-0.0170022249222
-0.0162683427334
-0.0155456354842
-0.0148303797469
-0.0141225745901
-0.0134259453043
-0.0127442171797
-0.0120624890551
-0.011399387382
-0.0107437362894
-0.0100918104872
-0.00946223735809
-0.00882893800735
-0.00821426510811
-0.0076070423238
-0.00701099587604
-0.00641867471859
-0.00584498001263
-0.00527501059696
-0.00471621751785
-0.00416859984398
-0.00362843251787
-0.00310316658579
-0.002581625944
-0.00207126140594
-0.00157207238954
-0.00108405947685
-0.000603497028351
-0.000134110450745
0.000327825517161
0.000778585614171
0.0012144446373
0.0016503034858
0.00206753611565
0.00247731781565
0.00287964916788
0.00327452993952
0.00365078425966
0.00402703881264
0.00438839197159
0.00473856925964
0.00508129550144
0.005412846338
0.00573694659397
0.00604987097904
0.00635161949322
0.00664591742679
0.00692531419918
0.00720471097156
0.00746548129246
0.00771507574245
0.00796467065811
0.00819936394691
0.00841915607452
0.00863522291183
0.00884383916855
0.00903755426407
0.00922009348869
0.00939518213272
0.00955909490585
0.00971555709839
0.009864567779
0.00999867822975
0.0101253380999
0.0102408220991
0.0103451302275
0.0104457130656
0.0105313947424
0.0106059005484
0.0106766810641
0.0107325604185
0.0107772639021
0.0108219673857
0.0108443191275
0.0108592202887
0.0108703961596
0.0108741214499
0.0108554949984
0.0108368685469
0.0108070662245
0.0107660880312
0.0107139339671
0.010650604032
0.0105872740969
0.01050159242
0.0104159107432
0.0103116026148
0.0102035691962
0.0100843599066
0.00995397474617
0.00981986429542
0.00966340303421
0.00950694084167
0.00933930277824
0.00916421413422
0.0089704990387
0.00877305865288
0.00856816768646
0.00834837555885
0.00812113285065
0.00788271427155
0.00763684464619
0.00738352490589
0.0071115787141
0.00683963252231
0.00658631278202
0.00635161949322
0.00613555265591
0.00594556285068
0.00577047420666
0.00562518788502
0.00548735214397
0.00538304401562
0.00529736233875
0.00522658182308
0.0051856036298
0.00515580130741
0.00515580130741
0.0051707024686
0.00520795537159
0.00526756001636
0.00534951640293
0.00545009924099
0.00556930853054
0.00571459485218
0.00587850762531
0.00606477214023
0.00626966310665
0.00649690581486
0.00674277497455
0.00701472116634
0.00730529380962
0.00761449290439
0.00794604420662
0.00829622149467
0.00867620110512
0.00906735658646
0.00948458909988
0.00991672184318
0.0103786578402
0.0108592202887
0.0113546838984
0.0118799498305
0.0124201169237
0.0129826357588
0.0135637810454
0.014171003364
0.0147931268439
0.0154450526461
0.0161118805408
0.0167973339558
0.0175125896931
0.018235296011
0.0189952552319
0.0197589378804
0.0205561500043
0.0213757138699
0.0222101788968
0.0230632703751
0.0239387135953
0.0248402338475
0.0257603805512
0.0266991537064
0.0276640038937
0.0286437552422
0.0296495836228
0.0306665878743
0.0317208468914
0.0327825546265
0.0338703393936
0.0349767506123
0.0361129641533
0.0372566282749
0.0384338200092
0.0396221838892
0.0408366285264
0.0420696996152
0.0433251224458
0.0446028970182
0.0458992980421
0.0472180508077
0.0485554300249
0.0499151609838
0.0512972436845
0.0527016781271
0.0541247390211
0.0555664263666
0.0570341907442
0.0585168562829
0.0600255988538
0.0615566931665
0.0631026923656
0.0646747648716
0.0662580132484
0.0678785145283
0.069510191679
0.0711604952812
0.0728406012058
0.0745356082916
0.0762492418289
0.0779889523983
0.0797510072589
0.0815279707313
0.0833272859454
0.0851526781917
0.0869892463088
0.0888593420386
0.0907406136394
0.0926516875625
0.0945739373565
0.0965222641826
0.0984929427505
0.10047852248
0.102493904531
0.104520462453
0.106580547988
0.108651809394
0.110741697252
0.112857662141
0.114999704063
0.117156647146
0.11933221668
0.121533863246
0.123754136264
0.125996768475
0.128258019686
0.130541622639
0.132847577333
0.135168433189
0.137519091368
0.139884650707
0.142272561789
0.144686549902
0.147115439177
0.149562954903
0.152040272951
0.154532492161
0.157047048211
0.159580245614
0.162135794759
0.164721146226
0.167310222983
0.169932827353
0.172574058175
0.175237640738
0.177912399173
0.18062068522
0.183347597718
0.186089411378
0.18885730207
0.191640093923
0.194452688098
0.197280183434
0.200130030513
0.202998504043
0.205896779895
0.208806231618
0.211745485663
0.214692190289
0.217676147819
0.220656380057
0.223588183522
0.226464107633
0.229265525937
0.232011064887
0.234693273902
0.237308427691
0.239863976836
0.242359921336
0.24478136003
0.24715064466
0.249452874064
0.251688063145
0.253863632679
0.255979597569
0.258024781942
0.260010361671
0.261932611465
0.263787806034
0.265590846539
0.267319381237
0.268992036581
0.270593911409
0.272139906883
0.273618847132
0.275034457445
0.276386737823
0.277679413557
0.278908759356
0.280063599348
0.281170010567
0.28220564127
0.283181667328
0.284090638161
0.284932553768
0.285722315311
0.286445021629
0.287100672722
0.28769671917
0.288225710392
0.28869509697
0.289104878902
0.289432704449
0.289730727673
0.289931893349
0.290080904961
0.290177762508
0.29020011425
0.290162861347
0.290066003799
0.289894640446
0.289671123028
0.289388000965
0.289022922516
0.288605690002
0.288128852844
0.287584960461
0.286974012852
0.286310911179
0.285573303699
0.284783542156
0.283911824226
0.283002853394
0.282011926174
0.28096139431
0.279851257801
0.278674066067
0.277429819107
0.276133418083
0.274762511253
0.273339450359
0.271841883659
0.270292162895
0.268675386906
0.266991555691
0.26524066925
0.263437628746
0.261567533016
0.25962293148
0.257648527622
0.255569815636
0.253446400166
0.25125592947
0.24902074039
0.246688708663
0.244319424033
0.241883084178
0.239379689097
0.236801788211
0.234186634421
0.231482073665
0.228732809424
0.225909039378
0.223033115268
0.220075234771
0.21707265079
0.213995561004
0.210866317153
0.207670018077
0.204399213195
0.201076254249
0.197686240077
0.194236621261
0.190719947219
0.187151119113
0.18350033462
0.179797396064
0.176019951701
0.172197803855
0.168301150203
0.164344891906
0.160329028964
0.156238675117
0.152096152306
0.147879123688
0.143617391586
0.139266252518
0.134870409966
0.130400061607
0.125885009766
0.121295444667
0.116638831794
0.111922614276
0.107139341533
0.102296464145
0.0973939821124
0.0924244448543
0.0873878523707
0.082299105823
0.0771284103394
0.0719130039215
0.0666305422783
0.0612810216844
0.055871900171
0.0503882728517
0.0448524914682
0.0392571054399
0.0335872173309
0.0278577189893
0.0220686178654
0.0162124633789
0.0103041520342
0.00430643558502
-0.00172108400147
-0.00783801078796
-0.0140070905909
-0.0202357750386
-0.0265389662236
-0.0328943133354
-0.0393241606653
-0.0458061657846
-0.0523552261293
-0.0589713416994
-0.0656470656395
-0.0723898410797
-0.0791922137141
-0.0860467478633
-0.0929906889796
-0.0999718829989
-0.107035033405
-0.114150337875
-0.121340148151
-0.128574669361
-0.135891139507
-0.143267214298
-0.150687992573
-0.158190712333
-0.165760502219
-0.17338244617
-0.181063994765
-0.188820049167
-0.196628257632
-0.204518422484
-0.21244584024
-0.220455214381
-0.228524193168
-0.23666022718
-0.244840964675
-0.253103673458
-0.261425971985
-0.269807875156
-0.278256833553
-0.286720693111
-0.295110046864
-0.303328037262
-0.31141936779
-0.319361656904
-0.32716986537
-0.334851413965
-0.342361599207
-0.349752575159
-0.35700199008
-0.364102393389
-0.371068686247
-0.377885967493
-0.384576588869
-0.391125649214
-0.397518247366
-0.403784185648
-0.409908562899
-0.415883928537
-0.421732634306
-0.427424877882
-0.432990461588
-0.438399583101
-0.443689495325
-0.448830395937
-0.453822284937
-0.458672612906
-0.463396281004
-0.46797093749
-0.472411483526
-0.47670301795
-0.480860441923
-0.484876304865
-0.488743156195
-0.492483347654
-0.496067076921
-0.499524146318
-0.502839684486
-0.506013631821
-0.509038567543
-0.511936843395
-0.514678657055
-0.517293810844
-0.519756197929
-0.522091984749
-0.524275004864
-0.526323914528
-0.528231263161
-0.529997050762
-0.53162497282
-0.533107638359
-0.534456193447
-0.535663187504
-0.536724925041
-0.537645041943
-0.538434803486
-0.539071857929
-0.53957849741
-0.539939820766
-0.540163338184
-0.540234148502
-0.540185689926
-0.539977073669
-0.539641797543
-0.539157509804
-0.538542866707
-0.537771701813
-0.536873936653
-0.53583085537
-0.534646213055
-0.533323705196
-0.531855940819
-0.53025406599
-0.528506934643
-0.52662563324
-0.524595379829
-0.522427260876
-0.520121276379
-0.517673790455
-0.515088438988
-0.512354075909
-0.509489297867
-0.506479263306
-0.503327667713
-0.500034511089
-0.496603518724
-0.493034690619
-0.489324301481
-0.485468626022
-0.481471389532
-0.477343767881
-0.473070859909
-0.468648940325
-0.46410036087
-0.459402769804
-0.454567342997
-0.449590355158
-0.444468080997
-0.439222872257
-0.433813750744
-0.42827796936
-0.422604352236
-0.416774272919
-0.410824984312
-0.404719233513
-0.398477524519
-0.392103552818
-0.385574966669
-0.378914147615
-0.37210804224
-0.36516597867
-0.358086049557
-0.350860863924
-0.343494087458
-0.335989505053
-0.328343331814
-0.32056120038
-0.312624484301
-0.304566681385
-0.296356141567
-0.288002192974
-0.279553234577
-0.271137803793
-0.262795001268
-0.254521131516
-0.246321767569
-0.238193184137
-0.230137243867
-0.222153946757
-0.214241430163
-0.206403419375
-0.198634326458
-0.190941601992
-0.183317795396
-0.175766631961
-0.168288111687
-0.160880371928
-0.153547152877
-0.14628469944
-0.139094889164
-0.131977722049
-0.124931327999
-0.117955721915
-0.111056484282
-0.104224301875
-0.0974684879184
-0.0907853171229
-0.0841692015529
-0.0776294618845
-0.0711604952812
-0.0647641718388
-0.0584386251867
-0.0521875880659
-0.0460073314607
-0.0398997180164
-0.033862888813
-0.0278986971825
-0.0220090132207
-0.0161863863468
-0.0104401251301
-0.00476650893688
0.000836327613797
0.00637210858986
0.011824070476
0.0172164291143
0.0225268285722
0.0277720373124
0.0329408794641
0.0380408018827
0.0430643521249
0.0480189882219
0.0529028438032
0.0577084682882
0.062448900193
0.0671129673719
0.0717081129551
0.0762268900871
0.0806767418981
0.0850520953536
0.0893566682935
0.0935923233628
0.0977516099811
0.101838253438
0.105852253735
0.109799198806
0.113669775426
0.117469571531
0.121200449765
0.124853096902
0.12843683362
0.131946057081
0.135384500027
0.138754025102
0.142049044371
0.145271420479
0.148419290781
0.151500105858
0.154502689838
0.157440066338
0.160301089287
0.163089469075
0.165808930993
0.168453887105
0.171028062701
0.173524007201
0.175960347056
0.17831286788
0.180598333478
0.18280929327
0.184951335192
0.187024459243
0.189011901617
0.190939739347
0.19279307127
0.194571897388
0.196279942989
0.197913482785
0.199479967356
0.200970083475
0.202385693789
0.203736111522
0.205006435513
0.20621715486
0.207340329885
0.208403900266
0.209387376904
0.210300073028
0.211147576571
0.211909398437
0.212615340948
0.213235601783
0.213788807392
0.214271232486
0.214681014419
0.215020015836
0.215280786157
0.215474501252
0.215597435832
0.215642139316
0.215623512864
0.215519204736
0.215362742543
0.215113148093
0.214803948998
0.214423969388
0.213958308101
0.213436767459
0.212836995721
0.212155267596
0.211425110698
0.210672602057
0.209905192256
0.209134057164
0.208351746202
0.207558259368
0.206753596663
0.205945208669
0.205121919513
0.204291179776
0.203452989459
0.202599897981
0.201743081212
0.200871363282
0.199992194772
0.199109300971
0.198207780719
0.197298809886
0.196382388473
0.195462241769
0.194519743323
0.193580970168
0.192619845271
0.191662445664
0.190678969026
0.189702942967
0.188708290458
0.187706187367
0.186696633697
0.185668453574
0.184640273452
0.183600917459
0.182550385594
0.18149240315
0.180423244834
0.179339185357
0.178258851171
0.177152439952
0.176053479314
0.174928441644
0.173810854554
0.172667190433
0.171523526311
0.170372411609
0.169206395745
0.168032929301
0.166848286986
0.165656194091
0.164452925324
0.163242205977
0.162016585469
0.160790964961
0.159542992711
0.158295020461
0.15703587234
0.15576928854
0.154487788677
0.153198838234
0.1519061625
0.150591135025
0.14927983284
0.147953629494
0.146616250277
0.145267695189
0.14391541481
0.142548233271
0.141177326441
0.13979151845
0.138398259878
0.136997550726
0.135581940413
0.134162604809
0.132728368044
0.131290405989
0.129841268063
0.128380954266
0.126909464598
0.12543424964
0.123936675489
0.12244655937
0.120937816799
0.119417898357
0.117894254625
0.116355709732
0.114809714258
0.113259993494
0.111687920988
0.110115848482
0.108532600105
0.106941901147
0.105332575738
0.10372697562
0.102099023759
0.100474797189
0.098824493587
0.0971853658557
0.095516435802
0.0938475057483
0.092171125114
0.0904798433185
0.0887848362327
0.0870749279857
0.0853575691581
0.0836290344596
0.0818967744708
0.0801458880305
0.0783950090408
0.0766292214394
0.074852257967
0.0730715692043
0.0712759792805
0.069472938776
0.067662447691
0.0658370554447
0.0640042126179
0.0621713660657
0.0603087209165
0.0584572516382
0.0565871559083
0.0547021590173
0.0528171621263
0.0509209893644
0.049006190151
0.0470913909376
0.0451691411436
0.0432282648981
0.0412836633623
0.0393278859556
0.0373646616936
0.0353865325451
0.033400952816
0.0314116477966
0.0294037144631
0.0273957829922
0.0253729503602
0.0233426671475
0.0212974827737
0.0192448496819
0.0171884894371
0.0151172270998
0.0130385151133
0.0109486272559
0.00884756445885
0.00674277497455
0.00462308526039
0.00249966955744
0.000361353129847
-0.00178441393655
-0.00394508242607
-0.00610202504322
-0.00828504562378
-0.0104643395171
-0.0126622607931
-0.0148601820692
-0.0170767307281
-0.019297003746
-0.0215359013528
-0.0237673502415
-0.0260211508721
-0.0282861273736
-0.0305548291653
-0.0328309834003
-0.0351220369339
-0.0374242663383
-0.0397302173078
-0.0420473478734
-0.0443719290197
-0.0467151366174
-0.0490546189249
-0.0514164529741
-0.0537782870233
-0.0561512969434
-0.058542933315
-0.0609271191061
-0.0633373856544
-0.0657513737679
-0.0681690871716
-0.0706017017365
-0.0730529427528
-0.0754930078983
-0.0779554247856
-0.0804290100932
-0.082910053432
-0.0853948220611
-0.0878982171416
-0.0904053375125
-0.0929236337543
-0.0954456552863
-0.0979900285602
-0.100530676544
-0.103089950979
-0.105656675994
-0.1082271263
-0.110812477767
-0.113412730396
-0.116012983024
-0.118624411523
-0.121250741184
-0.123873345554
-0.126469880342
-0.129032880068
-0.1315549016
-0.134043395519
-0.136502087116
-0.138912349939
-0.141300261021
-0.143639743328
-0.145956873894
-0.148225575686
-0.150468200445
-0.152669847012
-0.154841691256
-0.156965091825
-0.159066155553
-0.161122515798
-0.16314534843
-0.165138378739
-0.167086705565
-0.169005230069
-0.17088650167
-0.172726795077
-0.174541011453
-0.176314249635
-0.178053960204
-0.17975269258
-0.181417897344
-0.183049574494
-0.184640273452
-0.186204895377
-0.187724813819
-0.189211204648
-0.190667793155
-0.192083403468
-0.193458035588
-0.194799140096
-0.196114167571
-0.197384491563
-0.198621287942
-0.199824556708
-0.200983121991
-0.202119335532
-0.203207120299
-0.204268828034
-0.205289557576
-0.206276759505
-0.207226708531
-0.208139404655
-0.209018573165
-0.209864214063
-0.210668876767
-0.211443737149
-0.212177619338
-0.212874248624
-0.213544800878
-0.214166924357
-0.214762970805
-0.21531803906
-0.215839579701
-0.21632386744
-0.216778352857
-0.217184409499
-0.2175681144
-0.217907115817
-0.218216314912
-0.218484535813
-0.218719229102
-0.218916669488
-0.219084307551
-0.219210967422
-0.219296649098
-0.219352528453
-0.219378605485
-0.219363704324
-0.219304099679
-0.219225868583
-0.219095483422
-0.21893902123
-0.218745306134
-0.218510612845
-0.218253567815
-0.21794436872
-0.217605367303
-0.217232838273
-0.216826781631
-0.216376021504
-0.215899184346
-0.215381368995
-0.214830026031
-0.214241430163
-0.213617444038
-0.212954342365
-0.21226143837
-0.211531281471
-0.210758283734
-0.20996107161
-0.209119156003
-0.208243712783
-0.207336604595
-0.206388518214
-0.205408766866
-0.204388037324
-0.203333780169
-0.202245995402
-0.201120957732
-0.199960529804
-0.198762848973
-0.197529777884
-0.196263179183
-0.194957464933
-0.193618223071
-0.192243590951
-0.190831705928
-0.189384430647
-0.187899902463
-0.186381846666
-0.184828400612
-0.183237701654
-0.181611612439
-0.179948270321
-0.17825140059
-0.176519140601
-0.174747765064
-0.17294472456
-0.171100705862
-0.169228747487
-0.167312085629
-0.165365621448
-0.163381904364
-0.161362797022
-0.159302711487
-0.157218411565
-0.15508569777
-0.152925029397
-0.150727108121
-0.148490071297
-0.146221369505
-0.14391541481
-0.141574069858
-0.139195472002
-0.136781483889
-0.134333968163
-0.131858512759
-0.129383057356
-0.126924365759
-0.124476842582
-0.122044228017
-0.119620926678
-0.1172125265
-0.114815302193
-0.112434841692
-0.110061831772
-0.107705585659
-0.105360515416
-0.103026621044
-0.100707627833
-0.098399810493
-0.0961050316691
-0.0938251540065
-0.0915545895696
-0.0892970636487
-0.0870563015342
-0.0848229900002
-0.0826064422727
-0.080401070416
-0.0782068818808
-0.0760275870562
-0.0738594681025
-0.0717062503099
-0.0695642083883
-0.0674333423376
-0.0653173774481
-0.0632144510746
-0.0611226968467
-0.0590439848602
-0.0569783113897
-0.0549256764352
-0.0528842173517
-0.0508576594293
-0.0488422773778
-0.0468399338424
-0.044850628823
-0.0428743623197
-0.0409092716873
-0.0389590859413
-0.037020072341
-0.0350922346115
-0.0331811606884
-0.0312775373459
-0.0293925385922
-0.0275187175721
-0.0256523471326
-0.0238046031445
-0.0219661723822
-0.0201445054263
-0.0183302909136
-0.0165309756994
-0.0147465607151
-0.0129733225331
-0.0112112602219
-0.00946223735809
-0.00772997690365
-0.00600330485031
-0.00429525971413
-0.00259838975035
-0.000912696064916
0.000758096517529
0.0024177134037
0.00406429171562
0.00569783104584
0.00732019497082
0.00892765820026
0.0105220815167
0.0121071925387
0.0136774023995
0.0152327110991
0.0167805701494
0.0183116644621
0.0198315810412
0.0213365983218
0.0228304397315
0.0243131052703
0.025782732293
0.0272355955094
0.0286828707904
0.0301096569747
0.0315308570862
0.0329334288836
0.0343266874552
0.0357050448656
0.0370740890503
0.0384300947189
0.0397674702108
0.0410992614925
0.0424142889678
0.0437181405723
0.0450070910156
0.0462885908782
0.0475514642894
0.0488050244749
0.0500455461442
0.0512711666524
0.0524874739349
0.0536888800561
0.0548791103065
0.0560525767505
0.0572185926139
0.058367844671
0.0595077835023
0.0606328211725
0.0617448203266
0.0628475099802
0.0639334321022
0.0650081783533
0.0660736113787
0.0671166926622
0.0681579113007
0.0691805034876
0.0701919198036
0.0711884349585
0.0721774995327
0.0731516629457
0.0741090625525
0.0750590115786
0.0759921967983
0.0769142061472
0.0778250396252
0.0787228271365
0.0796057209373
0.0804793015122
0.0813342556357
0.0821836218238
0.0830162242055
0.0838376507163
0.0846441760659
0.0854395255446
0.0862236991525
0.0869929715991
0.0877510681748
0.0884924009442
0.089226283133
0.0899471268058
0.0906512066722
0.0913441106677
0.0920165255666
0.0926684513688
0.0932998880744
0.0939089730382
0.0944994315505
0.0950656756759
0.0956132933497
0.096140421927
0.0966433361173
0.0971294865012
0.0975914224982
0.0980347320437
0.0984556898475
0.0988561585546
0.099236138165
0.0995937660336
0.0999309048057
0.100251279771
0.10054371506
0.100819386542
0.101070843637
0.101305536926
0.101519741118
0.101707868278
0.101877368987
0.102028243244
0.102156765759
0.102261073887
0.102350480855
0.10241381079
0.102458514273
0.10248272866
0.102484591305
0.102465964854
0.102426849306
0.102365382016
0.102285288274
0.102182842791
0.102058045566
0.101916484535
0.101750709116
0.101562581956
0.101355828345
0.101130448282
0.100878991187
0.100610770285
0.100320197642
0.100007273257
0.0996738597751
0.0993218198419
0.0989455655217
0.0985506847501
0.0981353148818
0.0976975932717
0.0972375199199
0.0967588201165
0.0962596312165
0.0957380905747
0.0951960608363
0.0946316793561
0.0940468087792
0.093445174396
0.0928174629807
0.092171125114
0.0915005728602
0.0908151194453
0.0901035889983
0.0893715694547
0.0886227861047
0.0878479257226
0.0870563015342
0.0862404629588
0.085405997932
0.0845491811633
0.0836700126529
0.0827759429812
0.0818539336324
0.080913297832
0.0799540355802
0.0789705589414
0.0779684633017
0.0769440084696
0.0758972018957
0.0748336315155
0.0737477093935
0.0726375728846
0.0715088099241
0.0703614205122
0.0691879540682
0.067999586463
0.0667851418257
0.0655520707369
0.0642985105515
0.0630207359791
0.0617280565202
0.0604074411094
0.0590719245374
0.0577121935785
0.0563301108778
0.0549331270158
0.0535082034767
0.0520665161312
0.0506006143987
0.0491142235696
0.0476129315794
0.046085562557
0.0445358417928
0.0429674945772
0.04138052091
0.0397674702108
0.0381395220757
0.0364817678928
0.0348128378391
0.0331178307533
0.0314004719257
0.029664484784
0.0279098730534
0.0261291842908
0.0243335943669
0.022511927411
0.0206716340035
0.0188052654266
0.0169277191162
0.0150240948424
0.0130943944678
0.0111535182223
0.00918284058571
0.00720098568127
0.0051856036298
0.00316277123056
0.00110641121864
-0.000961124838796
-0.00305101252161
-0.0051707024686
-0.00730156851932
-0.0094547867775
-0.0116303553805
-0.0138021996245
-0.0159814953804
-0.0181496143341
-0.0203289072961
-0.0224970262498
-0.0246725957841
-0.0268407147378
-0.0290125589818
-0.0311806779355
-0.0333525240421
-0.0355206429958
-0.0376850366592
-0.039856877178
-0.0420212708414
-0.0441856645048
-0.0463500581682
-0.0485144518316
-0.050678845495
-0.0528432391584
-0.0550039075315
-0.0571664385498
-0.0593252442777
-0.061487775296
-0.0636447221041
-0.0658053904772
-0.06796233356
-0.0701174139977
-0.0722780823708
-0.0744313001633
-0.0765882432461
-0.078741453588
-0.0808946713805
-0.0830497518182
-0.0852011069655
-0.0873524621129
-0.0895038172603
-0.0916533097625
-0.0938046649098
-0.0959522947669
-0.098099924624
-0.100249417126
-0.102395184338
-0.104542814195
-0.106684856117
-0.108834348619
-0.110974527895
-0.113118432462
-0.115262337029
-0.117404378951
-0.119544558227
-0.121686600149
-0.123826779425
-0.125965103507
-0.128101557493
-0.13024173677
-0.132378190756
-0.134516507387
-0.136649236083
-0.138785690069
-0.14092028141
-0.143053010106
-0.145185738802
-0.147320330143
-0.149451196194
-0.151580199599
-0.15371106565
-0.155840069056
-0.157970920205
-0.16009619832
-0.162227064371
-0.164350479841
-0.166477620602
-0.168604761362
-0.170726314187
-0.172851592302
-0.174975007772
-0.177096560597
-0.179219976068
-0.181339666247
-0.183461219072
-0.185580909252
-0.187700599432
-0.189816564322
-0.191936254501
-0.194050356746
-0.196170046926
-0.19828414917
-0.200398251414
-0.202514216304
-0.204628318548
-0.206738695502
-0.208852797747
-0.210961312056
-0.213073551655
-0.215185791254
-0.217294305563
-0.219399094582
-0.221511334181
-0.223617985845
-0.225722774863
-0.227829426527
-0.229934215546
-0.232039004564
-0.234143793583
-0.236244857311
-0.23834964633
-0.240446984768
-0.242551773787
-0.244652837515
-0.246750175953
-0.248849377036
-0.250944852829
-0.253047794104
-0.255143254995
-0.257238745689
-0.259332358837
-0.261425971985
-0.263523310423
-0.265615969896
-0.2677077353
-0.269778072834
-0.271737575531
-0.273562967777
-0.275257021189
-0.276816993952
-0.278245657682
-0.27954018116
-0.280701547861
-0.281730651855
-0.282626599073
-0.283390283585
-0.284020781517
-0.284519046545
-0.28488317132
-0.285114139318
-0.285214722157
-0.285180270672
-0.28501355648
-0.284715533257
-0.284281551838
-0.283716231585
-0.283018678427
-0.28218793869
-0.281223088503
-0.280126929283
-0.278897106647
-0.277535498142
-0.276040285826
-0.274411380291
-0.272649794817
-0.270757824183
-0.268730312586
-0.266571044922
-0.264278143644
-0.261853426695
-0.259293705225
-0.25660404563
-0.253780275583
-0.250823795795
-0.247734114528
-0.244509875774
-0.24115665257
-0.237667918205
-0.234047874808
-0.230293244123
-0.226407065988
-0.222385391593
-0.218235179782
-0.213949114084
-0.209530800581
-0.204978972673
-0.200296387076
-0.195479363203
-0.190530836582
-0.18544575572
-0.180232033134
-0.174884825945
-0.169403091073
-0.16378878057
-0.158041000366
-0.152163490653
-0.14615060389
-0.140004143119
-0.133726105094
-0.127316504717
-0.120770469308
-0.114095680416
-0.107284516096
-0.100343719125
-0.0932674109936
-0.0860595554113
-0.0787181705236
-0.0712452456355
-0.0636368021369
-0.0558966994286
-0.0480271391571
-0.0400199778378
-0.0318812653422
-0.0236111208797
-0.0152072161436
-0.00667001539841
0.00199885107577
0.0108013618737
0.0197391472757
0.0288047585636
0.0380058772862
0.0473422668874
0.056806601584
0.0664080679417
0.0761394575238
0.0860042572021
0.0960025861859
0.106132470071
0.11639983207
0.126795724034
0.137324377894
0.147987380624
0.158781006932
0.169713035226
0.180770874023
0.191966056824
0.203238382936
0.214372292161
0.225313290954
0.236061275005
0.24661642313
0.256978660822
0.267147898674
0.277124226093
0.286907762289
0.296498388052
0.30589568615
0.31510040164
0.324111878872
0.332931518555
0.341556727886
0.349990069866
0.358229964972
0.366277039051
0.374131351709
0.381792873144
0.389260679483
0.396536171436
0.403618425131
0.410508811474
0.417205959558
0.423707991838
0.430020481348
0.436136484146
0.442063421011
0.447793841362
0.453335225582
0.458680063486
0.463832139969
0.468794226646
0.473561674356
0.478134453297
0.482517272234
0.486706346273
0.49070173502
0.494503378868
0.498115062714
0.501532077789
0.5047544837
0.507786870003
0.51062554121
0.513268589973
0.515721738338
0.517982959747
0.520048618317
0.521918714046
0.52360445261
0.525092661381
0.526383519173
0.527486205101
0.528395175934
0.529114127159
0.529633820057
0.529965341091
0.530103206635
0.530047297478
0.529799580574
0.529354393482
0.528724849224
0.527894079685
0.526875257492
0.525660812855
0.52425634861
0.522658228874
0.520866334438
0.518877029419
0.516703307629
0.514330327511
0.511769175529
0.509008765221
0.506062030792
0.502921640873
0.499580025673
0.496059626341
0.492338061333
0.488415330648
0.48431751132
0.480014801025
0.475514650345
0.47083941102
0.465955555439
0.460885435343
0.455617874861
0.450164049864
0.444509059191
0.438671529293
0.432629108429
0.426407873631
0.419981747866
0.413361907005
0.40655952692
0.399555981159
0.392366170883
0.384978920221
0.377394229174
0.369626998901
0.361658602953
0.353500217199
0.34515184164
0.336602300406
0.327866494656
0.318944424391
0.309810042381
0.300500541925
0.290989875793
0.281289219856
0.271394848824
0.261306762695
0.251080840826
0.240929409862
0.230900928378
0.221006557345
0.211242571473
0.201605245471
0.192090854049
0.182710573077
0.173456951976
0.164329990745
0.155333429575
0.146470963955
0.137723982334
0.129114836454
0.120632342994
0.112280242145
0.104047350585
0.0959560200572
0.0879838988185
0.0801421627402
0.0724270939827
0.0648461282253
0.0573918186128
0.0500604473054
0.0428631864488
0.0357888638973
0.0288523714989
0.0220313649625
0.0153519203886
0.00879168510437
0.00236183404922
-0.00393763184547
-0.0101067116484
-0.0161565840244
-0.0220686178654
-0.027853993699
-0.0335164368153
-0.0390410423279
-0.044450160116
-0.0497214458883
-0.0548623465002
-0.0598840378225
-0.0647678971291
-0.0695325434208
-0.0741593539715
-0.0786632224917
-0.0830404385924
-0.0872872695327
-0.0914037153125
-0.0953897759318
-0.0992529019713
-0.102989368141
-0.106591723859
-0.110071144998
-0.113412730396
-0.116635106504
-0.119723372161
-0.122688703239
-0.125523656607
-0.128224492073
-0.13080611825
-0.133253633976
-0.135574489832
-0.137768685818
-0.139828771353
-0.141765922308
-0.143568962812
-0.145252794027
-0.146806240082
-0.148221850395
-0.149514526129
-0.150684267282
-0.151719897985
-0.152625143528
-0.1534037292
-0.154059380293
-0.154580920935
-0.154979526997
-0.155240297318
-0.155378133059
-0.15539303422
-0.15527009964
-0.15502423048
-0.15464797616
-0.15414506197
-0.153511762619
-0.152751803398
-0.151861459017
-0.150844454765
-0.149697065353
-0.148430466652
-0.147018581629
-0.145487487316
-0.143833458424
-0.14204531908
-0.140123069286
-0.138085335493
-0.135906040668
-0.133611261845
-0.131174921989
-0.128623098135
-0.125929713249
-0.123120836914
-0.120174132288
-0.117104493082
-0.113930545747
-0.110752873123
-0.10760500282
-0.104486934841
-0.101387493312
-0.0983178541064
-0.0952742919326
-0.0922530815005
-0.0892653986812
-0.0862963423133
-0.0833533629775
-0.0804401859641
-0.0775530934334
-0.0746920704842
-0.0718533992767
-0.0690408051014
-0.0662580132484
-0.0635012984276
-0.0607632063329
-0.0580586455762
-0.0553801618516
-0.0527203045785
-0.0500977002084
-0.0474899969995
-0.0449158214033
-0.0423639975488
-0.0398345254362
-0.0373385846615
-0.0348649919033
-0.0324174761772
-0.0299997609109
-0.027604399249
-0.0252313893288
-0.0228881817311
-0.0205710511655
-0.0182799994946
-0.0160150229931
-0.0137686720118
-0.0115633001551
-0.00937283039093
-0.00720843626186
-0.00507757021114
-0.00296533084475
-0.000886619032826
0.00118091702461
0.00320747471415
0.00521168066189
0.00719353510067
0.00914931297302
0.011075287126
0.0129789104685
0.0148527314886
0.0167079269886
0.0185295939445
0.0203251820058
0.0221021454781
0.0238455813378
0.0255666654557
0.0272579472512
0.0289306025952
0.0305734556168
0.0321865081787
0.0337809324265
0.0353418290615
0.0368840992451
0.0383965671062
0.03988295421
0.041343268007
0.0427775047719
0.0441856645048
0.0455714724958
0.0469237528741
0.048257406801
0.0495612584054
0.0508427582681
0.0520981810987
0.0533200763166
0.054523345083
0.0557005368173
0.0568516515195
0.0579655133188
0.0590719245374
0.0601410828531
0.0611841641366
0.0622086189687
0.0631958246231
0.064168125391
0.0651106238365
0.0660195946693
0.0669173896313
0.0677742063999
0.0686161220074
0.0694282352924
0.0702142715454
0.070970505476
0.0717081129551
0.0724159181118
0.0730976462364
0.0737532973289
0.0743828713894
0.0749826431274
0.0755675137043
0.0761225819588
0.0766403973103
0.0771433115005
0.0776238739491
0.0780671834946
0.0784881338477
0.0788867399096
0.0792555436492
0.079601995647
0.0799186453223
0.0802129432559
0.0804811641574
0.0807195827365
0.0809356495738
0.081125639379
0.0812858268619
0.0814236626029
0.0815316960216
0.0816211029887
0.0816807076335
0.0817105099559
0.0817179605365
0.0817030593753
0.0816546306014
0.0815838500857
0.081486992538
0.0813677832484
0.0812150463462
0.0810399577022
0.0808425173163
0.0806115493178
0.0803656801581
0.0800862833858
0.079777084291
0.0794455334544
0.0790916308761
0.0787079259753
0.0782981514931
0.0778585672379
0.0773891806602
0.0768974423409
0.0763796269894
0.0758320093155
0.0752583146095
0.0746585428715
0.0740326941013
0.0733770430088
0.0726953148842
0.0719837844372
0.0712499022484
0.0704862177372
0.0696964561939
0.0688768923283
0.0680349767208
0.0671669840813
0.066265463829
0.065341591835
0.0643879175186
0.0634118914604
0.0624060593545
0.0613667033613
0.0603087209165
0.0592246614397
0.0581070743501
0.0569708608091
0.0557973943651
0.0546015761793
0.0533796809614
0.0521317087114
0.050853934139
0.0495500825346
0.048220153898
0.0468641482294
0.0454783402383
0.0440627299249
0.04262849316
0.0411644540727
0.0396631620824
0.0381506979465
0.0366047024727
0.0350251793861
0.0334270298481
0.0317953526974
0.0301450472325
0.0284612160176
0.0267513077706
0.0250190477818
0.0232532601804
0.0214613955468
0.0196471791714
0.0177994370461
0.0159293413162
0.0140294423327
0.0121071925387
0.010151415132
0.00817701220512
0.00616535497829
0.00413134694099
0.00207498669624
-1.49011602844e-05
-0.00212714076042
-0.00427290797234
-0.00644102646038
-0.00863522291183
-0.0108554949984
-0.013109295629
-0.015381722711
-0.0176914036274
-0.0200234334916
-0.0223740916699
-0.0247620027512
-0.0271759908646
-0.0296160560101
-0.0320784747601
-0.03457441926
-0.0370927155018
-0.0396445356309
-0.0422112606466
-0.0448152385652
-0.0474490188062
-0.0500977002084
-0.0527836345136
-0.0554919205606
-0.0582262836397
-0.0609941743314
-0.0637806952
-0.0666007399559
-0.0694431364536
-0.072319060564
-0.0752173364162
-0.0781379640102
-0.0810921117663
-0.0840760692954
-0.087078653276
-0.0901147648692
-0.0931732282043
-0.096265219152
-0.0993758365512
-0.102519981563
-0.105690203607
-0.108886502683
-0.112108878791
-0.115357331932
-0.118635587394
-0.121939919889
-0.125270336866
-0.128630548716
-0.132016837597
-0.13542547822
-0.138867646456
-0.142332166433
-0.145826488733
-0.149346888065
-0.152893364429
-0.156473368406
-0.160068258643
-0.163696691394
-0.167354926467
-0.171039238572
-0.174745902419
-0.178486093879
-0.18224491179
-0.186040982604
-0.18985567987
-0.193703904748
-0.197574481368
-0.20147113502
-0.205401316285
-0.209350124002
-0.21332873404
-0.217340871692
-0.221371635795
-0.225402399898
-0.229313954711
-0.233065322042
-0.23666395247
-0.240109845996
-0.24340300262
-0.246543422341
-0.24951992929
-0.252354890108
-0.255033373833
-0.257551670074
-0.259920954704
-0.262133777142
-0.264201313257
-0.2661049366
-0.26785582304
-0.269453972578
-0.270906835794
-0.272188335657
-0.273331999779
-0.274315476418
-0.275146216154
-0.275816768408
-0.27634575963
-0.276710838079
-0.276923179626
-0.276986509562
-0.276893377304
-0.276640057564
-0.276245176792
-0.275690108538
-0.274978578091
-0.274114310741
-0.27310103178
-0.271927565336
-0.270608812571
-0.269126147032
-0.267490744591
-0.265710055828
-0.263769179583
-0.261673688889
-0.259425491095
-0.257026404142
-0.254468977451
-0.251760691404
-0.24889780581
-0.245880320668
-0.242708235979
-0.239383414388
-0.235905855894
-0.232273697853
-0.22848507762
-0.224547445774
-0.220451489091
-0.216204658151
-0.211801365018
-0.207245334983
-0.202536568046
-0.197675064206
-0.192653372884
-0.187484532595
-0.182159230113
-0.176679328084
-0.171044826508
-0.165261313319
-0.159319475293
-0.153223052621
-0.146977603436
-0.140573829412
-0.134017318487
-0.127306208014
-0.120444215834
-0.113425768912
-0.106254585087
-0.0989288017154
-0.0914465561509
-0.0838171616197
-0.076025724411
-0.0680889934301
-0.0599920712411
-0.0517424158752
-0.0433418862522
-0.0347830355167
-0.0260733049363
-0.0172089785337
-0.00819191336632
0.000979751348495
0.0103097399697
0.0197850149125
0.0294223409146
0.0392086803913
0.0491496138275
0.0592470131814
0.0694934278727
0.0798962935805
0.0904574915767
0.10116583854
0.11202878505
0.123048193753
0.134222209454
0.145487487316
0.156607478857
0.167516976595
0.178217872977
0.188713878393
0.198999404907
0.209076315165
0.218948334455
0.228609874845
0.238066524267
0.247310832143
0.256350249052
0.265181064606
0.273801386356
0.282216817141
0.290425479412
0.298421829939
0.306213259697
0.313794225454
0.321168422699
0.32833775878
0.335292875767
0.342044949532
0.348586559296
0.354921430349
0.361051380634
0.366963416338
0.372678011656
0.378180265427
0.383473902941
0.388558924198
0.393439054489
0.398110568523
0.402573466301
0.406824022532
0.410873413086
0.414710462093
0.418342620134
0.421766161919
0.424981087446
0.427983671427
0.430788815022
0.433370441198
0.43575835228
0.437930196524
0.439900875092
0.441655486822
0.443212658167
0.444550037384
0.445682525635
0.446606397629
0.447332829237
0.447839468718
0.448144942522
0.44823807478
0.44811886549
0.447809666395
0.447273224592
0.446531891823
0.445589393377
0.444442003965
0.443074822426
0.44150647521
0.439725786448
0.437743932009
0.435553461313
0.43314692378
0.430542945862
0.427722901106
0.424697965384
0.421456962824
0.418022245169
0.414375185966
0.410515785217
0.406451493502
0.402174860239
0.39769333601
0.393006920815
0.388111889362
0.383000791073
0.377692252398
0.372167646885
0.366441875696
0.36050376296
0.354353308678
0.348009139299
0.341441452503
0.334668874741
0.327698856592
0.320512771606
0.313118100166
0.305514782667
0.297710299492
0.289682298899
0.281468033791
0.273033976555
0.264387577772
0.255540013313
0.246483817697
0.237219020724
0.227741882205
0.2180673033
0.208176657557
0.198073670268
0.187773242593
0.177260473371
0.166539087892
0.155601650476
0.144474208355
0.133126974106
0.121571116149
0.109821550548
0.097900621593
0.0860616490245
0.0743716955185
0.0628009438515
0.0513717494905
0.0400766693056
0.028915701434
0.0178813934326
0.00700354529545
-0.00376254296862
-0.0143796196207
-0.0248625855893
-0.0352263450623
-0.0454336367548
-0.0555142723024
-0.0654682517052
-0.0752806663513
-0.0849589630961
-0.0945031568408
-0.103905789554
-0.113189212978
-0.12232362479
-0.131327658892
-0.140197575092
-0.148933380842
-0.15753133595
-0.165998920798
-0.174328669906
-0.182528033853
-0.190585836768
-0.198513254523
-0.206302836537
-0.213965758681
-0.221479669213
-0.228870645165
-0.236127510667
-0.243239089847
-0.250224024057
-0.257074832916
-0.263784080744
-0.270366668701
-0.276811420918
-0.283118337393
-0.289291143417
-0.295333564281
-0.301238149405
-0.307012349367
-0.312641263008
-0.318147212267
-0.323511630297
-0.328741937876
-0.333834409714
-0.338803946972
-0.343628197908
-0.348318338394
-0.352878093719
-0.357300013304
-0.361587822437
-0.36574152112
-0.369761109352
-0.373642861843
-0.377390503883
-0.381007760763
-0.384487181902
-0.38783249259
-0.391036242247
-0.394117057323
-0.397056311369
-0.399857729673
-0.402536213398
-0.405065685511
-0.407472223043
-0.409737199545
-0.411868065596
-0.413868546486
-0.415727466345
-0.417456001043
-0.41904297471
-0.420507013798
-0.421833217144
-0.423014134169
-0.424075841904
-0.424988538027
-0.42577457428
-0.426422774792
-0.426944315434
-0.427316844463
-0.427562713623
-0.427674472332
-0.427655845881
-0.427488207817
-0.427197635174
-0.426769226789
-0.426206707954
-0.425506353378
-0.424675613642
-0.423707038164
-0.422608077526
-0.421363830566
-0.419996649027
-0.418506532907
-0.416982889175
-0.415429443121
-0.413861095905
-0.412270396948
-0.410653620958
-0.409021943808
-0.407364189625
-0.40568780899
-0.403989076614
-0.402267992496
-0.400530159473
-0.398764371872
-0.396981805563
-0.395175039768
-0.393353372812
-0.391501903534
-0.38963368535
-0.387741237879
-0.3858320117
-0.383896738291
-0.381944686174
-0.37996840477
-0.37797164917
-0.375952541828
-0.373912960291
-0.37185099721
-0.369770437479
-0.367667496204
-0.365540355444
-0.363394588232
-0.361226469278
-0.359039723873
-0.356828778982
-0.354595452547
-0.352345377207
-0.35006737709
-0.347774446011
-0.345457315445
-0.343119710684
-0.340761601925
-0.338375538588
-0.335978329182
-0.333553165197
-0.331107497215
-0.328643232584
-0.326154738665
-0.323645740747
-0.321118146181
-0.318562597036
-0.31599214673
-0.313399344683
-0.310782343149
-0.308146685362
-0.305488705635
-0.302807420492
-0.30010843277
-0.297386199236
-0.294643431902
-0.2918792665
-0.289091825485
-0.286284834146
-0.28345733881
-0.280606538057
-0.277737140656
-0.27484074235
-0.271931290627
-0.268994808197
-0.2660369277
-0.263062298298
-0.260058790445
-0.257040351629
-0.253999590874
-0.250936478376
-0.247850075364
-0.244745969772
-0.241616725922
-0.238471657038
-0.235302358866
-0.232106998563
-0.228899523616
-0.225662246346
-0.222408205271
-0.21913087368
-0.215835854411
-0.212516620755
-0.209175512195
-0.205812036991
-0.202430874109
-0.199028283358
-0.19560007751
-0.192154183984
-0.188684552908
-0.185197681189
-0.181688457727
-0.178151756525
-0.174598753452
-0.171026200056
-0.167433157563
-0.163808450103
-0.16017536819
-0.156523182988
-0.152902200818
-0.149319410324
-0.145775720477
-0.142271161079
-0.138804778457
-0.135377511382
-0.13198889792
-0.128639161587
-0.125328540802
-0.122056104243
-0.1188230142
-0.115628115833
-0.11247279495
-0.109355658293
-0.106277637184
-0.103238269687
-0.100237548351
-0.0972757041454
-0.0943527519703
-0.0914686769247
-0.0886232554913
-0.0858164802194
-0.0830488204956
-0.080320045352
-0.0776294618845
-0.0749782174826
-0.0723657384515
-0.0697915628552
-0.0672566220164
-0.0647604465485
-0.0623027980328
-0.0598846189678
-0.0575043931603
-0.055163398385
-0.0528609342873
-0.050597704947
-0.0483730100095
-0.0461868457496
-0.0440397970378
-0.0419318638742
-0.0398616530001
-0.0378316007555
-0.0358392708004
-0.0338859371841
-0.0319724194705
-0.0300965607166
-0.0282597597688
-0.0264615509659
-0.0247025731951
-0.0229821298271
-0.0213002767414
-0.0196576565504
-0.0180539786816
-0.0164890661836
-0.0149616962299
-0.0134744904935
-0.01202628389
-0.0106153301895
-0.00924448203295
-0.00791210867465
-0.00661902548745
-0.0053629623726
-0.00414799433202
-0.00296975462697
-0.00183202780318
-0.000732426939066
0.000328582216753
0.00135134893935
0.00233313767239
0.00327924476005
0.00418472336605
0.00505062006414
0.0058789732866
0.00666902586818
0.007419555448
0.00813056249171
0.00880291871727
0.00943802297115
0.0100340684876
0.0105896024033
0.0111069520935
0.0115866996348
0.0120277395472
0.0124273346737
0.0127902012318
0.013115407899
0.0134000433609
0.013644689694
0.013854063116
0.0140218753368
0.014151096344
0.0142421331257
0.0142951020971
0.0143089555204
0.0142822386697
0.014218326658
0.0141167538241
0.0139741450548
0.0137916058302
0.0135822910815
0.0133730927482
0.0131735568866
0.0129843819886
0.0128048695624
0.0126356016845
0.0124761126935
0.0123267518356
0.0121872862801
0.0120579488575
0.011938390322
0.0118290763348
0.0117294248194
0.0116401342675
0.0115605061874
0.0114911226556
0.0114315180108
0.011382041499
0.0113423438743
0.0113130072132
0.0112932166085
0.0112837869674
0.0112842526287
0.011294497177
0.0113149862736
0.0113453706726
0.011385650374
0.0114361746237
0.0114962449297
0.0115667926148
0.0116470027715
0.0117373410612
0.0118375746533
0.0119478199631
0.0120683098212
0.0121983457357
0.0123386261985
0.0124889183789
0.0126491058618
0.0128193050623
0.0129995159805
0.0131895057857
0.0133898565546
0.0136001026258
0.0138202439994
0.01405016426
0.0142903290689
0.0145405055955
0.0148005774245
0.0150707773864
0.0153506398201
0.0156408641487
0.0159408655018
0.0162508804351
0.0165709052235
0.0169009435922
0.0172408763319
0.0175909362733
0.0179507769644
0.0183209776878
0.0187007244676
0.0190907157958
0.0194906014949
0.0199006162584
0.0203205253929
0.0207504481077
0.0211901478469
0.0216399766505
0.0220999345183
0.0225699022412
0.0230497661978
0.0235391762108
0.0240392964333
0.0245489627123
0.0250688735396
0.0255985632539
0.0261384975165
0.0266877450049
0.0272479355335
0.0278176721185
0.0283971875906
0.028986947611
0.029586719349
0.0301962699741
0.0308158323169
0.0314456410706
0.0320849940181
0.0327348224819
0.033394664526
0.0340640544891
0.0347436852753
0.0354330986738
0.0361329875886
0.0368419550359
0.0375618673861
0.0382915586233
0.0390310287476
0.0397800430655
0.0405400022864
0.0413095094264
0.0420890264213
0.042877856642
0.0436776280403
0.0444871820509
0.0453067459166
0.046135853976
0.046975441277
0.0478248074651
0.0486841872334
0.0495531111956
0.0504329763353
0.051322389394
0.0522213503718
0.0531305521727
0.0540500022471
0.0549796931446
0.0559187009931
0.0568672530353
0.0578272119164
0.0587964877486
0.0597755387425
