-1.31147771754e-05
-9.18660498428e-06
-5.72793396714e-06
-2.67616587735e-06
0.0
2.36316395785e-06
4.44462648375e-06
6.32263754596e-06
8.02849717729e-06
9.60915713222e-06
1.11272156573e-05
1.26139757413e-05
1.41320342664e-05
1.5743993572e-05
1.74811539182e-05
1.94070707948e-05
2.15669097088e-05
2.40397821472e-05
2.6841305953e-05
3.00028132187e-05
3.35868899128e-05
3.76091738872e-05
4.20696560468e-05
4.69840051665e-05
5.2367853641e-05
5.82211941946e-05
6.45000982331e-05
7.1183021646e-05
7.82258575782e-05
8.56129699969e-05
9.32660477702e-05
0.000101138139144
0.000109135384264
0.000117226452858
0.000125289676362
0.000133255292894
0.000141048571095
0.000148544364492
0.0001556800853
0.000162361786352
0.000168482234585
0.000173958265805
0.000178698581294
0.000182624979061
0.000185674740351
0.000187738478417
0.000188784280908
0.000188734484254
0.000187557801837
0.000185207274626
0.000181633033208
0.000176840461791
0.000170811457792
0.000163514836458
0.000154976631165
0.000145222540596
0.000134263522341
0.000122130906675
0.000108856031147
9.4509239716e-05
7.91529018898e-05
6.28266425338e-05
4.56150191894e-05
2.7583224437e-05
8.83195662027e-06
-1.05761891973e-05
-3.05419307551e-05
-5.09822348249e-05
-7.17819930287e-05
-9.2889116786e-05
-0.000114157315693
-0.000135518901516
-0.000156864247401
-0.000178109694389
-0.00019915640587
-0.000219889552682
-0.000240255976678
-0.000260126922512
-0.000279434025288
-0.000298107042909
-0.000316035439027
-0.000333165167831
-0.000349409005139
-0.000364706327673
-0.000379001488909
-0.000392221380025
-0.000404324266128
-0.000415256712586
-0.000424979662057
-0.000433466077084
-0.000440686300863
-0.000446636578999
-0.000451287953183
-0.000454655732028
-0.000456740148365
-0.000457571353763
-0.000457183195977
-0.000455590779893
-0.000452884414699
-0.000449117535027
-0.000444361328846
-0.000438718154328
-0.000432272878243
-0.000425177044235
-0.000417550443672
-0.000409497093642
-0.000401217199396
-0.000392870599171
-0.000384626328014
-0.000376676151063
-0.00036920394632
-0.000362433929695
-0.000356563861715
-0.000351807946572
-0.000348382251104
-0.000346512562828
-0.000346412911313
-0.000348274392309
-0.000352314877091
-0.000358689634595
-0.000367606000509
-0.000379213655833
-0.000393646128941
-0.000410985550843
-0.000431340449722
-0.000454770517536
-0.000481263414258
-0.000510765064973
-0.000543269794434
-0.00057865283452
-0.000616741133854
-0.000657296855934
-0.000700121396221
-0.000744928023778
-0.000791271566413
-0.000838786014356
-0.000886974390596
-0.00093539262889
-0.000983432517387
-0.00103047746234
-0.00107586150989
-0.00111896288581
-0.00115900905803
-0.00119523471221
-0.00122686836403
-0.00125312048476
-0.00127320853062
-0.00128630816471
-0.00129162392113
-0.00128835358191
-0.00127577595413
-0.00125316437334
-0.00121984642465
-0.00117510790005
-0.00111845473293
-0.00104947399814
-0.000967602885794
-0.000872521253768
-0.000764107739087
-0.000642200233415
-0.000506848504301
-0.000357917742804
-0.000195811167941
-2.10300404433e-05
0.000166151367011
0.000365168118151
0.00057501194533
0.000794968393166
0.00102393247653
0.0012607909739
0.00150434253737
0.00175303348806
0.0020052974578
0.00225980579853
0.0025146775879
0.00276794377714
0.00301799597219
0.0032628304325
0.00350034725852
0.00372872827575
0.00394584191963
0.00414958037436
0.00433816900477
0.00450956914574
0.00466183992103
0.00479304743931
0.00490166805685
0.00498606543988
0.00504465168342
0.00507602281868
0.00507911946625
0.00505300564691
0.00499683991075
0.00490973284468
0.00479156849906
0.00464228400961
0.00446193106472
0.00425042677671
0.00400867406279
0.00373762683012
0.00343836657703
0.00311171449721
0.00275961728767
0.00238400418311
0.00198703166097
0.00157036620658
0.00113686406985
0.000689314445481
0.000230742807616
-0.000236442283494
-0.000708750740159
-0.00118283194024
-0.00165537674911
-0.00212273839861
-0.00258196308278
-0.00302927312441
-0.00346119399182
-0.00387429958209
-0.00426515983418
-0.00463098241016
-0.00496838102117
-0.00527433492243
-0.00554633932188
-0.00578189222142
-0.00597881712019
-0.00613483786583
-0.00624856213108
-0.00631879549474
-0.00634431932122
-0.00632427632809
-0.00625863997266
-0.00614765007049
-0.00599159160629
-0.00579099263996
-0.00554742617533
-0.00526263518259
-0.00493861082941
-0.00457702018321
-0.00418098829687
-0.00375367864035
-0.00329824141227
-0.00281802937388
-0.00231706420891
-0.00179950124584
-0.00126981234644
-0.000731678970624
-0.000189993399545
0.00035062560346
0.000885520654265
0.0014100454282
0.00191970961168
0.00241001555696
0.00287644984201
0.00331446575001
0.00372071028687
0.0040912614204
0.00442240713164
0.00471073575318
0.00495374714956
0.00514907995239
0.00529444636777
0.00538783799857
0.00542845390737
0.00541572924703
0.00534909917042
0.00522844027728
0.00505470205098
0.00482929078862
0.00455352291465
0.00422911299393
0.00385895511135
0.00344618456438
0.00299393385649
0.00250562606379
0.00198561931029
0.00143847207073
0.000868744216859
0.000281168089714
-0.000318995240377
-0.000926354783587
-0.00153550715186
-0.00214105914347
-0.00273752072826
-0.00331938243471
-0.00388115947135
-0.004417471122
-0.00492337904871
-0.00539404386654
-0.00582459149882
-0.00621046032757
-0.00654795393348
-0.00683353748173
-0.00706371339038
-0.00723530678079
-0.00734646618366
-0.00739548029378
-0.00738067785278
-0.00730086769909
-0.00715623004362
-0.0069472217001
-0.00667432835326
-0.0063384603709
-0.0059419516474
-0.00548741454259
-0.00497744977474
-0.00441506225616
-0.00380449648947
-0.00315021374263
-0.00245668226853
-0.00172868254595
-0.000971847039182
-0.000191985527636
0.000605102628469
0.00141343194991
0.00222665234469
0.00303833885118
0.00384201924317
0.00463128415868
0.00539985671639
0.00614144373685
0.00684979371727
0.00751883164048
0.00814313627779
0.00871767103672
0.00923661608249
0.00969529338181
0.0100898919627
0.0104168010876
0.0106723736972
0.0108534749597
0.0109584201127
0.0109857497737
0.0109339943156
0.0108022745699
0.0105912638828
0.0103019056842
0.00993496272713
0.00949231069535
0.00897681247443
0.00839177053422
0.00774048641324
0.00702671334147
0.0062554855831
0.00543211167678
0.00456183496863
0.00365025619976
0.00270382734016
0.00172866706271
0.00073241541395
-0.000278706429526
-0.00129757740069
-0.00231707002968
-0.00332999578677
-0.00432931166142
-0.00530814379454
-0.00626015523449
-0.00717759458348
-0.00805440358818
-0.00888481922448
-0.00966321956366
-0.0103839803487
-0.0110418992117
-0.0116330077872
-0.0121537623927
-0.0125999124721
-0.012968483381
-0.0132577437907
-0.0134662110358
-0.0135923735797
-0.0136353475973
-0.0135957142338
-0.0134744569659
-0.0132724782452
-0.0129912309349
-0.0126335667446
-0.0122026344761
-0.0117015130818
-0.0111334295943
-0.010503647849
-0.00981673412025
-0.00907752662897
-0.00829111877829
-0.00746330339462
-0.00659952685237
-0.00570654310286
-0.00478992378339
-0.00385579839349
-0.00291031086817
-0.00195966847241
-0.00100944377482
-6.63006358081e-05
0.000864525791258
0.00177738210186
0.00266685755923
0.00352872512303
0.00435757217929
0.00514929974452
0.00589979579672
0.00660591712222
0.00726474681869
0.00787363667041
0.00842947512865
0.00893128942698
0.0093779116869
0.00976821035147
0.0101016443223
0.0103783151135
0.0105990124866
0.010764349252
0.0108752697706
0.0109337279573
0.0109417177737
0.0109013374895
0.0108149023727
0.0106853358448
0.0105155967176
0.0103089176118
0.0100683514029
0.00979732349515
0.0094992974773
0.00917758792639
0.00883595179766
0.00847757793963
0.00810582377017
0.00772379245609
0.00733509846032
0.00694234203547
0.00654823658988
0.00615555839613
0.00576660502702
0.00538369035348
0.00500844186172
0.00464267795905
0.00428778631613
0.00394501024857
0.00361494789831
0.00329838460311
0.00299570010975
0.00270707067102
0.00243215472437
0.00217074411921
0.0019224206917
0.00168617267627
0.00146127655171
0.00124661135487
0.00104111852124
0.000843316374812
0.00065200071549
0.000465670018457
0.00028288050089
0.000102096848423
-7.79671754572e-05
-0.000258833635598
-0.000441913172835
-0.000628463516477
-0.000819456239697
-0.00101611798164
-0.00121946132276
-0.00143016106449
-0.00164861034136
-0.00187545153312
-0.00211103190668
-0.00235533900559
-0.00260796677321
-0.00286883488297
-0.00313765881583
-0.00341331888922
-0.00369499111548
-0.00398174999282
-0.00427260156721
-0.00456576794386
-0.00485985632986
-0.00515330629423
-0.0054445778951
-0.00573153886944
-0.00601242622361
-0.00628531910479
-0.00654843170196
-0.00679954933003
-0.00703688338399
-0.00725857773796
-0.00746257510036
-0.00764728384092
-0.00781106483191
-0.00795232784003
-0.00806943885982
-0.00816133525223
-0.00822696089745
-0.00826520659029
-0.00827517919242
-0.00825651455671
-0.00820885319263
-0.00813191663474
-0.00802559684962
-0.00789030082524
-0.00772644439712
-0.00753469346091
-0.00731569807976
-0.00707051623613
-0.00680067203939
-0.006507310085
-0.00619187252596
-0.00585602922365
-0.00550195667893
-0.00513140112162
-0.00474613439292
-0.00434875069186
-0.00394130125642
-0.00352602195926
-0.00310495379381
-0.00268082367256
-0.00225574383512
-0.00183181569446
-0.00141169538256
-0.000997310853563
-0.000590746931266
-0.000193918531295
0.000190844162717
0.000562025525142
0.000918176549021
0.00125731166918
0.0015781406546
0.00187974900473
0.00216083112173
0.00242054834962
0.00265807844698
0.00287317065522
0.00306533463299
0.00323437503539
0.00338024413213
0.00350315612741
0.00360358320177
0.00368191162124
0.00373874534853
0.00377493840642
0.00379152595997
0.00378946424462
0.00376985454932
0.00373406358995
0.00368341989815
0.00361936166883
0.00354331638664
0.00345682678744
0.00336138019338
0.00325864413753
0.00315013155341
0.00303729157895
0.00292172958143
0.00280490866862
0.00268819229677
0.00257297093049
0.00246041710488
0.00235177832656
0.00224812538363
0.00215038354509
0.00205933698453
0.00197576940991
0.00190041051246
0.00183356471825
0.00177550804801
0.0017265927745
0.00168695405591
0.00165638851468
0.00163470208645
0.00162169116084
0.00161700870376
0.00162005319726
0.00163015828002
0.00164671405219
0.00166899699252
0.00169610360172
0.00172715354711
0.00176126381848
0.0017974745715
0.00183487357572
0.00187250156887
0.00190942245536
0.00194470304996
0.00197758385912
0.00200730725192
0.00203306041658
0.00205419585109
0.00207028561272
0.00208088918589
0.00208559562452
0.00208415370435
0.00207657646388
0.00206289743073
0.00204319390468
0.00201764400117
0.00198676693253
0.00195107783657
0.00191105285194
0.00186738872435
0.00182094238698
0.00177255063318
0.00172310695052
0.00167357712053
0.00162495125551
0.00157824670896
0.00153451506048
0.00149473210331
0.00145979819354
0.00143065967131
0.00140818371437
0.00139316334389
0.00138612743467
0.00138762244023
0.00139812706038
0.00141798576806
0.0014471472241
0.00148555485066
0.00153312191833
0.00158957310487
0.00165416963864
0.00172617589124
0.00180489523336
0.00188932218589
0.00197814079002
0.00207006395794
0.00216366024688
0.00225746212527
0.00234974129125
0.00243877992034
0.00252272980288
0.00259982841089
0.00266821938567
0.00272599421442
0.00277127604932
0.00280227605253
0.00281733390875
0.00281478185207
0.00279296189547
0.00275039370172
0.00268596969545
0.00259856530465
0.00248706759885
0.00235055643134
0.00218880409375
0.00200142757967
0.00178798369598
0.00154867593665
0.00128394353669
0.000994388014078
0.000680418510456
0.000343261897797
-1.57697904797e-05
-0.000395188078983
-0.000793685438111
-0.00120910187252
-0.00163938454352
-0.00208249175921
-0.00253570708446
-0.00299677951261
-0.00346292369068
-0.00393156707287
-0.00439945189282
-0.00486390618607
-0.00532193481922
-0.00577073683962
-0.00620682677254
-0.00662748003379
-0.00702995760366
-0.0074109970592
-0.0077679133974
-0.00809796806425
-0.00839884486049
-0.00866784993559
-0.0089026959613
-0.00910124182701
-0.00926184281707
-0.00938266608864
-0.00946214608848
-0.00949896220118
-0.00949235539883
-0.00944164581597
-0.00934614706784
-0.00920554064214
-0.00902010221034
-0.00879040639848
-0.00851676426828
-0.00819998420775
-0.00784135702997
-0.0074427141808
-0.0070054368116
-0.00653138710186
-0.00602280162275
-0.00548270344734
-0.00491337664425
-0.00431767152622
-0.00369857810438
-0.00306004378945
-0.00240512820892
-0.00173739006277
-0.00106035824865
-0.000378540513339
0.000304479908664
0.000984764425084
0.00165827968158
0.00232128472999
0.0029690854717
0.00359802716412
0.00420429417863
0.00478434516117
0.00533378776163
0.00584932975471
0.0063277608715
0.00676610600203
0.00716076930985
0.00750915706158
0.00780905457214
0.00805831886828
0.00825484655797
0.00839677546173
0.00848330371082
0.00851357728243
0.00848672632128
0.0084024220705
0.00826132018119
0.00806402508169
0.00781115889549
0.00750380661339
0.00714436871931
0.00673486618325
0.00627747736871
0.00577492406592
0.00523045100272
0.00464816577733
0.00403139879927
0.00338415964507
0.00271110492758
0.00201692362316
0.00130597839598
0.000583898276091
-0.000144301724504
-0.000873281853274
-0.00159767165314
-0.00231241178699
-0.00301136658527
-0.00368944485672
-0.00434117624536
-0.00496132159606
-0.00554523663595
-0.00608744425699
-0.00658334279433
-0.00702848052606
-0.00741905206814
-0.00775134237483
-0.00802172906697
-0.00822686962783
-0.00836483389139
-0.00843355245888
-0.00843099970371
-0.00835595373064
-0.00820828136057
-0.00798812508583
-0.00769544951618
-0.00733116082847
-0.0068973894231
-0.00639634020627
-0.00583022553474
-0.00520176626742
-0.00451577501372
-0.00377622712404
-0.0029874027241
-0.00215424923226
-0.0012826496968
-0.000378553260816
0.000552564568352
0.001503437059
0.00246755033731
0.00343793793581
0.00440761912614
0.00536950770766
0.00631638150662
0.00724104605615
0.00813668873161
0.00899549853057
0.00981131847948
0.010577567853
0.0112877031788
0.0119357323274
0.012516557239
0.0130250705406
0.0134564042091
0.0138059705496
0.0140710296109
0.014248711057
0.0143361501396
0.0143315214664
0.0142345270142
0.0140449348837
0.0137625019997
0.0133881336078
0.0129240583628
0.0123732285574
0.0117379808798
0.0110219195485
0.0102300252765
0.00936738308519
0.00843906681985
0.00745097268373
0.00641010282561
0.0053235036321
0.00419821310788
0.00304177240469
0.00186235574074
0.000667576270644
-0.000533236190677
-0.00173235638067
-0.00292146787979
-0.00409221835434
-0.00523626198992
-0.00634564040229
-0.00741283223033
-0.00843037851155
-0.00939084216952
-0.0102874999866
-0.0111146336421
-0.0118665955961
-0.0125377252698
-0.0131234060973
-0.01362039987
-0.0140255652368
-0.0143357254565
-0.0145489154384
-0.0146647756919
-0.014682973735
-0.0146032087505
-0.014426426962
-0.0141549287364
-0.0137915080413
-0.0133386394009
-0.0127999298275
-0.0121803721413
-0.0114850010723
-0.0107188932598
-0.00988786388189
-0.00899877585471
-0.00805849488825
-0.00707390345633
-0.00605233339593
-0.00500158965588
-0.00392953725532
-0.00284402212128
-0.0017529145116
-0.000664092425723
0.000414608657593
0.0014748191461
0.00251005240716
0.00351283326745
0.00447622174397
0.0053932769224
0.00625776126981
0.00706436857581
0.00780784199014
0.00848293397576
0.00908534415066
0.00961197353899
0.0100598149002
0.0104258349165
0.0107080629095
0.0109058944508
0.0110187688842
0.0110461274162
0.0109884878621
0.0108476104215
0.010625353083
0.010323593393
0.00994505640119
0.00949385948479
0.0089734941721
0.00838805455714
0.00774214509875
0.00704113952816
0.00629045255482
0.00549554778263
0.00466219102964
0.00379661354236
0.00290508102626
0.00199381262064
0.00106957647949
0.000137846232974
-0.00079458829714
-0.00172138214111
-0.00263642380014
-0.00353388045914
-0.00440800050274
-0.00525296432897
-0.00606348132715
-0.00683450791985
-0.00756210135296
-0.00824121758342
-0.00886784028262
-0.00943881552666
-0.00995097029954
-0.0104011595249
-0.0107868313789
-0.011106910184
-0.0113597922027
-0.0115440580994
-0.0116590866819
-0.0117052169517
-0.0116828186437
-0.0115923173726
-0.0114347282797
-0.011212063022
-0.0109263537452
-0.0105796074495
-0.0101744709536
-0.0097145261243
-0.00920272618532
-0.00864267908037
-0.00803821813315
-0.00739368936047
-0.00671377638355
-0.00600223010406
-0.00526393763721
-0.00450376467779
-0.00372658576816
-0.00293765123934
-0.00214106007479
-0.00134205934592
-0.000545500312001
0.000243774033152
0.00102074025199
0.00178179028444
0.00252221245319
0.0032376521267
0.003923851531
0.00457804137841
0.00519647775218
0.00577575201169
0.00631277728826
0.00680587626994
0.0072526386939
0.00765090808272
0.00799901876599
0.0082965567708
0.00854262895882
0.00873649865389
0.00887805316597
0.00896812416613
0.00900734402239
0.00899646151811
0.00893681962043
0.0088303508237
0.00867911335081
0.00848523434252
0.0082510272041
0.00797958765179
0.00767395552248
0.00733736390248
0.00697279674932
0.00658408133313
0.00617507193238
0.00574905332178
0.00530997756869
0.00486187031493
0.00440814392641
0.00395285105333
0.00349991489202
0.00305244582705
0.002614203142
0.00218893331476
0.00177943997551
0.00138878985308
0.00101999589242
0.00067552505061
0.000357933924533
6.91821333021e-05
-0.000189171376405
-0.000415153219365
-0.000607448688243
-0.000765577598941
-0.000888738723006
-0.000976451148745
-0.00102859153412
-0.00104571587872
-0.00102841097396
-0.000977310817689
-0.000893456395715
-0.000778507383075
-0.000634241034277
-0.000462191062979
-0.000264576025074
-4.37303278886e-05
0.000197746878257
0.000457190326415
0.000732104294002
0.00101921067107
0.00131573190447
0.00161839695647
0.00192438031081
0.00223036296666
0.00253305607475
0.002829589881
0.00311662862077
0.0033914912492
0.00365100963973
0.00389251019806
0.00411308323964
0.00431055389345
0.00448239035904
0.00462638633326
0.00474039744586
0.00482299737632
0.00487253861502
0.00488751055673
0.00486682821065
0.00480986014009
0.00471609691158
0.00458487216383
0.00441620964557
0.00421041995287
0.00396812753752
0.00368957407773
0.00337596517056
0.00302842794918
0.00264872657135
0.00223796186037
0.00179836887401
0.00133181188721
0.000841015425976
0.000327797024511
-0.000204769006814
-0.000754305627197
-0.00131741573568
-0.00189144618344
-0.00247364118695
-0.00306026288308
-0.00364867597818
-0.00423512328416
-0.00481696147472
-0.00539047410712
-0.00595275452361
-0.00650090817362
-0.00703139835969
-0.00754189258441
-0.00802905485034
-0.00849031098187
-0.00892333686352
-0.00932547077537
-0.00969487521797
-0.0100289918482
-0.0103261619806
-0.010585074313
-0.0108040804043
-0.0109819062054
-0.0111176269129
-0.0112105980515
-0.0112604191527
-0.0112665845081
-0.0112290401012
-0.0111482245848
-0.0110244946554
-0.0108584230766
-0.0106508154422
-0.0104028154165
-0.0101159689948
-0.00979147106409
-0.0094307968393
-0.0090362764895
-0.00860978383571
-0.00815310981125
-0.00766894873232
-0.00715964380652
-0.00662773195654
-0.00607548654079
-0.00550613086671
-0.00492222746834
-0.00432661641389
-0.00372185069136
-0.00311134103686
-0.00249771494418
-0.00188384053763
-0.00127230701037
-0.000666478765197
-6.87625943101e-05
0.00051817134954
0.00109192274977
0.0016494509764
0.00218878709711
0.00270766671747
0.00320407026447
0.00367557397112
0.00412075733766
0.00453798379749
0.00492561236024
0.00528250820935
0.0056074061431
0.0058995722793
0.0061581232585
0.00638249982148
0.00657254923135
0.00672821840271
0.0068492218852
0.00693587400019
0.00698878476396
0.00700855068862
0.00699578458443
0.00695143640041
0.00687669496983
0.00677287764847
0.0066412370652
0.00648325122893
0.00630065659061
0.00609521334991
0.00586864631623
0.00562286144122
0.00535976141691
0.00508164521307
0.00479043554515
0.00448821624741
0.00417716847733
0.00385941984132
0.0035371305421
0.00321242329665
0.00288737379014
0.00256408308633
0.00224463152699
0.00193097861484
0.00162499712314
0.00132855633274
0.00104351423215
0.000771579972934
0.000514262181241
0.000273088895483
4.94790365337e-05
-0.000155061396072
-0.000339526479365
-0.000502840965055
-0.000643943727482
-0.000761977396905
-0.000856338010635
-0.000926461652853
-0.000971762172412
-0.000991957494989
-0.000986979459412
-0.000956804142334
-0.000901378574781
-0.000820959510747
-0.000716075010132
-0.000587226299103
-0.000434973859228
-0.000260105414782
-6.37064222246e-05
0.000153159242473
0.000389404769521
0.000643678184133
0.000914437172469
0.00120009074453
0.00149903353304
0.00180936022662
0.00212936825119
0.00245691952296
0.00279003055766
0.00312656606548
0.00346426176839
0.00380087131634
0.00413413811475
0.00446157669649
0.00478116003796
0.00509039266035
0.0053869029507
0.00566840264946
0.00593266543001
0.0061774533242
0.00640044268221
0.00659979879856
0.00677350955084
0.00691970437765
0.00703651411459
0.00712229404598
0.0071758273989
0.00719575770199
0.00718078715727
0.00712997978553
0.00704283779487
0.00691872090101
0.00675712572411
0.00655796006322
0.00632165651768
0.00604831753299
0.00573840318248
0.00539270834997
0.00501264678314
0.00459912279621
0.00415356829762
0.00367762777023
0.00317363929935
0.00264322571456
0.00208869134076
0.00151274621021
0.000917572062463
0.00030618585879
-0.000318649661494
-0.000953718554229
-0.00159648014233
-0.00224352441728
-0.00289138779044
-0.00353752751835
-0.00417846394703
-0.0048107127659
-0.00543166464195
-0.00603769067675
-0.00662646163255
-0.00719474395737
-0.00773942144588
-0.00825834646821
-0.00874892156571
-0.0092086205259
-0.00963551923633
-0.010027284734
-0.0103827491403
-0.0107001746073
-0.0109779164195
-0.0112151307985
-0.0114109665155
-0.0115649793297
-0.011676424183
-0.0117452433333
-0.0117716174573
-0.011755890213
-0.0116983624175
-0.0115997632965
-0.0114611238241
-0.0112837068737
-0.0110684717074
-0.0108170434833
-0.0105309579521
-0.0102122807875
-0.0098624760285
-0.0094838552177
-0.00907827075571
-0.00864829588681
-0.00819574389607
-0.00772334169596
-0.00723303295672
-0.00672766007483
-0.00620916904882
-0.00568041019142
-0.0051434841007
-0.00460050813854
-0.00405434053391
-0.00350671657361
-0.00296028028242
-0.00241662748158
-0.00187839497812
-0.00134727812838
-0.00082479667617
-0.000313160620863
0.000186339966604
0.000671696849167
0.00114186888095
0.00159576174337
0.00203166739084
0.00244873180054
0.00284632830881
0.00322327762842
0.0035791345872
0.00391297508031
0.00422460865229
0.00451386114582
0.00478010904044
0.00502334162593
0.00524362223223
0.00544112641364
0.00561575964093
0.00576782319695
0.00589779065922
0.00600596703589
0.00609281659126
0.00615885853767
0.0062047787942
0.0062312008813
0.00623879441991
0.00622830027714
0.0062005193904
0.00615628762171
0.00609643012285
0.00602178089321
0.00593317532912
0.00583158200607
0.00571787031367
0.00559291243553
0.00545756658539
0.00531265931204
0.00515920622274
0.0049979868345
0.00482980720699
0.00465547991917
0.00447581056505
0.00429146783426
0.0041033453308
0.00391204981133
0.00371829629876
0.00352271250449
0.00332588911988
0.00312840868719
0.00293076224625
0.00273364922032
0.00253744865768
0.00234262924641
0.002149655018
0.00195892038755
0.00177079637069
0.00158565456513
0.00140384840779
0.00122569699306
0.00105146749411
0.000881460495293
0.000715940492228
0.000555149163119
0.000399315089453
0.000248646858381
0.000103351645521
-3.63898725482e-05
-0.000170416562469
-0.000298569473671
-0.000420701340772
-0.000536673120223
-0.000646380358376
-0.000749718572479
-0.000846596842166
-0.000936920521781
-0.0010206400184
-0.0010977035854
-0.00116804882418
-0.00123164092656
-0.00128844915889
-0.00133847596589
-0.00138169364072
-0.00141807913315
-0.00144765002187
-0.00147039769217
-0.0014862989774
-0.00149538868573
-0.00149764469825
-0.0014930581674
-0.00148162781261
-0.00146332383156
-0.00143813202158
-0.00140603666659
-0.00136700842995
-0.0013209868921
-0.00126794667449
-0.00120784970932
-0.00114065222442
-0.00106633431278
-0.000984807149507
-0.000896085170098
-0.000800127279945
-0.000696933304425
-0.000586615817156
-0.000469107035315
-0.000344494357705
-0.000212908955291
-7.46047808207e-05
7.03605110175e-05
0.000221707639867
0.000379135075491
0.000542134745046
0.000710429681931
0.000883490545675
0.00106067734305
0.00124144321308
0.00142495986074
0.00161048898008
0.00179709831718
0.00198392127641
0.00216982187703
0.00235370919108
0.00253459950909
0.00271111936308
0.00288192089647
0.00304586882703
0.00320148630999
0.00334750022739
0.00348243582994
0.00360482698306
0.00371339824051
0.00380667997524
0.00388341094367
0.00394217623398
0.00398170528933
0.00400093337521
0.00399873079732
0.00397399161011
0.00392582826316
0.00385353923775
0.00375647819601
0.00363407633267
0.00348584237508
0.003311883891
0.00311202718876
0.00288644549437
0.00263524893671
0.00235935882665
0.00205926713534
0.00173599459231
0.00139046891127
0.00102398032323
0.000638389843516
0.000234847844695
-0.000184505013749
-0.000617875193711
-0.00106266513467
-0.00151712493971
-0.00197841576301
-0.002444118727
-0.00291178538464
-0.00337831163779
-0.00384140200913
-0.00429775379598
-0.00474476441741
-0.00517978286371
-0.00559961749241
-0.00600181845948
-0.00638387911022
-0.00674277916551
-0.00707625132054
-0.00738230766729
-0.00765850907192
-0.00790289323777
-0.00811377819628
-0.00828963052481
-0.00842930469662
-0.00853154156357
-0.00859548896551
-0.00862082187086
-0.0086073493585
-0.00855485815555
-0.00846348516643
-0.0083341486752
-0.00816769432276
-0.00796496961266
-0.00772713311017
-0.00745620392263
-0.00715393712744
-0.00682218559086
-0.00646308250725
-0.00607899622992
-0.00567286415026
-0.00524710025638
-0.00480444356799
-0.0043478324078
-0.00388021743856
-0.00340433767997
-0.00292359478772
-0.00244070845656
-0.00195861957036
-0.00148023560178
-0.00100835971534
-0.000545537041035
-9.42896731431e-05
0.000342850835295
0.000763632182498
0.00116640131455
0.00154894322623
0.00190966483206
0.00224707927555
0.00256023253314
0.00284821889363
0.00311011588201
0.00334536191076
0.00355394813232
0.00373588176444
0.0038911649026
0.00402014330029
0.00412362348288
0.00420241989195
0.00425739493221
0.00428958004341
0.00430041179061
0.00429131370038
0.0042636920698
0.00421910779551
0.00415927730501
0.00408592354506
0.00400076853111
0.00390556384809
0.00380202126689
0.003691858612
0.00357683026232
0.00345860724337
0.003338560462
0.00321821356192
0.00309904315509
0.00298235449009
0.00286919693463
0.00276059121825
0.00265762512572
0.00256103836
0.00247143302113
0.00238930853084
0.00231516244821
0.00224937801249
0.00219190609641
0.00214278534986
0.00210203882307
0.00206953962334
0.00204484304413
0.00202758563682
0.00201737368479
0.00201369286515
0.00201587378979
0.00202326709405
0.00203517545015
0.00205093296245
0.00206973473541
0.00209080986679
0.00211340864189
0.00213673827238
0.00216009630822
0.00218274304643
0.00220394646749
0.0022230213508
0.00223942799494
0.00225254846737
0.00226185773499
0.00226684170775
0.0022671292536
0.00226239697076
0.00225229701027
0.00223653344437
0.00221501826309
0.00218762108125
0.00215421780013
0.00211479910649
0.00206939736381
0.00201816367917
0.00196112063713
0.00189846532885
0.00183035654482
0.00175707635935
0.00167881138623
0.00159586616792
0.00150850694627
0.00141696596984
0.0013216312509
0.00122270756401
0.0011205796618
0.00101544079371
0.000907710229512
0.000797576911282
0.000685262901243
0.00057114136871
0.000455326808151
0.000338186131557
0.000219847701374
0.000100469871541
-1.96450873773e-05
-0.000140353193274
-0.000261555891484
-0.000382986007025
-0.000504516530782
-0.000626054999884
-0.000747328973375
-0.000868232513312
-0.00098864629399
-0.00110830727499
-0.00122706382535
-0.00134471466299
-0.0014611184597
-0.00157596543431
-0.00168903404847
-0.00180005119182
-0.00190876889974
-0.00201494130306
-0.00211812113412
-0.00221803598106
-0.00231433589943
-0.00240664137527
-0.00249460572377
-0.00257774721831
-0.00265567353927
-0.00272798235528
-0.00279424875043
-0.00285403523594
-0.00290690851398
-0.00295246834867
-0.00299027725123
-0.00301998108625
-0.00304117240012
-0.00305349519476
-0.003056677524
-0.00305043812841
-0.00303451623768
-0.00300869182684
-0.00297286733985
-0.00292700296268
-0.00287099252455
-0.00280486326665
-0.00272878003307
-0.0026429546997
-0.00254755909555
-0.0024428947363
-0.00232942635193
-0.00220764428377
-0.00207807472907
-0.00194127263967
-0.00179801217746
-0.00164910138119
-0.00149533047806
-0.00133754941635
-0.0011767691467
-0.00101402250584
-0.000850444834214
-0.000686911400408
-0.00052468519425
-0.000364927895134
-0.000208792989724
-5.7449338783e-05
8.79343424458e-05
0.000226130272495
0.000356132397428
0.00047672103392
0.000586926180404
0.000685732928105
0.000772124738432
0.000845275179017
0.000904444314074
0.000948979344685
0.000978214317001
0.000991618609987
0.000988941290416
0.000970008899458
0.000934641226195
0.000882744090632
0.000814632396214
0.000730738509446
0.00063131924253
0.000516933854669
0.00038850583951
0.000246854790021
9.2977337772e-05
-7.19681120245e-05
-0.00024676710018
-0.000429874722613
-0.000619752390776
-0.000815066741779
-0.00101380585693
-0.00121437804773
-0.00141474814154
-0.00161325233057
-0.00180782319512
-0.00199637911282
-0.00217710901052
-0.00234788819216
-0.00250697694719
-0.00265228655189
-0.00278209918179
-0.00289444345981
-0.00298784649931
-0.00306067429483
-0.00311145652086
-0.0031387056224
-0.0031414446421
-0.00311871757731
-0.00306957866997
-0.00299319229089
-0.00288938195445
-0.00275783776306
-0.00259853899479
-0.00241133524105
-0.00219698622823
-0.001956126187
-0.00168927409686
-0.00139759317972
-0.00108236935921
-0.000744977267459
-0.000387321430026
-1.09272396003e-05
0.000382277241442
0.000789605139289
0.00120898499154
0.001638073707
0.00207440461963
0.00251480913721
0.00295674824156
0.00339743727818
0.00383422058076
0.0042637353763
0.00468327244744
0.00508997123688
0.00548120960593
0.00585387181491
0.0062054079026
0.0065331440419
0.00683472072706
0.00710791349411
0.00735053466633
0.00756023591384
0.0077355382964
0.00787491351366
0.00797688402236
0.00804007891566
0.00806353148073
0.00804697908461
0.00798984616995
0.00789177697152
0.00775308115408
0.00757418433204
0.00735569279641
0.00709820399061
0.00680305017158
0.00647175731137
0.00610581971705
0.00570689234883
0.00527720712125
0.00481917336583
0.00433518784121
0.00382776069455
0.00329983630218
0.00275449338369
0.00219482788816
0.00162394403014
0.00104522053152
0.00046214350732
-0.000121867145936
-0.000703329977114
-0.00127879320644
-0.00184476014692
-0.00239776191302
-0.00293437275104
-0.00345136318356
-0.00394563889131
-0.00441404618323
-0.00485356571153
-0.0052618063055
-0.00563594372943
-0.00597374234349
-0.00627292506397
-0.00653187325224
-0.00674915593117
-0.00692337751389
-0.00705324811861
-0.00713841058314
-0.00717849750072
-0.00717342179269
-0.00712315319106
-0.00702845863998
-0.0068905223161
-0.00671041104943
-0.00648940959945
-0.00622946349904
-0.00593312224373
-0.00560262706131
-0.00524025503546
-0.00484948372468
-0.00443324167281
-0.00399528397247
-0.00353882601485
-0.00306743616238
-0.00258552702144
-0.00209657521918
-0.00160505238455
-0.0011145148892
-0.000629278947599
-0.00015369040193
0.000308704038616
0.000753858592361
0.00117786973715
0.00157749524806
0.00194891809952
0.00228894874454
0.00259514898062
0.00286453845911
0.00309445196763
0.00328308227472
0.00342891714536
0.00353048113175
0.00358640193008
0.00359636708163
0.0035603994038
0.00347854127176
0.00335099967197
0.00317901978269
0.00296408659779
0.00270807510242
0.00241263350472
0.00208050152287
0.00171451771166
0.00131813145708
0.000894128112122
0.000446766993264
-2.02227129193e-05
-0.000502227572724
-0.000995546462946
-0.00149538158439
-0.00199677003548
-0.00249552540481
-0.00298668560572
-0.00346560846083
-0.00392766669393
-0.00436801230535
-0.00478254538029
-0.00516696460545
-0.00551735237241
-0.00583000760525
-0.0061008175835
-0.00632706889883
-0.00650619342923
-0.00663572037593
-0.00671309931204
-0.00673718005419
-0.00670717097819
-0.00662228837609
-0.00648189615458
-0.00628666346893
-0.00603792956099
-0.00573666905984
-0.00538434414193
-0.00498355180025
-0.00453737191856
-0.00404915260151
-0.00352165428922
-0.00295901764184
-0.00236639729701
-0.00174816302024
-0.00110899296124
-0.000454152002931
0.000211140475585
0.000880732375663
0.00154972088058
0.0022118431516
0.00286208698526
0.00349446362816
0.00410305336118
0.00468331808224
0.00522996392101
0.00573803531006
0.00620265025645
0.0066198897548
0.00698620500043
0.00729824230075
0.00755227077752
0.00774641474709
0.00787919852883
0.00794893596321
0.00795439630747
0.00789566617459
0.00777356512845
0.00758879026398
0.00734236789867
0.00703669013456
0.00667485641316
0.00625989679247
0.0057950457558
0.00528475502506
0.00473372684792
0.00414746394381
0.00353047600947
0.00288928626105
0.0022294789087
0.00155761174392
0.000880280102137
0.000203346222406
-0.000466252240585
-0.00112188444473
-0.00175701105036
-0.00236572185531
-0.00294140772894
-0.00347838271409
-0.00397097505629
-0.00441384455189
-0.00480294879526
-0.00513360416517
-0.00540154892951
-0.0056039346382
-0.00573885533959
-0.0058040576987
-0.00579761620611
-0.00571950525045
-0.0055704084225
-0.00535087333992
-0.00506204692647
-0.00470648845658
-0.00428785849363
-0.00380995310843
-0.00327612063847
-0.00269201933406
-0.00206370605156
-0.00139691110235
-0.000698543386534
2.43607573793e-05
0.000764388823882
0.00151299755089
0.00226308172569
0.00300602242351
0.00373343611136
0.00443691527471
0.00510814040899
0.00573929818347
0.00632269773632
0.00685092434287
0.00731600634754
0.00771233346313
0.00803384650499
0.00827527977526
0.0084311934188
0.00849842559546
0.00847456045449
0.00835707783699
0.00814414583147
0.00783639214933
0.00743516674265
0.00694207893685
0.00635953340679
0.00569184869528
0.00494499411434
0.0041247503832
0.00323737389408
0.00229120021686
0.00129675492644
0.000262624263996
-0.000800118490588
-0.00188070395961
-0.00296615390107
-0.00404405314475
-0.00510177947581
-0.00612642103806
-0.00710324663669
-0.0080191148445
-0.00886091310531
-0.00961511116475
-0.0102684879676
-0.0108078271151
-0.0112211965024
-0.0114981587976
-0.0116287292913
-0.0116028906778
-0.0114116342738
-0.0110489837825
-0.0105100041255
-0.00978972576559
-0.00888442527503
-0.00779472896829
-0.00652225315571
-0.00506779737771
-0.0034359714482
-0.00163317960687
0.000330709910486
0.00244660885073
0.00470387656242
0.00708695035428
0.00958057679236
0.0121658323333
0.014827311039
0.0175417289138
0.0202849488705
0.0230368822813
0.0257737245411
0.0284664388746
0.0310894716531
0.0336171574891
0.0360210798681
0.0382724627852
0.0403456091881
0.0422123596072
0.0438438653946
0.045215729624
0.046303331852
0.047080822289
0.0475249215961
0.0476170778275
0.0473386012018
0.0466706864536
0.0455986522138
0.0441126897931
0.0422060787678
0.0398688577116
0.0370979569852
0.0338974744081
0.0302705168724
0.0262254290283
0.0217682663351
0.0169218070805
0.0117007521912
0.00612664129585
0.000223966941121
-0.00597760872915
-0.0124388951808
-0.0191326104105
-0.026014553383
-0.0330466814339
-0.0401841849089
-0.0473752506077
-0.054575137794
-0.061735060066
-0.0687958747149
-0.0757118016481
-0.0824263393879
-0.0888854861259
-0.0950381085277
-0.100824445486
-0.10619828105
-0.111107937992
-0.11550462991
-0.119339689612
-0.122570298612
-0.125160753727
-0.127071991563
-0.128269508481
-0.128725111485
-0.128420218825
-0.127336546779
-0.125455141068
-0.122771851718
-0.119288131595
-0.115009360015
-0.109940454364
-0.104096658528
-0.0975118428469
-0.0902082100511
-0.0822219029069
-0.0735875889659
-0.064355365932
-0.0545850805938
-0.0443243794143
-0.033630464226
-0.0225769486278
-0.0112326489761
0.000332971219905
0.0120443981141
0.0238285455853
0.0356009453535
0.0472770296037
0.0587947443128
0.0700580254197
0.0809934735298
0.0915280282497
0.10158444941
0.11109367013
0.119986638427
0.12819634378
0.13566853106
0.142357051373
0.148207962513
0.153174996376
0.157229185104
0.160348877311
0.16250641644
0.163686111569
0.1638866961
0.163075879216
0.161297023296
0.158565148711
0.154907315969
0.150360584259
0.14496023953
0.138746514916
0.131771534681
0.124101735651
0.115788057446
0.106897242367
0.0975025594234
0.0876788496971
0.0775009915233
0.067040450871
0.0563829131424
0.0456095710397
0.034801710397
0.0240393877029
0.0134003544226
0.00296211941168
-0.00720255775377
-0.0170110724866
-0.0264074392617
-0.0353222414851
-0.0436908490956
-0.0514566712081
-0.058577824384
-0.0650032386184
-0.0706946849823
-0.0756136253476
-0.0797448530793
-0.0830666571856
-0.0855601355433
-0.08721935004
-0.0880517810583
-0.0880652368069
-0.0872675701976
-0.0856812596321
-0.0833382606506
-0.0802744776011
-0.076521396637
-0.0721264928579
-0.0671449154615
-0.0616318359971
-0.0556430891156
-0.0492429733276
-0.0425011478364
-0.0354872532189
-0.0282678138465
-0.0209231711924
-0.0135216005147
-0.00614544842392
0.0011374282185
0.00824772566557
0.0151212569326
0.0216833986342
0.0278644487262
0.0336007885635
0.0388407446444
0.0435237772763
0.047595154494
0.0510144606233
0.0537456162274
0.0557524524629
0.0569896139205
0.0574541389942
0.0571396537125
0.056037440896
0.0541431680322
0.0514746420085
0.0480503812432
0.0438896901906
0.0390181057155
0.0334750637412
0.0273111108691
0.0205686520785
0.0132983056828
0.00556327076629
-0.00257566408254
-0.0110458601266
-0.019782686606
-0.0287108309567
-0.037754368037
-0.0468373112381
-0.0558832325041
-0.0648193210363
-0.0735600963235
-0.0820327550173
-0.0901640281081
-0.0978856384754
-0.105126388371
-0.111825272441
-0.117919132113
-0.123357541859
-0.128090471029
-0.132066577673
-0.135251954198
-0.137618497014
-0.139139920473
-0.139792367816
-0.139564946294
-0.138459339738
-0.136475861073
-0.133618816733
-0.129905208945
-0.125363141298
-0.120020717382
-0.11390722543
-0.107065811753
-0.0995474606752
-0.0914071574807
-0.0826892107725
-0.0734642297029
-0.0637906044722
-0.0537447333336
-0.0433899201453
-0.0327990576625
-0.0220470242202
-0.0112086962909
-0.000358794612112
0.0104290228337
0.021076111123
0.031519882381
0.0416779443622
0.0514910705388
0.0608941577375
0.0698046907783
0.0781846642494
0.0859831124544
0.0931563153863
0.0996577069163
0.105452053249
0.110518336296
0.114831879735
0.118373580277
0.121132656932
0.123110055923
0.124310769141
0.124741069973
0.12441252172
0.123352721334
0.121591687202
0.119156703353
0.116085238755
0.112420983613
0.108215332031
0.103514499962
0.098370410502
0.0928443223238
0.0869901478291
0.0808724313974
0.0745484903455
0.0680795311928
0.0615298822522
0.0549546405673
0.048418302089
0.0419723577797
0.0356712080538
0.0295691266656
0.0237164925784
0.0181481484324
0.0129093471915
0.00803933944553
0.0035639370326
-0.000491503044032
-0.00410986458883
-0.00726725440472
-0.009954479523
-0.0121733881533
-0.013921380043
-0.0151996295899
-0.0160181634128
-0.016394726932
-0.0163472294807
-0.0158942211419
-0.0150617053732
-0.0138815185055
-0.0123837608844
-0.0106014274061
-0.00856951903552
-0.00632732268423
-0.00391081674024
-0.00136045343243
0.00128544715699
0.00399132724851
0.00671648746356
0.00942456629127
0.0120817646384
0.0146549772471
0.0171136874706
0.0194269213825
0.0215705502778
0.0235226154327
0.0252631939948
0.0267725009471
0.0280385445803
0.0290542691946
0.0298117510974
0.0303044337779
0.0305340830237
0.0305060017854
0.0302253421396
0.029698099941
0.0289376452565
0.0279596056789
0.0267783980817
0.0254111029208
0.0238780155778
0.0221989545971
0.0203967280686
0.018492847681
0.0165073946118
0.0144642554224
0.0123845124617
0.0102905957028
0.00820000562817
0.00613054726273
0.00410095276311
0.00212666764855
0.000219684443437
-0.00161228934303
-0.00335753057152
-0.00500821415335
-0.00656401133165
-0.0080253733322
-0.00939276907593
-0.0106677301228
-0.0118590276688
-0.0129779363051
-0.0140335671604
-0.0150374155492
-0.0160061400384
-0.0169570054859
-0.017906812951
-0.0188737343997
-0.0198774151504
-0.0209374465048
-0.0220743119717
-0.0233075972646
-0.0246548261493
-0.0261336006224
-0.0277621969581
-0.0295570343733
-0.0315297022462
-0.0336897484958
-0.0360474511981
-0.0386121943593
-0.0413851328194
-0.0443643629551
-0.0475506559014
-0.0509410873055
-0.0545223839581
-0.0582807958126
-0.0622044019401
-0.0662773698568
-0.0704732909799
-0.0747676119208
-0.0791319534183
-0.0835400223732
-0.0879565104842
-0.0923426672816
-0.0966617017984
-0.100869521499
-0.104931749403
-0.10880304873
-0.112443134189
-0.115807011724
-0.118854306638
-0.12154045701
-0.12382479012
-0.125665634871
-0.127024844289
-0.127868235111
-0.128159657121
-0.127866342664
-0.126963809133
-0.125430718064
-0.123246252537
-0.120389282703
-0.116857305169
-0.112643815577
-0.107752814889
-0.102178044617
-0.0959395319223
-0.0890550911427
-0.081548795104
-0.0734397023916
-0.0647645890713
-0.0555708892643
-0.0459020100534
-0.0357925035059
-0.0253083519638
-0.0145061360672
-0.0034527592361
0.00779493246228
0.0191619619727
0.0305807851255
0.0419784225523
0.0532817468047
0.0644110143185
0.0752967298031
0.0858589112759
0.0960283130407
0.105735458434
0.114909887314
0.123490430415
0.131411582232
0.138615250587
0.145058378577
0.150694280863
0.155474692583
0.159372076392
0.162361741066
0.164429083467
0.165552958846
0.165730699897
0.164973989129
0.163293778896
0.160703450441
0.157229557633
0.15290991962
0.147790104151
0.141912847757
0.135324001312
0.12809446454
0.120286464691
0.111965253949
0.103205531836
0.0940815508366
0.0846719518304
0.075055450201
0.0653159990907
0.0555286593735
0.0457731932402
0.0361341871321
0.0266785956919
0.0174856986851
0.00861940160394
0.000152659908053
-0.0078553725034
-0.0153580131009
-0.0222961399704
-0.0286327134818
-0.0343182645738
-0.0393328666687
-0.0436434671283
-0.0472271852195
-0.0500763580203
-0.0521881356835
-0.0535696260631
-0.0542260408401
-0.0541652627289
-0.0534111559391
-0.0519917719066
-0.0499369837344
-0.0472763031721
-0.0440521091223
-0.040306456387
-0.0360882282257
-0.0314413681626
-0.0264165773988
-0.0210672449321
-0.0154467709363
-0.00961146503687
-0.00360894110054
0.00250179786235
0.00867050513625
0.014844131656
0.0209705736488
0.0270097088069
0.0329097919166
0.0386279709637
0.0441242046654
0.0493642538786
0.0543140880764
0.0589397475123
0.0632113143802
0.0671125873923
0.0706197470427
0.0737148299813
0.0763831138611
0.0786178335547
0.0804127603769
0.0817612111568
0.0826621353626
0.0831195786595
0.0831396132708
0.0827280730009
0.0818929895759
0.0806482806802
0.0790086612105
0.0769887790084
0.0746045634151
0.07187602669
0.0688259601593
0.0654473528266
0.0617889612913
0.057873018086
0.0537275448442
0.0493751689792
0.0448380894959
0.0401462204754
0.0353231802583
0.0303947571665
0.025386730209
0.0203243661672
0.0152326691896
0.0101392129436
0.0050639170222
3.22536070598e-05
-0.00493398075923
-0.00981060508639
-0.0145807173103
-0.0192235857248
-0.0237212888896
-0.028062377125
-0.0322289988399
-0.0362080857158
-0.039996419102
-0.0435834303498
-0.0469657257199
-0.0501381456852
-0.0531076490879
-0.0558754578233
-0.058448523283
-0.0608331114054
-0.0630473122001
-0.0651050359011
-0.0670245289803
-0.0688245221972
-0.0705307349563
-0.0721719637513
-0.0737745836377
-0.0753670707345
-0.0769850090146
-0.0786624923348
-0.0804343447089
-0.0823358297348
-0.0844025239348
-0.0866726636887
-0.0891589820385
-0.091906696558
-0.0949573889375
-0.0983432233334
-0.10209454596
-0.10623999685
-0.110800765455
-0.115787036717
-0.121219314635
-0.127105072141
-0.133448272943
-0.140237078071
-0.147462368011
-0.155109673738
-0.163161233068
-0.171565756202
-0.180287227035
-0.189284592867
-0.198502734303
-0.207859829068
-0.217291772366
-0.226716026664
-0.236052751541
-0.24519520998
-0.254040926695
-0.262491315603
-0.270426899195
-0.277730941772
-0.28428542614
-0.289965361357
-0.294648677111
-0.298212230206
-0.300533086061
-0.301488012075
-0.300960153341
-0.298844903708
-0.295036137104
-0.289430320263
-0.281935244799
-0.272485107183
-0.261010110378
-0.247459381819
-0.231769457459
-0.213938370347
-0.193963468075
-0.171841830015
-0.147571057081
-0.121238201857
-0.0928689241409
-0.062565356493
-0.0304259415716
0.00343130948022
0.0388208255172
0.0756286308169
0.113677799702
0.152762651443
0.192681565881
0.2331712991
0.274046003819
0.315025210381
0.355854898691
0.396219909191
0.435884088278
0.474538654089
0.511888444424
0.547655105591
0.58150935173
0.613199770451
0.642445504665
0.668942153454
0.692439258099
0.712680578232
0.729448974133
0.742527544498
0.751704335213
0.756806969643
0.75771510601
0.754307329655
0.746464371681
0.73412746191
0.717301309109
0.695981502533
0.670182645321
0.639971852303
0.605473637581
0.566866457462
0.52423787117
0.477844268084
0.427915245295
0.374751567841
0.318632513285
0.259846061468
0.198802083731
0.135889038444
0.0714633315802
0.00599814299494
-0.060152541846
-0.126434713602
-0.192457452416
-0.257727533579
-0.321808248758
-0.384196847677
-0.444423526525
-0.502057492733
-0.556641936302
-0.607755184174
-0.654996573925
-0.697941601276
-0.736263096333
-0.769661188126
-0.797802448273
-0.820410132408
-0.8372874856
-0.84829044342
-0.853251159191
-0.851895868778
-0.84437161684
-0.830714762211
-0.810952782631
-0.78513944149
-0.753475308418
-0.716191709042
-0.673498809338
-0.625666320324
-0.573064863682
-0.516072273254
-0.455119818449
-0.390596926212
-0.323039293289
-0.252982914448
-0.180963546038
-0.107486188412
-0.0331311225891
0.0414674952626
0.115712106228
0.189006879926
0.260803639889
0.330485969782
0.397507458925
0.461260825396
0.521237432957
0.576982557774
0.627983570099
0.673771202564
0.714001238346
0.748333871365
0.776466608047
0.798080682755
0.813009738922
0.821154654026
0.822404623032
0.816673576832
0.804011523724
0.784549832344
0.758418619633
0.725744366646
0.686817228794
0.641985416412
0.591571688652
0.53595584631
0.475573539734
0.410974174738
0.342680990696
0.27118819952
0.197123065591
0.121115453541
0.0437570288777
-0.034283965826
-0.112361945212
-0.189861252904
-0.266090631485
-0.340400159359
-0.412213027477
-0.480902612209
-0.545909404755
-0.606616973877
-0.662529885769
-0.713199913502
-0.758199691772
-0.797084152699
-0.829502463341
-0.855239093304
-0.87403011322
-0.885646998882
-0.889990389347
-0.88704764843
-0.876799702644
-0.859248459339
-0.834542989731
-0.802890002728
-0.764522850513
-0.71967959404
-0.668701291084
-0.612039148808
-0.550123929977
-0.483364701271
-0.412328511477
-0.337598919868
-0.259720623493
-0.179319545627
-0.0970357209444
-0.0134903676808
0.0706138536334
0.154614239931
0.237891897559
0.319746077061
0.399517387152
0.476592749357
0.550335288048
0.620170354843
0.685556173325
0.745897293091
0.80073672533
0.849678993225
0.892273902893
0.92812526226
0.956987142563
0.978623270988
0.992817997932
0.99939095974
0.998298227787
0.989555060863
0.973169565201
0.949189543724
0.917815446854
0.879289269447
0.833832323551
0.781621098518
0.723148286343
0.658900082111
0.589319705963
0.51487660408
0.436092376709
0.353590458632
0.267911761999
0.179742991924
0.0896414294839
-0.0017389456043
-0.0936517417431
-0.18553416431
-0.276737093925
-0.366524487734
-0.4543364048
-0.539503514767
-0.621495127678
-0.699707150459
-0.773576974869
-0.842586696148
-0.906342327595
-0.964397192001
-1.01636230946
-1.06183922291
-1.10064184666
-1.13254272938
-1.15729284286
-1.17477571964
-1.18496263027
-1.18784892559
-1.18342208862
-1.17176055908
-1.15305566788
-1.12749326229
-1.09528040886
-1.05669236183
-1.0120716095
-0.961804151535
-0.906260848045
-0.845838606358
-0.781046450138
-0.712370038033
-0.640296041965
-0.565302371979
-0.487958431244
-0.408800899982
-0.328328341246
-0.247105389833
-0.165652811527
-0.0844907015562
-0.00409848708659
0.0750132575631
0.152437210083
0.227656841278
0.300307542086
0.369992822409
0.436423420906
0.499244809151
0.558148384094
0.612921357155
0.66341650486
0.709433495998
0.750816941261
0.787530958652
0.819515883923
0.846787273884
0.869339227676
0.887232422829
0.900337278843
0.908969223499
0.913311719894
0.913569867611
0.909964680672
0.902716994286
0.892052829266
0.878248274326
0.861580491066
0.842326581478
0.820755064487
0.79716193676
0.771821856499
0.745046317577
0.717086493969
0.688211500645
0.658676505089
0.628722846508
0.598593890667
0.568482637405
0.53856664896
0.509064018726
0.480100601912
0.45178771019
0.424260377884
0.397600293159
0.37188449502
0.347126096487
0.3233717978
0.300620555878
0.278863608837
0.258041620255
0.238123968244
0.219039037824
0.200712561607
0.183035388589
0.165915057063
0.149248361588
0.132918432355
0.116802461445
0.100769892335
0.0847061350942
0.0684874951839
0.0520156621933
0.0351561717689
0.0178168490529
-6.69427463436e-05
-0.0185806825757
-0.0377918966115
-0.0577639937401
-0.0785231664777
-0.100099444389
-0.122502490878
-0.145732983947
-0.169750809669
-0.194522604346
-0.219991713762
-0.246090888977
-0.27271720767
-0.29977735877
-0.327152878046
-0.354717612267
-0.382321506739
-0.409825801849
-0.437066078186
-0.463879585266
-0.490093141794
-0.515544950962
-0.540050268173
-0.563438892365
-0.585542678833
-0.606203258038
-0.625244319439
-0.64251935482
-0.657891452312
-0.671230792999
-0.682397484779
-0.691293776035
-0.697835087776
-0.701935350895
-0.703521847725
-0.70217782259
-0.698267102242
-0.691766858101
-0.68267840147
-0.671046197414
-0.656922876835
-0.64036077261
-0.6214209795
-0.60023444891
-0.576899051666
-0.551541864872
-0.524287104607
-0.495327055454
-0.464804679155
-0.432903319597
-0.399822592735
-0.365716159344
-0.330830901861
-0.295352399349
-0.259467929602
-0.223399907351
-0.187371060252
-0.151553019881
-0.116139493883
-0.0813496932387
-0.0473528057337
-0.0143154589459
0.0175746586174
0.0482033081353
0.0773957818747
0.105043202639
0.131029754877
0.155181765556
0.177450016141
0.197765663266
0.216095507145
0.232421070337
0.246701225638
0.258933782578
0.269151449203
0.277377605438
0.28365021944
0.288021653891
0.290569096804
0.291378796101
0.290533721447
0.28813368082
0.284300714731
0.279151886702
0.272813528776
0.265410870314
0.257090330124
0.247983917594
0.238240003586
0.227988913655
0.217379376292
0.206545695662
0.195620343089
0.184739083052
0.174017474055
0.163576141
0.153531268239
0.14397367835
0.134918093681
0.126543015242
0.118930026889
0.112121760845
0.106170609593
0.101115979254
0.096996769309
0.093816883862
0.091579772532
0.0902888923883
0.0899342820048
0.0904834643006
0.0919015854597
0.094155870378
0.097197830677
0.100967206061
0.105402491987
0.110439456999
0.116013534367
0.122043982148
0.128460809588
0.135182678699
0.14213719964
0.149245932698
0.156440734863
0.163640812039
0.170784190297
0.177809327841
0.184650823474
0.191257178783
0.197576344013
0.203572258353
0.209094747901
0.214204579592
0.218886494637
0.223127096891
0.226910874248
0.23022633791
0.233078673482
0.235473528504
0.237415969372
0.238917291164
0.239993870258
0.24066452682
0.240948587656
0.24086470902
0.240433007479
0.239673852921
0.238607198
0.237248539925
0.235609322786
0.233698621392
0.231529563665
0.229100182652
0.22640645504
0.223440691829
0.220197036862
0.216655507684
0.212790369987
0.208577826619
0.203989207745
0.198990598321
0.193539306521
0.187594562769
0.181117683649
0.174061432481
0.166379675269
0.158029809594
0.148963481188
0.139099791646
0.12844067812
0.116967953742
0.104642823339
0.0914529189467
0.077375665307
0.0623946674168
0.0465093888342
0.0297243911773
0.0120631577447
-0.00645842636004
-0.025831989944
-0.0459808632731
-0.0668821036816
-0.0884546041489
-0.110664524138
-0.133395716548
-0.156582847238
-0.180139765143
-0.203957542777
-0.227934092283
-0.251944482327
-0.275886118412
-0.299626767635
-0.323037832975
-0.346001148224
-0.368377536535
-0.390048205853
-0.410873889923
-0.430735111237
-0.449494361877
-0.46703979373
-0.483242064714
-0.498009800911
-0.511210143566
-0.522765278816
-0.532574355602
-0.540562570095
-0.546643435955
-0.550760924816
-0.552867054939
-0.552917182446
-0.550869047642
-0.546708703041
-0.540433883667
-0.532049834728
-0.521554231644
-0.508978068829
-0.494372069836
-0.477782726288
-0.459260821342
-0.438875377178
-0.41672372818
-0.392883390188
-0.367469578981
-0.340575695038
-0.312337785959
-0.282866150141
-0.252301573753
-0.220789283514
-0.18847964704
-0.15550622344
-0.122036397457
-0.0882316306233
-0.0542386807501
-0.020255073905
0.0135901067406
0.0471153222024
0.0801734104753
0.112566135824
0.14416089654
0.174788311124
0.204300135374
0.232559815049
0.259395033121
0.284702837467
0.308345884085
0.330200523138
0.350157797337
0.368107587099
0.383978933096
0.397677570581
0.409125238657
0.418275117874
0.42508906126
0.429502010345
0.431502968073
0.431096315384
0.428296327591
0.423117399216
0.415582567453
0.40575170517
0.393694221973
0.379472970963
0.363168865442
0.3449023664
0.324778288603
0.302925258875
0.279469668865
0.25456699729
0.228381678462
0.201077416539
0.172820970416
0.143799111247
0.114190421999
0.0842172950506
0.0540434159338
0.0239005293697
-0.00602194946259
-0.0355348102748
-0.0644059851766
-0.0924666747451
-0.119494482875
-0.145322039723
-0.169732034206
-0.192574813962
-0.213665097952
-0.232860848308
-0.24998319149
-0.264917343855
-0.277537584305
-0.287744939327
-0.295420557261
-0.300496131182
-0.302927583456
-0.302670508623
-0.299682766199
-0.293959140778
-0.28553122282
-0.2744320333
-0.260702311993
-0.244394287467
-0.225621506572
-0.20450425148
-0.181131049991
-0.15565739572
-0.128245010972
-0.099069096148
-0.068303771317
-0.036135867238
-0.00278393179178
0.0315126851201
0.0665701553226
0.102129302919
0.137925580144
0.173704504967
0.209253922105
0.244331255555
0.278674930334
0.312059670687
0.344256639481
0.374973326921
0.404030829668
0.431193977594
0.45623165369
0.478940069675
0.499133557081
0.516650855541
0.531326293945
0.543012559414
0.551592111588
0.556991159916
0.559140324593
0.557974517345
0.553462803364
0.545629501343
0.534511506557
0.520133912563
0.502543091774
0.481742590666
0.457643389702
0.430662363768
0.400907576084
0.368505656719
0.333666145802
0.296552449465
0.257349997759
0.216307222843
0.173660069704
0.129689961672
0.0846154093742
0.038760188967
-0.00757969729602
-0.0541363954544
-0.100625813007
-0.146772533655
-0.192287445068
-0.236939504743
-0.280330240726
-0.322203934193
-0.362476825714
-0.400893062353
-0.437229037285
-0.471232742071
-0.502671003342
-0.531352341175
-0.557114303112
-0.579738676548
-0.599132835865
-0.615207850933
-0.627916157246
-0.637226164341
-0.64312762022
-0.645671904087
-0.644096970558
-0.639198422432
-0.630958497524
-0.619409799576
-0.6046205163
-0.586655974388
-0.565616846085
-0.541644155979
-0.514943659306
-0.485735833645
-0.454264253378
-0.420751690865
-0.385452896357
-0.348294168711
-0.309563428164
-0.269633322954
-0.228685289621
-0.186992049217
-0.144783735275
-0.102331340313
-0.0599141828716
-0.0178309101611
0.0236967410892
0.0644018426538
0.104074060917
0.142480030656
0.179439634085
0.214884877205
0.24860702455
0.280426055193
0.310119658709
0.337532758713
0.362480819225
0.384851962328
0.404603838921
0.421728938818
0.436212688684
0.447400569916
0.455889642239
0.461662232876
0.464647531509
0.464790463448
0.462099999189
0.456642687321
0.448526352644
0.437882632017
0.42486974597
0.409648388624
0.391707122326
0.371750473976
0.349867194891
0.326121628284
0.300677329302
0.273707062006
0.245396316051
0.215965926647
0.185644254088
0.154658660293
0.12308793515
0.0909766033292
0.0586148127913
0.0261239372194
-0.00627582520247
-0.0383770056069
-0.0700048655272
-0.100949712098
-0.131022006273
-0.160092711449
-0.188067749143
-0.214583128691
-0.23980076611
-0.263626426458
-0.285894602537
-0.306467950344
-0.325203180313
-0.342013418674
-0.356832355261
-0.369648426771
-0.380481719971
-0.389127492905
-0.395435333252
-0.399733901024
-0.401965528727
-0.402087897062
-0.400078773499
-0.395949006081
-0.389763176441
-0.381630599499
-0.37168648839
-0.360029280186
-0.346268922091
-0.330835521221
-0.313862651587
-0.295406967402
-0.275540858507
-0.254366546869
-0.232042253017
-0.208718150854
-0.18456992507
-0.159739091992
-0.13436485827
-0.108335636556
-0.0819448381662
-0.0553139597178
-0.0285555198789
-0.00182915607002
0.0247343573719
0.0509458146989
0.0766571611166
0.10177039355
0.126152172685
0.149726033211
0.172208085656
0.193705335259
0.2141584903
0.233424663544
0.251387864351
0.267950326204
0.283014446497
0.296523928642
0.308431476355
0.318717747927
0.327396333218
0.334404796362
0.339411377907
0.342789649963
0.344513297081
0.344562739134
0.342925012112
0.339597582817
0.334614515305
0.328041225672
0.319954514503
0.310437381268
0.299574941397
0.287476748228
0.274058580399
0.259368181229
0.243671923876
0.22704705596
0.209573373199
0.191357776523
0.172498419881
0.153124630451
0.133365169168
0.113340482116
0.0931904762983
0.0730289369822
0.0529711283743
0.0331373810768
0.0136266509071
-0.00549455918372
-0.0240824799985
-0.0420737266541
-0.0593497045338
-0.0758172720671
-0.0913797095418
-0.105964943767
-0.119492299855
-0.131882622838
-0.143069714308
-0.153024405241
-0.161699056625
-0.169063389301
-0.175094127655
-0.179789677262
-0.183156356215
-0.185192063451
-0.185760378838
-0.185006901622
-0.182976320386
-0.179695188999
-0.175188317895
-0.169507265091
-0.162703201175
-0.154841423035
-0.145974680781
-0.136180117726
-0.125540792942
-0.114140883088
-0.102059572935
-0.0893988907337
-0.0762419253588
-0.0626906305552
-0.0488411597908
-0.0347821526229
-0.0206152237952
-0.00643531698734
0.00766951171681
0.0215996932238
0.0352699458599
0.0486021526158
0.0615037642419
0.0738988593221
0.0857109501958
0.096872061491
0.107306487858
0.116935186088
0.125724956393
0.133634984493
0.14061434567
0.146623924375
0.151637375355
0.155631706119
0.158588990569
0.160491093993
0.16133671999
0.161132872105
0.159885182977
0.15760281682
0.154307737947
0.150032371283
0.144805535674
0.138659358025
0.131638377905
0.123796008527
0.115174636245
0.105834014714
0.0958251357079
0.0852205902338
0.0740792602301
0.0624600164592
0.050442289561
0.0380840599537
0.0254675410688
0.0126471780241
-0.000285936926957
-0.0132605917752
-0.0262054093182
-0.0390503928065
-0.0517364926636
-0.0641871020198
-0.0763490647078
-0.0881597995758
-0.0995534583926
-0.110486328602
-0.120897978544
-0.130738407373
-0.139969661832
-0.148545309901
-0.156426817179
-0.163575842977
-0.169965788722
-0.175573214889
-0.180370688438
-0.18434523046
-0.187487781048
-0.189788714051
-0.191242098808
-0.191851750016
-0.191406950355
-0.190119192004
-0.187990412116
-0.185031220317
-0.181249350309
-0.176655232906
-0.171261548996
-0.165094912052
-0.158180266619
-0.150551840663
-0.142251193523
-0.133321866393
-0.123814627528
-0.113734185696
-0.103079251945
-0.0920413658023
-0.0806688517332
-0.0690075680614
-0.0571112297475
-0.0450376756489
-0.0328480042517
-0.0206020586193
-0.00837750546634
0.00377175980248
0.015756547451
0.0274523701519
0.03877793625
0.0496707744896
0.0600623078644
0.0698874667287
0.0790847092867
0.0875991210341
0.0953868255019
0.102405779064
0.108394213021
0.113468781114
0.117574907839
0.120664000511
0.122691445053
0.123638577759
0.123513072729
0.122327916324
0.119920752943
0.116399720311
0.111850574613
0.106262162328
0.0996428355575
0.0920379459858
0.0835030674934
0.074093490839
0.0637753531337
0.0528089553118
0.0412637703121
0.0291991028935
0.01669475995
0.00383434444666
-0.00930696818978
-0.0225785654038
-0.0357598140836
-0.048758443445
-0.061459608376
-0.0737601146102
-0.0855744704604
-0.0968401059508
-0.107250720263
-0.116720356047
-0.125175580382
-0.132498681545
-0.138604566455
-0.143449470401
-0.146969482303
-0.14879861474
-0.149179548025
-0.147995486856
-0.145173847675
-0.140712335706
-0.134640097618
-0.126740947366
-0.117268688977
-0.106282666326
-0.093760356307
-0.0797326862812
-0.0642658248544
-0.0473808012903
-0.0293699428439
-0.0103942733258
0.00948145613074
0.0301810018718
0.0516492910683
0.0736424773932
0.0957880690694
0.117971725762
0.140042826533
0.161896392703
0.183515578508
0.204395547509
0.224339485168
0.243243232369
0.260924339294
0.277329057455
0.292531698942
0.305594831705
0.316969037056
0.326438903809
0.333839058876
0.339229226112
0.342530220747
0.343188434839
0.341767191887
0.338054537773
0.332026720047
0.323847651482
0.313118875027
0.30028578639
0.285517811775
0.268722832203
0.250031411648
0.229589134455
0.207210823894
0.183714255691
0.15901042521
0.133163049817
0.106326930225
0.0785756334662
0.0504993535578
0.0222835168242
-0.00602623354644
-0.0343563444912
-0.0625855028629
-0.090152181685
-0.116895131767
-0.142683073878
-0.167474269867
-0.191315546632
-0.213631555438
-0.234328746796
-0.253363281488
-0.270621150732
-0.286199957132
-0.299940645695
-0.311388850212
-0.320907175541
-0.328312516212
-0.333679318428
-0.337264657021
-0.338195174932
-0.337328255177
-0.334519773722
-0.329736292362
-0.323203325272
-0.314703226089
-0.304455459118
-0.292812585831
-0.279689818621
-0.26521012187
-0.249572604895
-0.232463672757
-0.214727833867
-0.196254238486
-0.177084758878
-0.157384976745
-0.137126132846
-0.11676838994
-0.0964909344912
-0.0762901157141
-0.056233111769
-0.0364131294191
-0.0170514024794
0.0015652703587
0.0194096509367
0.0364666581154
0.0527019873261
0.0679698586464
0.0820316597819
0.094890512526
0.106487773359
0.116840489209
0.126020610332
0.133647337556
0.139908134937
0.144782215357
0.148250728846
0.150378167629
0.151193380356
0.150478184223
0.148565948009
0.145411327481
0.141046047211
0.135573074222
0.128980651498
0.121323399246
0.112867996097
0.10360943526
0.093603476882
0.0829497203231
0.0716793090105
0.0599767677486
0.048034068197
0.0358757786453
0.0235746838152
0.0111865680665
-0.00119427568279
-0.0133762732148
-0.0252323783934
-0.0367167778313
-0.0477711483836
-0.0583595409989
-0.0684450566769
-0.0777476653457
-0.0863165035844
-0.0940731540322
-0.100977025926
-0.1070099473
-0.11217597127
-0.116315543652
-0.119404502213
-0.121508188546
-0.122578538954
-0.122606188059
-0.121617041528
-0.119653195143
-0.116524599493
-0.112447448075
-0.107454270124
-0.101540967822
-0.0947332084179
-0.087080411613
-0.0786402598023
-0.0693752616644
-0.0594766922295
-0.0490369722247
-0.0380858071148
-0.026679513976
-0.0148717984557
-0.00272039277479
0.00970493350178
0.0222451817244
0.0348019786179
0.0473146773875
0.0597113221884
0.071935147047
0.08393445611
0.0956622362137
0.107071705163
0.117875680327
0.128166034818
0.137879729271
0.146956190467
0.155348569155
0.163027837873
0.169992223382
0.176247209311
0.181710362434
0.186173483729
0.189867988229
0.192760422826
0.194827601314
0.196070924401
0.196502700448
0.196148902178
0.195053100586
0.193265706301
0.190765544772
0.187410712242
0.183489874005
0.179020255804
0.174022242427
0.16852337122
0.162561193109
0.15618275106
0.149434223771
0.142366677523
0.135034352541
0.127482995391
0.119743615389
0.111747302115
0.103684149683
0.0955853015184
0.0874725207686
0.0793714672327
0.0713054090738
0.0632958188653
0.0553647950292
0.0475373193622
0.0398245044053
0.0322442390025
0.0248155854642
0.0175401549786
0.0104261515662
0.00348727195524
-0.00328090996481
-0.0098714614287
-0.0162798278034
-0.0224987082183
-0.0285340379924
-0.0343906283379
-0.0400754325092
-0.0455875173211
-0.0509346760809
-0.0561218671501
-0.0611538775265
-0.066035091877
-0.0707692876458
-0.0753600895405
-0.0798090994358
-0.0841211527586
-0.0882997438312
-0.0923404768109
-0.0962505191565
-0.100026622415
-0.103669844568
-0.1071793437
-0.110552713275
-0.113790139556
-0.116887800395
-0.119845017791
-0.122659534216
-0.125327602029
-0.127846851945
-0.130215972662
-0.132432505488
-0.134492248297
-0.13639575243
-0.138141468167
-0.139727219939
-0.141152501106
-0.142417922616
-0.14352491498
-0.144473999739
-0.145268201828
-0.145910546184
-0.146405130625
-0.146756589413
-0.146842524409
-0.146785050631
-0.146586477757
-0.146246731281
-0.145764827728
-0.145138457417
-0.144365608692
-0.143443062901
-0.142368972301
-0.14114369452
-0.139769136906
-0.138250395656
-0.136594936252
-0.134812861681
-0.13291618228
-0.130857571959
-0.128550946712
-0.126126259565
-0.123569257557
-0.120866574347
-0.118004716933
-0.114977218211
-0.111785337329
-0.108439974487
-0.104952715337
-0.101344332099
-0.0975357145071
-0.0935032516718
-0.0893232002854
-0.0849798619747
-0.0804582536221
-0.0757586956024
-0.0708923637867
-0.0658865123987
-0.0607578121126
-0.055449411273
-0.049949541688
-0.0443035289645
-0.0384982675314
-0.0325415655971
-0.026463277638
-0.0202874038368
-0.0140369432047
-0.00769445672631
-0.00123752071522
0.00531874084845
0.0119494879618
0.0186254009604
0.025305679068
0.0319729223847
0.0385901071131
0.0451971031725
0.0518113039434
0.0583759434521
0.0648457929492
0.0711876377463
0.0774177759886
0.0833722352982
0.0892493650317
0.0949821174145
0.100495800376
0.105764396489
0.110813729465
0.115463539958
0.119886770844
0.124069392681
0.127922564745
0.131427884102
0.134659737349
0.137348562479
0.13976366818
0.141843289137
0.143512994051
0.144814178348
0.145774260163
0.146179184318
0.146298602223
0.146018505096
0.145340755582
0.144389718771
0.142925783992
0.141137108207
0.139014661312
0.136533126235
0.133808895946
0.130771130323
0.127382174134
0.123757779598
0.119864597917
0.11581813544
0.111624084413
0.107157848775
0.102565735579
0.0978350788355
0.0930802077055
0.0883169323206
0.0834207013249
0.0785259902477
0.0736364796758
0.0688653439283
0.0642013028264
0.0595697052777
0.0550586804748
0.050699532032
0.0465926416218
0.0426704138517
0.038933545351
0.0354286134243
0.032196469605
0.029312139377
0.0266538839787
0.0242971573025
0.022253556177
0.0205579474568
0.0192144978791
0.0181646216661
0.0174582954496
0.0170950684696
0.0170863661915
0.0173795763403
0.0179997347295
0.0189455319196
0.0201953575015
0.0217334963381
0.0235066358
0.0255797561258
0.027890291065
0.0304109640419
0.0330758392811
0.0359429344535
0.0389829874039
0.0421221666038
0.045333545655
0.0485513210297
0.0518741793931
0.0551896654069
0.0584665462375
0.0616006627679
0.0647000670433
0.0676917508245
0.0705103129148
0.0731303393841
0.0754841566086
0.0776564851403
0.0795306712389
0.0811440423131
0.0823227837682
0.083219371736
0.0837311297655
0.0838556960225
0.0835700184107
0.0828246548772
0.0816521197557
0.0800073221326
0.0779940411448
0.0753826647997
0.0723327472806
0.0687796846032
0.0648109167814
0.0603790394962
0.0554306358099
0.0499850586057
0.0441209115088
0.0379311777651
0.031253721565
0.0241186544299
0.0165984202176
0.00881891231984
0.000773005536757
-0.00767472293228
-0.0164440982044
-0.0253994204104
-0.03443563357
-0.0436533652246
-0.0531340427697
-0.0626859292388
-0.072222456336
-0.0816224440932
-0.0911413580179
-0.100647374988
-0.109979040921
-0.119074672461
-0.127900511026
-0.136654704809
-0.145102098584
-0.153210744262
-0.160778567195
-0.16806307435
-0.174984544516
-0.181374594569
-0.187359511852
-0.192465811968
-0.197249442339
-0.201428428292
-0.204979494214
-0.207896769047
-0.210008203983
-0.211578518152
-0.212413474917
-0.212619945407
-0.212042301893
-0.210708871484
-0.208714872599
-0.205969914794
-0.202659830451
-0.198528796434
-0.193702861667
-0.188209846616
-0.182044863701
-0.175420552492
-0.168084993958
-0.160144850612
-0.151631698012
-0.142596110702
-0.133245900273
-0.123439051211
-0.113149538636
-0.102468475699
-0.0914663895965
-0.0803161934018
-0.0690426751971
-0.0574910454452
-0.0457673482597
-0.0339548885822
-0.0221908912063
-0.0105914361775
0.000945622799918
0.0124322902411
0.0237821321934
0.0348582230508
0.0455793067813
0.0558807067573
0.0658341050148
0.0754561498761
0.0846251770854
0.09323938936
0.101294517517
0.108684428036
0.115496017039
0.121745958924
0.127325981855
0.132190495729
0.1363812536
0.139798477292
0.142445385456
0.144435152411
0.145686745644
0.146181553602
0.145970970392
0.145147070289
0.143388390541
0.141037881374
0.138038635254
0.134374171495
0.130091160536
0.125279769301
0.120021730661
0.11409150064
0.107740536332
0.100968949497
0.0938095524907
0.086329087615
0.0786135941744
0.0707470327616
0.0627039968967
0.0545041821897
0.0462432950735
0.0379673019052
0.0297387633473
0.0216285921633
0.0137064438313
0.00603579776362
-0.00135364453308
-0.00844406709075
-0.0152058564126
-0.0215823352337
-0.0275210030377
-0.0329739898443
-0.0379040390253
-0.0422902218997
-0.0461095683277
-0.049342032522
-0.0519329831004
-0.0539422594011
-0.0553463883698
-0.0561260320246
-0.0562774948776
-0.0558108352125
-0.0547425486147
-0.0530941709876
-0.0508927889168
-0.0481753051281
-0.0449207276106
-0.0411903224885
-0.0370257496834
-0.0324601642787
-0.0275392830372
-0.0223080236465
-0.0168169271201
-0.0111241228878
-0.00528822699562
0.000636815442704
0.00659316778183
0.0125322509557
0.0183904878795
0.0241261385381
0.029690798372
0.0350290127099
0.0400911979377
0.0448235608637
0.0491748042405
0.0530960187316
0.0565427988768
0.0594835318625
0.0618837587535
0.0637155622244
0.0649538338184
0.0655871406198
0.0656044483185
0.0649643391371
0.0636511519551
0.0616997592151
0.0591125227511
0.0558960735798
0.052055157721
0.0476066768169
0.0425796546042
0.0370024070144
0.030907548964
0.0243277512491
0.0173131451011
0.00991139002144
0.00217022094876
-0.00585845531896
-0.0141164809465
-0.0225455090404
-0.0310829598457
-0.0396784879267
-0.0482660681009
-0.0567791387439
-0.0651585832238
-0.0732983872294
-0.0811819285154
-0.0887388139963
-0.0959111079574
-0.102633304894
-0.108856923878
-0.114522099495
-0.119578577578
-0.123973250389
-0.127663329244
-0.130610644817
-0.132780194283
-0.134135648608
-0.134652763605
-0.134317502379
-0.133115112782
-0.131032511592
-0.128067225218
-0.124228909612
-0.119530148804
-0.113979607821
-0.107598438859
-0.100424230099
-0.0924927741289
-0.083835683763
-0.0744962394238
-0.0645347982645
-0.0540085807443
-0.0429695211351
-0.0314855538309
-0.0196230448782
-0.00745467003435
0.00493415491655
0.0174794048071
0.0301002562046
0.0427087843418
0.0552228875458
0.0675606578588
0.0796466991305
0.0913934633136
0.102724596858
0.11354996264
0.123807623982
0.133424773812
0.142319977283
0.150434553623
0.157705694437
0.164089366794
0.169522210956
0.173960402608
0.177374571562
0.179733395576
0.181010395288
0.181183919311
0.180252626538
0.178217843175
0.175080984831
0.170851767063
0.165559843183
0.159233853221
0.151912495494
0.143633231521
0.134454354644
0.124436289072
0.113639786839
0.102132447064
0.089995495975
0.0773118287325
0.0641710534692
0.0506480671465
0.0368511006236
0.0228699296713
0.00880109518766
-0.00525816902518
-0.019209638238
-0.0329483151436
-0.0463821515441
-0.0594162717462
-0.0719614997506
-0.0839233472943
-0.0952188149095
-0.105767674744
-0.115496516228
-0.124342009425
-0.13223567605
-0.139119669795
-0.144957706332
-0.149710044265
-0.153336063027
-0.155815958977
-0.157142966986
-0.157312273979
-0.15631864965
-0.154178068042
-0.150915876031
-0.146563008428
-0.141150191426
-0.134722352028
-0.127341210842
-0.119062036276
-0.109948948026
-0.100076675415
-0.0895219445229
-0.0783657729626
-0.066701836884
-0.0546102412045
-0.042191080749
-0.0295327231288
-0.0167360417545
-0.00389706739224
0.00888778362423
0.0215283893049
0.0339156202972
0.0459530577064
0.0575568750501
0.0686451867223
0.0791290774941
0.0889376401901
0.0980024710298
0.106255032122
0.113633364439
0.120092101395
0.125590473413
0.13008017838
0.133531481028
0.13592633605
0.137250438333
0.137491226196
0.136645168066
0.134727105498
0.131754562259
0.127741068602
0.122718326747
0.116724424064
0.109808139503
0.102006733418
0.0933819115162
0.0839952155948
0.0739118605852
0.0631974861026
0.051931027323
0.0401817336679
0.0280402675271
0.015581198968
0.00288815167733
-0.00994691252708
-0.0228442586958
-0.0357183292508
-0.0484850741923
-0.0610611438751
-0.0733572393656
-0.085291415453
-0.0967998281121
-0.107797980309
-0.118213348091
-0.127985849977
-0.137045308948
-0.145336091518
-0.152806803584
-0.159349828959
-0.164974316955
-0.169647589326
-0.173339158297
-0.176016464829
-0.177669465542
-0.178286969662
-0.177859976888
-0.176384180784
-0.173870816827
-0.170335561037
-0.165790662169
-0.160259127617
-0.153772830963
-0.146367460489
-0.138082817197
-0.128961905837
-0.119049228728
-0.108408354223
-0.0970943942666
-0.0851617902517
-0.0726777017117
-0.0597098842263
-0.0463324263692
-0.0326167903841
-0.0186318084598
-0.00445272540674
0.00984518043697
0.0241793356836
0.0384799540043
0.0526640415192
0.0666619613767
0.0803998708725
0.0938002020121
0.106798224151
0.119322933257
0.131303369999
0.142685100436
0.153407841921
0.163407191634
0.172636896372
0.18104866147
0.188605681062
0.195257157087
0.200971364975
0.205728322268
0.20949845016
0.212258949876
0.214000612497
0.2147179842
0.214408800006
0.213070183992
0.210713982582
0.207357913256
0.203020066023
0.197722628713
0.191495805979
0.184378176928
0.176412284374
0.167634814978
0.158096387982
0.147852674127
0.136964797974
0.125484749675
0.113476872444
0.101008959115
0.0881550237536
0.0749773010612
0.0615475289524
0.0479455180466
0.0342310592532
0.0204903949052
0.00679515348747
-0.00679727597162
-0.0202023815364
-0.0333637483418
-0.0461980067194
-0.0586634576321
-0.0706920027733
-0.0822183266282
-0.0931999385357
-0.103591345251
-0.113341934979
-0.12241961807
-0.130785524845
-0.138419821858
-0.145297557116
-0.151393666863
-0.156708955765
-0.161234289408
-0.164970636368
-0.167919054627
-0.170088842511
-0.171495884657
-0.172168776393
-0.172128692269
-0.171412095428
-0.17005290091
-0.168088510633
-0.165559560061
-0.162508144975
-0.158986091614
-0.155038997531
-0.150714993477
-0.146064430475
-0.141141146421
-0.135989993811
-0.130666986108
-0.125215783715
-0.119682468474
-0.114113174379
-0.108551621437
-0.10303401202
-0.0975979194045
-0.0922720581293
-0.0870934948325
-0.082079924643
-0.0772475525737
-0.0726203098893
-0.0682127177715
-0.0640232861042
-0.0600556991994
-0.0563112013042
-0.0527891628444
-0.0494728274643
-0.0463509485126
-0.0434069149196
-0.0406216867268
-0.0379728339612
-0.0354321487248
-0.032972920686
-0.0305670313537
-0.0281825419515
-0.025786826387
-0.02334856987
-0.0208329409361
-0.0182094369084
-0.0154478801414
-0.0125138573349
-0.00938066001981
-0.00602034525946
-0.00241230661049
0.00147108512465
0.00564667396247
0.0101308170706
0.01493017748
0.0200579203665
0.0255235414952
0.0313179381192
0.0374384224415
0.0438797138631
0.050635304302
0.057677693665
0.0649876669049
0.0725427642465
0.080320097506
0.0882755815983
0.0963750705123
0.104584589601
0.112855181098
0.12114251405
0.129401266575
0.137574315071
0.145614817739
0.153472304344
0.161084726453
0.168404564261
0.175370812416
0.181936860085
0.18804641068
0.193643838167
0.198684096336
0.203119650483
0.206906422973
0.210000231862
0.212361618876
0.21396073699
0.214768782258
0.214756965637
0.213902756572
0.212195008993
0.209626793861
0.206186905503
0.201877176762
0.196705803275
0.190688505769
0.183839246631
0.176179036498
0.167742654681
0.158566087484
0.148685470223
0.138137966394
0.126987859607
0.115279518068
0.103073425591
0.0904294028878
0.0774153620005
0.0640999302268
0.0505517907441
0.0368416942656
0.0230373442173
0.00921999942511
-0.00453562568873
-0.0181556548923
-0.0315677374601
-0.0446996055543
-0.0574790351093
-0.0698435753584
-0.0817250087857
-0.0930618792772
-0.103792689741
-0.113862879574
-0.123232677579
-0.131849661469
-0.139678761363
-0.146681472659
-0.152836859226
-0.158124804497
-0.162527263165
-0.166031986475
-0.168643802404
-0.170368567109
-0.171212032437
-0.171190559864
-0.170334264636
-0.168673366308
-0.166239127517
-0.163070291281
-0.159221604466
-0.154741808772
-0.149684995413
-0.144107624888
-0.13808169961
-0.131668627262
-0.12493840605
-0.117961041629
-0.110806167126
-0.103553585708
-0.0962696149945
-0.0890256017447
-0.0818978101015
-0.0749489217997
-0.0682516247034
-0.0618683882058
-0.0558526962996
-0.0502662919462
-0.0451596304774
-0.0405778251588
-0.0365601330996
-0.0331375338137
-0.030344966799
-0.0282045453787
-0.0267225001007
-0.0259080938995
-0.025768475607
-0.0262951310724
-0.0274681262672
-0.0292672216892
-0.0316723436117
-0.0346462056041
-0.0381426177919
-0.0421154089272
-0.0465195216238
-0.0512939505279
-0.0563753023744
-0.0616953745484
-0.0671875402331
-0.0727785527706
-0.0783948972821
-0.0839574187994
-0.0893923938274
-0.0946209281683
-0.0995671153069
-0.10415507108
-0.10831207037
-0.111970327795
-0.115061506629
-0.117524705827
-0.119297154248
-0.120328694582
-0.120577774942
-0.119999997318
-0.118555396795
-0.116223335266
-0.112983137369
-0.108800187707
-0.10369130969
-0.0976643264294
-0.0907383263111
-0.082925260067
-0.0742510482669
-0.0647576749325
-0.0544855482876
-0.0434850901365
-0.0318020619452
-0.0195093173534
-0.00667675444856
0.00663219578564
0.0203435625881
0.0343597307801
0.0486152581871
0.0630041509867
0.0774525403976
0.0918696969748
0.106157757342
0.120225600898
0.133990779519
0.147361129522
0.160257324576
0.172587662935
0.184279039502
0.195255756378
0.205452904105
0.214795961976
0.223227337003
0.230704173446
0.237179398537
0.242604196072
0.246948733926
0.250196516514
0.252328574657
0.25332698226
0.253192275763
0.251935094595
0.249565377831
0.246096745133
0.241558507085
0.235985338688
0.229416549206
0.221887856722
0.213450491428
0.204165101051
0.194084450603
0.183271601796
0.17179389298
0.159651845694
0.146981790662
0.133872613311
0.12039167434
0.106613844633
0.0926278531551
0.0784871205688
0.0642778202891
0.0500720255077
0.0359286144376
0.0219372361898
0.0081424145028
-0.00537269050255
-0.0185628421605
-0.0313566736877
-0.043702788651
-0.0555555522442
-0.0668632984161
-0.0775769352913
-0.0876650586724
-0.0970911681652
-0.105815351009
-0.1138150841
-0.121066875756
-0.127554371953
-0.133255928755
-0.138165131211
-0.142277598381
-0.145587310195
-0.148093476892
-0.149802267551
-0.150722399354
-0.150864481926
-0.150144457817
-0.148676395416
-0.146486774087
-0.143593862653
-0.140025421977
-0.135813102126
-0.130987226963
-0.125579729676
-0.119625389576
-0.113170288503
-0.106246560812
-0.0989013165236
-0.091175340116
-0.0831197798252
-0.0747789293528
-0.0662008374929
-0.0574398413301
-0.0485482104123
-0.039573982358
-0.0305692665279
-0.0215909965336
-0.0126880053431
-0.00391740957275
0.00467231869698
0.0130258006975
0.0210910160094
0.0287993662059
0.0361024811864
0.0429554507136
0.0493167899549
0.0551384575665
0.0603807270527
0.0650068596005
0.0689788013697
0.0722610354424
0.0748248398304
0.076646886766
0.077706232667
0.0779809579253
0.0774597674608
0.0761383920908
0.074015326798
0.0710853338242
0.0673628374934
0.062861725688
0.0575978681445
0.0515922196209
0.0448716022074
0.0374583490193
0.0294315684587
0.02083058469
0.011715753004
0.00214584753849
-0.00782489404082
-0.0181279052049
-0.0286945998669
-0.0394459553063
-0.0503073893487
-0.0612058639526
-0.0720549151301
-0.0827781111002
-0.093289732933
-0.103510476649
-0.113366737962
-0.122775927186
-0.131661385298
-0.139957860112
-0.147593647242
-0.154353991151
-0.160302504897
-0.165384978056
-0.169553488493
-0.172753959894
-0.174946770072
-0.176104575396
-0.17620202899
-0.175215736032
-0.173134744167
-0.169967964292
-0.16572073102
-0.160404130816
-0.154042169452
-0.146679267287
-0.138342902064
-0.129083707929
-0.118953488767
-0.108000546694
-0.0962202697992
-0.0837834477425
-0.0707782879472
-0.0572703815997
-0.0433441251516
-0.0290810577571
-0.01456210576
0.000117570161819
0.0148687278852
0.0296026337892
0.0442314073443
0.0586740896106
0.0728377997875
0.0866435989738
0.100017406046
0.11289191246
0.125183522701
0.136845484376
0.147666290402
0.157695993781
0.16689273715
0.175211071968
0.182622775435
0.189087197185
0.19457679987
0.199079632759
0.202585548162
0.205086663365
0.206585913897
0.207102507353
0.206654682755
0.205263525248
0.202963188291
0.199793979526
0.195793569088
0.190935596824
0.185216039419
0.178824111819
0.171800494194
0.164197340608
0.156068563461
0.147469118237
0.138454928994
0.129083499312
0.119409821928
0.109502896667
0.0994194671512
0.089213527739
0.0789510011673
0.0686788633466
0.0584614463151
0.048337213695
0.0383545644581
0.0285394117236
0.0189805720001
0.00971379410475
0.000768579309806
-0.00782480370253
-0.0160360727459
-0.0238534770906
-0.0312541425228
-0.0382187999785
-0.0447342395782
-0.0507909283042
-0.0563878752291
-0.0615168772638
-0.0661792457104
-0.0703782588243
-0.0741231366992
-0.0774177759886
-0.0802051350474
-0.0825378671288
-0.0844431519508
-0.0859343335032
-0.0870246738195
-0.0877298861742
-0.0880638435483
-0.0880430042744
-0.0876855477691
-0.0870102420449
-0.086036555469
-0.0847852900624
-0.0832784175873
-0.0815381109715
-0.0795874893665
-0.0774474218488
-0.0751418396831
-0.0726591572165
-0.0700135529041
-0.0672733187675
-0.0644573047757
-0.0615815669298
-0.0586662329733
-0.0557313933969
-0.0527935475111
-0.0498749502003
-0.0469938367605
-0.044169485569
-0.0414215549827
-0.0387710593641
-0.0362339951098
-0.0338300876319
-0.0315755493939
-0.0294872745872
-0.0275797266513
-0.0258422475308
-0.0243079159409
-0.0229915007949
-0.0218976065516
-0.0210302080959
-0.0203936640173
-0.0199889875948
-0.0198136363178
-0.0198643635958
-0.0201381426305
-0.0206284187734
-0.0213242378086
-0.022215353325
-0.02329063043
-0.0245359316468
-0.0259324684739
-0.0274632573128
-0.0291090700775
-0.0308303497732
-0.0326023288071
-0.0344129651785
-0.0362355522811
-0.03804294765
-0.0398068763316
-0.0414991080761
-0.0430909283459
-0.044555477798
-0.0458653643727
-0.0469934567809
-0.047914467752
-0.0486059524119
-0.0490458644927
-0.049211718142
-0.0490860976279
-0.0486537888646
-0.0478988289833
-0.0468074195087
-0.0453480184078
-0.0435226559639
-0.0413439422846
-0.0388094931841
-0.035921882838
-0.0326859392226
-0.0291082076728
-0.0251962672919
-0.0209658965468
-0.0164356343448
-0.0116224549711
-0.00654338020831
-0.0012289833976
0.00429448205978
0.0100033208728
0.015867697075
0.0218527745456
0.0279295034707
0.0340660698712
0.0402256734669
0.0463659465313
0.0524202734232
0.05838034302
0.0642092749476
0.0698755532503
0.0753445997834
0.0805808976293
0.0855549201369
0.0902396142483
0.0946035087109
0.0986231416464
0.102277733386
0.105545550585
0.108408525586
0.110851868987
0.112867206335
0.114447131753
0.115583799779
0.116275966167
0.116526901722
0.116339452565
0.115717165172
0.114670187235
0.113148652017
0.111206054688
0.108879171312
0.106189362705
0.103151544929
0.0997895225883
0.0961208119988
0.0921690016985
0.0879601091146
0.0835185721517
0.0788674205542
0.0740325525403
0.069044649601
0.0639254525304
0.0587003342807
0.0533962287009
0.0480377338827
0.0426466576755
0.0372471474111
0.0318591222167
0.0264998283237
0.0211884602904
0.0159452259541
0.0107785752043
0.00570194004104
0.000732659478672
-0.00412469217554
-0.00885679293424
-0.0134539557621
-0.0179108474404
-0.0222257245332
-0.0263992939144
-0.0304281730205
-0.0343120209873
-0.0380545072258
-0.0416559018195
-0.0451198667288
-0.048445738852
-0.0516400523484
-0.0547060705721
-0.057644367218
-0.0604608394206
-0.0631568282843
-0.065736271441
-0.0682006329298
-0.0705514401197
-0.0727891474962
-0.0749151483178
-0.076927870512
-0.0788276195526
-0.0806115567684
-0.0822752937675
-0.083817511797
-0.0852326005697
-0.0865154564381
-0.0876589715481
-0.0886585339904
-0.0895062834024
-0.0901946499944
-0.0907165184617
-0.0910632312298
-0.0912282690406
-0.0911677107215
-0.0909110233188
-0.0904508829117
-0.0897832289338
-0.0889022052288
-0.0878035873175
-0.0864829421043
-0.0849412605166
-0.0831767618656
-0.0811901986599
-0.0789831802249
-0.0765612348914
-0.0739289671183
-0.0710935145617
-0.0680628418922
-0.0648488178849
-0.0614636093378
-0.0579176992178
-0.0542267784476
-0.0504079721868
-0.0464786328375
-0.042454149574
-0.0383548848331
-0.0342010371387
-0.0300128217787
-0.0258104465902
-0.0216121226549
-0.0174400098622
-0.0133142573759
-0.00925302319229
-0.00527867721394
-0.00140450976323
0.00235246843658
0.00597196258605
0.00944348983467
0.0127542726696
0.0158933717757
0.0188500154763
0.0216185916215
0.024194277823
0.0265737697482
0.0287539791316
0.0307368971407
0.0325261317194
0.0341263897717
0.0355425477028
0.0367838405073
0.0378612205386
0.0387863516808
0.0395713560283
0.0402299202979
0.040778990835
0.0412347689271
0.0416131801903
0.0419318117201
0.042208340019
0.0424606576562
0.0427062697709
0.0429620146751
0.0432435758412
0.0435668490827
0.0439472794533
0.0443975031376
0.0449279546738
0.0455490648746
0.0462713167071
0.0471007302403
0.0480392612517
0.0490903966129
0.0502561405301
0.0515340268612
0.0529185421765
0.0544028766453
0.0559806190431
0.0576407797635
0.0593695603311
0.0611515380442
0.0629727989435
0.0648134350777
0.0666539892554
0.0684724897146
0.0702486038208
0.0719585642219
0.0735778957605
0.0750828683376
0.076448328793
0.0776501223445
0.0786644369364
0.0794678777456
0.0800362378359
0.0803480148315
0.0803840756416
0.08012522012
0.0795526131988
0.0786504223943
0.0774080529809
0.07581499964
0.0738597214222
0.0715366825461
0.0688459128141
0.0657862350345
0.0623592399061
0.0585695803165
0.0544269196689
0.0499452874064
0.0451370365918
0.040015283972
0.034605178982
0.0289302542806
0.0230138991028
0.0168787017465
0.0105559732765
0.00408444553614
-0.00251030921936
-0.00919514428824
-0.0159262828529
-0.0226731728762
-0.0293984655291
-0.0360590592027
-0.042605843395
-0.0490099862218
-0.0552366524935
-0.0612446479499
-0.067001722753
-0.0724699497223
-0.0776148363948
-0.0824026241899
-0.0868069678545
-0.0908007398248
-0.0943533852696
-0.0974426940084
-0.100049547851
-0.102157585323
-0.103752270341
-0.104819573462
-0.105353720486
-0.105353869498
-0.104819968343
-0.103751756251
-0.102156631649
-0.100051321089
-0.0974477827549
-0.0943649336696
-0.0908215716481
-0.086848154664
-0.0824717506766
-0.0777235403657
-0.0726341083646
-0.0672449991107
-0.0615957677364
-0.055725812912
-0.04967270419
-0.0434802658856
-0.0371959768236
-0.03086386621
-0.0245241764933
-0.0182237420231
-0.0119971502572
-0.00589568074793
3.44293584931e-05
0.00575779331848
0.0112340282649
0.0164257716388
0.0212987698615
0.0258204285055
0.0299658998847
0.0337058827281
0.0370154827833
0.0398747175932
0.0422712266445
0.0441935807467
0.0456286370754
0.0465726479888
0.0470299869776
0.0470046289265
0.0465010292828
0.045530308038
0.0441116206348
0.0422658361495
0.0400134176016
0.0373768433928
0.0343871042132
0.0310778208077
0.0274809338152
0.0236262213439
0.0195403825492
0.0152782285586
0.0108758062124
0.00637165037915
0.00180847954471
-0.00277248607017
-0.00733218109235
-0.01182678435
-0.0162187591195
-0.0204672478139
-0.0245355926454
-0.0283831246197
-0.0319758318365
-0.0352855883539
-0.0382812730968
-0.0409352742136
-0.043222296983
-0.0451271645725
-0.0466333888471
-0.0477263517678
-0.0483941175044
-0.048634827137
-0.0484474822879
-0.0478007607162
-0.0467162691057
-0.0452102571726
-0.0432944260538
-0.0409799367189
-0.0382773466408
-0.0352077744901
-0.0317936576903
-0.0280591808259
-0.0240332577378
-0.0197401158512
-0.0152206607163
-0.0105028888211
-0.00562857091427
-0.000629279122222
0.00445670634508
0.00958884507418
0.0147324465215
0.0198484491557
0.0249042361975
0.0298559628427
0.0346539355814
0.0392854474485
0.0437185689807
0.0479194521904
0.0518563017249
0.0555007234216
0.0588203668594
0.061795245856
0.0644017904997
0.0666159763932
0.0684219077229
0.069811180234
0.0707751438022
0.0713056996465
0.0714004188776
0.0710649341345
0.0703059956431
0.0691279470921
0.0675011798739
0.0654487088323
0.063011854887
0.060204718262
0.0570396073163
0.0535387322307
0.0497247315943
0.0456247963011
0.0412631481886
0.0366726703942
0.031885586679
0.0269365496933
0.0218627788126
0.0166996642947
0.0114805372432
0.00624032318592
0.0010157051729
-0.00416016671807
-0.00925736129284
-0.0142461825162
-0.019092105329
-0.0237651858479
-0.0282330457121
-0.0324689559639
-0.0364414006472
-0.040123116225
-0.0434896461666
-0.0465202480555
-0.0491972789168
-0.0515053458512
-0.0534322857857
-0.0549727752805
-0.056124214083
-0.0568782128394
-0.0571775212884
-0.0570816509426
-0.0565924197435
-0.0557115152478
-0.0544404312968
-0.0527879372239
-0.050768751651
-0.0483969189227
-0.045688573271
-0.0426665209234
-0.0393577367067
-0.0357875227928
-0.0319822020829
-0.0279709510505
-0.0237808600068
-0.0194243136793
-0.0149357039481
-0.0103493062779
-0.00569612393156
-0.00100417796057
0.00369240390137
0.00836318731308
0.0129732592031
0.017493121326
0.0218913555145
0.02613542974
0.0302005521953
0.0340643450618
0.0377042330801
0.0410997569561
0.0441858805716
0.0469951294363
0.0495100133121
0.0517105385661
0.053578093648
0.0551005154848
0.0562687888741
0.0570752546191
0.057513833046
0.0575852803886
0.0572974458337
0.0566588826478
0.0556781888008
0.0543662011623
0.0526727437973
0.05066652596
0.0483630560338
0.0457724630833
0.0429090671241
0.03979235515
0.0364453494549
0.0328894555569
0.0291511807591
0.025262137875
0.0212497208267
0.0171443484724
0.0129683790728
0.00874975323677
0.00450110342354
0.000260174303548
-0.00394751178101
-0.00810001511127
-0.0121655128896
-0.0161156561226
-0.01992367208
-0.0235636439174
-0.0270134229213
-0.030250987038
-0.0332582034171
-0.0360232256353
-0.0385239645839
-0.0407212786376
-0.0426414012909
-0.0442701280117
-0.045596357435
-0.0466109775007
-0.0473068878055
-0.0476778112352
-0.0477245785296
-0.0474545024335
-0.0468771271408
-0.04600231722
-0.0448418222368
-0.0433857105672
-0.0416373759508
-0.0396405421197
-0.0374056138098
-0.034944768995
-0.0322788953781
-0.0294286310673
-0.0264149084687
-0.0232631433755
-0.0200013108552
-0.0166586600244
-0.0132594620809
-0.00982779543847
-0.00637320475653
-0.00292822439224
0.000481988390675
0.0038363293279
0.00710618216544
0.0102663347498
0.0132942702621
0.0161616802216
0.0188486408442
0.0213372353464
0.0236142352223
0.0256663132459
0.02745189704
0.0289837867022
0.0302577931434
0.0312600024045
0.0319779515266
0.0324032902718
0.0325340144336
0.032369799912
0.0319122746587
0.0311674401164
0.030147658661
0.0288630649447
0.0272864066064
0.0254550520331
0.02338331379
0.0210807640105
0.0185646656901
0.0158468503505
0.012950502336
0.00989833939821
0.00671452702954
0.00342400674708
4.70075901831e-05
-0.00339411315508
-0.00687924772501
-0.0103905498981
-0.0139074828476
-0.0174053646624
-0.0208561867476
-0.0242349412292
-0.0275154262781
-0.0306748393923
-0.0336934328079
-0.0365575365722
-0.0392538420856
-0.0417209267616
-0.0439838394523
-0.0460396297276
-0.0478693470359
-0.0494537204504
-0.0507784709334
-0.0518366247416
-0.0526236668229
-0.0531383678317
-0.0533845722675
-0.0533723384142
-0.0530649721622
-0.0524705834687
-0.0516246557236
-0.0505286231637
-0.049186822027
-0.0476044006646
-0.0457931160927
-0.0437671504915
-0.0415510572493
-0.0391634888947
-0.0366279035807
-0.0339345857501
-0.031092774123
-0.0281468611211
-0.0251074060798
-0.0219938699156
-0.0188238974661
-0.0156191810966
-0.012404281646
-0.00919859483838
-0.00602595275268
-0.00290104211308
0.000162835931405
0.00315922428854
0.00606990093365
0.0088835125789
0.0115861147642
0.0141613474116
0.0165969971567
0.018879737705
0.021005468443
0.0229712426662
0.0247750319541
0.0263916086406
0.0278364215046
0.0291215479374
0.0302427150309
0.03119725734
0.0319846086204
0.0326101519167
0.0330813117325
0.0334078259766
0.0336019732058
0.0336785763502
0.0335930883884
0.0334096550941
0.0331333167851
0.0327702760696
0.0323289372027
0.0318193733692
0.0312539041042
0.0306475348771
0.030015187338
0.0293724574149
0.0287105906755
0.0280313268304
0.0273696631193
0.0267294999212
0.0261169541627
0.0255385320634
0.025000564754
0.0245098862797
0.0240735337138
0.0236991867423
0.0233930237591
0.0231184605509
0.0229082312435
0.0227638445795
0.0226826667786
0.0226599648595
0.0226906146854
0.0227707773447
0.0228980332613
0.0230696629733
0.0232817232609
0.0235137678683
0.0237499326468
0.0240069329739
0.0242730900645
0.0245364494622
0.0247858352959
0.0250114649534
0.0252053011209
0.0253610387444
0.0254734568298
0.0255374293774
0.0255111139268
0.0254145208746
0.0252448972315
0.0249916221946
0.0246446635574
0.0241977609694
0.0236479006708
0.0229937545955
0.0222346521914
0.0213719923049
0.0204031001776
0.0193050689995
0.0181026570499
0.0167945306748
0.0153798824176
0.0138652203605
0.0122549710795
0.0105571504682
0.00878114718944
0.0069372500293
0.00503657851368
0.00308447680436
0.0010861257324
-0.000946003827266
-0.0030006938614
-0.00506615824997
-0.0071282829158
-0.00916970334947
-0.0111771412194
-0.0131362937391
-0.0150333596393
-0.0168584417552
-0.0185920596123
-0.0202164221555
-0.0217371564358
-0.023139629513
-0.0244106221944
-0.0255364142358
-0.0265054311603
-0.0273065976799
-0.0279336161911
-0.0283837355673
-0.0286558512598
-0.0287485700101
-0.028619479388
-0.0283039547503
-0.0278020687401
-0.0271109305322
-0.0262276977301
-0.0251569580287
-0.0239045340568
-0.0224805772305
-0.02089510113
-0.0191581677645
-0.0172861851752
-0.0152894183993
-0.0131618799642
-0.0109323346987
-0.008614288643
-0.00622484879568
-0.00378005392849
-0.00129845738411
0.00119838200044
0.0036904856097
0.00615714583546
0.0085774064064
0.0109343342483
0.0132112270221
0.0153770912439
0.017426578328
0.0193430297077
0.0211092159152
0.0227067675442
0.0241164974868
0.0253217723221
0.0263069327921
0.0270620714873
0.0275777783245
0.0278454367071
0.0278588682413
0.027616456151
0.0270915348083
0.0262932889163
0.0252266153693
0.0238903202116
0.0222859494388
0.0204159598798
0.018285183236
0.0159001201391
0.0132747748867
0.0104241035879
0.00735852355137
0.00409616623074
0.000651516951621
-0.00295454985462
-0.00670583872125
-0.0105819702148
-0.014571252279
-0.0186478532851
-0.0227932911366
-0.026979310438
-0.0311844777316
-0.0353777818382
-0.0395367480814
-0.0436330214143
-0.0476416312158
-0.0515392646194
-0.055303607136
-0.0589132271707
-0.0623483136296
-0.0655918642879
-0.068579621613
-0.0713146403432
-0.0738019645214
-0.0760221406817
-0.0779583379626
-0.0795934870839
-0.0809114053845
-0.0818994864821
-0.0825495868921
-0.0828550979495
-0.0828092619777
-0.0824103578925
-0.0816614106297
-0.0805664435029
-0.0791295394301
-0.0773570984602
-0.0752590447664
-0.072847507894
-0.0701325833797
-0.0670654401183
-0.063722550869
-0.0601191408932
-0.0562685541809
-0.0521907918155
-0.0479014478624
-0.0434219054878
-0.0387765318155
-0.0339880995452
-0.0290786866099
-0.0240764766932
-0.0190075356513
-0.0138955945149
-0.00876919180155
-0.00365159776993
0.00142894673627
0.00644680298865
0.0113800866529
0.0162039622664
0.0208987407386
0.0254399795085
0.0298092793673
0.0339873433113
0.0379596613348
0.0417074896395
0.0452015921474
0.0484346486628
0.0514064915478
0.0541051886976
0.0565227493644
0.058653652668
0.0604967959225
0.0620495527983
0.0633093565702
0.064279936254
0.0649680569768
0.0653789117932
0.0655192285776
0.0653999224305
0.065034493804
0.064436852932
0.0636207610369
0.0626031085849
0.061403773725
0.0600417293608
0.0585365332663
0.0569100268185
0.0551830418408
0.0533805973828
0.0515227541327
0.0496337786317
0.0477350577712
0.0458489693701
0.043998863548
0.0422047153115
0.0404855422676
0.0388603694737
0.0373482815921
0.0359662473202
0.0347264185548
0.0336415804923
0.0327245779335
0.0319846458733
0.0314266905189
0.0310548525304
0.0308735426515
0.0308834202588
0.0310797505081
0.0314580202103
0.0320133045316
0.0327365286648
0.0336150601506
0.0346345081925
0.0357815176249
0.0370397344232
0.0383874736726
0.0398045927286
0.0412701629102
0.0427612662315
0.0442529842257
0.0457202382386
0.0471378080547
0.0484801493585
0.0497215166688
0.0508359782398
0.0517976284027
0.0525823868811
0.0531673580408
0.0535296984017
0.053646363318
0.0534989237785
0.0530706048012
0.0523450709879
0.0513058006763
0.049943678081
0.0482498109341
0.0462167970836
0.043838083744
0.0410899929702
0.0380023866892
0.0345819331706
0.0308308750391
0.0267657414079
0.0223967246711
0.0177398677915
0.0128123965114
0.00763759110123
0.00223693414591
-0.00336043909192
-0.00913220550865
-0.0150419613346
-0.0210636109114
-0.0271629933268
-0.0333068817854
-0.0394608825445
-0.0455909147859
-0.0516632683575
-0.057644970715
-0.0635064020753
-0.0692046135664
-0.0746361911297
-0.0798305347562
-0.0847543179989
-0.0893735364079
-0.0936620086432
-0.097591906786
-0.101137883961
-0.10427492857
-0.1069836393
-0.109251461923
-0.11106736213
-0.112422317266
-0.113315798342
-0.113752104342
-0.113735415041
-0.11318334192
-0.112129569054
-0.110645122826
-0.108735345304
-0.106410548091
-0.103684082627
-0.100575879216
-0.0971048101783
-0.0932956635952
-0.0891844555736
-0.0848038941622
-0.0801872387528
-0.0753756165504
-0.0703117921948
-0.0651308819652
-0.0598751269281
-0.0545685514808
-0.0492431856692
-0.0439262650907
-0.0386479981244
-0.0334364175797
-0.0283278785646
-0.0233517698944
-0.018534116447
-0.0138818919659
-0.00945436488837
-0.00527500035241
-0.00135215534829
0.00230528530665
0.00568708125502
0.00878807157278
0.0116075985134
0.0141492448747
0.0164145398885
0.0183838885278
0.0200756471604
0.0215073823929
0.0226904861629
0.0236436165869
0.0243863072246
0.024940257892
0.0253326725215
0.0255941431969
0.0257208440453
0.0257507003844
0.0257259719074
0.0256686061621
0.0256018042564
0.0255506001413
0.0255424436182
0.0256083495915
0.025773236528
0.0260125175118
0.0263903271407
0.0269159525633
0.0275960043073
0.0284363683313
0.0294488295913
0.0306504946202
0.0320448130369
0.0335642620921
0.0352625176311
0.0371198616922
0.0391148664057
0.0412328913808
0.0434694252908
0.0458232797682
0.0482202842832
0.0506286658347
0.0530614815652
0.055473703891
0.0578314512968
0.0601180419326
0.0623270273209
0.0644029006362
0.0662485286593
0.0679223835468
0.069378040731
0.0705789923668
0.0715102851391
0.0721809491515
0.0725208893418
0.072487346828
0.0721491500735
0.0714711621404
0.0704360604286
0.0690520852804
0.0673488602042
0.0652164891362
0.0627771094441
0.0600435808301
0.0570075064898
0.0536792911589
0.0500946417451
0.0462435223162
0.0421704687178
0.0379636026919
0.0336224399507
0.0291641782969
0.0246209483594
0.0200195014477
0.0154030220583
0.0108574777842
0.00639691948891
0.00203653122298
-0.00220412528142
-0.00629954598844
-0.0101732835174
-0.0138015206903
-0.0171685069799
-0.0202601253986
-0.0230779666454
-0.0255944132805
-0.0277573857456
-0.029587937519
-0.0310764815658
-0.03222938627
-0.0330687612295
-0.0335404984653
-0.0336954779923
-0.0335491970181
-0.0331059098244
-0.0323962941766
-0.0314399003983
-0.0302244015038
-0.0288402810693
-0.0272934250534
-0.0256074145436
-0.0238276124001
-0.02194310911
-0.0200522746891
-0.0181750375777
-0.0163316968828
-0.0145585909486
-0.0128753902391
-0.0113386921585
-0.00998052302748
-0.00881655607373
-0.00787121709436
-0.00716197071597
-0.00671492191032
-0.00655212067068
-0.00667406944558
-0.00709486287087
-0.00782298762351
-0.00884083006531
-0.0101494723931
-0.0117405029014
-0.0136163644493
-0.0157597158104
-0.0181148201227
-0.0206734389067
-0.0234062243253
-0.0263164993376
-0.0293455515057
-0.0324288420379
-0.0355457924306
-0.0386625602841
-0.0417944230139
-0.0448042564094
-0.0476924702525
-0.0504151657224
-0.0529529377818
-0.0553193502128
-0.0573286488652
-0.0590771026909
-0.0604961700737
-0.0615960881114
-0.0623191408813
-0.0626390576363
-0.06258893013
-0.0621352791786
-0.0613368265331
-0.060034558177
-0.0584098212421
-0.0564168021083
-0.0540726706386
-0.0513642691076
-0.0483479648829
-0.0450933203101
-0.0415798053145
-0.0378589332104
-0.0338991247118
-0.0298756603152
-0.0257548112422
-0.0215639173985
-0.017312977463
-0.0131339281797
-0.00903257634491
-0.00500804884359
-0.00108247040771
0.00265483302064
0.00617881631479
0.00949650350958
0.0126167042181
0.0154592962936
0.0180249605328
0.0203181616962
0.022380290553
0.0241250135005
0.0256060771644
0.026824420318
0.0278278030455
0.0285629294813
0.0290994178504
0.0294451955706
0.029648123309
0.0296816136688
0.0296202208847
0.0294769145548
0.0292976722121
0.0290665756911
0.0288553405553
0.028676180169
0.0285702049732
0.0285181682557
0.0285828728229
0.0287656392902
0.0291066709906
0.0295677687973
0.0301982108504
0.0309869069606
0.0319784916937
0.0332269147038
0.0329808965325
0.0399286597967
0.0
