0.0
-1.24604730445e-06
-4.9097984629e-06
-1.08796657514e-05
-1.90440641745e-05
-2.9291410101e-05
-4.15101094404e-05
-5.55885853828e-05
-7.14152411092e-05
-8.88784998097e-05
-0.000107866770122
-0.000128268467961
-0.000149971994688
-0.000172865795321
-0.000196838271222
-0.000221777809202
-0.000247572839726
-0.000274111778708
-0.000301283027511
-0.000328975031152
-0.000357076205546
-0.000385474937502
-0.000414059642935
-0.000442718708655
-0.000471340579679
-0.000499813701026
-0.000528026430402
-0.000555867212825
-0.000583224522416
-0.000609986600466
-0.000636041979305
-0.000661279074848
-0.000685586303007
-0.000708852079697
-0.000730964704417
-0.000751812767703
-0.000771284510847
-0.000789268582594
-0.000805653166026
-0.000820326735266
-0.000833177706227
-0.000844094553031
-0.0008529657498
-0.000859679537825
-0.00086412433302
-0.000866188667715
-0.000865760841407
-0.000862729444634
-0.000856982776895
-0.000848409195896
-0.000836897292174
-0.000822335190605
-0.000804611598141
-0.000783614697866
-0.000759233080316
-0.000731355161406
-0.000699869298842
-0.000664663442876
-0.000625626940746
-0.000582647684496
-0.000535614148248
-0.000484414660605
-0.000428937317338
-0.000369071320165
-0.000304704677546
-0.0002357258345
-0.000162023148732
-8.3484541392e-05
0.0
8.85153276613e-05
0.000182030329597
0.000280486070551
0.00038382364437
0.000491984188557
0.000604908738751
0.0007225383888
0.000844814174343
0.000971677305643
0.00110306881834
0.00123892968986
0.00137920095585
0.00152382429224
0.00167273986153
0.0018258895725
0.00198321393691
0.00214465428144
0.00231015193276
0.0024796477519
0.00265308259986
0.00283039757051
0.00301153422333
0.00319643318653
0.00338503601961
0.00357728311792
0.00377311627381
0.00397247634828
0.00417530443519
0.00438154116273
0.00459112878889
0.00480400631204
0.00502011692151
0.005239400547
0.00546179898083
0.00568725261837
0.00591570371762
0.00614709127694
0.00638135848567
0.00661844573915
0.00685829250142
0.00710084289312
0.00734603544697
0.00759381288663
0.00784411560744
0.00809688493609
0.00835206080228
0.00860958732665
0.00886940024793
0.00913144648075
0.00939566362649
0.00966199394315
0.00993037875742
0.0102007575333
0.0104730725288
0.010747266002
0.0110232774168
0.0113010481
0.0115805193782
0.0118616307154
0.012144328095
0.0124285463244
0.0127142313868
0.013001321815
0.0132897580042
0.0135794840753
0.0138704385608
0.0141625627875
0.0144557999447
0.0147500885651
0.0150453709066
0.015341588296
0.0156386811286
0.0159365907311
0.0162352584302
0.0165346246213
0.0168346315622
0.0171352196485
0.0174363292754
0.0177379045635
0.0180398821831
0.0183422062546
0.0186448171735
0.0189476534724
0.0192506611347
0.0195537768304
0.0198569446802
0.0201601032168
0.0204631965607
0.0207661632448
0.0210689473897
0.0213714856654
0.02167372033
0.0219755973667
0.0222770515829
0.0225780252367
0.0228784624487
0.0231783036143
0.0234774891287
0.0237759556621
0.0240736529231
0.0243705157191
0.024666486308
0.0249615050852
0.0252555198967
0.0255484618247
0.0258402768523
0.0261309072375
0.0264202896506
0.0267083700746
0.0269950851798
0.0272803809494
0.0275641977787
0.0278464704752
0.0281271487474
0.0284061655402
0.0286834686995
0.0289589930326
0.0292326882482
0.029504487291
0.0297743361443
0.0300421733409
0.0303079392761
0.0305715780705
0.0308330263942
0.0310922302306
0.0313491299748
0.0316036604345
0.0318557731807
0.0321054011583
0.032352488488
0.032596975565
0.0328387990594
0.0330779105425
0.0333142392337
0.0335477404296
0.0337783396244
0.0340059921145
0.0342306271195
0.0344521924853
0.034670624882
0.0348858684301
0.0350978672504
0.035306558013
0.0355118811131
0.0357137806714
0.0359121970832
0.0361070670187
0.0362983420491
0.0364859476686
0.0366698428988
0.0368499532342
0.0370262265205
0.0371986106038
0.0373670384288
0.0375314466655
0.0376917794347
0.0378479845822
0.0380000025034
0.0381477810442
0.0382913351059
0.0384306870401
0.0385658703744
0.0386969000101
0.0388238094747
0.0389466173947
0.0390653535724
0.0391800403595
0.0392907038331
0.0393973700702
0.0395000614226
0.0395988076925
0.0396936275065
0.0397845543921
0.0398716069758
0.0399548076093
0.0400341935456
0.0401097759604
0.0401815921068
0.0402496568859
0.0403140038252
0.0403746552765
0.0404316335917
0.0404849648476
0.0405346788466
0.0405807904899
0.0406233333051
0.0406623370945
0.0406978167593
0.0407297983766
0.0407583154738
0.0407833792269
0.0408050343394
0.0408232845366
0.0408381707966
0.0408497154713
0.0408579334617
0.0408628620207
0.0408645235002
0.0408629402518
0.0408581383526
0.0408501401544
0.0408389791846
0.0408246703446
0.0408072434366
0.0407867282629
0.04076314345
0.0407365188003
0.0407068729401
0.0406742356718
0.0406386330724
0.0406000837684
0.0405586212873
0.0405142679811
0.0404670499265
0.0404169857502
0.040364112705
0.0403084419668
0.0402500107884
0.0401888340712
0.0401249453425
0.040058363229
0.039989117533
0.0399172343314
0.0398427322507
0.0397656410933
0.0396859869361
0.0396037958562
0.0395190864801
0.0394318848848
0.0393422245979
0.0392501279712
0.039155613631
0.0390587151051
0.0389594435692
0.0388578437269
0.038753926754
0.0386477224529
0.0385392569005
0.0384285524487
0.0383156351745
0.0382005274296
0.0380832627416
0.0379638560116
0.0378423444927
0.0377187430859
0.0375930815935
0.0374653786421
0.0373356677592
0.0372039712965
0.0370703153312
0.0369347184896
0.0367972142994
0.0366578251123
0.0365165732801
0.036373488605
0.0362285934389
0.0360819138587
0.0359334722161
0.0357833020389
0.0356314182281
0.0354778505862
0.0353226214647
0.0351657606661
0.0350072905421
0.0348472371697
0.034685626626
0.0345224812627
0.0343578271568
0.0341916941106
0.0340241007507
0.0338550694287
0.0336846373975
0.0335128195584
0.0333396457136
0.0331651382148
0.0329893231392
0.032812230289
0.0326338782907
0.0324542969465
0.0322735048831
0.0320915356278
0.0319084078074
0.0317241549492
0.0315387882292
0.0313523449004
0.0311648435891
0.0309763140976
0.0307867787778
0.0305962637067
0.0304047949612
0.0302123948932
0.0300190895796
0.0298249069601
0.0296298693866
0.0294339992106
0.0292373280972
0.0290398802608
0.0288416761905
0.0286427475512
0.0284431111068
0.0282427966595
0.0280418302864
0.0278402362019
0.027638040483
0.0274352654815
0.027231939137
0.0270280819386
0.0268237255514
0.0266188941896
0.0264136064798
0.0262078978121
0.0260017830878
0.0257952939719
0.0255884509534
0.0253812838346
0.0251738186926
0.0249660778791
0.0247580800205
0.0245498605072
0.0243414416909
0.0241328459233
0.0239240992814
0.0237152315676
0.0235062614083
0.0232972148806
0.0230881217867
0.0228790063411
0.0226698908955
0.0224607996643
0.0222517587245
0.0220427941531
0.0218339338899
0.0216251965612
0.0214166156948
0.0212082099169
0.0210000015795
0.020792029798
0.0205843523145
0.0203770268708
0.020170122385
0.0199637003243
0.0197578258812
0.0195525661111
0.0193479768932
0.0191441308707
0.0189410857856
0.0187389124185
0.0185376666486
0.0183374192566
0.018138229847
0.017940165475
0.0177432894707
0.0175476633012
0.0173533540219
0.0171604249626
0.0169689394534
0.0167789626867
0.0165905579925
0.0164037887007
0.016218720004
0.0160354152322
0.0158539377153
0.0156743545085
0.0154967261478
0.0153211187571
0.0151475956663
0.0149762220681
0.0148070594296
0.0146401738748
0.0144756287336
0.0143134882674
0.0141538167372
0.0139966784045
0.0138421347365
0.0136902527884
0.0135410968214
0.013394728303
0.0132512133569
0.0131106143817
0.0129729975015
0.0128384251148
0.0127069614828
0.0125786708668
0.0124536175281
0.0123318657279
0.0122134787962
0.0120985209942
0.0119870575145
0.0118791498244
0.0117748640478
0.0116742635146
0.0115774124861
0.0114843742922
0.0113952159882
0.0113099962473
0.0112287830561
0.0111516397446
0.0110786296427
0.0110098188743
0.0109452679753
0.010885044001
0.01082920935
0.0107778273523
0.010730965063
0.0106886839494
0.0106510492042
0.0106181232259
0.0105899721384
0.0105666583404
0.0105482488871
0.0105348033831
0.0105263888836
0.0105230677873
0.0105249071494
0.0105319675058
0.0105443140492
0.0105620101094
0.0105851227418
0.0106137115508
0.0106478445232
0.0106875831261
0.0107329934835
0.0107841370627
0.0108410799876
0.010903885588
0.0109726190567
0.0110473409295
0.0111281201243
0.0112150162458
0.0113080963492
0.0114074228331
0.0115130599588
0.0116250729188
0.0117435250431
0.0118684796616
0.0120000001043
0.0121381282806
0.0122827962041
0.0124339163303
0.0125913973898
0.0127551490441
0.0129250818864
0.0131011065096
0.0132831325755
0.0134710688144
0.0136648258194
0.0138643160462
0.0140694454312
0.0142801264301
0.0144962677732
0.0147177819163
0.0149445766583
0.0151765616611
0.0154136484489
0.0156557466835
0.0159027669579
0.0161546170712
0.0164112057537
0.0166724473238
0.0169382523745
0.0172085277736
0.0174831822515
0.0177621282637
0.0180452764034
0.0183325335383
0.0186238139868
0.0189190264791
0.0192180760205
0.0195208787918
0.0198273435235
0.0201373789459
0.0204508937895
0.0207678005099
0.0210880097002
0.021411428228
0.0217379685491
0.0220675393939
0.0224000513554
0.0227354131639
0.0230735391378
0.0234143342823
0.0237577110529
0.0241035781801
0.0244518443942
0.024802422151
0.025155223906
0.0255101565272
0.0258671250194
0.0262260492891
0.0265868324786
0.0269493870437
0.02731362544
0.02767945081
0.0280467793345
0.0284155178815
0.0287855770439
0.0291568674147
0.0295292977244
0.0299027804285
0.0302772242576
0.0306525379419
0.0310286339372
0.0314054228365
0.0317828059196
0.0321607068181
0.0325390212238
0.0329176709056
0.0332965627313
0.0336756072938
0.0340547077358
0.0344337783754
0.0348127372563
0.0351914763451
0.0355699248612
0.0359479859471
0.03632555902
0.0367025695741
0.0370789170265
0.0374545156956
0.0378292798996
0.038203112781
0.0385759212077
0.0389476269484
0.0393181331456
0.0396873466671
0.0400551855564
0.0404215492308
0.0407863557339
0.0411495156586
0.0415109358728
0.0418705232441
0.042228192091
0.0425838567317
0.0429374203086
0.0432887896895
0.0436378829181
0.0439846143126
0.044328879565
0.0446705929935
0.0450096689165
0.0453460179269
0.0456795468926
0.0460101626813
0.0463377870619
0.0466623157263
0.046983666718
0.0473017506301
0.0476164780557
0.0479277484119
0.0482354834676
0.0485395863652
0.0488399751484
0.0491365529597
0.049429230392
0.0497179180384
0.0500025264919
0.0502829663455
0.0505591444671
0.0508309751749
0.0510983690619
0.051361232996
0.0516194738448
0.0518730059266
0.0521217398345
0.0523655861616
0.0526044517756
0.0528382472694
0.0530668869615
0.0532902702689
0.0535083189607
0.0537209436297
0.0539280362427
0.0541295260191
0.0543253198266
0.0545153170824
0.0546994432807
0.0548775978386
0.0550496913493
0.0552156306803
0.0553753376007
0.0555287152529
0.0556756667793
0.0558161176741
0.0559499673545
0.056077118963
0.0561974979937
0.0563110075891
0.0564175546169
0.0565170571208
0.0566094182432
0.0566945448518
0.0567723624408
0.0568427629769
0.0569056607783
0.0569609776139
0.0570086166263
0.0570484735072
0.0570804774761
0.0571045316756
0.0571205466986
0.0571284405887
0.0571281127632
0.0571194626391
0.057102419436
0.0570768900216
0.0570427849889
0.0570000037551
0.0569484978914
0.0568883419037
0.0568196475506
0.0567425265908
0.0566570870578
0.0565634407103
0.056461699307
0.0563519708812
0.0562343671918
0.0561089999974
0.0559759773314
0.0558354146779
0.0556874163449
0.0555320903659
0.0553695596755
0.0551999248564
0.0550232976675
0.0548397935927
0.0546495169401
0.0544525831938
0.0542490966618
0.0540391765535
0.0538229234517
0.0536004602909
0.0533718876541
0.0531373172998
0.0528968609869
0.0526506304741
0.0523987337947
0.0521412827075
0.0518783889711
0.0516101680696
0.0513367168605
0.0510581582785
0.0507746003568
0.0504861474037
0.0501929149032
0.0498950146139
0.049592550844
0.0492856428027
0.0489743947983
0.0486589185894
0.0483393259346
0.0480157248676
0.0476882345974
0.0473569557071
0.0470219962299
0.0466834828258
0.0463415086269
0.0459961928427
0.0456476435065
0.0452959686518
0.0449412874877
0.0445837043226
0.044223330915
0.0438602752984
0.0434946492314
0.0431265644729
0.0427561327815
0.0423834621906
0.0420086681843
0.0416318513453
0.0412531346083
0.040872618556
0.0404904149473
0.040106639266
0.0397213995457
0.0393348038197
0.0389469712973
0.038557998836
0.0381680093706
0.0377770997584
0.0373853966594
0.0369930043817
0.0366000309587
0.0362065844238
0.0358127839863
0.0354187339544
0.0350245460868
0.0346303284168
0.0342361927032
0.0338422544301
0.0334486216307
0.0330553986132
0.032662704587
0.0322706475854
0.0318793393672
0.0314888842404
0.0310993958265
0.0307109858841
0.0303237680346
0.0299378447235
0.02955333516
0.0291703436524
0.0287889838219
0.0284093637019
0.0280315969139
0.0276557952166
0.0272820610553
0.0269105155021
0.0265412572771
0.0261744074523
0.0258100740612
0.0254483614117
0.0250893924385
0.0247332621366
0.0243800971657
0.0240299962461
0.0236830729991
0.0233394373208
0.0229991991073
0.0226624812931
0.0223293695599
0.0220000017434
0.0216744467616
0.021352712065
0.0210347697139
0.0207206010818
0.0204101819545
0.0201034899801
0.0198004990816
0.0195011887699
0.0192055348307
0.0189135149121
0.0186251066625
0.0183402840048
0.0180590264499
0.0177813079208
0.0175071116537
0.0172364078462
0.0169691741467
0.0167053919286
0.0164450369775
0.0161880813539
0.0159345064312
0.0156842879951
0.0154374036938
0.0151938293129
0.0149535415694
0.0147165190428
0.0144827365875
0.0142521718517
0.0140248015523
0.0138006042689
0.0135795548558
0.0133616309613
0.0131468102336
0.0129350665957
0.0127263823524
0.0125207286328
0.0123180858791
0.0121184298769
0.0119217382744
0.011727985926
0.0115371542051
0.0113492133096
0.0111641455442
0.0109819266945
0.0108025325462
0.0106259398162
0.0104521280155
0.0102810701355
0.0101127456874
0.00994713231921
0.00978420395404
0.00962394010276
0.00946631561965
0.0093113090843
0.00915889814496
0.00900905672461
0.00886176340282
0.00871699582785
0.00857472978532
0.00843494292349
0.00829761195928
0.00816271360964
0.00803022272885
0.00790011975914
0.00777238002047
0.00764698069543
0.00752389850095
0.0074031110853
0.0072845928371
0.00716832280159
0.00705427769572
0.00694243470207
0.00683276960626
0.00672526098788
0.00661988276988
0.00651661632583
0.00641543418169
0.00631631584838
0.00621923757717
0.00612417515367
0.00603110808879
0.00594001030549
0.00585086084902
0.00576363597065
0.00567831238732
0.00559486588463
0.00551327364519
0.00543351750821
0.00535556813702
0.00527940224856
0.00520500401035
0.00513234362006
0.00506139779463
0.00499214790761
0.00492456648499
0.00485863350332
0.00479432335123
0.00473161507398
0.00467048678547
0.00461091054603
0.00455286819488
0.00449633412063
0.00444128457457
0.00438769720495
0.00433555245399
0.00428482098505
0.00423548510298
0.00418751733378
0.00414089811966
0.00409560231492
0.00405160523951
0.00400888826698
0.00396742671728
0.00392719497904
0.00388817046769
0.00385033432394
0.00381365977228
0.00377812213264
0.0037437020801
0.00371037703007
0.00367811787874
0.00364690809511
0.00361672230065
0.00358753604814
0.00355932628736
0.00353207415901
0.0035057507921
0.0034803354647
0.00345580698922
0.00343214045279
0.00340931140818
0.00338729680516
0.00336607941426
0.00334562896751
0.00332592404447
0.00330694415607
0.00328866601922
0.00327105913311
0.00325411232188
0.00323779694736
0.00322208600119
0.00320696085691
0.00319239823148
0.00317837344483
0.00316486367956
0.00315184984356
0.00313930329867
0.00312720122747
0.00311552453786
0.00310424622148
0.00309334578924
0.00308279809542
0.00307258428074
0.00306267756969
0.00305305304937
0.00304368976504
0.0030345688574
0.00302565959282
0.00301694124937
0.00300839636475
0.00300000002608
0.00299172778614
0.00298358825967
0.00297559122555
0.00296774716116
0.00296006561257
0.00295255635865
0.00294522917829
0.00293809454888
0.00293116178364
0.00292444112711
0.00291794235818
0.00291167548858
0.00290565029718
0.00289987656288
0.00289436453022
0.00288912351243
0.00288416421972
0.00287949573249
0.0028751285281
0.00287107238546
0.00286733708344
0.00286393240094
0.0028608685825
0.00285815517418
0.00285580242053
0.0028538198676
0.00285221752711
0.00285100564361
0.00285019353032
0.00284979166463
0.00284980959259
0.00285025709309
0.00285114417784
0.0028524810914
0.00285427737981
0.0028565430548
0.00285928789526
0.00286252168007
0.00286625488661
0.00287049682811
0.00287525751628
0.00288054719567
0.00288637564518
0.00289275241084
0.0028996875044
0.00290719093755
0.00291527272202
0.00292394240387
0.00293321022764
0.00294308597222
0.00295357988216
0.00296470103785
0.00297646014951
0.00298886653036
0.00300193042494
0.00301566137932
0.00303006987087
0.00304516544566
0.00306095788255
0.00307745742612
0.0030946736224
0.00311261648312
0.00313129578717
0.00315072177909
0.00317090423778
0.00319185294211
0.00321357767098
0.00323608866893
0.00325939548202
0.0032835083548
0.00330843683332
0.00333419092931
0.00336078088731
0.0033882164862
0.00341650703922
0.00344566279091
0.00347569421865
0.00350661017001
0.00353842135519
0.00357113708742
0.00360476807691
0.00363932340406
0.00367481354624
0.00371124781668
0.00374863669276
0.00378698948771
0.00382631644607
0.00386662781239
0.00390793289989
0.00395024195313
0.003993564751
0.00403791107237
0.00408329116181
0.00412971433252
0.00417719082907
0.00422573043033
0.00427534384653
0.00432603945956
0.00437782891095
0.0044307205826
0.00448472518474
0.00453985203058
0.00459611136466
0.00465351343155
0.00471206801012
0.00477178441361
0.00483267335221
0.00489474413916
0.00495800655335
0.00502247083932
0.0050881463103
0.00515504414216
0.00522317318246
0.00529254414141
0.00536316633224
0.00543504953384
0.00550820305943
0.00558263808489
0.00565836345777
0.00573539035395
0.00581372808665
0.0058933859691
0.00597437471151
0.00605670362711
0.00614038249478
0.0062254210934
0.00631183059886
0.00639962032437
0.00648879958317
0.00657937861979
0.00667136721313
0.00676477514207
0.00685961265117
0.00695588905364
0.00705361552536
0.0071528009139
0.00725345499814
0.00735558848828
0.00745921069756
0.0075643309392
0.0076709613204
0.00777910929173
0.00788878556341
0.00800000037998
0.00811275560409
0.00822701863945
0.00834275223315
0.008459915407
0.00857846997678
0.0086983749643
0.00881959404796
0.00894208345562
0.00906580872834
0.00919072702527
0.00931679923087
0.00944398809224
0.00957225263119
0.00970155373216
0.0098318522796
0.00996310915798
0.0100952852517
0.0102283395827
0.0103622348979
0.0104969292879
0.0106323864311
0.010768564418
0.0109054269269
0.0110429311171
0.0111810397357
0.0113197118044
0.011458911933
0.011598595418
0.0117387259379
0.0118792643771
0.0120201697573
0.0121614038944
0.0123029276729
0.0124447010458
0.0125866839662
0.0127288391814
0.0128711266443
0.0130135044456
0.0131559381261
0.0132983829826
0.013440804556
0.0135831590742
0.0137254102156
0.0138675170019
0.0140094421804
0.0141511438414
0.0142925838009
0.0144337229431
0.0145745230839
0.0147149413824
0.0148549424484
0.0149944843724
0.0151335280389
0.0152720343322
0.0154099650681
0.0155472801998
0.0156839396805
0.0158199053258
0.0159551352262
0.016089592129
0.0162232387811
0.0163560342044
0.016487935558
0.0166189074516
0.0167489089072
0.0168779026717
0.0170058440417
0.0171327032149
0.0172584317625
0.0173829924315
0.0175063479692
0.0176284611225
0.0177492853254
0.0178687889129
0.0179869271815
0.0181036628783
0.0182189568877
0.0183327700943
0.0184450615197
0.0185557939112
0.0186649262905
0.0187724195421
0.018878236413
0.0189823303372
0.0190846733749
0.01918521896
0.0192839279771
0.0193807613105
0.0194756817073
0.019568650052
0.0196596235037
0.0197485666722
0.019835434854
0.0199201945215
0.0200028046966
0.0200832225382
0.0201614126563
0.0202373359352
0.0203109476715
0.0203822162002
0.0204510968179
0.0205175522715
0.0205815415829
0.020643029362
0.0207019709051
0.0207583289593
0.0208120662719
0.0208631400019
0.0209115128964
0.0209571458399
0.0210000015795
0.0210400559008
0.0210773777217
0.0211120564491
0.0211441740394
0.0211738180369
0.0212010778487
0.0212260391563
0.0212487857789
0.021269408986
0.021287990734
0.0213046222925
0.021319385618
0.0213323738426
0.0213436670601
0.0213533546776
0.0213615242392
0.021368259564
0.0213736519217
0.0213777832687
0.0213807448745
0.0213826168329
0.0213834922761
0.0213834568858
0.0213825944811
0.0213809926063
0.0213787388057
0.0213759206235
0.021372621879
0.0213689319789
0.0213649366051
0.0213607233018
0.021356375888
0.0213519837707
0.0213476326317
0.0213434100151
0.0213394016027
0.0213356949389
0.0213323757052
0.0213295314461
0.0213272459805
0.0213256124407
0.0213247127831
0.0213246308267
0.0213254615664
0.021327285096
0.0213301889598
0.0213342625648
0.0213395897299
0.0213462598622
0.0213543567806
0.021363966167
0.0213751811534
0.0213880818337
0.0214027594775
0.0214192960411
0.0214377809316
0.0214583016932
0.0214809440076
0.0215057954192
0.0215329416096
0.0215624663979
0.0215944629163
0.0216290112585
0.0216662026942
0.021706122905
0.02174885571
0.0217944942415
0.0218431185931
0.0218948163092
0.0219496767968
0.0220077876002
0.0220692325383
0.022134097293
0.0222024712712
0.0222744420171
0.0223500933498
0.0224295128137
0.022512787953
0.0226000025868
0.0226912479848
0.0227866079658
0.0228861700743
0.022990019992
0.0230982452631
0.023210933432
0.0233281683177
0.0234500393271
0.0235766302794
0.0237080324441
0.0238443296403
0.0239856075495
0.0241319555789
0.0242834556848
0.0244401991367
0.0246022734791
0.0247697606683
0.0249427501112
0.0251213293523
0.0253055840731
0.0254955999553
0.0256914626807
0.0258932635188
0.0261010862887
0.0263150148094
0.0265351422131
0.0267615485936
0.0269943270832
0.0272335596383
0.0274793338031
0.0277317371219
0.0279908552766
0.0282567758113
0.0285295862705
0.0288093686104
0.0290962196887
0.0293902140111
0.0296914465725
0.0300000011921
0.030315907672
0.0306389760226
0.0309689585119
0.0313056074083
0.0316486731172
0.0319979116321
0.0323530696332
0.0327139087021
0.0330801717937
0.0334516167641
0.0338279940188
0.0342090539634
0.0345945544541
0.034984242171
0.0353778786957
0.0357752032578
0.0361759774387
0.0365799516439
0.0369868762791
0.037396505475
0.0378085933626
0.038222886622
0.0386391431093
0.0390571132302
0.0394765473902
0.0398972034454
0.0403188318014
0.0407411791384
0.0411640033126
0.0415870584548
0.0420100875199
0.0424328558147
0.0428551100194
0.0432765968144
0.043697077781
0.0441162995994
0.0445340164006
0.04494997859
0.0453639440238
0.0457756593823
0.0461848787963
0.0465913563967
0.0469948463142
0.0473950915039
0.0477918498218
0.0481848791242
0.0485739223659
0.0489587411284
0.049339082092
0.0497146993876
0.0500853434205
0.0504507683218
0.0508107282221
0.0511649735272
0.0515132546425
0.0518553256989
0.0521909445524
0.0525198504329
0.0528418086469
0.0531565658748
0.0534638687968
0.0537634827197
0.0540551543236
0.0543386340141
0.0546136721969
0.0548800304532
0.0551374517381
0.0553856901824
0.0556245036423
0.055853638798
0.0560728497803
0.0562818907201
0.0564805082977
0.0566684603691
0.0568455010653
0.0570113770664
0.0571658462286
0.0573086589575
0.0574395619333
0.0575583130121
0.0576646625996
0.0577583685517
0.0578391775489
0.0579068437219
0.0579611212015
0.0580017566681
0.058028511703
0.058041125536
0.0580393671989
0.0580229759216
0.0579917058349
0.0579453147948
0.0578835494816
0.0578061677516
0.0577129162848
0.0576035566628
0.0574778318405
0.0573354959488
0.0571763031185
0.0570000037551
0.0568064451218
0.0565958507359
0.0563685335219
0.0561247952282
0.0558649674058
0.0555893518031
0.0552982576191
0.0549920126796
0.0546709150076
0.0543352924287
0.0539854466915
0.0536216944456
0.0532443523407
0.0528537333012
0.0524501428008
0.0520339086652
0.0516053289175
0.0511647239327
0.0507124140859
0.0502486974001
0.049773901701
0.0492883324623
0.0487923026085
0.0482861287892
0.0477701202035
0.0472446009517
0.0467098727822
0.0461662523448
0.0456140525639
0.0450535863638
0.0444851703942
0.0439091213048
0.043325740844
0.0427353493869
0.0421382635832
0.0415347926319
0.0409252457321
0.0403099432588
0.039689194411
0.0390633195639
0.038432624191
0.0377974174917
0.0371580310166
0.0365147553384
0.035867922008
0.0352178364992
0.0345648117363
0.0339091643691
0.0332512073219
0.0325912497938
0.0319296084344
0.0312665961683
0.030602529645
0.0299377143383
0.0292724687606
0.0286071039736
0.0279419384897
0.0272772796452
0.0266134440899
0.0259507466108
0.0252894945443
0.0246300064027
0.0239725969732
0.0233175717294
0.0226652491838
0.0220159459859
0.0213699731976
0.0207276437432
0.0200892649591
0.019455159083
0.0188256390393
0.0182010121644
0.0175815932453
0.016967697069
0.0163596384227
0.015757733956
0.0151622854173
0.0145736131817
0.0139920357615
0.0134178623557
0.0128513993695
0.0122929690406
0.0117428787053
0.0112014468759
0.0106689911336
0.0101458132267
0.00963222887367
0.00912856310606
0.00863511301577
0.00815220642835
0.00768014183268
0.0072192423977
0.00676982523873
0.00633219163865
0.00590666616336
0.00549355335534
0.00509317405522
0.0047058374621
0.00433185975999
0.00397154642269
0.00362522527575
0.00329319015145
0.00297577306628
0.00267327902839
0.00238602841273
0.002114322735
0.00185847480316
0.00161880499218
0.00139562995173
0.00118926248979
0.0010000000475
0.000828092044685
0.000673423812259
0.000535804778337
0.000415044138208
0.000310951261781
0.000223335155169
0.000152005377458
9.67710075201e-05
5.74412952119e-05
3.38256977557e-05
2.57333522313e-05
3.29735303239e-05
5.5355430959e-05
9.2688445875e-05
0.000144781894051
0.000211444625165
0.000292486569379
0.000387716310797
0.00049694388872
0.000619977479801
0.000756627472583
0.000906702538487
0.00107001152355
0.00124636490364
0.00143557146657
0.00163743935991
0.00185177940875
0.00207840022631
0.00231711054221
0.0025677215308
0.00283003970981
0.00310387625359
0.00338904000819
0.00368533935398
0.00399258453399
0.00431058509275
0.00463914917782
0.00497808866203
0.00532720936462
0.00568632176146
0.00605523539707
0.00643375935033
0.00682170270011
0.00721887592226
0.00762508902699
0.00804014783353
0.0084638632834
0.00889604445547
0.00933650229126
0.009785044007
0.0102414786816
0.0107056181878
0.0111772688106
0.0116562442854
0.0121423471719
0.0126353921369
0.0131351836026
0.0136415353045
0.0141542572528
0.0146731529385
0.0151980398223
0.0157287176698
0.0162650048733
0.0168067030609
0.0173536259681
0.0179055817425
0.018462382257
0.0190238263458
0.0195897370577
0.0201599188149
0.0207341779023
0.0213123224676
0.0218941681087
0.022479519248
0.023068189621
0.0236599836498
0.0242547150701
0.0248521827161
0.0254522114992
0.0260546002537
0.0266591608524
0.0272656977177
0.0278740357608
0.0284839682281
0.0290953051299
0.0297078620642
0.0303214527667
0.0309358742088
0.0315509401262
0.0321664623916
0.0327822566032
0.0333981178701
0.0340138599277
0.0346293002367
0.0352442339063
0.0358584858477
0.0364718586206
0.0370841622353
0.0376951955259
0.0383047796786
0.0389127247036
0.0395188294351
0.040122911334
0.0407247915864
0.0413242541254
0.0419211126864
0.0425151959062
0.0431063063443
0.0436942353845
0.0442788079381
0.0448598340154
0.0454371161759
0.0460104644299
0.0465796925128
0.0471446141601
0.0477050282061
0.0482607372105
0.0488115735352
0.0493573248386
0.0498978160322
0.0504328496754
0.0509622357786
0.0514857769012
0.0520032905042
0.0525145865977
0.0530194677413
0.053517755121
0.0540092363954
0.0544937439263
0.0549710802734
0.0554410405457
0.0559034496546
0.0563581064343
0.0568048469722
0.0572434328496
0.0576737113297
0.0580954924226
0.0585085563362
0.058912742883
0.0593078397214
0.0596936605871
0.0600700303912
0.060436733067
0.0607936047018
0.0611404292285
0.0614770390093
0.0618032254279
0.0621187984943
0.0624235868454
0.0627173781395
0.0630000010133
0.0632712990046
0.0635313764215
0.0637803673744
0.0640184134245
0.0642456635833
0.0644622668624
0.0646683499217
0.0648640841246
0.0650495886803
0.0652250126004
0.0653904974461
0.0655461922288
0.0656922385097
0.0658287927508
0.0659559741616
0.0660739392042
0.0661828294396
0.0662827864289
0.0663739666343
0.066456489265
0.0665305182338
0.0665961951017
0.0666536539793
0.0667030438781
0.0667445063591
0.0667781829834
0.0668042302132
0.0668227821589
0.0668339729309
0.0668379589915
0.0668348819017
0.066824875772
0.0668081045151
0.0667846873403
0.0667547881603
0.0667185336351
0.0666760727763
0.0666275620461
0.0665731281042
0.0665129199624
0.0664470866323
0.0663757696748
0.0662990957499
0.0662172362208
0.066130310297
0.0660384818912
0.0659418776631
0.0658406466246
0.0657349377871
0.0656248852611
0.0655106455088
0.0653923526406
0.0652701556683
0.0651441812515
0.0650145933032
0.0648815259337
0.0647451281548
0.0646055415273
0.0644629076123
0.0643173605204
0.0641690716147
0.0640181526542
0.0638647675514
0.0637090504169
0.0635511428118
0.0633912011981
0.0632293596864
0.0630657598376
0.0629005432129
0.0627338662744
0.0625658631325
0.0623966790736
0.0622264556587
0.0620553344488
0.0618834681809
0.0617109946907
0.0615380592644
0.0613647997379
0.0611913613975
0.0610178932548
0.0608445331454
0.0606714300811
0.0604987256229
0.0603265613317
0.0601550787687
0.0599844269454
0.0598147436976
0.0596461780369
0.0594788640738
0.0593129619956
0.0591486021876
0.0589859262109
0.0588250905275
0.0586662255228
0.0585094802082
0.0583549998701
0.0582029260695
0.0580534003675
0.0579065680504
0.0577625744045
0.0576215609908
0.0574836730957
0.0573490522802
0.0572178401053
0.0570901855826
0.0569662228227
0.0568461120129
0.0567299760878
0.056617975235
0.0565102472901
0.056406930089
0.0563081726432
0.0562141165137
0.0561249144375
0.0560406967998
0.055961612612
0.0558878034353
0.0558194182813
0.055756598711
0.0556994788349
0.0556482113898
0.0556029416621
0.0555638112128
0.0555309578776
0.055504526943
0.0554846711457
0.0554715208709
0.0554652325809
0.0554659403861
0.0554737895727
0.0554889254272
0.0555114857852
0.0555416196585
0.0555794760585
0.0556251890957
0.0556789077818
0.0557407699525
0.0558109283447
0.0558895096183
0.0559766814113
0.0560725666583
0.0561773143709
0.0562910735607
0.0564139820635
0.0565461926162
0.0566878281534
0.0568390600383
0.0570000037551
0.0571707636118
0.0573511756957
0.0575410276651
0.0577400997281
0.057948179543
0.0581650547683
0.0583904981613
0.058624304831
0.0588662549853
0.0591161362827
0.0593737326562
0.0596388243139
0.0599111951888
0.0601906403899
0.0604769289494
0.0607698559761
0.061069201678
0.0613747537136
0.0616862922907
0.062003608793
0.0623264797032
0.0626546964049
0.0629880353808
0.0633262842894
0.0636692270637
0.0640166550875
0.064368352294
0.0647240951657
0.0650836676359
0.0654468536377
0.0658134520054
0.066183231771
0.0665559768677
0.0669314861298
0.0673095285892
0.0676898956299
0.068072386086
0.0684567540884
0.0688427984715
0.0692303106189
0.0696190744638
0.0700088590384
0.0703994706273
0.0707906782627
0.0711822584271
0.0715740248561
0.0719657316804
0.0723571777344
0.0727481469512
0.0731384307146
0.0735277980566
0.0739160403609
0.0743029415607
0.0746882930398
0.0750718638301
0.0754534602165
0.0758328437805
0.0762098133564
0.0765841454268
0.0769556313753
0.0773240551353
0.0776892006397
0.0780508369207
0.0784087702632
0.0787627771497
0.0791126415133
0.0794581472874
0.0797990858555
0.0801352262497
0.0804663673043
0.080792285502
0.0811127647758
0.08142760396
0.0817365571856
0.0820394456387
0.0823360234499
0.0826260969043
0.0829094350338
0.0831858366728
0.0834550634027
0.0837169289589
0.0839711949229
0.0842176526785
0.0844560936093
0.0846863016486
0.0849080383778
0.0851211100817
0.0853253155947
0.0855203941464
0.0857061818242
0.0858824178576
0.0860489234328
0.08620544523
0.0863518118858
0.0864877775311
0.0866131260991
0.086727656424
0.0868311449885
0.0869233757257
0.0870041325688
0.087073199451
0.0871303752065
0.0871754288673
0.0872081518173
0.0872283130884
0.0872357115149
0.0872301384807
0.0872113704681
0.08717918396
0.0871333628893
0.0870737209916
0.0870000049472
0.0869120955467
0.0868101790547
0.0866945013404
0.0865653380752
0.0864229425788
0.0862675756216
0.0860994979739
0.0859189704061
0.0857262611389
0.0855216160417
0.0853053182364
0.0850776061416
0.0848387405276
0.0845890045166
0.0843286290765
0.0840578973293
0.0837770625949
0.0834863856435
0.0831861272454
0.0828765556216
0.0825579166412
0.0822304785252
0.0818945020437
0.0815502479672
0.0811979845166
0.0808379650116
0.0804704427719
0.0800956860185
0.0797139555216
0.0793255120516
0.0789306163788
0.0785295218229
0.0781225040555
0.0777098089457
0.0772917121649
0.0768684670329
0.0764403268695
0.0760075673461
0.0755704268813
0.0751291885972
0.0746840983629
0.07423543185
0.073783442378
0.0733283832669
0.0728705227375
0.0724101215601
0.071947440505
0.071482732892
0.0710162594914
0.0705482959747
0.0700790956616
0.0696089193225
0.069138020277
0.0686666667461
0.0681951195002
0.0677236318588
0.0672524645925
0.0667818933725
0.0663121640682
0.0658435449004
0.0653762966394
0.0649106800556
0.0644469484687
0.063985362649
0.0635261982679
0.0630697011948
0.0626161321998
0.0621657595038
0.061718840152
0.0612756386399
0.0608364082873
0.0604014210403
0.0599709264934
0.0595451891422
0.0591244697571
0.0587090291083
0.0582991279662
0.0578950308263
0.0574969872832
0.0571052730083
0.0567201375961
0.0563418455422
0.0559706613421
0.0556068383157
0.0552506446838
0.0549023300409
0.0545621663332
0.0542304106057
0.0539073199034
0.0535931624472
0.0532881952822
0.0529926754534
0.0527068674564
0.0524310283363
0.0521654225886
0.0519103035331
0.0516659505665
0.0514326058328
0.0512105338275
0.0510000027716
0.0508011840284
0.0506139323115
0.0504380092025
0.0502731874585
0.0501192398369
0.0499759204686
0.0498430095613
0.0497202724218
0.0496074706316
0.0495043769479
0.0494107604027
0.0493263863027
0.0492510274053
0.0491844452918
0.0491264127195
0.0490766912699
0.0490350611508
0.0490012764931
0.048975110054
0.0489563308656
0.0489447116852
0.0489400140941
0.0489420033991
0.0489504523575
0.0489651300013
0.0489858016372
0.0490122362971
0.0490441992879
0.0490814596415
0.0491237938404
0.0491709597409
0.0492227226496
0.0492788553238
0.0493391342461
0.0494033098221
0.0494711622596
0.0495424605906
0.0496169663966
0.0496944487095
0.0497746765614
0.0498574152589
0.0499424375594
0.0500295124948
0.0501184016466
0.0502088777721
0.0503007024527
0.0503936521709
0.0504874885082
0.0505819842219
0.0506769008934
0.0507720150054
0.0508670881391
0.0509618856013
0.0510561838746
0.0511497445405
0.0512423403561
0.051333732903
0.0514236949384
0.0515119917691
0.0515983961523
0.0516826696694
0.0517645813525
0.0518439002335
0.0519203990698
0.0519938394427
0.0520639903843
0.0521306209266
0.0521935001016
0.0522523932159
0.0523070693016
0.0523572973907
0.0524028465152
0.0524434819818
0.0524789690971
0.0525090768933
0.0525335781276
0.052552241832
0.0525648295879
0.0525711067021
0.0525708533823
0.0525638274848
0.0525497980416
0.0525285378098
0.0524998120964
0.0524633862078
0.0524190291762
0.0523665063083
0.0523055978119
0.0522360615432
0.0521576628089
0.0520701743662
0.0519733652472
0.0518670007586
0.0517508462071
0.05162467435
0.0514882542193
0.0513413473964
0.0511837303638
0.0510151609778
0.0508354157209
0.0506442636251
0.0504414588213
0.0502267815173
0.0500000007451
0.0497609563172
0.049509819597
0.0492468327284
0.0489722415805
0.0486862920225
0.0483892299235
0.0480813011527
0.0477627515793
0.0474338196218
0.0470947586
0.046745814383
0.0463872253895
0.0460192412138
0.0456421077251
0.0452560670674
0.044861368835
0.0444582551718
0.044046971947
0.043627768755
0.0432008840144
0.0427665635943
0.0423250608146
0.0418766103685
0.041421469301
0.0409598723054
0.0404920727015
0.0400183089077
0.0395388267934
0.0390538796782
0.0385637022555
0.0380685515702
0.0375686585903
0.0370642840862
0.0365556627512
0.0360430441797
0.0355266667902
0.0350067876279
0.0344836451113
0.0339574851096
0.0334285534918
0.0328970961273
0.032363358885
0.0318275801837
0.0312900170684
0.0307509042323
0.0302104949951
0.0296690315008
0.0291267558932
0.0285839196295
0.0280407611281
0.0274975337088
0.0269544757903
0.0264118351042
0.0258698593825
0.0253287926316
0.0247888769954
0.0242503620684
0.0237134881318
0.0231785085052
0.0226456616074
0.0221151933074
0.0215873513371
0.0210623834282
0.0205405279994
0.0200220365077
0.0195071473718
0.0189961157739
0.0184891764075
0.0179865844548
0.0174885801971
0.0169954076409
0.0165073182434
0.0160245448351
0.0155473453924
0.0150759629905
0.0146106379107
0.0141516197473
0.0136991506442
0.0132534792647
0.0128148505464
0.0123835075647
0.0119596943259
0.0115436632186
0.0111356507987
0.0107359047979
0.0103446776047
0.00996221229434
0.00958874169737
0.00922452565283
0.00886980071664
0.00852481927723
0.00818982720375
0.00786505546421
0.00755076995119
0.00724720023572
0.00695459777489
0.00667321030051
0.00640327855945
0.00614504655823
0.00589876947924
0.00566468061879
0.00544303143397
0.00523407012224
0.00503803277388
0.00485516758636
0.00468573020771
0.00452995719388
0.00438809208572
0.00426038401201
0.00414707977325
0.00404841639102
0.00396464578807
0.00389602291398
0.00384276988916
0.00380514934659
0.00378340156749
0.00377777870744
0.00378851336427
0.00381585722789
0.0038600617554
0.00392136024311
0.00400000018999
0.00409614806995
0.00420960132033
0.00434007169679
0.00448727514595
0.00465092435479
0.00483073340729
0.00502641638741
0.00523768737912
0.00546425953507
0.00570584647357
0.00596216274425
0.00623292196542
0.00651783775538
0.00681662466377
0.00712899584323
0.00745466491207
0.00779334688559
0.00814475491643
0.00850860122591
0.00888460222632
0.00927247107029
0.00967191997916
0.0100826648995
0.0105044189841
0.0109368963167
0.0113798091188
0.011832873337
0.0122958021238
0.0127683077008
0.0132501069456
0.0137409092858
0.0142404343933
0.014748390764
0.0152644971386
0.0157884638757
0.0163200050592
0.0168588347733
0.0174046661705
0.0179572161287
0.018516195938
0.019081318751
0.0196523033082
0.0202288553119
0.0208106972277
0.0213975366205
0.0219890885055
0.022585067898
0.0231851898134
0.0237891655415
0.0243967119604
0.0250075384974
0.0256213620305
0.0262378975749
0.0268568564206
0.027477953583
0.028100900352
0.0287254136056
0.0293512064964
0.0299779940397
0.0306054912508
0.0312334038317
0.0318614542484
0.0324893556535
0.0331168137491
0.0337435565889
0.0343692786992
0.034993711859
0.0356165617704
0.0362375378609
0.0368563719094
0.0374727547169
0.0380864143372
0.0386970639229
0.0393044054508
0.0399081707001
0.0405080616474
0.0411037951708
0.0416950844228
0.0422816462815
0.0428631864488
0.0434394329786
0.0440100841224
0.0445748604834
0.0451334789395
0.0456856526434
0.0462310872972
0.0467695109546
0.0473006218672
0.0478241406381
0.0483397878706
0.0488472692668
0.0493463017046
0.0498365908861
0.0503178648651
0.0507898330688
0.0512522011995
0.0517046898603
0.0521470047534
0.0525788739324
0.0530000030994
0.0534101687372
0.0538094192743
0.054197859019
0.0545755960047
0.0549427270889
0.0552993714809
0.0556456334889
0.0559816174209
0.0563074275851
0.0566231794655
0.0569289699197
0.0572249107063
0.0575111098588
0.0577876716852
0.0580547042191
0.0583123154938
0.0585606098175
0.0587996952236
0.0590296797454
0.0592506676912
0.0594627670944
0.0596660859883
0.0598607324064
0.0600468106568
0.0602244250476
0.0603936873376
0.0605547055602
0.0607075802982
0.060852419585
0.0609893351793
0.0611184351146
0.0612398125231
0.0613535903394
0.0614598691463
0.061558753252
0.0616503544152
0.0617347732186
0.0618121288717
0.0618825107813
0.061946041882
0.0620028190315
0.062052950263
0.0620965436101
0.0621337071061
0.0621645487845
0.0621891729534
0.0622076913714
0.0622202008963
0.0622268132865
0.062227640301
0.0622227862477
0.0622123517096
0.0621964521706
0.0621751882136
0.062148667872
0.0621170066297
0.0620803013444
0.0620386563241
0.0619921907783
0.0619410015643
0.0618851967156
0.0618248842657
0.0617601759732
0.061691172421
0.0616179853678
0.0615407116711
0.061459466815
0.0613743625581
0.0612854957581
0.0611929781735
0.0610969103873
0.0609974078834
0.06089457497
0.0607885159552
0.0606793425977
0.0605671517551
0.0604520626366
0.0603341758251
0.0602135956287
0.0600904300809
0.0599647946656
0.0598367862403
0.0597065128386
0.0595740824938
0.0594396069646
0.0593031868339
0.0591649338603
0.0590249486268
0.0588833428919
0.0587402246892
0.0585956983268
0.0584498718381
0.0583028495312
0.0581547357142
0.0580056458712
0.0578556768596
0.0577049478889
0.0575535558164
0.0574016086757
0.0572492182255
0.0570964887738
0.0569435246289
0.0567904338241
0.0566373318434
0.0564843080938
0.0563314817846
0.0561789572239
0.0560268461704
0.0558752454817
0.0557242669165
0.0555740259588
0.0554246120155
0.0552761442959
0.0551287271082
0.0549824610353
0.0548374652863
0.0546938404441
0.0545516870916
0.0544111207128
0.0542722456157
0.0541351661086
0.0539999902248
0.0538668297231
0.0537357851863
0.0536069683731
0.0534804873168
0.0533564314246
0.0532349348068
0.0531160868704
0.0530000030994
0.0528867542744
0.0527763329446
0.0526686944067
0.0525637976825
0.0524616092443
0.0523620732129
0.0522651597857
0.0521708242595
0.052079025656
0.051989722997
0.0519028715789
0.0518184378743
0.0517363771796
0.0516566410661
0.0515792034566
0.051504008472
0.0514310225844
0.0513602010906
0.0512915067375
0.0512248948216
0.0511603280902
0.0510977581143
0.0510371550918
0.0509784631431
0.0509216561913
0.0508666820824
0.0508135035634
0.0507620796561
0.0507123693824
0.050664331764
0.0506179258227
0.0505731068552
0.0505298376083
0.0504880733788
0.0504477806389
0.0504089072347
0.0503714196384
0.0503352731466
0.0503004305065
0.0502668432891
0.0502344816923
0.0502032898366
0.0501732416451
0.0501442849636
0.0501163862646
0.0500894933939
0.0500635765493
0.0500385910273
0.0500144958496
0.0499912463129
0.0499688051641
0.0499471314251
0.0499261803925
0.0499059073627
0.0498862862587
0.0498672612011
0.0498487949371
0.0498308502138
0.0498133823276
0.0497963503003
0.0497797094285
0.0497634299099
0.0497474595904
0.0497317612171
0.0497162900865
0.049701012671
0.0496858805418
0.0496708601713
0.0496558994055
0.0496409647167
0.0496260114014
0.0496110022068
0.0495958961546
0.0495806485415
0.049565218389
0.0495495647192
0.0495336465538
0.0495174266398
0.0495008565485
0.0494839027524
0.0494665205479
0.0494486652315
0.0494302995503
0.0494113825262
0.0493918731809
0.0493717305362
0.0493509098887
0.0493293702602
0.0493070743978
0.0492839813232
0.0492600426078
0.0492352247238
0.0492094866931
0.049182780087
0.0491550713778
0.0491263158619
0.0490964725614
0.0490654967725
0.0490333549678
0.0490000024438
0.0489654056728
0.048929579556
0.0488925464451
0.0488543212414
0.0488149374723
0.0487744100392
0.0487327575684
0.0486900098622
0.0486461780965
0.0486012995243
0.0485553815961
0.0485084503889
0.0484605357051
0.0484116449952
0.0483618155122
0.0483110621572
0.0482594035566
0.0482068620622
0.0481534637511
0.0480992309749
0.0480441786349
0.0479883402586
0.0479317270219
0.0478743650019
0.0478162765503
0.0477574802935
0.0476979985833
0.047637861222
0.0475770831108
0.0475156828761
0.047453686595
0.0473911203444
0.0473280027509
0.0472643487155
0.047200191766
0.0471355468035
0.0470704361796
0.0470048822463
0.0469389073551
0.0468725338578
0.0468057841063
0.0467386767268
0.0466712377965
0.0466034859419
0.0465354435146
0.046467140317
0.0463985837996
0.0463298074901
0.0462608262897
0.04619166255
0.0461223423481
0.0460528843105
0.0459833182395
0.0459136515856
0.0458439216018
0.0457741357386
0.0457043237984
0.0456345081329
0.0455647073686
0.0454949475825
0.0454252511263
0.0453556329012
0.0452861152589
0.0452167280018
0.0451474860311
0.0450784154236
0.0450095385313
0.0449408739805
0.044872444123
0.0448042713106
0.0447363741696
0.0446687825024
0.0446015149355
0.0445345900953
0.0444680340588
0.0444018654525
0.0443361029029
0.0442707762122
0.044205904007
0.0441415086389
0.0440776124597
0.0440142303705
0.0439513958991
0.0438891239464
0.0438274331391
0.0437663570046
0.0437059029937
0.0436461009085
0.0435869768262
0.0435285419226
0.043470826
0.0434138514102
0.0433576330543
0.0433022007346
0.0432475730777
0.0431937649846
0.0431408137083
0.0430887229741
0.0430375300348
0.0429872535169
0.0429379045963
0.0428895205259
0.0428421124816
0.0427957065403
0.0427503213286
0.0427059829235
0.0426627099514
0.0426205322146
0.0425794534385
0.0425395146012
0.0425007306039
0.0424631200731
0.0424267090857
0.0423915199935
0.0423575676978
0.042324885726
0.0422934815288
0.0422633886337
0.0422346256673
0.042207211256
0.0421811752021
0.0421565286815
0.0421333014965
0.0421115159988
0.0420911870897
0.0420723445714
0.042055003345
0.0420391857624
0.0420249179006
0.0420122258365
0.0420011207461
0.0419916287065
0.0419837757945
0.0419775806367
0.0419730581343
0.0419702418149
0.0419691503048
0.0419698022306
0.041972219944
0.0419764257967
0.0419824458659
0.0419902987778
0.042000003159
0.042011577636
0.0420250110328
0.0420402921736
0.0420573987067
0.0420763194561
0.0420970320702
0.042119525373
0.0421437807381
0.0421697869897
0.0421975180507
0.0422269664705
0.0422581136227
0.0422909371555
0.0423254333436
0.0423615761101
0.0423993505538
0.0424387454987
0.0424797385931
0.0425223186612
0.0425664670765
0.0426121614873
0.0426593981683
0.0427081547678
0.0427584126592
0.0428101606667
0.0428633764386
0.042918048799
0.0429741628468
0.0430316962302
0.0430906303227
0.0431509651244
0.0432126671076
0.0432757288218
0.0433401316404
0.0434058643878
0.0434728972614
0.0435412302613
0.0436108373106
0.0436817072332
0.0437538214028
0.0438271611929
0.0439017117023
0.0439774617553
0.0440543889999
0.0441324785352
0.0442117191851
0.0442920848727
0.0443735718727
0.0444561503828
0.0445398166776
0.0446245484054
0.0447103269398
0.0447971411049
0.0448849722743
0.0449738018215
0.0450636185706
0.0451544076204
0.0452461466193
0.0453388243914
0.0454324185848
0.0455269180238
0.0456223040819
0.0457185618579
0.0458156764507
0.0459136292338
0.0460124090314
0.0461119897664
0.0462123639882
0.0463135093451
0.0464154146612
0.0465180650353
0.0466214343905
0.0467255190015
0.0468302927911
0.0469357483089
0.047041863203
0.0471486225724
0.0472560115159
0.0473640076816
0.0474726036191
0.0475817807019
0.0476915203035
0.0478018075228
0.0479126237333
0.0480239577591
0.0481357909739
0.0482481010258
0.0483608841896
0.0484741143882
0.0485877767205
0.0487018637359
0.0488163493574
0.0489312149584
0.0490464568138
0.0491620451212
0.0492779761553
0.049394223839
0.0495107807219
0.0496276207268
0.0497447326779
0.0498621053994
0.0499797128141
0.0500975437462
0.0502155832946
0.0503338128328
0.050452221185
0.0505707785487
0.0506894849241
0.0508083179593
0.050927259028
0.0510462932289
0.0511654093862
0.0512845814228
0.0514037981629
0.0515230484307
0.051642306149
0.0517615638673
0.0518807992339
0.0520000010729
0.0521191507578
0.0522382408381
0.0523572638631
0.052476208657
0.0525950714946
0.0527138411999
0.0528325103223
0.0529510751367
0.0530695207417
0.0531878434122
0.0533060319722
0.0534240826964
0.0535419881344
0.0536597371101
0.0537773184478
0.0538947321475
0.0540119670331
0.054129011929
0.0542458631098
0.0543625093997
0.0544789470732
0.0545951649547
0.0547111518681
0.0548269078135
0.0549424216151
0.055057682097
0.0551726818085
0.0552874170244
0.0554018765688
0.0555160567164
0.0556299388409
0.0557435266674
0.0558568052948
0.0559697747231
0.0560824200511
0.056194730103
0.0563067048788
0.0564183332026
0.0565296076238
0.0566405206919
0.0567510649562
0.0568612255156
0.0569709986448
0.0570803806186
0.0571893639863
0.0572979338467
0.0574060901999
0.0575138106942
0.0576211065054
0.057727959007
0.0578343570232
0.0579403042793
0.0580457784235
0.0581507831812
0.0582553036511
0.0583593398333
0.0584628731012
0.058565903455
0.0586684197187
0.0587704144418
0.0588718801737
0.0589728094637
0.0590731911361
0.0591730214655
0.0592722892761
0.0593709908426
0.0594691112638
0.0595666505396
0.0596635937691
0.0597599372268
0.0598556734622
0.0599507912993
0.0600452832878
0.0601391457021
0.0602323636413
0.0603249333799
0.0604168511927
0.0605081021786
0.0605986788869
0.0606885738671
0.0607777871192
0.0608662962914
0.060954105109
0.0610412023962
0.061127576977
0.0612132251263
0.061298135668
0.061382304877
0.0614657215774
0.0615483783185
0.0616302639246
0.0617113746703
0.0617917068303
0.0618712417781
0.0619499757886
0.0620279088616
0.0621050223708
0.0621813088655
0.0622567646205
0.0623313859105
0.0624051578343
0.0624780766666
0.0625501275063
0.0626213103533
0.0626916140318
0.0627610310912
0.0628295466304
0.0628971606493
0.062963873148
0.0630296543241
0.0630945190787
0.0631584376097
0.063221424818
0.0632834509015
0.0633445307612
0.0634046345949
0.0634637624025
0.0635219141841
0.0635790675879
0.0636352300644
0.0636903867126
0.0637445226312
0.0637976378202
0.0638497248292
0.0639007687569
0.0639507696033
0.0639997199178
0.0640476047993
0.0640944167972
0.0641401559114
0.064184807241
0.0642283633351
0.0642708167434
0.0643121674657
0.0643523931503
0.0643915012479
0.064429461956
0.0644662901759
0.0645019635558
0.0645364895463
0.0645698457956
0.0646020248532
0.0646330192685
0.0646628290415
0.064691439271
0.0647188425064
0.0647450461984
0.0647700130939
0.0647937580943
0.0648162662983
0.0648375302553
0.0648575350642
0.0648762881756
0.0648937597871
0.0649099573493
0.0649248734117
0.0649385005236
0.0649508237839
0.0649618431926
0.0649715363979
0.0649799183011
0.0649869590998
0.0649926587939
0.0649970024824
0.0650000050664
0.0650016367435
0.0650019198656
0.065000846982
0.0649984478951
0.0649947151542
0.0649896636605
0.0649833008647
0.0649756416678
0.06496668607
0.0649564489722
0.0649449452758
0.0649321600795
0.0649181306362
0.064902856946
0.0648863390088
0.0648685991764
0.0648496374488
0.0648294612765
0.0648080930114
0.0647855252028
0.0647617727518
0.0647368505597
0.064710766077
0.0646835193038
0.0646551325917
0.0646255984902
0.0645949468017
0.0645631700754
0.0645302757621
0.0644962862134
0.0644612088799
0.0644250437617
0.0643878057599
0.0643494948745
0.0643101409078
0.0642697289586
0.0642282813787
0.0641858056188
0.0641423165798
0.0640978068113
0.0640522912145
0.064005792141
0.0639583095908
0.0639098510146
0.0638604238629
0.0638100430369
0.0637587159872
0.0637064501643
0.0636532530189
0.0635991320014
0.0635441094637
0.0634881779552
0.0634313523769
0.0633736476302
0.063315063715
0.0632556080818
0.063195310533
0.0631341487169
0.0630721598864
0.0630093365908
0.0629456937313
0.0628812387586
0.0628159791231
0.0627499371767
0.0626830980182
0.0626154914498
0.0625471100211
0.0624779760838
0.0624080970883
0.0623374730349
0.0622661225498
0.0621940493584
0.0621212646365
0.0620477795601
0.0619735978544
0.0618987344205
0.0618231929839
0.0617469847202
0.0616701208055
0.061592604965
0.0615144520998
0.0614356696606
0.0613562650979
0.0612762458622
0.0611956231296
0.0611144080758
0.0610326118767
0.0609502345324
0.0608672946692
0.0607837922871
0.0606997422874
0.0606151521206
0.0605300329626
0.0604443922639
0.0603582374752
0.0602715797722
0.0601844266057
0.0600967891514
0.0600086785853
0.0599200949073
0.0598310567439
0.059741564095
0.0596516355872
0.059561278671
0.0594704970717
0.0593793019652
0.0592877045274
0.0591957122087
0.0591033324599
0.0590105764568
0.0589174516499
0.0588239692152
0.0587301403284
0.0586359649897
0.0585414655507
0.0584466382861
0.0583515018225
0.0582560561597
0.0581603199244
0.0580642968416
0.0579679943621
0.0578714236617
0.0577745959163
0.0576775185764
0.0575802028179
0.0574826486409
0.057384878397
0.0572868920863
0.0571887008846
0.0570903159678
0.0569917410612
0.056892991066
0.0567940734327
0.0566949956119
0.0565957650542
0.0564964003861
0.0563968978822
0.0562972761691
0.0561975352466
0.0560976937413
0.0559977553785
0.055897731334
0.0557976253331
0.0556974560022
0.0555972233415
0.0554969422519
0.0553966201842
0.0552962683141
0.0551958866417
0.0550954937935
0.0549950972199
0.0548947006464
0.0547943226993
0.0546939633787
0.0545936338603
0.0544933415949
0.0543931089342
0.0542929247022
0.0541928112507
0.0540927760303
0.0539928227663
0.0538929700851
0.0537932142615
0.0536935739219
0.0535940527916
0.0534946657717
0.0533954203129
0.0532963164151
0.0531973801553
0.0530986003578
0.0530000030994
0.0529015883803
0.0528033673763
0.0527053363621
0.0526075139642
0.0525098964572
0.0524124950171
0.0523153096437
0.0522183515131
0.0521216280758
0.0520251393318
0.0519288890064
0.0518328882754
0.0517371445894
0.0516416579485
0.0515464395285
0.051451485604
0.0513568148017
0.0512624271214
0.0511683225632
0.0510745160282
0.0509810075164
0.0508878082037
0.0507949180901
0.0507023409009
0.0506100915372
0.0505181662738
0.0504265800118
0.0503353327513
0.0502444282174
0.0501538813114
0.0500636845827
0.0499738566577
0.0498843938112
0.049795307219
0.0497065968812
0.0496182776988
0.0495303459466
0.0494428128004
0.0493556857109
0.0492689609528
0.0491826571524
0.0490967705846
0.0490113086998
0.0489262826741
0.0488416925073
0.04875754565
0.0486738458276
0.0485906004906
0.0485078170896
0.0484255030751
0.0483436584473
0.0482622906566
0.0481814071536
0.0481010116637
0.0480211079121
0.0479417107999
0.047862816602
0.0477844364941
0.0477065704763
0.0476292334497
0.0475524254143
0.0474761500955
0.0474004149437
0.0473252274096
0.0472505912185
0.0471765138209
0.0471029989421
0.0470300540328
0.0469576865435
0.0468858964741
0.0468146950006
0.0467440858483
0.0466740727425
0.0466046668589
0.0465358681977
0.0464676842093
0.0464001223445
0.0463331900537
0.046266887337
0.0462012253702
0.046136200428
0.0460718311369
0.0460081212223
0.0459450669587
0.0458826757967
0.045820966363
0.0457599312067
0.0456995777786
0.0456399172544
0.0455809533596
0.0455226935446
0.0454651303589
0.0454082898796
0.0453521646559
0.0452967621386
0.0452420897782
0.0451881550252
0.0451349616051
0.045082513243
0.0450308248401
0.0449798889458
0.0449297204614
0.0448803193867
0.0448316931725
0.0447838529944
0.0447367988527
0.0446905381978
0.044645074755
0.0446004159749
0.0445565655828
0.0445135384798
0.0444713272154
0.0444299466908
0.0443894006312
0.0443496890366
0.0443108230829
0.0442728064954
0.04423565045
0.0441993549466
0.0441639274359
0.0441293753684
0.0440956987441
0.0440629050136
0.044031009078
0.0440000034869
0.0439698956907
0.0439406856894
0.043912358582
0.0438848994672
0.0438583083451
0.0438325665891
0.0438076741993
0.0437836050987
0.0437603667378
0.0437379404902
0.0437163189054
0.0436954908073
0.0436754487455
0.0436561740935
0.0436376705766
0.0436199195683
0.0436029173434
0.0435866490006
0.0435711033642
0.0435562729836
0.043542150408
0.0435287244618
0.0435159802437
0.0435039177537
0.0434925183654
0.0434817746282
0.0434716828167
0.0434622205794
0.0434533916414
0.0434451773763
0.0434375703335
0.0434305593371
0.043424140662
0.0434182956815
0.0434130206704
0.0434083044529
0.0434041358531
0.0434005074203
0.0433974042535
0.0433948226273
0.0433927513659
0.0433911792934
0.0433900952339
0.0433894917369
0.0433893576264
0.043389685452
0.0433904640377
0.0433916784823
0.0433933287859
0.043395396322
0.0433978736401
0.0434007532895
0.0434040278196
0.0434076786041
0.0434117056429
0.0434160940349
0.0434208326042
0.0434259139001
0.0434313267469
0.043437063694
0.0434431135654
0.0434494651854
0.0434561111033
0.043463036418
0.0434702411294
0.0434777066112
0.0434854216874
0.043493386358
0.043501585722
0.043510004878
0.043518640101
0.0435274839401
0.0435365214944
0.0435457415879
0.04355513677
0.0435646958649
0.043574411422
0.0435842759907
0.0435942746699
0.0436044000089
0.0436146408319
0.0436249859631
0.0436354316771
0.0436459630728
0.0436565689743
0.0436672456563
0.0436779782176
0.0436887554824
0.0436995774508
0.0437104217708
0.043721280992
0.0437321513891
0.0437430255115
0.0437538810074
0.0437647178769
0.0437755249441
0.043786291033
0.0437970049679
0.0438076555729
0.0438182428479
0.0438287444413
0.0438391603529
0.0438494719565
0.0438596755266
0.0438697598875
0.0438797138631
0.0438895337284
0.0438991971314
0.0439087040722
0.043918043375
0.0439272075891
0.0439361780882
0.0439449511468
0.0439535193145
0.0439618676901
0.0439699888229
0.0439778715372
0.0439855083823
0.0439928919077
0.0440000034869
0.0440068431199
0.0440134294331
0.0440197810531
0.0440259166062
0.0440318621695
0.0440376326442
0.0440432578325
0.0440487451851
0.0440541282296
0.0440594255924
0.0440646521747
0.0440698377788
0.0440749935806
0.0440801493824
0.0440853200853
0.0440905280411
0.0440957956016
0.0441011451185
0.0441065952182
0.0441121645272
0.0441178791225
0.0441237576306
0.0441298224032
0.0441360920668
0.044142588973
0.0441493317485
0.0441563464701
0.0441636517644
0.0441712662578
0.044179212302
0.0441875085235
0.0441961847246
0.0442052520812
0.0442147366703
0.044224653393
0.0442350320518
0.044245891273
0.0442572459579
0.0442691259086
0.0442815460265
0.0442945286632
0.0443080924451
0.0443222634494
0.0443370565772
0.0443525016308
0.0443686135113
0.0443854108453
0.044402923435
0.044421158731
0.0444401539862
0.044459912926
0.0444804690778
0.0445018447936
0.0445240549743
0.0445471182466
0.044571056962
0.0445958971977
0.0446216575801
0.0446483567357
0.0446760207415
0.0447046644986
0.0447343140841
0.0447649806738
0.0447967015207
0.0448294840753
0.0448633544147
0.0448983311653
0.0449344441295
0.0449717007577
0.0450101345778
0.0450497567654
0.0450905933976
0.045132663101
0.0451759882271
0.0452205911279
0.0452664904296
0.0453137084842
0.0453622639179
0.0454121790826
0.04546347633
0.0455161780119
0.0455703027546
0.0456258691847
0.0456829033792
0.0457414202392
0.0458014458418
0.0458630025387
0.045926105231
0.0459907799959
0.0460570380092
0.0461249165237
0.0461944267154
0.0462655872107
0.0463384278119
0.0464129634202
0.046489212662
0.0465672016144
0.0466469526291
0.0467284806073
0.0468118079007
0.0468969605863
0.0469839498401
0.0470728091896
0.0471635498106
0.0472562015057
0.0473507754505
0.0474472977221
0.0475457906723
0.0476462692022
0.0477487631142
0.0478532835841
0.0479598641396
0.0480685159564
0.0481792576611
0.0482921153307
0.0484071150422
0.0485242716968
0.0486436039209
0.0487651377916
0.0488888919353
0.0490148887038
0.0491431467235
0.0492736883461
0.0494065359235
0.0495417043567
0.049679223448
0.0498191080987
0.0499613806605
0.0501060672104
0.0502531826496
0.0504027456045
0.0505547858775
0.0507093183696
0.0508663654327
0.0510259456933
0.0511880815029
0.051352802664
0.0515201129019
0.0516900457442
0.0518626198173
0.0520378574729
0.052215769887
0.0523963905871
0.0525797381997
0.052765827626
0.052954684943
0.0531463250518
0.0533407777548
0.0535380579531
0.0537381879985
0.0539411865175
0.0541470833123
0.0543558895588
0.0545676350594
0.0547823272645
0.0550000034273
0.0552206598222
0.0554442480206
0.0556707121432
0.055899977684
0.0561319887638
0.0563666820526
0.0566039904952
0.0568438544869
0.0570862144232
0.0573309957981
0.0575781464577
0.0578275993466
0.0580792874098
0.0583331510425
0.05858913064
0.058847155422
0.0591071657836
0.0593690983951
0.0596328862011
0.0598984770477
0.0601657964289
0.0604347884655
0.0607053823769
0.0609775222838
0.0612511411309
0.0615261755884
0.0618025623262
0.0620802417397
0.0623591504991
0.0626392140985
0.062920384109
0.0632025897503
0.0634857714176
0.0637698620558
0.0640547946095
0.0643405169249
0.0646269619465
0.0649140626192
0.0652017593384
0.0654899850488
0.0657786801457
0.0660677850246
0.0663572177291
0.0666469484568
0.0669368803501
0.0672269612551
0.0675171390176
0.0678073391318
0.0680975019932
0.068387567997
0.0686774626374
0.0689671337605
0.0692565217614
0.0695455446839
0.0698341503739
0.0701222792268
0.0704098641872
0.0706968382001
0.0709831491113
0.071268722415
0.0715535059571
0.0718374177814
0.0721204206347
0.0724024325609
0.0726833939552
0.072963245213
0.0732419192791
0.0735193490982
0.0737954825163
0.0740702450275
0.0743435844779
0.0746154263616
0.0748857185245
0.0751543939114
0.0754213854671
0.0756866261363
0.075950063765
0.0762116312981
0.0764712542295
0.0767289027572
0.0769844725728
0.077237918973
0.0774891749024
0.0777381956577
0.0779848843813
0.0782292038202
0.0784710869193
0.0787104666233
0.0789472684264
0.0791814550757
0.0794129371643
0.0796416699886
0.0798675790429
0.0800906121731
0.0803106874228
0.0805277600884
0.0807417556643
0.0809526219964
0.0811602920294
0.0813646912575
0.0815657675266
0.0817634537816
0.0819576904178
0.0821484103799
0.0823355615139
0.0825190618634
0.0826988592744
0.082874879241
0.0830470770597
0.0832153782248
0.0833797231317
0.0835400521755
0.0836962908506
0.0838483870029
0.0839962661266
0.0841398835182
0.0842791497707
0.0844140201807
0.0845444202423
0.0846703052521
0.0847916007042
0.0849082395434
0.0850201621652
0.0851273015141
0.0852295979857
0.0853269919753
0.0854194164276
0.0855068042874
0.0855891034007
0.085666231811
0.085738144815
0.0858047753572
0.0858660563827
0.0859219282866
0.0859723165631
0.0860171690583
0.0860564261675
0.0860900133848
0.0861178711057
0.0861399397254
0.0861561521888
0.0861664563417
0.0861707627773
0.0861690416932
0.0861612036824
0.0861471965909
0.086126960814
0.0861004218459
0.0860675275326
0.0860282033682
0.0859823971987
0.0859300419688
0.0858710706234
0.0858054235578
0.0857330337167
0.0856538414955
0.0855677947402
0.0854748040438
0.0853748321533
0.0852677971125
0.0851536467671
0.0850323066115
0.0849037319422
0.0847678408027
0.0846245735884
0.0844738855958
0.0843156948686
0.0841499343514
0.0839765518904
0.0837954878807
0.0836066678166
0.0834100395441
0.0832055211067
0.0829930752516
0.0827726200223
0.0825440958142
0.0823074355721
0.0820625945926
0.0818094909191
0.0815480649471
0.081278257072
0.0810000002384
0.0807132795453
0.0804181694984
0.0801148414612
0.0798034220934
0.0794840604067
0.0791568905115
0.0788220390677
0.0784796774387
0.0781299248338
0.0777729228139
0.0774088203907
0.0770377516747
0.0766598656774
0.0762752890587
0.0758841633797
0.0754866451025
0.0750828608871
0.0746729522943
0.074257068336
0.0738353356719
0.0734079107642
0.0729749202728
0.0725365206599
0.0720928311348
0.0716440007091
0.0711901783943
0.0707315057516
0.0702681094408
0.0698001384735
0.0693277269602
0.0688510239124
0.0683701634407
0.067885287106
0.06739654392
0.0669040605426
0.0664079934359
0.0659084692597
0.0654056295753
0.0648996159434
0.0643905773759
0.0638786405325
0.0633639618754
0.0628466680646
0.0623269118369
0.0618048198521
0.0612805448472
0.0607542209327
0.0602259896696
0.0596959926188
0.0591643676162
0.058631259948
0.0580968037248
0.0575611405075
0.0570244155824
0.0564867705107
0.0559483356774
0.0554092638195
0.054869685322
0.0543297454715
0.0537895821035
0.053249347955
0.0527091622353
0.0521691851318
0.0516295433044
0.0510903857648
0.0505518428981
0.0500140711665
0.0494771972299
0.0489413663745
0.0484067201614
0.0478733964264
0.0473415404558
0.04681128636
0.0462827794254
0.0457561537623
0.0452315583825
0.0447091311216
0.0441890098155
0.043671336025
0.043156247586
0.0426438935101
0.0421344041824
0.0416279248893
0.0411245971918
0.0406245626509
0.0401279591024
0.039634924382
0.0391456000507
0.0386601313949
0.0381786599755
0.0377013161778
0.0372282452881
0.036759596318
0.0362954959273
0.0358360931277
0.0353815257549
0.03493193537
0.0344874672592
0.0340482443571
0.0336144305766
0.0331861525774
0.0327635481954
0.0323467738926
0.0319359488785
0.0315312296152
0.0311327520758
0.0307406485081
0.0303550735116
0.0299761593342
0.0296040512621
0.0292388852686
0.0288807991892
0.0285299383104
0.0281864441931
0.0278504546732
0.0275221113116
0.0272015500814
0.0268889255822
0.0265843588859
0.0262880027294
0.0260000005364
0.0257204473019
0.0254493094981
0.0251865144819
0.0249319933355
0.024685671553
0.024447478354
0.0242173410952
0.0239951871336
0.0237809456885
0.0235745422542
0.0233759079129
0.023184966296
0.0230016484857
0.0228258818388
0.0226575937122
0.0224967133254
0.0223431661725
0.0221968814731
0.0220577865839
0.0219258088619
0.0218008775264
0.021682921797
0.0215718653053
0.021467640996
0.0213701725006
0.021279387176
0.021195217967
0.0211175885051
0.0210464280099
0.020981663838
0.0209232252091
0.0208710376173
0.0208250302821
0.0207851305604
0.0207512676716
0.0207233689725
0.0207013599575
0.0206851735711
0.020674733445
0.0206699669361
0.0206708032638
0.0206771753728
0.0206889994442
0.0207062158734
0.0207287427038
0.020756514743
0.0207894556224
0.0208274964243
0.0208705607802
0.0209185797721
0.0209714826196
0.0210291910917
0.0210916399956
0.0211587529629
0.0212304610759
0.021306687966
0.0213873647153
0.0214724168181
0.0215617734939
0.0216553658247
0.0217531174421
0.021854955703
0.0219608079642
0.0220706071705
0.0221842769533
0.0223017465323
0.0224229469895
0.0225478000939
0.0226762369275
0.0228081829846
0.0229435674846
0.0230823215097
0.0232243705541
0.0233696419746
0.0235180612653
0.0236695613712
0.023824064061
0.0239815041423
0.0241418052465
0.0243048947304
0.0244707036763
0.0246391575783
0.024810185656
0.0249837096781
0.02515967004
0.0253379829228
0.0255185812712
0.0257013905793
0.0258863419294
0.0260733664036
0.0262623783201
0.0264533180743
0.0266461111605
0.0268406830728
0.0270369630307
0.0272348765284
0.0274343565106
0.027635326609
0.0278377123177
0.0280414484441
0.0282464548945
0.0284526720643
0.0286600124091
0.0288684163243
0.0290778037161
0.029288103804
0.0294992513955
0.0297111608088
0.0299237761647
0.0301370117813
0.0303508006036
0.030565071851
0.0307797528803
0.0309947729111
0.0312100537121
0.0314255282283
0.031641125679
0.0318567678332
0.032072391361
0.0322879105806
0.0325032733381
0.0327183865011
0.032933190465
0.0331476144493
0.0333615727723
0.0335750095546
0.0337878465652
0.0340000018477
0.0342114269733
0.0344220995903
0.0346320047975
0.0348411388695
0.0350494906306
0.0352570489049
0.0354638025165
0.03566974774
0.0358748696744
0.0360791608691
0.0362826138735
0.0364852137864
0.0366869568825
0.0368878282607
0.0370878204703
0.0372869297862
0.0374851375818
0.0376824364066
0.03787881881
0.0380742810667
0.0382688008249
0.0384623818099
0.0386550016701
0.0388466641307
0.0390373431146
0.0392270460725
0.0394157543778
0.0396034605801
0.0397901572287
0.0399758256972
0.0401604659855
0.0403440669179
0.0405266173184
0.0407081097364
0.0408885329962
0.0410678721964
0.0412461310625
0.0414232835174
0.0415993370116
0.0417742654681
0.0419480763376
0.0421207435429
0.0422922670841
0.0424626395106
0.0426318459213
0.0427998788655
0.0429667271674
0.0431323833764
0.0432968363166
0.0434600785375
0.0436220951378
0.0437828861177
0.0439424291253
0.0441007241607
0.0442577600479
0.0444135293365
0.0445680171251
0.0447212159634
0.0448731221259
0.0450237132609
0.0451729930937
0.0453209467232
0.0454675629735
0.0456128306687
0.0457567460835
0.0458992943168
0.0460404716432
0.0461802631617
0.0463186614215
0.0464556589723
0.0465912409127
0.0467254035175
0.0468581318855
0.0469894222915
0.0471192635596
0.0472476445138
0.0473745539784
0.0474999882281
0.047623924911
0.0477463714778
0.0478673093021
0.0479867272079
0.04810462147
0.0482209771872
0.0483357869089
0.0484490469098
0.0485607348382
0.0486708506942
0.0487793833017
0.0488863252103
0.0489916577935
0.0490953847766
0.0491974838078
0.0492979586124
0.0493967831135
0.0494939684868
0.04958948493
0.0496833324432
0.0497755035758
0.0498659834266
0.0499547682703
0.0500418432057
0.0501272007823
0.0502108298242
0.0502927266061
0.0503728725016
0.0504512675107
0.0505278967321
0.0506027489901
0.0506758205593
0.0507470965385
0.0508165694773
0.050884231925
0.0509500689805
0.0510140731931
0.0510762445629
0.0511365532875
0.0511950105429
0.0512515977025
0.0513062998652
0.0513591170311
0.0514100380242
0.0514590442181
0.0515061356127
0.0515513047576
0.0515945330262
0.0516358166933
0.051675144583
0.0517125092447
0.0517478957772
0.05178129673
0.0518127083778
0.0518421120942
0.051869507879
0.0518948808312
0.0519182235003
0.0519395209849
0.0519587658346
0.051975954324
0.051991071552
0.0520041100681
0.0520150586963
0.0520239062607
0.0520306490362
0.0520352721214
0.0520377717912
0.0520381331444
0.0520363487303
0.0520324036479
0.0520263016224
0.0520180165768
0.0520075522363
0.0519948899746
0.0519800297916
0.0519629530609
0.0519436560571
0.0519221201539
0.0518983528018
0.0518723316491
0.0518440455198
0.0518134906888
0.0517806597054
0.0517455376685
0.0517081134021
0.0516683831811
0.0516263358295
0.0515819638968
0.0515352487564
0.0514861941338
0.0514347776771
0.0513809993863
0.0513248480856
0.0512663051486
0.0512053780258
0.0511420406401
0.0510762892663
0.0510081201792
0.0509375184774
0.0508644655347
0.0507889725268
0.050711017102
0.0506305880845
0.0505476780236
0.0504622831941
0.0503743849695
0.0502839796245
0.0501910559833
0.0500956103206
0.0499976202846
0.0498970896006
0.0497939996421
0.0496883429587
0.0495801158249
0.0494693033397
0.0493558906019
0.0492398776114
0.0491212531924
0.0490000024438
0.0488761290908
0.0487496592104
0.0486206263304
0.0484890714288
0.0483550280333
0.0482185259461
0.0480796135962
0.0479383133352
0.0477946735919
0.047648716718
0.0475004911423
0.0473500229418
0.0471973530948
0.0470425114036
0.0468855462968
0.0467264801264
0.0465653575957
0.0464022122324
0.0462370738387
0.0460699871182
0.0459009818733
0.0457300953567
0.0455573685467
0.0453828275204
0.0452065132558
0.0450284592807
0.0448487065732
0.044667288661
0.0444842390716
0.0442995987833
0.044113393873
0.0439256690443
0.0437364578247
0.0435457900167
0.0433537065983
0.0431602485478
0.0429654493928
0.0427693352103
0.0425719507039
0.042373329401
0.0421735048294
0.0419725216925
0.0417704023421
0.0415671952069
0.0413629263639
0.0411576367915
0.0409513600171
0.0407441332936
0.0405359938741
0.040326975286
0.040117111057
0.0399064421654
0.0396949984133
0.0394828207791
0.0392699465156
0.0390564016998
0.0388422347605
0.0386274717748
0.0384121537209
0.0381963141263
0.0379799902439
0.0377632118762
0.0375460274518
0.0373284593225
0.0371105521917
0.0368923358619
0.0366738513112
0.0364551320672
0.0362362153828
0.0360171310604
0.035797920078
0.035578623414
0.0353592708707
0.0351398922503
0.0349205285311
0.0347012244165
0.034481998533
0.0342629030347
0.0340439639986
0.0338252186775
0.0336067080498
0.0333884544671
0.0331705100834
0.0329529047012
0.0327356718481
0.0325188450515
0.0323024690151
0.0320865698159
0.031871188432
0.031656358391
0.031442116946
0.031228499487
0.0310155451298
0.0308032836765
0.0305917523801
0.0303809940815
0.030171032995
0.0299619138241
0.0297536700964
0.0295463334769
0.0293399449438
0.029134536162
0.0289301481098
0.0287268143147
0.0285245683044
0.0283234473318
0.0281234867871
0.0279247239232
0.0277271941304
0.0275309309363
0.0273359734565
0.0271423552185
0.0269501116127
0.0267592798918
0.0265698954463
0.0263819955289
0.0261956136674
0.0260107852519
0.0258275475353
0.025645935908
0.0254659876227
0.0252877362072
0.0251112170517
0.0249364692718
0.0247635245323
0.0245924238116
0.0244231950492
0.0242558829486
0.0240905173123
0.023927135393
0.0237657725811
0.0236064698547
0.0234492514282
0.0232941657305
0.0231412407011
0.022990513593
0.0228420235217
0.0226958021522
0.0225518867373
0.0224103126675
0.0222711171955
0.0221343357116
0.0220000017434
0.0218681432307
0.0217387601733
0.0216118358076
0.0214873589575
0.0213653147221
0.0212456937879
0.021128481254
0.0210136659443
0.0209012310952
0.020791169256
0.0206834636629
0.02057810314
0.0204750765115
0.0203743688762
0.0202759690583
0.0201798640192
0.0200860388577
0.0199944842607
0.0199051871896
0.0198181308806
0.0197333078831
0.0196507014334
0.0195703003556
0.0194920934737
0.0194160658866
0.0193422064185
0.0192705001682
0.0192009359598
0.0191335026175
0.01906818524
0.019004970789
0.0189438480884
0.0188848040998
0.0188278257847
0.0187729001045
0.0187200158834
0.0186691582203
0.0186203159392
0.0185734760016
0.0185286253691
0.018485751003
0.0184448417276
0.0184058826417
0.0183688625693
0.0183337703347
0.018300589174
0.0182693116367
0.0182399190962
0.0182124003768
0.0181867480278
0.0181629434228
0.0181409772485
0.0181208327413
0.0181025024503
0.0180859714746
0.018071224913
0.0180582515895
0.0180470403284
0.018037578091
0.0180298481137
0.0180238448083
0.0180195495486
0.0180169511586
0.0180160384625
0.0180167965591
0.0180192142725
0.0180232785642
0.0180289763957
0.0180362965912
0.0180452242494
0.0180557463318
0.0180678535253
0.0180815309286
0.0180967636406
0.0181135442108
0.0181318558753
0.0181516874582
0.0181730240583
0.0181958544999
0.0182201676071
0.0182459503412
0.0182731859386
0.0183018688112
0.0183319784701
0.0183635093272
0.0183964427561
0.0184307694435
0.0184664744884
0.0185035485774
0.0185419786721
0.0185817461461
0.0186228454113
0.018665259704
0.0187089778483
0.018753984943
0.0188002735376
0.0188478250057
0.0188966300339
0.0189466755837
0.0189979467541
0.0190504342318
0.0191041231155
0.0191590022296
0.01921505481
0.0192722734064
0.0193306412548
0.019390149042
0.0194507818669
0.019512526691
0.0195753742009
0.019639307633
0.0197043158114
0.0197703894228
0.0198375061154
0.0199056640267
0.0199748445302
0.02004503645
0.020116224885
0.0201884023845
0.0202615540475
0.02033566311
0.0204107221216
0.0204867143184
0.0205636285245
0.0206414535642
0.0207201763988
0.0207997821271
0.0208802614361
0.0209615956992
0.0210437793285
0.0211267955601
0.0212106332183
0.0212952774018
0.0213807169348
0.0214669406414
0.0215539336205
0.0216416846961
0.0217301771045
0.0218194033951
0.0219093505293
0.0220000017434
0.0220913458616
0.0221833623946
0.0222760308534
0.0223693307489
0.0224632397294
0.0225577391684
0.0226528048515
0.0227484181523
0.0228445585817
0.0229412019253
0.0230383314192
0.0231359228492
0.0232339575887
0.023332413286
0.023431269452
0.0235305055976
0.0236300993711
0.0237300302833
0.0238302815706
0.0239308252931
0.0240316446871
0.0241327155381
0.0242340210825
0.0243355408311
0.0244372487068
0.0245391260833
0.0246411543339
0.0247433111072
0.0248455721885
0.0249479226768
0.025050336495
0.0251527950168
0.0252552777529
0.0253577623516
0.0254602283239
0.0255626551807
0.0256650205702
0.0257673058659
0.0258694887161
0.0259715467691
0.0260734632611
0.0261752139777
0.0262767765671
0.0263781324029
0.0264792628586
0.0265801418573
0.026680752635
0.0267810728401
0.0268810801208
0.026980753988
0.0270800758153
0.0271790213883
0.0272775720805
0.0273757074028
0.0274734050035
0.0275706425309
0.0276674013585
0.0277636609972
0.0278593990952
0.0279545951635
0.0280492268503
0.0281432736665
0.0282367188483
0.0283295363188
0.0284217074513
0.0285132080317
0.0286040231586
0.028694126755
0.0287834983319
0.0288721211255
0.0289599690586
0.0290470253676
0.029133265838
0.0292186718434
0.029303221032
0.0293868910521
0.0294696670026
0.0295515209436
0.0296324342489
0.029712388292
0.0297913588583
0.0298693273216
0.0299462713301
0.030022168532
0.0300970021635
0.0301707498729
0.0302433874458
0.0303148962557
0.0303852576762
0.0304544456303
0.0305224452168
0.0305892303586
0.0306547824293
0.0307190809399
0.0307821016759
0.0308438297361
0.0309042371809
0.0309633091092
0.0310210213065
0.0310773514211
0.0311322845519
0.0311857927591
0.0312378592789
0.031288459897
0.0313375741243
0.0313851870596
0.0314312726259
0.0314758084714
0.0315187759697
0.0315601564944
0.0315999239683
0.0316380634904
0.0316745452583
0.0317093580961
0.0317424759269
0.0317738763988
0.0318035408854
0.0318314507604
0.0318575799465
0.0318819135427
0.031904425472
0.0319250971079
0.0319439023733
0.0319608300924
0.0319758541882
0.0319889485836
0.0320001021028
0.0320092849433
0.0320164859295
0.0320216715336
0.032024834305
0.0320259407163
0.0320249795914
0.0320219285786
0.0320167578757
0.0320094563067
0.0320000015199
0.0319883711636
0.0319745689631
0.0319585874677
0.0319404378533
0.0319201089442
0.0318976119161
0.0318729393184
0.0318460986018
0.031817086041
0.0317859053612
0.0317525528371
0.0317170321941
0.0316793471575
0.0316394902766
0.031597469002
0.0315532833338
0.0315069332719
0.0314584188163
0.0314077399671
0.0313548967242
0.031299892813
0.0312427263707
0.0311834011227
0.0311219133437
0.0310582686216
0.0309924632311
0.0309245008975
0.0308543834835
0.0307821054012
0.030707674101
0.0306310858577
0.0305523443967
0.0304714497179
0.0303883999586
0.0303031988442
0.0302158463746
0.0301263425499
0.0300346892327
0.0299408845603
0.0298449322581
0.0297468323261
0.0296465829015
0.0295441877097
0.029439644888
0.0293329600245
0.0292241256684
0.0291131511331
0.0290000326931
0.0288847703487
0.0287673659623
0.0286478213966
0.028526134789
0.0284023080021
0.0282763428986
0.0281482413411
0.0280179996043
0.0278856214136
0.0277511049062
0.0276144556701
0.02747566998
0.0273347496986
0.0271916966885
0.0270465109497
0.0268991906196
0.0267497394234
0.0265981592238
0.0264444481581
0.0262886080891
0.026130637154
0.0259705409408
0.0258083138615
0.0256439633667
0.0254774857312
0.025308880955
0.0251381546259
0.0249653030187
0.024790327996
0.0246132314205
0.0244340114295
0.0242526717484
0.0240692105144
0.0238836295903
0.0236959289759
0.0235061123967
0.0233141761273
0.0231201257557
0.0229239556938
0.0227256715298
0.0225252732635
0.0223227590322
0.0221181306988
0.0219113919884
0.0217025391757
0.0214915778488
0.0212785042822
0.0210633184761
0.0208460241556
0.0206266250461
0.0204051136971
0.0201814956963
0.0199557729065
0.0197279434651
0.0194980092347
0.0192659702152
0.0190318264067
0.0187955815345
0.0185572318733
0.0183167848736
0.0180742330849
0.0178295802325
0.0175828300416
0.0173339806497
0.017083035782
0.0168299879879
0.016574844718
0.0163176059723
0.0160582736135
0.0157968476415
0.015533324331
0.0152677083388
0.015000000596
0.0147302225232
0.0144584849477
0.0141849219799
0.0139096649364
0.0136328479275
0.0133546022698
0.0130750620738
0.0127943605185
0.0125126298517
0.0122300032526
0.011946612969
0.0116625921801
0.0113780731335
0.0110931899399
0.0108080757782
0.0105228610337
0.0102376807481
0.00995266716927
0.00966795161366
0.00938367005438
0.00909995380789
0.00881693512201
0.00853474717587
0.00825352407992
0.00797339715064
0.00769450003281
0.00741696450859
0.00714092422277
0.00686651282012
0.00659386301413
0.00632310518995
0.00605437485501
0.00578780379146
0.00552352564409
0.00526167219505
0.0050023784861
0.00474577443674
0.00449199415743
0.00424117036164
0.00399343622848
0.00374892633408
0.00350776966661
0.00327010173351
0.00303605385125
0.00280576059595
0.00257935351692
0.0023569681216
0.00213873293251
0.00192478380632
0.00171525299083
0.00151027401444
0.00130997761153
0.0011144982418
0.000923967396375
0.00073852163041
0.000558289582841
0.000383404752938
0.000214001658605
5.02128641529e-05
-0.000107828142063
-0.000259991647908
-0.000406142266002
-0.000546146417037
-0.000679872522596
-0.000807189033367
-0.000927959510591
-0.00104205519892
-0.00114933971781
-0.0012496834388
-0.00134295085445
-0.00142901041545
-0.00150772859342
-0.00157897383906
-0.00164261064492
-0.00169850734528
-0.0017465344863
-0.00178655446507
-0.00181843573228
-0.00184204685502
-0.00185725407209
-0.00186392408796
-0.00186192523688
-0.00185112387408
-0.00183138472494
-0.00180257996544
-0.00176457408816
-0.00171723181847
-0.00166042521596
-0.00159401714336
-0.00151787768118
-0.00143187341746
-0.00133587082382
-0.00122973835096
-0.00111333851237
-0.00098654278554
-0.000849218398798
-0.000701231008861
-0.000542449997738
-0.000372736947611
-0.000191966071725
0.0
0.000203238392714
0.000417610688601
0.000642923987471
0.00087898527272
0.00112560170237
0.00138258037623
0.0016497282777
0.00192685250659
0.00221376027912
0.00251025869511
0.00281615438871
0.00313125480898
0.00345536670648
0.00378829822876
0.00412985496223
0.00447984505445
0.00483807502314
0.00520435208455
0.00557848345488
0.00596027635038
0.00634953705594
0.00674607325345
0.00714969169348
0.00756020052359
0.00797740649432
0.00840111449361
0.00883113499731
0.00926727149636
0.00970933493227
0.010157128796
0.010610464029
0.0110691441223
0.0115329762921
0.0120017705485
0.0124753322452
0.0129534667358
0.0134359840304
0.0139226904139
0.0144133921713
0.0149078955874
0.0154060106725
0.01590754278
0.0164122972637
0.0169200841337
0.017430709675
0.0179439783096
0.018459700048
0.0189776830375
0.0194977317005
0.0200196504593
0.0205432549119
0.021068347618
0.0215947311372
0.0221222173423
0.0226506125182
0.0231797266752
0.0237093605101
0.0242393258959
0.0247694291174
0.0252994764596
0.02582927607
0.0263586305082
0.0268873553723
0.0274152494967
0.0279421247542
0.028467785567
0.0289920419455
0.0295147001743
0.0300355665386
0.0305544435978
0.0310711469501
0.0315854772925
0.0320972464979
0.0326062552631
0.0331123173237
0.0336152389646
0.03411481902
0.0346108786762
0.0351032167673
0.0355916321278
0.0360759496689
0.0365559644997
0.0370314791799
0.0375023186207
0.0379682742059
0.0384291596711
0.0388847775757
0.0393349416554
0.0397794507444
0.0402181223035
0.0406507514417
0.0410771593451
0.0414971411228
0.0419105030596
0.0423170626163
0.0427166186273
0.043108984828
0.043493963778
0.043871358037
0.0442409850657
0.0446026436985
0.0449561439455
0.0453012958169
0.0456378981471
0.0459657646716
0.0462847091258
0.0465945191681
0.0468950197101
0.0471860095859
0.0474672988057
0.0477386936545
0.0480000004172
0.0482510812581
0.0484920106828
0.0487229116261
0.0489439181983
0.0491551607847
0.0493567660451
0.049548856914
0.049731567502
0.0499050244689
0.0500693544745
0.0502246879041
0.0503711588681
0.0505088828504
0.0506379976869
0.0507586300373
0.0508709102869
0.0509749576449
0.0510709136724
0.0511588975787
0.0512390397489
0.0513114668429
0.0513763129711
0.0514337047935
0.0514837652445
0.0515266284347
0.0515624172986
0.0515912696719
0.0516133010387
0.0516286529601
0.0516374446452
0.0516398064792
0.0516358688474
0.0516257621348
0.0516096055508
0.051587536931
0.0515596829355
0.0515261664987
0.0514871254563
0.0514426752925
0.0513929538429
0.0513380914927
0.0512782074511
0.051213439554
0.0511439070106
0.0510697476566
0.0509910844266
0.0509080439806
0.0508207567036
0.0507293529809
0.0506339631975
0.050534710288
0.0504317209125
0.0503251291811
0.0502150580287
0.0501016452909
0.0499850101769
0.0498652867973
0.0497425980866
0.04961707443
0.0494888499379
0.0493580438197
0.0492247901857
0.0490892156959
0.04895144701
0.0488116182387
0.0486698523164
0.0485262833536
0.0483810305595
0.0482342243195
0.0480860024691
0.0479364879429
0.0477858036757
0.0476340837777
0.0474814586341
0.0473280549049
0.0471739955246
0.0470194146037
0.0468644350767
0.0467091947794
0.0465538166463
0.0463984236121
0.0462431535125
0.046088129282
0.0459334813058
0.0457793362439
0.0456258244812
0.0454730726779
0.0453212112188
0.0451703667641
0.0450206696987
0.0448722392321
0.0447252206504
0.0445797331631
0.0444358997047
0.0442938543856
0.0441537313163
0.0440156459808
0.0438797399402
0.0437461286783
0.0436149537563
0.0434863306582
0.0433604009449
0.0432372801006
0.0431171059608
0.0430000014603
0.0428860709071
0.0427753180265
0.0426677130163
0.042563226074
0.0424618385732
0.0423635207117
0.0422682464123
0.0421759933233
0.0420867279172
0.0420004315674
0.041917078197
0.0418366380036
0.0417590849102
0.0416843928397
0.0416125394404
0.0415434986353
0.041477240622
0.0414137393236
0.0413529761136
0.0412949174643
0.0412395372987
0.0411868169904
0.0411367192864
0.0410892292857
0.0410443134606
0.0410019494593
0.0409621149302
0.0409247763455
0.0408899113536
0.0408574938774
0.0408274941146
0.0407998897135
0.0407746583223
0.0407517701387
0.0407311990857
0.0407129190862
0.0406969040632
0.0406831353903
0.0406715720892
0.0406621992588
0.0406549908221
0.0406499132514
0.0406469479203
0.0406460613012
0.0406472422183
0.0406504496932
0.0406556613743
0.0406628549099
0.0406720042229
0.0406830795109
0.0406960584223
0.0407109111547
0.0407276190817
0.0407461486757
0.0407664738595
0.0407885760069
0.0408124215901
0.0408379882574
0.0408652462065
0.040894176811
0.0409247502685
0.0409569367766
0.0409907177091
0.0410260595381
0.0410629436374
0.0411013402045
0.0411412231624
0.0411825664341
0.0412253439426
0.0412695296109
0.0413151010871
0.0413620248437
0.0414102822542
0.0414598435163
0.0415106862783
0.0415627844632
0.0416161045432
0.041670627892
0.0417263284326
0.0417831800878
0.0418411456048
0.0419002175331
0.0419603586197
0.0420215427876
0.0420837514102
0.0421469472349
0.0422111153603
0.0422762259841
0.0423422455788
0.0424091629684
0.0424769371748
0.0425455532968
0.0426149815321
0.0426851958036
0.0427561663091
0.0428278744221
0.0429002903402
0.0429733879864
0.0430471412838
0.0431215241551
0.0431965067983
0.043272074312
0.0433481968939
0.0434248372912
0.0435019806027
0.0435796044767
0.0436576716602
0.0437361598015
0.0438150465488
0.0438943020999
0.043973904103
0.0440538227558
0.0441340357065
0.0442145168781
0.0442952364683
0.0443761721253
0.0444572977722
0.0445385836065
0.0446200072765
0.04470153898
0.0447831600904
0.0448648408055
0.0449465513229
0.0450282692909
0.0451099723577
0.0451916269958
0.0452732108533
0.0453546978533
0.045436065644
0.0455172806978
0.045598320663
0.0456791631877
0.0457597747445
0.0458401404321
0.045920226723
0.0460000038147
0.0460794493556
0.0461585409939
0.0462372489274
0.0463155470788
0.0463934056461
0.0464707948267
0.0465476922691
0.0466240718961
0.0466999039054
0.04677516222
0.0468498207629
0.046923853457
0.0469972305
0.0470699258149
0.0471419095993
0.0472131595016
0.0472836457193
0.0473533421755
0.0474222190678
0.0474902540445
0.0475574210286
0.0476236864924
0.0476890280843
0.0477534160018
0.0478168278933
0.0478792339563
0.0479406006634
0.0480009093881
0.0480601340532
0.0481182411313
0.0481752119958
0.0482310093939
0.0482856109738
0.0483389906585
0.048391122371
0.0484419763088
0.0484915263951
0.0485397465527
0.0485866107047
0.0486320890486
0.0486761517823
0.0487187802792
0.048759944737
0.0487996079028
0.0488377586007
0.0488743633032
0.0489093884826
0.0489428155124
0.0489746108651
0.0490047559142
0.0490332171321
0.0490599684417
0.0490849874914
0.0491082407534
0.0491297021508
0.0491493493319
0.0491671487689
0.0491830781102
0.0491971075535
0.049209214747
0.049219366163
0.0492275431752
0.0492337085307
0.0492378398776
0.0492399148643
0.0492398999631
0.0492377728224
0.0492334999144
0.0492270588875
0.0492184236646
0.0492075681686
0.0491944588721
0.0491790771484
0.0491613857448
0.0491413623095
0.0491189882159
0.0490942262113
0.0490670502186
0.0490374341607
0.0490053556859
0.0489707812667
0.0489336885512
0.0488940440118
0.0488518327475
0.0488070175052
0.0487595684826
0.0487094707787
0.0486566871405
0.0486011952162
0.0485429689288
0.0484819747508
0.0484181940556
0.0483515933156
0.0482821501791
0.0482098311186
0.0481346137822
0.0480564758182
0.0479753836989
0.0478913076222
0.0478042289615
0.0477141141891
0.0476209409535
0.0475246757269
0.0474252998829
0.0473227798939
0.0472170896828
0.0471082031727
0.0469960942864
0.0468807369471
0.0467621013522
0.0466401614249
0.046514891088
0.0463862605393
0.0462542437017
0.0461188182235
0.045979950577
0.0458376184106
0.0456917919219
0.0455424450338
0.0453895516694
0.045233078301
0.0450730100274
0.0449093133211
0.0447419583797
0.0445709191263
0.044396173209
0.0442176871002
0.0440354421735
0.043849401176
0.0436595454812
0.0434658415616
0.0432682670653
0.0430667959154
0.0428613945842
0.0426520444453
0.0424387156963
0.0422213748097
0.042000003159
0.0417746007442
0.0415452867746
0.0413122214377
0.0410755574703
0.0408354476094
0.0405920445919
0.0403455011547
0.0400959812105
0.0398436263204
0.0395885929465
0.0393310412765
0.0390711203218
0.0388089865446
0.0385447852314
0.0382786802948
0.0380108244717
0.0377413704991
0.0374704636633
0.0371982753277
0.0369249433279
0.0366506278515
0.0363754816353
0.0360996648669
0.0358233191073
0.0355466082692
0.0352696850896
0.03499269858
0.0347158052027
0.0344391651452
0.0341629199684
0.0338872298598
0.0336122512817
0.033338136971
0.0330650359392
0.0327931083739
0.0325224995613
0.0322533734143
0.0319858826697
0.0317201726139
0.0314564034343
0.0311947297305
0.0309353042394
0.0306782778352
0.0304238088429
0.0301720481366
0.0299231503159
0.0296772699803
0.0294345617294
0.0291951783001
0.0289592724293
0.0287269987166
0.0284985136241
0.0282739661634
0.0280535146594
0.0278373099864
0.0276255086064
0.0274182632565
0.0272157266736
0.0270180515945
0.0268253982067
0.0266379136592
0.0264557544142
0.0262790750712
0.0261080302298
0.0259427689016
0.0257834494114
0.0256302263588
0.0254832487553
0.0253426749259
0.0252086576074
0.0250813513994
0.0249609071761
0.0248474813998
0.0247412268072
0.0246422979981
0.0245508514345
0.0244670342654
0.024391008541
0.0243229195476
0.0242629274726
0.024211185053
0.024167843163
0.0241330601275
0.0241069868207
0.0240897778422
0.0240815859288
0.0240825656801
0.024092875421
0.0241126604378
0.0241420827806
0.024181291461
0.0242304410785
0.0242896880955
0.0243591815233
0.0244390778244
0.0245295353234
0.0246307011694
0.0247427299619
0.0248657781631
0.0250000003725
0.0251454878598
0.0253020953387
0.0254696123302
0.0256478302181
0.0258365441114
0.0260355435312
0.0262446198612
0.0264635682106
0.0266921781003
0.0269302446395
0.0271775554866
0.0274339057505
0.0276990868151
0.0279728882015
0.0282551050186
0.0285455305129
0.0288439523429
0.0291501656175
0.0294639598578
0.0297851283103
0.030113466084
0.0304487589747
0.030790803954
0.0311393905431
0.0314943119884
0.0318553633988
0.0322223268449
0.0325950048864
0.0329731851816
0.0333566591144
0.0337452180684
0.0341386571527
0.034536767751
0.0349393412471
0.0353461652994
0.0357570387423
0.0361717492342
0.0365900918841
0.0370118580759
0.0374368391931
0.0378648228943
0.0382956117392
0.0387289822102
0.0391647405922
0.0396026708186
0.0400425717235
0.0404842272401
0.0409274399281
0.0413719899952
0.0418176725507
0.0422642789781
0.0427116118371
0.0431594513357
0.043607596308
0.0440558344126
0.0445039533079
0.0449517630041
0.0453990362585
0.0458455681801
0.0462911576033
0.046735599637
0.0471786744893
0.0476201809943
0.0480599068105
0.0484976507723
0.0489332042634
0.049366351217
0.0497968941927
0.0502246171236
0.0506493151188
0.0510707721114
0.0514887943864
0.0519031696022
0.0523136854172
0.0527201369405
0.0531223118305
0.0535200051963
0.0539130121469
0.0543011240661
0.054684124887
0.0550618171692
0.0554339848459
0.0558004267514
0.0561609305441
0.0565152838826
0.0568632930517
0.057204734534
0.0575394034386
0.057867102325
0.0581876151264
0.0585007332265
0.0588062480092
0.0591039583087
0.0593936406076
0.0596751086414
0.0599481426179
0.0602125301957
0.060468070209
0.0607145540416
0.0609517730772
0.0611795149744
0.0613975822926
0.061605758965
0.0618038326502
0.0619916059077
0.062168866396
0.0623354054987
0.0624910071492
0.0626354813576
0.0627686083317
0.0628901794553
0.0630000010133
0.0630979016423
0.0631839632988
0.0632583349943
0.0633211359382
0.0633725076914
0.0634125843644
0.0634415000677
0.0634593814611
0.0634663850069
0.0634626224637
0.0634482428432
0.0634233802557
0.0633881539106
0.0633427202702
0.0632872059941
0.0632217377424
0.0631464570761
0.0630614981055
0.0629669949412
0.0628630891442
0.0627498999238
0.0626275762916
0.0624962486327
0.0623560510576
0.0622071176767
0.0620495863259
0.0618835873902
0.0617092587054
0.0615267306566
0.061336144805
0.0611376315355
0.0609313286841
0.0607173629105
0.0604958832264
0.0602670125663
0.0600308850408
0.059787645936
0.059537421912
0.059280347079
0.0590165629983
0.0587461963296
0.0584693849087
0.0581862665713
0.0578969754279
0.0576016418636
0.0573004037142
0.0569933913648
0.0566807501018
0.0563626028597
0.0560390911996
0.055710349232
0.0553765147924
0.0550377108157
0.054694082588
0.0543457642198
0.0539928860962
0.0536355860531
0.0532739982009
0.05290825665
0.0525384955108
0.0521648526192
0.0517874620855
0.0514064542949
0.0510219670832
0.0506341345608
0.0502430982888
0.0498489812016
0.0494519248605
0.049052067101
0.0486495308578
0.0482444651425
0.0478369928896
0.0474272556603
0.0470153875649
0.0466015189886
0.0461857914925
0.0457683354616
0.0453492924571
0.0449287854135
0.0445069521666
0.0440839380026
0.0436598621309
0.0432348735631
0.042809098959
0.0423826761544
0.0419557318091
0.0415284149349
0.0411008521914
0.0406731776893
0.0402455218136
0.039818033576
0.039390835911
0.0389640666544
0.0385378599167
0.0381123535335
0.0376876778901
0.0372639708221
0.0368413627148
0.0364199988544
0.0360000021756
0.0355814956129
0.0351645126939
0.034749083221
0.0343352220953
0.0339229516685
0.0335122980177
0.0331032760441
0.0326959118247
0.0322902239859
0.0318862348795
0.0314839668572
0.0310834366828
0.030684672296
0.0302876904607
0.0298925153911
0.0294991619885
0.0291076600552
0.0287180263549
0.0283302851021
0.0279444530606
0.0275605563074
0.0271786116064
0.0267986431718
0.0264206714928
0.0260447189212
0.025670805946
0.025298954919
0.0249291844666
0.0245615169406
0.0241959765553
0.0238325819373
0.0234713554382
0.0231123156846
0.0227554868907
0.0224008914083
0.0220485460013
0.0216984786093
0.0213507041335
0.0210052467883
0.0206621270627
0.0203213654459
0.0199829898775
0.0196470115334
0.0193134583533
0.0189823508263
0.0186537075788
0.0183275528252
0.0180039070547
0.0176827888936
0.0173642262816
0.01704823412
0.0167348347604
0.0164240524173
0.016115905717
0.0158104170114
0.0155076095834
0.0152075011283
0.0149101149291
0.0146154714748
0.014323592186
0.0140345003456
0.0137482155114
0.0134647581726
0.0131841516122
0.0129064144567
0.0126315737143
0.0123596424237
0.0120906475931
0.0118246106431
0.0115615483373
0.0113014895469
0.0110444491729
0.0107904495671
0.0105395130813
0.0102916629985
0.0100469170138
0.009805300273
0.00956682860851
0.00933152623475
0.00909941922873
0.00887051969767
0.00864485744387
0.00842244923115
0.00820331834257
0.00798748247325
0.0077749658376
0.00756579032168
0.00735997827724
0.0071575473994
0.00695851910859
0.00676291901618
0.0065707648173
0.00638208026066
0.00619688257575
0.0060151941143
0.00583704235032
0.00566244358197
0.00549141736701
0.00532398419455
0.00516017572954
0.0050000003539
0.00484347715974
0.00469057494774
0.0045412555337
0.00439547980204
0.00425320863724
0.00411440385506
0.00397902633995
0.00384703744203
0.00371839827858
0.00359306973405
0.00347101362422
0.00335219060071
0.00323656247929
0.00312408967875
0.00301473401487
0.0029084563721
0.00280521810055
0.00270498055033
0.00260770483874
0.00251335208304
0.00242188340053
0.00233326014131
0.00224744365551
0.00216439482756
0.00208407477476
0.00200644531287
0.00193146709353
0.00185910135042
0.00178930978291
0.00172205315903
0.00165729271248
0.00159498990979
0.00153510528617
0.00147760089021
0.00142243748996
0.00136957655195
0.00131897884421
0.00127060583327
0.00122441898566
0.00118037918583
0.00113844731823
0.00109858566429
0.00106075406075
0.00102491478901
0.000991028849967
0.000959056429565
0.000928959867451
0.000900700106286
0.000874238554388
0.000849535979796
0.000826553849038
0.000805253570434
0.000785595912021
0.000767541932873
0.00075105286669
0.000736091169529
0.000722616678104
0.000710590393282
0.000699975062162
0.000690730579663
0.000682818470523
0.00067619944457
0.000670836481731
0.000666688487399
0.00066371873254
0.00066188670462
0.000661154277623
0.000661482859869
0.000662834208924
0.000665167346597
0.00066844659159
0.000672631314956
0.000677681935485
0.000683560909238
0.000690229935572
0.000697649491485
0.000705780053977
0.00071458297316
0.000724020996131
0.00073405506555
0.000744644668885
0.000755751621909
0.000767338322476
0.000779366062488
0.000791793398093
0.000804583600257
0.000817699008621
0.000831099052448
0.000844743743073
0.000858597806655
0.000872619682923
0.000886770780198
0.000901012914255
0.000915308017284
0.000929616973735
0.000943899212871
0.000958117539994
0.00097223429475
0.000986208440736
0.0010000000475
0.00101358233951
0.00102695543319
0.00104012899101
0.00105311337393
0.00106591824442
0.00107855384704
0.00109102996066
0.00110335671343
0.00111554400064
0.00112760195043
0.00113954034168
0.00115136941895
0.0011630988447
0.0011747389799
0.00118629948702
0.0011977906106
0.00120922212955
0.00122060417198
0.00123194651678
0.00124325952493
0.00125455274247
0.00126583653037
0.00127712078393
0.00128841528203
0.00129973026924
0.00131107564084
0.00132246129215
0.0013338974677
0.00134539371356
0.00135696050711
0.00136860751081
0.00138034485281
0.00139218242839
0.00140413024928
0.00141619856004
0.0014283969067
0.00144073553383
0.00145322445314
0.00146587355994
0.00147869286593
0.00149169238284
0.00150488188956
0.00151827174705
0.0015318718506
0.00154569209553
0.00155974226072
0.00157403259072
0.00158857309725
0.00160337367561
0.00161844445392
0.00163379509468
0.00164943595883
0.00166537682526
0.00168162770569
0.00169819861185
0.00171509955544
0.00173234043177
0.00174993136898
0.00176788214594
0.00178620312363
0.0018049038481
0.00182399456389
0.00184348516632
0.00186338578351
0.00188370631076
0.0019044567598
0.00192564690951
0.00194728688803
0.00196938682348
0.00199195672758
0.00201500649564
0.00203854567371
0.00206258497201
0.00208713393658
0.00211220281199
0.0021378013771
0.00216393987648
0.00219062762335
0.00221787556075
0.00224569323473
0.00227409042418
0.00230307737365
0.00233266409487
0.0023628603667
0.00239367620088
0.00242512184195
0.00245720683597
0.00248994166031
0.0025233363267
0.00255740038119
0.00259214406833
0.002627577167
0.00266371015459
0.00270055211149
0.00273811398074
0.00277640554123
0.00281543657184
0.00285521661863
0.00289575662464
0.00293706613593
0.00297915516421
0.00302203302272
0.00306571065448
0.0031101978384
0.00315550458618
0.00320164044388
0.00324861588888
0.00329644070007
0.00334512488917
0.00339467800222
0.00344511098228
0.0034964333754
0.00354865472764
0.00360178528354
0.00365583528765
0.00371081498452
0.00376673368737
0.00382360094227
0.00388142815791
0.00394022464752
0.00400000018999
