1.14440917969e-05
1.14440917969e-05
3.81469690183e-05
5.72204589844e-05
8.39233325678e-05
0.000110626227979
0.000129699707031
0.000156402616994
0.000179290727829
0.000202178955078
0.000228881835938
0.000247955293162
0.000274658290436
0.000297546415823
0.000320434512105
0.00034713750938
0.000366210762877
0.000389099324821
0.000415801856434
0.000438690214651
0.000457763671875
0.000484466436319
0.000507354794536
0.000530243094545
0.0005531309871
0.000572204473428
0.000598907703534
0.000621795130428
0.00064468436176
0.000667571788654
0.000686645740643
0.000713348505087
0.000732421525754
0.000759125163313
0.00077819818398
0.000801086542197
0.000823973969091
0.000846863200422
0.000869751558639
0.000888823647983
0.000915528275073
0.000934600364417
0.000957488664426
0.000976562616415
0.00100326538086
0.00102233933285
0.00104141142219
0.00106811593287
0.00108718813863
0.00111007643864
0.00113296660129
0.00115203869063
0.00117492524441
0.00119781540707
0.00121688935906
0.00123977579642
0.00125884974841
0.00128173991106
0.00130081013776
0.00132370030042
0.0013465868542
0.00136566441506
0.00138854735997
0.00140762492083
0.00142669514753
0.00145340152085
0.00146865926217
0.00149154581595
0.00151443225332
0.00152969360352
0.00155639636796
0.00157165771816
0.00159454427194
0.0016174307093
0.00163268845063
0.00165939121507
0.00167465617415
0.00169753900263
0.0017166165635
0.00173568690661
0.00175857706927
0.00177764729597
0.00179671763908
0.0018158024177
0.00183867802843
0.00185394298751
0.00187683315016
0.00189590349328
0.00191879365593
0.00193405128084
0.00195694155991
0.00197601178661
0.00199126941152
0.00201415969059
0.00203323713504
0.00205611996353
0.00207138503902
0.00209044804797
0.002109532943
0.00213241577148
0.00214767339639
0.00216675107367
0.00218582130037
0.00220870412886
0.00222396920435
0.00224303943105
0.00226212432608
0.00228118733503
0.00230026477948
0.00231932778843
0.00233840546571
0.00235367030837
0.00237656058744
0.0023918109946
0.00241088843904
0.00242996611632
0.00244521652348
0.00246812100522
0.00248335697688
0.00250244908966
0.00252151209861
0.00253677694127
0.00255583995022
0.0025749176275
0.00259399507195
0.00260926014744
0.00262832315639
0.00264740060084
0.00266266567633
0.00268172868527
0.00269699352793
0.00271605653688
0.00273513421416
0.00275039905682
0.0027694767341
0.00278472714126
0.00280380458571
0.00281905499287
0.00283813267015
0.00285339751281
0.00287247519009
0.00289153819904
0.00290297600441
0.00292588071898
0.00293731852435
0.00295638153329
0.00297547364607
0.00299072405323
0.00300597446039
0.00302123930305
0.00304031698033
0.00305937998928
0.00307083223015
0.0030898952391
0.00310517475009
0.00312423775904
0.00313567556441
0.00315476767719
0.00317383068614
0.00318526849151
0.00320433150046
0.00321961101145
0.0032348614186
0.00325011182576
0.00326920393854
0.00328064174391
0.00329970475286
0.00331498426385
0.00333023467101
0.00334548507817
0.00336073548533
0.00337601499632
0.00339126540348
0.00340651581064
0.00342560792342
0.00343704572879
0.00345229613595
0.00347138824873
0.00348279695027
0.00349807646126
0.00351716857404
0.00352857727557
0.00354385678656
0.00355913629755
0.00357435760088
0.00358582451008
0.00360488751903
0.00362013792619
0.00363160483539
0.00364682613872
0.00366213475354
0.00367735605687
0.00369263556786
0.00370407337323
0.00371932378039
0.00373457418755
0.00374985369854
0.00376129150391
0.00377654191107
0.00379182142206
0.00380325922742
0.00382232223637
0.00382994743995
0.00384903955273
0.0038604773581
0.00387572776526
0.00388716557063
0.00390244508162
0.00391388311982
0.00392913352698
0.00394438393414
0.00395585084334
0.0039711012505
0.00398253882304
0.00399781856686
0.0040092272684
0.00402450654656
0.00403597345576
0.0040473821573
0.00406263256446
0.00407791230828
0.00408937921748
0.00410078791901
0.00411603832617
0.00412372173741
0.00414275564253
0.00415422255173
0.00416563125327
0.00417709816247
0.00419234856963
0.00419997377321
0.00421906588599
0.00422669108957
0.00424194149673
0.00425335019827
0.00426487531513
0.00427628401667
0.00429153442383
0.00430294312537
0.00431441003457
0.00432587694377
0.00433734385297
0.00434875255451
0.00436400296167
0.00437162816525
0.00438693678007
0.0043983454816
0.00440975418314
0.00442122109234
0.00443268800154
0.00444031320512
0.00445556361228
0.00446703052148
0.00447843922302
0.00448990613222
0.00450137304142
0.00451278174296
0.0045241904445
0.00453187385574
0.0045471242629
0.00455474946648
0.00456999987364
0.00457762507722
0.00458909198642
0.00460055889562
0.00461196759716
0.00461959280074
0.0046348432079
0.00464246841148
0.00465393532068
0.00466156052426
0.00467681093141
0.00468449434265
0.00469584483653
0.00470352824777
0.00471877865493
0.00472640385851
0.00473408726975
0.00474927946925
0.00475312117487
0.00476837158203
0.00477599678561
0.00478746369481
0.00479503069073
0.00480655580759
0.00481796450913
0.00482558971271
0.00483321491629
0.00484462361783
0.00485614873469
0.00486371573061
0.00487518263981
0.00488280784339
0.00489043304697
0.00490189995617
0.00491336639971
0.00492093339562
0.00492861680686
0.00493618380278
0.00494765071198
0.00495911762118
0.00496290111914
0.00497436802834
0.00498583493754
0.0049896184355
0.0050010853447
0.00501249404624
0.00501633575186
0.0050277444534
0.00503542786464
0.00504305306822
0.00505446176976
0.00505824526772
0.00506977038458
0.0050773373805
0.00508502079174
0.00509642949328
0.00510021299124
0.0051117381081
0.00511930510402
0.00512314680964
0.00513455551118
0.00514223892242
0.00514980591834
0.0051613310352
0.00516511453316
0.00517268152907
0.00518036494032
0.00518804835156
0.00519561534747
0.00520318234339
0.00521470746025
0.00521854916587
0.00522227445617
0.00523379957303
0.00524136656895
0.00524904998019
0.00525277527049
0.00526430038735
0.00526814209297
0.00527570908889
0.00528339250013
0.00528711779043
0.00529864290729
0.00530236819759
0.00531005160883
0.00531773502007
0.00532146031037
0.00533298542723
0.00533671071753
0.00534066883847
0.00535196112469
0.00535580283031
0.00535964453593
0.00537116965279
0.00537489494309
0.00537873664871
0.00538630364463
0.00539398705587
0.00540167046711
0.00540539575741
0.00540923746303
0.00541680445895
0.00542460428551
0.00542821316049
0.00543217128143
0.00544357998297
0.00544357998297
0.00545114697888
0.00545883039013
0.00546267209575
0.00546651380137
0.00547408079728
0.00547792250291
0.0054816477932
0.00548933120444
0.00549701461568
0.00549701461568
0.0055045816116
0.00550842331722
0.00551610672846
0.00551983201876
0.00552367372438
0.00552751543
0.00553508242592
0.00553892413154
0.00554276583716
0.00554660754278
0.0055541745387
0.00555801624432
0.00556185794994
0.00556558324024
0.00556954136118
0.00557326665148
0.0055808336474
0.00558095006272
0.00558851705864
0.00559235876426
0.00559608405456
0.00559620046988
0.0056037674658
0.00560760917142
0.00561145087704
0.00561529258266
0.00561901787296
0.00562285957858
0.0056267012842
0.0056304265745
0.00563054298982
0.00563810998574
0.00564195169136
0.00564195169136
0.00564951868728
0.00564951868728
0.00565347680822
0.00565720209852
0.00566092738882
0.00566104380414
0.00566861080006
0.00566861080006
0.005672568921
0.00567245250568
0.0056800195016
0.00568013591692
0.00568386120722
0.00568770291284
0.00568770291284
0.00569154461846
0.00569538632408
0.00569526990876
0.0056992280297
0.00570295332
0.00570295332
0.00570679502562
0.00570679502562
0.00571063673124
0.00571436202154
0.00571436202154
0.00571447843686
0.00572204543278
0.00571820372716
0.00572204543278
0.0057258871384
0.0057258871384
0.00572961242869
0.00572972884402
0.00572961242869
0.00573357054964
0.00573729583994
0.00573345413432
0.00573729583994
0.00574113754556
0.00574113754556
0.00574113754556
0.00574102113023
0.00574497925118
0.00574497925118
0.00574486283585
0.0057488209568
0.00574870454147
0.00574870454147
0.0057488209568
0.00575254624709
0.00575254624709
0.00575254624709
0.00575254624709
0.00575266266242
0.00575627153739
0.00575266266242
0.00575638795272
0.00575627153739
0.00575638795272
0.00575638795272
0.00575638795272
0.00576022965834
0.00575638795272
0.00575638795272
0.00575638795272
0.00576011324301
0.00575638795272
0.00575638795272
0.00576022965834
0.00575638795272
0.00575638795272
0.00575638795272
0.00575627153739
0.00575638795272
0.00575638795272
0.00575638795272
0.00575254624709
0.00575638795272
0.00575254624709
0.00575266266242
0.00575254624709
0.00574870454147
0.00575254624709
0.0057488209568
0.00574870454147
0.00574870454147
0.00574497925118
0.00574486283585
0.0057450956665
0.00574486283585
0.00574113754556
0.00574113754556
0.00574113754556
0.00573717942461
0.00573741225526
0.00573345413432
0.00573345413432
0.00573345413432
0.00572972884402
0.00572972884402
0.00572577072307
0.00572577072307
0.00572204543278
0.00572204543278
0.00571832014248
0.00571832014248
0.00571436202154
0.00571436202154
0.00571063673124
0.00571063673124
0.0057066786103
0.00570691144094
0.0056992280297
0.00569899519905
0.0056992280297
0.00569526990876
0.00569154461846
0.00569154461846
0.00568781932816
0.00568386120722
0.00568013591692
0.00567990308627
0.00567641062662
0.00567245250568
0.00566849438474
0.00566872721538
0.00566476909444
0.00566104380414
0.00565731851384
0.0056570856832
0.0056496351026
0.00564940227196
0.0056459098123
0.00563799357042
0.00563822640106
0.00563426828012
0.00563426828012
0.00562681769952
0.00562285957858
0.00561890145764
0.00561913428828
0.00561145087704
0.0056074927561
0.0056037674658
0.0056037674658
0.0055963168852
0.00559235876426
0.00558840064332
0.00558467535302
0.00558095006272
0.00557326665148
0.00557326665148
0.00556581607088
0.00556558324024
0.005557899829
0.0055541745387
0.0055467239581
0.00554649112746
0.00553904054686
0.00553508242592
0.00553135713562
0.00552739901468
0.00551994843408
0.00551599031314
0.00551226502284
0.0055045816116
0.00550085632131
0.00549689820036
0.00548944761977
0.00548548949882
0.00548176420853
0.00547408079728
0.00547012267634
0.00546663021669
0.00545498868451
0.00545498868451
0.00544730527326
0.00544357998297
0.00543589657173
0.00542844599113
0.00542821316049
0.00541703728959
0.005412846338
0.00540935387835
0.00539771234617
0.00539794517681
0.00539002893493
0.00538257835433
0.00537489494309
0.00537116965279
0.00536348624155
0.00535952812061
0.00535207754001
0.00534439412877
0.00534066883847
0.00532902730629
0.00532530201599
0.00532157672569
0.00531389331445
0.00530225178227
0.00529875932261
0.00529480120167
0.00528339250013
0.00527943437919
0.00527198379859
0.00526430038735
0.00525661697611
0.00524893356487
0.00524148298427
0.00523752486333
0.00522611616179
0.0052223908715
0.00521470746025
0.00520702404901
0.00519561534747
0.00519189005718
0.00518397381529
0.00517675606534
0.00516883982345
0.00515743112192
0.00515370583162
0.00514602242038
0.00513461371884
0.0051306555979
0.005119479727
0.00511528877541
0.00510411290452
0.00509642949328
0.00508897891268
0.0050810626708
0.00506965396926
0.00506592867896
0.00505451997742
0.00504683656618
0.00503915315494
0.00502797728404
0.00502006104216
0.00501237763092
0.00500492705032
0.00499724363908
0.00498583493754
0.0049781515263
0.00496674282476
0.00495905941352
0.00495160883293
0.00493996730074
0.00493251672015
0.00492460047826
0.00491342460737
0.00490574119613
0.00489433296025
0.00488641671836
0.00487919896841
0.00486755743623
0.00485591590405
0.00484846532345
0.00483705662191
0.00482960604131
0.00482168979943
0.00480655580759
0.00480259768665
0.00478746369481
0.00477978028357
0.00477232970297
0.00475673004985
0.00475323759019
0.00473787076771
0.00473018735647
0.00471877865493
0.00471109524369
0.00469596125185
0.00469200313091
0.00467686913908
0.00466546043754
0.0046577770263
0.00464613549411
0.00463868491352
0.00462355092168
0.00461563467979
0.0046044588089
0.00459281727672
0.00458140857518
0.00456999987364
0.00456254929304
0.00454694963992
0.00453949905932
0.00452436506748
0.0045164488256
0.0045052729547
0.00449363142252
0.00448222272098
0.00447104685009
0.00445917248726
0.00444799661636
0.00443658791482
0.00442494638264
0.0044098123908
0.00440212897956
0.00439072027802
0.00437931157649
0.004363944754
0.00435253605247
0.00434508547187
0.00432971864939
0.0043180771172
0.00430690124631
0.00429153442383
0.00428385101259
0.00426871702075
0.00425707548857
0.00424589961767
0.00423053279519
0.00422284938395
0.00420748256147
0.00419630669057
0.00418093986809
0.00416929833591
0.00415812246501
0.00414275564253
0.00413507223129
0.00411598011851
0.00410852953792
0.00409316271544
0.0040780287236
0.00406638719141
0.00405497848988
0.00403984449804
0.00402820296586
0.00401702709496
0.00399770215154
0.00399025157094
0.00397488474846
0.00395951792598
0.00394834205508
0.0039329752326
0.00392156653106
0.00390619947575
0.00389083265327
0.00387965678237
0.00386428995989
0.00385288125835
0.00383751443587
0.00382610573433
0.00380701362155
0.00379583775066
0.00378396338783
0.0037651041057
0.00375369540416
0.00373856141232
0.00372691988014
0.00370782776736
0.00369641906582
0.00368128507398
0.0036696435418
0.00365078425966
0.00363914272748
0.0036200506147
0.0036088747438
0.00359327509068
0.00358209921978
0.003563007107
0.00354764028452
0.00353623158298
0.0035171394702
0.00350573076867
0.00349036394618
0.0034712718334
0.00346009596251
0.00344449630938
0.00342563702725
0.00341422832571
0.00339886150323
0.00337976939045
0.00336836068891
0.00334950140677
0.00333390175365
0.00331876776181
0.00330735906027
0.00328454165719
0.00327290012501
0.00325776613317
0.00323867402039
0.00322726531886
0.00320817320608
0.00319303921424
0.00317371427082
0.00316230556928
0.00314344628714
0.00312807946466
0.00310898735188
0.0030973458197
0.00307848653756
0.00305939442478
0.00304798572324
0.00302889361046
0.00301352678798
0.00299466750585
0.00297930068336
0.00296020857058
0.0029448417481
0.00292970775627
0.00291061564349
0.00289524882101
0.00287638953887
0.00286102271639
0.00284565589391
0.00282679661177
0.00280770449899
0.00279233767651
0.00277324556373
0.00275811157189
0.00273878662847
0.00271992734633
0.00270851864479
0.00268546841107
0.00267033441924
0.00265124230646
0.00263215019368
0.0026167833712
0.00259792408906
0.00258255726658
0.00255950703286
0.00254437304102
0.00252923904918
0.00250618881546
0.00249105482362
0.00247196271084
0.00245287059806
0.00243750400841
0.00241468660533
0.0023995526135
0.00238022767007
0.00236509367824
0.00234227627516
0.00232318416238
0.0023078173399
0.00228499993682
0.00226986594498
0.00225054100156
0.00223168171942
0.00221258960664
0.00219349749386
0.00217417255044
0.0021553132683
0.00213622115552
0.00211736187339
0.00209407880902
0.00207917764783
0.00205985270441
0.00204076059163
0.00201817601919
0.00200257636607
0.00197999179363
0.00196439214051
0.00194180745166
0.00192248250823
0.0019036232261
0.00188453111332
0.0018614808796
0.00184238876682
0.00182352948468
0.0018044373719
0.00178511242848
0.00176252785604
0.00174320291262
0.00172434363049
0.00170501868706
0.00168243411463
0.0016631091712
0.00164029176813
0.00162515777629
0.00159838225227
0.00158301542979
0.00156019802671
0.00154110591393
0.00151828851085
0.00149919639807
0.00147637899499
0.00145705405157
0.00143446947914
0.00141514453571
0.00139628525358
0.00137323501986
0.00135041761678
0.001331325504
0.00130850810092
0.00128941598814
0.00126636575442
0.00124750647228
0.00122445635498
0.0012016389519
0.00118254683912
0.00115972943604
0.00114040449262
0.00111781992018
0.00109476968646
0.00107195228338
0.0010528601706
0.00103004276752
0.0010107178241
0.000984175130725
0.000965315790381
0.000942032726016
0.000919448153581
0.00089639791986
0.000877538637724
0.000854488404002
0.00083143817028
0.000808853597846
0.000785803364124
0.000766711251345
0.000740168557968
0.000720843614545
0.000694300921168
0.000675208808389
0.00065239140531
0.00062561588129
0.000606523826718
0.000583473592997
0.000560889020562
0.00053783878684
0.000515021383762
0.000491971150041
0.00046542842756
0.000446336314781
0.000423518911703
0.000396743387682
0.000373693153961
0.000354833871825
0.000328058347804
0.00030524097383
0.000282190740108
0.000255648046732
0.0002365559194
0.00020978039538
0.000186962992302
0.00016391275858
0.000141095370054
0.000114552669402
9.150243568e-05
6.86850398779e-05
4.58676331618e-05
1.90921127796e-05
-3.95812094212e-06
-3.05008124997e-05
-4.95929234603e-05
-7.63684511185e-05
-0.000102911137219
-0.000125961378217
-0.000148778781295
-0.000171596169821
-0.000198371693841
-0.000224914387218
-0.000247964635491
-0.000271014869213
-0.00029755756259
-0.000320374936564
-0.000347150460584
-0.000373693153961
-0.000393018097384
-0.000423518911703
-0.000446336314781
-0.000472879008157
-0.000495929270983
-0.000518746674061
-0.000549480319023
-0.000572064891458
-0.000595115125179
-0.00062561588129
-0.00064470799407
-0.000675208808389
-0.000698026211467
-0.000724801735487
-0.000751577259507
-0.000774394662585
-0.000800937355962
-0.000827945710625
-0.000854488404002
-0.00087730580708
-0.000908039452042
-0.000926898734178
-0.000957399548497
-0.000984175130725
-0.00101095065475
-0.00103376805782
-0.00106054358184
-0.00108708627522
-0.00111386179924
-0.00114063732326
-0.00116741284728
-0.00119395554066
-0.00122073106468
-0.00124354835134
-0.00127404916566
-0.00130082468968
-0.00132364209276
-0.00135437573772
-0.0013809184311
-0.00140373583417
-0.00143423664849
-0.00146124500316
-0.00148755486589
-0.00151456322055
-0.00154110591393
-0.00157160672825
-0.00159465696197
-0.00162492494565
-0.00164797517937
-0.00167847599369
-0.00170525151771
-0.00173551950138
-0.0017585697351
-0.00178930338006
-0.0018156132428
-0.00184262159746
-0.00187288958114
-0.0018998979358
-0.00192620779853
-0.00195321626961
-0.00198371708393
-0.00201025977731
-0.00203703530133
-0.00206753611565
-0.00209431163967
-0.00212481245399
-0.00215158797801
-0.00217813067138
-0.0022086314857
-0.00223540700972
-0.00226218253374
-0.00229640863836
-0.00231945887208
-0.00234972685575
-0.00238046050072
-0.00240700319409
-0.00243750400841
-0.0024642792996
-0.00249105482362
-0.00252528092824
-0.00255205645226
-0.00257883197628
-0.0026093327906
-0.00263960077427
-0.00266660912894
-0.00270083523355
-0.00272365263663
-0.00275787874125
-0.00278488709591
-0.00281515507959
-0.00284193060361
-0.00287243141793
-0.00290316506289
-0.00293343304656
-0.00296393386088
-0.0029907093849
-0.00302121019922
-0.00305194384418
-0.00307848653756
-0.00311271264218
-0.0031394881662
-0.00317371427082
-0.00320072262548
-0.00323099060915
-0.00326149142347
-0.00328826694749
-0.00332272588275
-0.00335299386643
-0.00338372751139
-0.00341027020477
-0.00344472914003
-0.0034712718334
-0.00350573076867
-0.00353623158298
-0.003563007107
-0.00359723321162
-0.00362773402594
-0.00365823484026
-0.00368896848522
-0.0037192364689
-0.00374997011386
-0.00378023809753
-0.00381469703279
-0.00384147255681
-0.00387569866143
-0.00390619947575
-0.0039367005229
-0.00397115945816
-0.00399793498218
-0.00403192825615
-0.00406266190112
-0.00409316271544
-0.0041276216507
-0.00415812246501
-0.00418839044869
-0.00421912409365
-0.00425335019827
-0.00428385101259
-0.00431830994785
-0.00434881076217
-0.00437931157649
-0.0044135376811
-0.00444031320512
-0.00447849743068
-0.004508998245
-0.00453926622868
-0.00457395799458
-0.00460422597826
-0.00463868491352
-0.00466918572783
-0.0047036446631
-0.00473391264677
-0.00476837158203
-0.00479887239635
-0.00483333133161
-0.00486755743623
-0.00489805825055
-0.00493251672015
-0.00496278470382
-0.00499724363908
-0.0050277444534
-0.00506592867896
-0.00509642949328
-0.0051269303076
-0.00516511453316
-0.00519189005718
-0.00522984145209
-0.00526430038735
-0.00529480120167
-0.00532926013693
-0.00536348624155
-0.00539398705587
-0.00543193845078
-0.00546267209575
-0.00549713103101
-0.00553112430498
-0.00556185794994
-0.0056000421755
-0.00563054298982
-0.00566849438474
-0.0056992280297
-0.00573345413432
-0.00576791306958
-0.00580213917419
-0.00583659810945
-0.00587059138343
-0.00590528314933
-0.00593950925395
-0.00597373535857
-0.00600819429383
-0.00604242039844
-0.0060768793337
-0.00611483072862
-0.00614556437358
-0.0061797904782
-0.00621424941346
-0.00625220080838
-0.00628665974364
-0.00632088584825
-0.00635534478351
-0.00638957088813
-0.00642775511369
-0.00645825592801
-0.00649644015357
-0.00653089908883
-0.00656512519345
-0.00659935129806
-0.00663753552362
-0.00667199445888
-0.0067099458538
-0.00674067949876
-0.00677863089368
-0.00681681511924
-0.00684731593356
-0.00688573298976
-0.00692368438467
-0.00695418519899
-0.00699609471485
-0.00702659552917
-0.00706477975473
-0.00709923868999
-0.0071371900849
-0.00717560714111
-0.00720983324572
-0.00724405935034
-0.0072822435759
-0.00731646968052
-0.00735488673672
-0.00738888001069
-0.0074272970669
-0.00746548129246
-0.00749970739707
-0.00753393350169
-0.00757607584819
-0.00761030195281
-0.00764452805743
-0.00768667040393
-0.00771717121825
-0.0077590807341
-0.00779330683872
-0.00783172436059
-0.0078696757555
-0.00790413469076
-0.00794208608568
-0.00798422843218
-0.0080147292465
-0.00805663876235
-0.00809086486697
-0.00812904909253
-0.00816723331809
-0.00820169225335
-0.00824360176921
-0.00827782787383
-0.00831601209939
-0.00835815444589
-0.00839214771986
-0.00843056477606
-0.00846874900162
-0.00850670039654
-0.0085411593318
-0.00858306884766
-0.00862125307322
-0.00865920446813
-0.00869366340339
-0.00873580574989
-0.00877375714481
-0.00881194137037
-0.00885012559593
-0.00888830982149
-0.0089262612164
-0.0089646782726
-0.00900262966752
-0.00904453918338
-0.00907899811864
-0.0091209076345
-0.00915909186006
-0.00919727608562
-0.00923546031117
-0.00927341170609
-0.00931555405259
-0.00935373827815
-0.00939168967307
-0.00942987389863
-0.00947201624513
-0.00950996764004
-0.00955210998654
-0.00958633609116
-0.00962824560702
-0.00966642983258
-0.00970833934844
-0.0097427982837
-0.00978843308985
-0.00982289109379
-0.00986852589995
-0.00990298483521
-0.00994489435107
-0.00998307857662
-0.0100249880925
-0.010063172318
-0.0101053146645
-0.0101432660595
-0.0101889008656
-0.0102235926315
-0.0102652693167
-0.0103034535423
-0.0103453630581
-0.0103837801144
-0.0104294149205
-0.0104673663154
-0.0105057833716
-0.0105476928875
-0.0105856442824
-0.0106315119192
-0.0106696961448
-0.0107078803703
-0.0107497898862
-0.010795657523
-0.0108298836276
-0.0108757512644
-0.01091393549
-0.0109558450058
-0.0109977545217
-0.0110359387472
-0.0110815735534
-0.0111198741943
-0.0111617837101
-0.0112038096413
-0.0112418774515
-0.0112877450883
-0.0113258128986
-0.0113715641201
-0.0114097483456
-0.0114517742768
-0.0114936837927
-0.0115355933085
-0.0115776192397
-0.0116195287555
-0.0116615546867
-0.0117034642026
-0.0117454901338
-0.0117873996496
-0.0118294255808
-0.0118713350967
-0.0119132446125
-0.0119552705437
-0.0120010217652
-0.0120392059907
-0.0120849572122
-0.0121231414378
-0.0121688926592
-0.0122108021751
-0.0122528281063
-0.0122947376221
-0.0123406052589
-0.0123786730692
-0.0124282659963
-0.0124626085162
-0.0125122014433
-0.0125542273745
-0.0125961368904
-0.0126380464062
-0.012683914043
-0.0127219818532
-0.0127715747803
-0.0128097590059
-0.0128555102274
-0.0128975361586
-0.01294328738
-0.0129851968959
-0.0130309481174
-0.0130692487583
-0.01311872527
-0.0131569094956
-0.0132063860074
-0.0132446866482
-0.01329416316
-0.0133324638009
-0.0133780986071
-0.0134239662439
-0.0134658757597
-0.0135116269812
-0.0135573782027
-0.0135994041339
-0.013641430065
-0.0136909065768
-0.0137290908024
-0.0137786837295
-0.0138207096606
-0.0138663444668
-0.013908370398
-0.0139542380348
-0.0139998728409
-0.0140418987721
-0.0140877664089
-0.0141372429207
-0.0141754271463
-0.0142250200734
-0.0142669295892
-0.0143126808107
-0.0143585484475
-0.014404299669
-0.0144462678581
-0.0144920190796
-0.0145416697487
-0.0145835792646
-0.0146293304861
-0.0146751403809
-0.0147171076387
-0.0147667005658
-0.0148124517873
-0.0148544777185
-0.0149040129036
-0.014949764125
-0.0149917900562
-0.01504132431
-0.0150833502412
-0.0151328854263
-0.0151748526841
-0.0152244456112
-0.015270255506
-0.0153160067275
-0.015361815691
-0.0154075669125
-0.015453318134
-0.0154991280288
-0.0155486622825
-0.0155906882137
-0.0156402811408
-0.0156860332936
-0.0157317835838
-0.0157814342529
-0.0158233437687
-0.0158729664981
-0.0159187167883
-0.0159683097154
-0.0160141196102
-0.0160560589284
-0.0161094646901
-0.0161514319479
-0.016201024875
-0.0162467751652
-0.0162963978946
-0.0163421500474
-0.0163917709142
-0.0164337102324
-0.0164871159941
-0.016529083252
-0.0165786761791
-0.0166282691061
-0.0166740342975
-0.0167198292911
-0.0167732201517
-0.0168151892722
-0.0168647672981
-0.0169105548412
-0.0169639606029
-0.0170097406954
-0.0170555058867
-0.0171051062644
-0.0171508789062
-0.0172004681081
-0.0172500610352
-0.0172958374023
-0.0173454266042
-0.0173873919994
-0.0174331683666
-0.0174751244485
-0.017517093569
-0.0175552330911
-0.0175933819264
-0.017627723515
-0.0176658648998
-0.0177001915872
-0.0177307073027
-0.0177612379193
-0.0177917387336
-0.0178184695542
-0.0178451295942
-0.0178680624813
-0.0178947225213
-0.0179176554084
-0.0179328769445
-0.0179557818919
-0.0179748442024
-0.0179901253432
-0.0180015619844
-0.0180168133229
-0.0180282499641
-0.0180397182703
-0.0180473141372
-0.0180588103831
-0.0180587507784
-0.0180664341897
-0.0180702190846
-0.0180702190846
-0.0180702190846
-0.0180702190846
-0.0180663764477
-0.0180625934154
-0.0180588103831
-0.0180511269718
-0.0180397182703
-0.0180320348591
-0.0180206838995
-0.018005374819
-0.0179939083755
-0.0179748162627
-0.0179596245289
-0.0179405324161
-0.0179214403033
-0.0178985632956
-0.0178756881505
-0.0178489703685
-0.0178260374814
-0.0177955944091
-0.0177688188851
-0.0177383758128
-0.0177078172565
-0.0176734756678
-0.0176354069263
-0.017600947991
-0.0175667218864
-0.0175246968865
-0.0174827873707
-0.0174446031451
-0.0173988509923
-0.0173529833555
-0.0173073485494
-0.0172576401383
-0.0172118879855
-0.0171585697681
-0.0171051360667
-0.0170554257929
-0.0169983822852
-0.0169409904629
-0.0168838296086
-0.0168228279799
-0.0167656689882
-0.0166968666017
-0.01663970761
-0.0165710225701
-0.0165024530143
-0.0164374932647
-0.0163650829345
-0.0162963978946
-0.0162200294435
-0.0161514617503
-0.0160713680089
-0.0159949995577
-0.0159187465906
-0.0158385373652
-0.0157547183335
-0.0156746245921
-0.0155868465081
-0.015502911061
-0.0154190920293
-0.0153273567557
-0.0152359707281
-0.0151443518698
-0.0150527330115
-0.0149612305686
-0.0148620447144
-0.0147629752755
-0.0146675147116
-0.0145644871518
-0.0144653012976
-0.0143585484475
-0.0142555208877
-0.0141524933279
-0.0140418987721
-0.0139313042164
-0.0138244349509
-0.0137099986896
-0.0135994041339
-0.0134811261669
-0.0133666899055
-0.0132485283539
-0.0131301339716
-0.0130082471296
-0.0128860110417
-0.0127600496635
-0.0126380464062
-0.0125123178586
-0.0123823983595
-0.0122566698119
-0.0121192997321
-0.0119933383539
-0.0118562011048
-0.0117225563154
-0.0115814609453
-0.0114478161559
-0.0113067207858
-0.0111656254157
-0.0110245300457
-0.0108794765547
-0.0107346558943
-0.0105856442824
-0.010440823622
-0.0102883195505
-0.0101355826482
-0.00998703669757
-0.00983034167439
-0.00967411324382
-0.00951765105128
-0.00936118885875
-0.00919727608562
-0.00903708860278
-0.00887690111995
-0.00870879739523
-0.0085448846221
-0.00837724655867
-0.00820914283395
-0.00804150477052
-0.00786571763456
-0.00769435381517
-0.00751879950985
-0.00734324520454
-0.00716396560892
-0.00698864413425
-0.0068054064177
-0.00662612682208
-0.00643916381523
-0.00625615892932
-0.00607292121276
-0.00588223291561
-0.00569154461846
-0.0055045816116
-0.00531016802415
-0.00511552160606
-0.00492460047826
-0.00472646206617
-0.00452436506748
-0.00432948581874
-0.0041276216507
-0.00392529182136
-0.00372319458984
-0.0035171394702
-0.00331108435057
-0.00310130394064
-0.00289152353071
-0.00268174312077
-0.00247196271084
-0.0022544991225
-0.00204099342227
-0.00182329665404
-0.00160210754257
-0.00138860184234
-0.00116345472634
-0.00094226555666
-0.000717118324246
-0.000492203980684
-0.000263098627329
-3.81842255592e-05
0.000194413572899
0.000423518911703
0.000659841985907
0.000888947339263
0.00112922862172
0.00136555160861
0.00160210754257
0.00184262159746
0.00208662822843
0.00232690945268
0.00257487385534
0.00281538791023
0.00306684500538
0.00331504247151
0.0035667323973
0.00381469703279
0.00407034531236
0.00432576052845
0.00457768328488
0.00484078191221
0.00509642949328
0.00535603566095
0.00561890145764
0.00588619103655
0.00614533154294
0.00641634641215
0.00667967787012
0.00695418519899
0.00722124194726
0.00749202398583
0.00776676414534
0.00804499723017
0.00831624493003
0.00859820283949
0.00887690111995
0.00915909186006
0.00943755730987
0.00972347334027
0.0100098541006
0.0102960029617
0.0105819189921
0.0108717931435
0.0111656254157
0.0114554995671
0.0117530571297
0.0120431641117
0.0123442141339
0.0126420045272
0.0129393292591
0.0132448030636
0.0135421277955
0.0138510940596
0.0141526097432
0.0144615760073
0.0147703094408
0.0150834666565
0.01539220009
0.0157014001161
0.0160217750818
0.0163344666362
0.0166511163116
0.0169714912772
0.0172844156623
0.0175972227007
0.0179061889648
0.0182075891644
0.0185127127916
0.0188102703542
0.0191078279167
0.0193939767778
0.0196838509291
0.0199698824435
0.02024846524
0.0205268133432
0.0208015535027
0.0210724528879
0.0213393922895
0.0215987656265
0.0218658223748
0.0221176296473
0.022373277694
0.0226249676198
0.0228690896183
0.0231132134795
0.0233536101878
0.0235900506377
0.0238190386444
0.0240516364574
0.0242766682059
0.0245018154383
0.0247192792594
0.0249329004437
0.0251502487808
0.0253524612635
0.0255622416735
0.0257645715028
0.0259628277272
0.0261535160244
0.0263518877327
0.0265351254493
0.0267218556255
0.0269012507051
0.0270805303007
0.0272560846061
0.0274276807904
0.0275916531682
0.0277595818043
0.0279197692871
0.0280761737376
0.0282287355512
0.0283813551068
0.0285262931138
0.0286712888628
0.0288123842329
0.0289459694177
0.0290832240134
0.0292091276497
0.0293388720602
0.0294608753175
0.0295791532844
0.0296936463565
0.0298118088394
0.0299148950726
0.030025459826
0.0301246754825
0.0302238315344
0.0303230471909
0.0304107647389
0.0305023267865
0.0305862333626
0.0306663550436
0.0307464487851
0.0308227594942
0.0308914147317
0.0309638977051
0.0310249365866
0.0310859680176
0.0311431884766
0.0312004107982
0.0312461834401
0.0312995910645
0.0313377380371
0.0313835181296
0.0314178466797
0.0314521752298
0.0314827039838
0.0315093919635
0.0315322801471
0.0315513722599
0.0315704382956
0.0315818749368
0.0315895006061
0.0315971523523
0.0316009372473
0.0316009372473
0.0315971523523
0.0315856859088
0.0315780602396
0.0315628126264
0.0315437205136
0.0315246842802
0.0314979664981
0.0314712524414
0.0314406901598
0.0314026251435
0.0313682220876
0.0313224717975
0.0312805622816
0.0312270689756
0.0311775356531
0.0311241000891
0.0310630984604
0.0310020968318
0.0309332963079
0.030864726752
0.0307923164219
0.0307158324867
0.0306358542293
0.0305557604879
0.0304679833353
0.0303764808923
0.0302810203284
0.0301895178854
0.030086491257
0.0299835801125
0.0298728682101
0.0297661162913
0.0296515636146
0.0295334011316
0.0294112823904
0.0292892791331
0.0291634332389
0.0290259476751
0.0288963764906
0.0287590064108
0.0286140702665
0.0284690167755
0.0283241961151
0.0281714592129
0.028015229851
0.0278548095375
0.0276947375387
0.0275305919349
0.0273589957505
0.0271873995662
0.0270118452609
0.0268325656652
0.0266495607793
0.0264625977725
0.0262756347656
0.0260809883475
0.0258865747601
0.0256844777614
0.0254821479321
0.0252723675221
0.0250663124025
0.0248488485813
0.0246353428811
0.0244141537696
0.0241890065372
0.0239638593048
0.0237312614918
0.0234984308481
0.0232583824545
0.0230178683996
0.0227736290544
0.0225296225399
0.0222739744931
0.0220185592771
0.0217626783997
0.021499812603
0.0212362483144
0.0209656991065
0.0206946842372
0.0204201769084
0.0201377533376
0.0198592878878
0.0195731408894
0.0192832667381
0.0189896672964
0.0186958350241
0.0183945521712
0.0180890783668
0.0177880283445
0.0174751039594
0.0171661376953
0.0168457627296
0.0165251549333
0.0162010546774
0.0158767215908
0.0155449369922
0.015213153325
0.0148734534159
0.0145339863375
0.0141905611381
0.0138399181888
0.0134925348684
0.0131377009675
0.0127793746069
0.0124168572947
0.0120506146923
0.0116843720898
0.011314404197
0.010936752893
0.0105628268793
0.0101777249947
0.00979215838015
0.00940333120525
0.00901031307876
0.00861729495227
0.00821682624519
0.00781263224781
0.00741193024442
0.00699609471485
0.00658794259652
0.00616838177666
0.00575254624709
0.00532530201599
0.00490201590583
0.00447081401944
0.00403984449804
0.00359723321162
0.00316230556928
0.00271596922539
0.00226986594498
0.00181957136374
0.00136578443926
0.000907806621399
0.000446336314781
-1.90921127796e-05
-0.00048452054034
-0.000957399548497
-0.00143051135819
-0.0019073485164
-0.00239186920226
-0.00287615670823
-0.00336463539861
-0.00385288125835
-0.00435253605247
-0.00484846532345
-0.00535207754001
-0.00585941551253
-0.00636279536411
-0.00687804957852
-0.00739656342193
-0.007911818102
-0.00843801535666
-0.00896072015166
-0.00949087552726
-0.0100289462134
-0.010559101589
-0.0111006656662
-0.0116464206949
-0.012187984772
-0.0127449156716
-0.01329416316
-0.0138510940596
-0.0144119830802
-0.0149763645604
-0.0155449369922
-0.0161132775247
-0.0166893005371
-0.0172653235495
-0.0178490299731
-0.0184287782758
-0.0190201681107
-0.0196113232523
-0.0202064383775
-0.020805278793
-0.0214043520391
-0.0220108758658
-0.0226211249828
-0.0232313740999
-0.0238458141685
-0.024467471987
-0.0250854045153
-0.0257147457451
-0.0263443198055
-0.0269738938659
-0.0276106856763
-0.0282516684383
-0.0288963764906
-0.0295371264219
-0.0301895178854
-0.0308456346393
-0.0314980261028
-0.0321578681469
-0.0328253954649
-0.0334891937673
-0.0341606773436
-0.0348358862102
-0.0355108641088
-0.0361939892173
-0.0368766486645
-0.03756326437
-0.038253840059
-0.0389481410384
-0.0396498925984
-0.0403479188681
-0.0410538613796
-0.0417594537139
-0.042472846806
-0.0431900806725
-0.0439033582807
-0.0446280427277
-0.045352961868
-0.046085331589
-0.0468139760196
-0.0475503019989
-0.0482863970101
-0.0490302890539
-0.0497817508876
-0.0505257621408
-0.0512809455395
-0.0520324073732
-0.0527955107391
-0.053562104702
-0.0543250925839
-0.0550919175148
-0.0558700375259
-0.0566444322467
-0.0574264526367
-0.0582084730268
-0.0589980594814
-0.0597839802504
-0.0605811923742
-0.0613784603775
-0.0621795728803
-0.0629844665527
-0.0637893676758
-0.0646057277918
-0.0654144063592
-0.0662345960736
-0.067058570683
-0.067878715694
-0.0687141492963
-0.0695381164551
-0.0703773424029
-0.0712165907025
-0.0720596238971
-0.0729026794434
-0.0737495422363
-0.0746040567756
-0.0754584893584
-0.0763206556439
-0.0771827697754
-0.0780487284064
-0.0789184644818
-0.0797882080078
-0.0806694105268
-0.081546716392
-0.0824318230152
-0.0833168104291
-0.0842056423426
-0.0851020440459
-0.085998557508
-0.0868949517608
-0.0878028795123
-0.0887107998133
-0.0896187201142
-0.0905342102051
-0.0914498195052
-0.0923613533378
-0.0932656675577
-0.0941618308425
-0.0950507745147
-0.0959320440888
-0.0968093499541
-0.0976792052388
-0.0985413715243
-0.0993956327438
-0.1002426669
-0.101085744798
-0.101917184889
-0.102745130658
-0.10356516391
-0.104377739131
-0.105186358094
-0.105980083346
-0.106777057052
-0.107559137046
-0.108341217041
-0.109108157456
-0.109874635935
-0.110633663833
-0.111381515861
-0.112125642598
-0.112861387432
-0.113590613008
-0.114310994744
-0.115032300353
-0.115734055638
-0.11643999815
-0.117133833468
-0.117820680141
-0.118500083685
-0.119174823165
-0.119842581451
-0.12050242722
-0.121151089668
-0.121803015471
-0.122436784208
-0.123069614172
-0.123695462942
-0.124313399196
-0.124923415482
-0.125526443124
-0.12612529099
-0.126712948084
-0.127296417952
-0.12787617743
-0.128441020846
-0.129005402327
-0.129558146
-0.130108550191
-0.130647793412
-0.131183296442
-0.131708562374
-0.132230103016
-0.132744193077
-0.133248969913
-0.133749097586
-0.134240835905
-0.134727910161
-0.135203823447
-0.135675996542
-0.136140733957
-0.136598944664
-0.137047842145
-0.137493938208
-0.137927934527
-0.13835914433
-0.138778239489
-0.139198258519
-0.139604315162
-0.140007585287
-0.140401527286
-0.140788957477
-0.141170799732
-0.14154240489
-0.141910269856
-0.142271623015
-0.142623662949
-0.142967328429
-0.143308192492
-0.1436406672
-0.143964767456
-0.144283279777
-0.144594341516
-0.144897028804
-0.145195052028
-0.145485624671
-0.145768746734
-0.146043479443
-0.146315425634
-0.146573409438
-0.146833240986
-0.147078186274
-0.14732311666
-0.147553160787
-0.147785052657
-0.148002058268
-0.14821626246
-0.148422077298
-0.148621380329
-0.148815095425
-0.14900135994
-0.149178311229
-0.149349674582
-0.149516388774
-0.149672850966
-0.149821862578
-0.149969011545
-0.150103121996
-0.150235369802
-0.150356441736
-0.15047006309
-0.150581821799
-0.150682404637
-0.15077739954
-0.150863081217
-0.150950625539
-0.151019543409
-0.151086598635
-0.151146203279
-0.151200219989
-0.151246786118
-0.151285901666
-0.151317566633
-0.15134550631
-0.151358544827
-0.151373445988
-0.151377171278
-0.151373445988
-0.151364132762
-0.15134550631
-0.151325017214
-0.151293352246
-0.151254236698
-0.151213258505
-0.151159241796
-0.151099637151
-0.151038169861
-0.15096180141
-0.150883570313
-0.150797888637
-0.150704756379
-0.150604173541
-0.150494277477
-0.150384381413
-0.150257721543
-0.150134786963
-0.149995088577
-0.149857252836
-0.149704515934
-0.149549916387
-0.149387866259
-0.14921464026
-0.149041414261
-0.148855149746
-0.148663297296
-0.148467719555
-0.148259103298
-0.148052349687
-0.147832557559
-0.147605314851
-0.147370621562
-0.147132202983
-0.146884471178
-0.146634876728
-0.146368518472
-0.146104022861
-0.145830214024
-0.145545229316
-0.145260244608
-0.144964084029
-0.14465674758
-0.14435313642
-0.1440346241
-0.143710523844
-0.143380835652
-0.14304369688
-0.142697244883
-0.14234893024
-0.141991302371
-0.141622498631
-0.141249969602
-0.140873715281
-0.140484422445
-0.140095129609
-0.139692798257
-0.139286741614
-0.138869509101
-0.138450413942
-0.138022005558
-0.137588009238
-0.137144699693
-0.136695802212
-0.136241316795
-0.135777518153
-0.13530626893
-0.134833157063
-0.134347006679
-0.133855268359
-0.133356079459
-0.132855027914
-0.132342800498
-0.131823122501
-0.131297856569
-0.130767002702
-0.130221247673
-0.12968108058
-0.129126012325
-0.128565356135
-0.127997249365
-0.127419829369
-0.126840546727
-0.126253813505
-0.125657767057
-0.125054270029
-0.12444704026
-0.12382864207
-0.12320651859
-0.12257694453
-0.121939919889
-0.121295444667
-0.120643518865
-0.119984142482
-0.119317315519
-0.118646763265
-0.117972485721
-0.117283307016
-0.11658667773
-0.115890048444
-0.115182243288
-0.114470712841
-0.113748006523
-0.113021574914
-0.112283967435
-0.111542634666
-0.110797576606
-0.110033892095
-0.109281383455
-0.108506523073
-0.1077279374
-0.106945626438
-0.106155864894
-0.105362378061
-0.104550264776
-0.103738151491
-0.102926038206
-0.102099023759
-0.101268284023
-0.100422643125
-0.0995807275176
-0.0987276360393
-0.0978670939803
-0.0969991013408
-0.0961236581206
-0.0952407643199
-0.0943578705192
-0.0934600755572
-0.092558555305
-0.0916421338916
-0.0907368883491
-0.0898092910647
-0.0888816937804
-0.0879391953349
-0.0869929715991
-0.0860541984439
-0.0850893482566
-0.084120772779
-0.0831521973014
-0.0821724459529
-0.0811926946044
-0.0801943168044
-0.0791922137141
-0.0781863927841
-0.0771768391132
-0.0761523842812
-0.0751242041588
-0.0740922987461
-0.0730529427528
-0.0720024108887
-0.0709407031536
-0.0698901712894
-0.0688098371029
-0.0677369534969
-0.0666491687298
-0.0655688345432
-0.0644624233246
-0.0633634626865
-0.062249597162
-0.0611282847822
-0.0600069724023
-0.0588782094419
-0.05773082003
-0.0565871559083
-0.0554360412061
-0.0542774759233
-0.0531077347696
-0.0519379936159
-0.0507496260107
-0.0495649836957
-0.0483691655099
-0.0471696220338
-0.0459589026868
-0.0447407327592
-0.0435225628316
-0.0422857664526
-0.0410601459444
-0.0398047231138
-0.0385604798794
-0.0373013317585
-0.036034733057
-0.0347644090652
-0.0334866344929
-0.0322014093399
-0.0309050064534
-0.0296123307198
-0.0282973032445
-0.0269897263497
-0.0256672482938
-0.0243373196572
-0.0230073910207
-0.0216625612229
-0.0203177314252
-0.0189580023289
-0.0175982713699
-0.0162273645401
-0.0148527314886
-0.0134706487879
-0.0120773902163
-0.0106841316447
-0.00927597284317
-0.00786036252975
-0.00645220233127
-0.00502541614696
-0.00358745432459
-0.00215321779251
-0.000704079808202
0.000748783291783
0.00220909714699
0.00367313600145
0.00514835072681
0.0066310162656
0.00811368227005
0.00961124897003
0.0111162653193
0.0126212825999
0.0141412010416
0.0156573951244
0.0171922147274
0.0187270343304
0.0202730279416
0.0218227487057
0.0233761947602
0.0249445419759
0.0265166144818
0.0280924122781
0.0296793859452
0.0312738120556
0.0328682363033
0.0344812870026
0.0360906124115
0.037707388401
0.0393390618265
0.0409744642675
0.0426098667085
0.0442676208913
0.0459179244936
0.0475756786764
0.0492520593107
0.0509247146547
0.0526048205793
0.0542998276651
0.0559948347509
0.0576972924173
0.0594146512449
0.0611282847822
0.0628493726254
0.0645853579044
0.0663287937641
0.0680647790432
0.0698231160641
0.0715889036655
0.0733435153961
0.0751242041588
0.0769048929214
0.0786892995238
0.0804848894477
0.0822916552424
0.0840946957469
0.0859089121222
0.0877343043685
0.089563421905
0.0913776382804
0.0931844040751
0.0949725434184
0.0967606827617
0.0985264703631
0.100288532674
0.102028243244
0.103764228523
0.105485312641
0.107195220888
0.108893953264
0.110577784479
0.112250439823
0.113908194005
0.115565948188
0.117197625339
0.118821851909
0.120438627899
0.122036777437
0.123631201684
0.125199556351
0.126771628857
0.128321349621
0.129863619804
0.131394714117
0.132910907269
0.134415924549
0.135909765959
0.137384980917
0.138860195875
0.140316784382
0.141762197018
0.143192708492
0.144612044096
0.146023929119
0.147424638271
0.148802995682
0.150177627802
0.151537358761
0.152889639139
0.154223293066
0.155549496412
0.156864508986
0.15816091001
0.159453585744
0.160727635026
0.161994233727
0.163245931268
0.164486452937
0.165715798736
0.166932106018
0.16813723743
0.169329330325
0.17051024735
0.171678125858
0.172834828496
0.173980355263
0.175112843513
0.176234155893
0.177342429757
0.17843580246
0.179523587227
0.180594608188
0.181656315923
0.182704985142
0.1837387532
0.184765070677
0.185780212283
0.186774864793
0.187767654657
0.188743680716
0.189706668258
0.190660342574
0.191597253084
0.192526713014
0.193443134427
0.19435210526
0.195238724351
0.196121618152
0.196987748146
0.197844564915
0.198688343167
0.199522808194
0.20034237206
0.201150760055
0.201944246888
0.202730283141
0.203503280878
0.204261377454
0.205008298159
0.205747768283
0.206470474601
0.207182005048
0.207880496979
0.208571538329
0.209247678518
0.209908917546
0.210562705994
0.21120159328
0.211829304695
0.21244584024
0.213049337268
0.213641658425
0.214220941067
0.214790910482
0.215340390801
0.215891733766
0.216418862343
0.216940402985
0.217447042465
0.217942506075
0.218428656459
0.218898043036
0.219358116388
0.219807013869
0.220241010189
0.220665693283
0.221079200506
0.221475943923
0.221861511469
0.222241491079
0.222602844238
0.222953021526
0.223295748234
0.22361984849
0.223936498165
0.22424197197
0.224530681968
0.22481007874
0.225080162287
0.2253344208
0.22557656467
0.225811257958
0.226026386023
0.226234078407
0.226431518793
0.226614058018
0.226785421371
0.226945608854
0.227090895176
0.227227792144
0.227348864079
0.227460622787
0.227564007044
0.22764596343
0.227722331882
0.227784723043
0.227838739753
0.227875068784
0.227903008461
0.227918833494
0.227922558784
0.227912321687
0.227889969945
0.227857366204
0.227814525366
0.227753996849
0.227686002851
0.227607771754
0.227514639497
0.227405682206
0.227292984724
0.227157011628
0.227024301887
0.226863652468
0.226707652211
0.226524189115
0.226333722472
0.226135358214
0.225921615958
0.225692510605
0.225460141897
0.225208222866
0.224948853254
0.224674582481
0.224387735128
0.224094823003
0.223781436682
0.223457336426
0.223129272461
0.22278213501
0.222427293658
0.222053602338
0.221671998501
0.221282929182
0.220871061087
0.220455214381
0.220031693578
0.219589203596
0.219127625227
0.218669876456
0.218185469508
0.217700943351
0.21720123291
0.216682434082
0.216156005859
0.215625748038
0.215072646737
0.214504227042
0.213935852051
0.213348418474
0.212753295898
0.212142929435
0.211517319083
0.21088796854
0.210243150592
0.209583431482
0.208911702037
0.208233013749
0.207534745336
0.206832766533
0.20611192286
0.205383390188
0.204643219709
0.203887924552
0.203121215105
0.20234285295
0.201553568244
0.200748428702
0.199939578772
0.19911582768
0.198272511363
0.197418496013
0.196563541889
0.195686236024
0.194797754288
0.193900883198
0.192993313074
0.192069903016
0.191135317087
0.190193295479
0.189227968454
0.188263118267
0.187278717756
0.186283126473
0.185275912285
0.184261694551
0.183227464557
0.182189971209
0.181129187346
0.180069342256
0.178985282779
0.177898436785
0.176792025566
0.175681889057
0.174549400806
0.173419699073
0.172260209918
0.171104431152
0.169926315546
0.168742597103
0.167542129755
0.166331410408
0.165107652545
0.163876444101
0.162631258368
0.16136559844
0.160098999739
0.158813774586
0.157523885369
0.156215384603
0.154900357127
0.153579741716
0.152267515659
0.150950625539
0.149643048644
0.148334532976
0.147026032209
0.145722180605
0.144416466355
0.143120065331
0.141819000244
0.140521675348
0.139225274324
0.137931659818
0.136642709374
0.135352835059
0.134067609906
0.13278144598
0.1314971596
0.130214720964
0.12893602252
0.12766289711
0.126381397247
0.125110149384
0.123840749264
0.122569493949
0.121303826571
0.120036296546
0.11877528578
0.117512412369
0.116251401603
0.114994116127
0.113740555942
0.112483270466
0.111237160861
0.109979875386
0.108739353716
0.107489518821
0.106247134507
0.105002887547
0.103767953813
0.102527432144
0.10129249841
0.100059427321
0.0988226309419
0.0975951477885
0.0963676646352
0.095142044127
0.0939182862639
0.092696391046
0.0914763584733
0.0902563259006
0.0890418812633
0.0878255739808
0.086616717279
0.0854041352868
0.0841971412301
0.0829901471734
0.081786878407
0.0805817469954
0.0793840661645
0.0781808048487
0.0769887119532
0.0757947564125
0.0746045261621
0.0734087079763
0.0722203403711
0.0710375607014
0.0698510557413
0.0686682760715
0.0674892216921
0.0663064420223
0.0651329755783
0.0639576464891
0.0627860426903
0.0616144351661
0.0604446940124
0.0592805407941
0.0581126622856
0.0569522343576
0.0557899437845
0.0546313785017
0.053474675864
0.0523179732263
0.0511668585241
0.0500138811767
0.0488664917648
0.0477191023529
0.0465735755861
0.0454317741096
0.0442899726331
0.0431463085115
0.0420156829059
0.0408794693649
0.039745118469
0.0386107712984
0.0374838709831
0.036358833313
0.0352319329977
0.0341068953276
0.0329855829477
0.0318679958582
0.0307466816157
0.0296365451068
0.0285189580172
0.0274088215083
0.0262986849993
0.0251922737807
0.0240858625621
0.0229831766337
0.0218767654151
0.0207833927125
0.0196825694293
0.018585473299
0.0174939632416
0.0164043158293
0.0153109421954
0.0142212947831
0.0131390979514
0.0120531758294
0.0109709789976
0.00989623274654
0.00881217420101
0.00773556483909
0.00666454387829
0.00559166027233
0.00452063977718
0.00345706916414
0.00238791108131
0.00131875264924
0.000260770320892
-0.000797212065663
-0.00185891974252
-0.00291317678057
-0.00396743416786
-0.00502169085667
-0.00607222272083
-0.0071190292947
-0.00816583633423
-0.0092126429081
-0.0102538606152
-0.0112913539633
-0.0123344352469
-0.0133700659499
-0.0144001087174
-0.0154376020655
-0.0164676457644
-0.0174958258867
-0.0185240060091
-0.019546598196
-0.0205673258752
-0.0215917807072
-0.0226106476039
-0.0236239265651
-0.0246427934617
-0.0256542097777
-0.0266637634486
-0.0276714544743
-0.0286828707904
-0.0296868365258
-0.0306889396161
-0.0316929072142
-0.0326875597239
-0.033687800169
-0.0346787273884
-0.0356752425432
-0.0366680324078
-0.0376533716917
-0.0386442989111
-0.0396259091794
-0.0406112484634
-0.041592862457
-0.0425707511604
-0.0435486398637
-0.0445265285671
-0.0454969666898
-0.0464711301029
-0.0474397055805
-0.0484045557678
-0.0493731312454
-0.0503342561424
-0.0512972436845
-0.0522565059364
-0.0532194934785
-0.0541694425046
-0.0551212541759
-0.0560767911375
-0.0570267401636
-0.0579711012542
-0.05891732499
-0.059865411371
-0.0608060471714
-0.0617448203266
-0.0626780092716
-0.0636223703623
-0.0645518302917
-0.0654831528664
-0.0664182007313
-0.0673402100801
-0.0682678073645
-0.0691954046488
-0.0701136887074
-0.0710375607014
-0.0719521194696
-0.0728685408831
-0.0737849622965
-0.0746995210648
-0.0756029039621
-0.0765156000853
-0.0774227082729
-0.07832236588
-0.079227603972
-0.0801328495145
-0.0810269191861
-0.0819209888577
-0.0828169211745
-0.0837128534913
-0.0845994725823
-0.0854916796088
-0.0863764360547
-0.0872574672103
-0.0881459489465
-0.0890269801021
-0.0899005606771
-0.0907815918326
-0.0916533097625
-0.0925287529826
-0.0933986082673
-0.0942647382617
-0.0951345935464
-0.0959969982505
-0.0968668535352
-0.0977218076587
-0.0985823497176
-0.0994373038411
-0.100295983255
-0.101147212088
-0.101998440921
-0.102847807109
-0.103691585362
-0.10454467684
-0.105381004512
-0.106223851442
-0.107063904405
-0.107898369431
-0.108737491071
-0.109570093453
-0.110400833189
-0.111228778958
-0.112056724727
-0.112884670496
-0.113708890975
-0.11452845484
-0.115345224738
-0.116168513894
-0.116977833211
-0.117793671787
-0.118602991104
-0.119418829679
-0.120224423707
-0.121032811701
-0.121833749115
-0.122630961239
-0.123431898654
-0.124237492681
-0.125026330352
-0.125820741057
-0.126613304019
-0.127403065562
-0.128196552396
-0.128978863358
-0.129761174321
-0.130542546511
-0.131324857473
-0.132102519274
-0.132873654366
-0.133655965328
-0.134426161647
-0.135196372867
-0.135963782668
-0.136730253696
-0.137489289045
-0.138255760074
-0.139019444585
-0.13977009058
-0.140530049801
-0.141284421086
-0.142040655017
-0.142791301012
-0.143540084362
-0.144278630614
-0.145031139255
-0.145767807961
-0.146511003375
-0.147250473499
-0.147988080978
-0.14872290194
-0.149453058839
-0.1501878649
-0.150909647346
-0.151641666889
-0.152362510562
-0.153088003397
-0.15381257236
-0.154521778226
-0.155246809125
-0.155960202217
-0.156673133373
-0.157383263111
-0.158092468977
-0.158802136779
-0.159507602453
-0.160201907158
-0.160907849669
-0.161613330245
-0.16230763495
-0.16300240159
-0.163688316941
-0.164386808872
-0.165077388287
-0.165760040283
-0.166446432471
-0.167129546404
-0.167812675238
-0.168491140008
-0.169166818261
-0.16984924674
-0.170516774058
-0.171192213893
-0.171859741211
-0.172523543239
-0.173195019364
-0.173854634166
-0.174507260323
-0.175155684352
-0.175785034895
-0.176414370537
-0.177028700709
-0.177631378174
-0.178230330348
-0.178813919425
-0.179389953613
-0.179958283901
-0.18051533401
-0.181064575911
-0.181598693132
-0.182128876448
-0.182643890381
-0.183155074716
-0.183654785156
-0.184143081307
-0.184619873762
-0.185092955828
-0.185550644994
-0.18600460887
-0.186439588666
-0.18687440455
-0.187293961644
-0.18770596385
-0.188110381365
-0.188499450684
-0.188884779811
-0.189254745841
-0.189617037773
-0.189972102642
-0.190315067768
-0.190651029348
-0.190975129604
-0.191288053989
-0.191593304276
-0.191886901855
-0.192172810435
-0.192451745272
-0.192718103528
-0.192970499396
-0.193218231201
-0.193454787135
-0.193687140942
-0.193897619843
-0.194110900164
-0.194305077195
-0.19449646771
-0.194675281644
-0.194843381643
-0.195003569126
-0.195152118802
-0.195293217897
-0.19541940093
-0.195545136929
-0.195655956864
-0.195754677057
-0.195846885443
-0.195930704474
-0.196000546217
-0.19606667757
-0.196115106344
-0.196158871055
-0.196192398667
-0.196216613054
-0.196231514215
-0.196236178279
-0.19622965157
-0.196214750409
-0.196187749505
-0.196155145764
-0.196112304926
-0.196056425571
-0.195993095636
-0.195921391249
-0.195836633444
-0.195745363832
-0.195641055703
-0.195529296994
-0.19540822506
-0.195277839899
-0.195133492351
-0.194986343384
-0.194824293256
-0.194651991129
-0.194475978613
-0.194284126163
-0.194083884358
-0.193876206875
-0.193657338619
-0.193428233266
-0.19319075346
-0.192942082882
-0.192685976624
-0.19241681695
-0.192143008113
-0.191854298115
-0.191556274891
-0.191254526377
-0.190934151411
-0.1906119138
-0.190274775028
-0.189932048321
-0.189576283097
-0.189211204648
-0.188838675618
-0.188456833363
-0.188060089946
-0.187657758594
-0.187246114016
-0.186823293567
-0.186393022537
-0.185947850347
-0.185498952866
-0.185038879514
-0.184563905001
-0.184087067842
-0.183597192168
-0.183094277978
-0.182583913207
-0.182067960501
-0.181537106633
-0.180998802185
-0.180449321866
-0.179892390966
-0.179324284196
-0.1787468642
-0.178160130978
-0.177562221885
-0.176954999566
-0.176338464022
-0.175714477897
-0.175077453256
-0.174432978034
-0.173777326941
-0.173112362623
-0.172439947724
-0.171752631664
-0.171061590314
-0.170355647802
-0.16964225471
-0.168919548392
-0.168187528849
-0.167446196079
-0.166693687439
-0.165931865573
-0.165158867836
-0.164380282164
-0.16358679533
-0.162789583206
-0.161975607276
-0.16115604341
-0.160327166319
-0.159488976002
-0.158639609814
-0.1577809304
-0.156911075115
-0.156031921506
-0.155145302415
-0.154251232743
-0.153340399265
-0.152423977852
-0.151498243213
-0.150561332703
-0.149615108967
-0.14866143465
-0.147692859173
-0.14671869576
-0.145735219121
-0.144738703966
-0.143736600876
-0.142723321915
-0.141697004437
-0.14066696167
-0.139622017741
-0.138567760587
-0.137509778142
-0.136435031891
-0.135349109769
-0.134266912937
-0.133158639073
-0.13205036521
-0.130927190185
-0.129800289869
-0.128658488393
-0.127509236336
-0.126350671053
-0.125179067254
-0.124003730714
-0.122815363109
-0.121615819633
-0.120408825576
-0.119186930358
-0.117965035141
-0.116728238761
-0.115480266511
-0.114221118391
-0.112958244979
-0.111680470407
-0.110398970544
-0.10909884423
-0.107798717916
-0.106483690441
-0.105153761804
-0.103823833168
-0.10247900337
-0.101130448282
-0.0997632667422
-0.0983923599124
-0.0970065519214
-0.0956207439303
-0.0942163094878
-0.0928044244647
-0.0913813635707
-0.0899508520961
-0.0885091647506
-0.0870637521148
-0.0856034383178
-0.0841282233596
-0.0826530084014
-0.0811666175723
-0.0796616002917
-0.0781528651714
-0.0766441226006
-0.0751093029976
-0.0735707581043
-0.0720247626305
-0.0704750418663
-0.0688992440701
-0.0673234462738
-0.065740197897
-0.0641457736492
-0.0625364482403
-0.0609271191061
-0.0592954419553
-0.0576637648046
-0.056020911783
-0.0543706081808
-0.0527016781271
-0.051029022783
-0.0493451915681
-0.0476539097726
-0.0459551773965
-0.0442340932786
-0.0425204597414
-0.0407844744623
-0.0390484929085
-0.0372938811779
-0.0355318188667
-0.0337660312653
-0.0319816172123
-0.0301972012967
-0.0283978860825
-0.0266097467393
-0.0248327832669
-0.0230669956654
-0.0213123839349
-0.0195689499378
-0.0178329646587
-0.0161118805408
-0.0144056966528
-0.0127032389864
-0.0110119571909
-0.00933930277824
-0.00767037225887
-0.00601261807606
-0.0043697655201
-0.00273808813654
-0.00111758708954
0.000499188899994
0.00209361314774
0.00368431187235
0.00526383472607
0.00682845665142
0.00838562846184
0.00992789771408
0.011462717317
0.0129863610491
0.01449510362
0.0160001218319
0.017486512661
0.0189617276192
0.0204332154244
0.0218898039311
0.0233277659863
0.0247694533318
0.0261887889355
0.027604399249
0.0289976578206
0.0303909163922
0.0317730009556
0.0331364572048
0.0344961881638
0.0358372926712
0.0371709465981
0.0384971499443
0.0398084484041
0.0411085747182
0.0424012504518
0.0436790250242
0.0449456237257
0.0462010465562
0.0474490188062
0.048682089895
0.0499039851129
0.0511221550405
0.0523179732263
0.0535063408315
0.0546947084367
0.0558569990098
0.0570155642927
0.0581592284143
0.0592954419553
0.0604167543352
0.0615343414247
0.062633305788
0.0637210905552
0.064805150032
0.0658705830574
0.0669285655022
0.0679790973663
0.069011002779
0.0700354576111
0.0710487365723
0.0720471143723
0.0730380415916
0.0740215182304
0.0749938189983
0.0759474933147
0.0768937170506
0.0778287649155
0.0787526294589
0.0796690508723
0.0805705711246
0.0814571902156
0.0823400840163
0.0832118019462
0.0840686187148
0.0849142596126
0.0857487246394
0.086579464376
0.087391577661
0.0881887897849
0.0889860019088
0.0897608622909
0.0905357226729
0.0912919566035
0.0920370146632
0.0927783474326
0.0935010537505
0.0942163094878
0.0949166640639
0.0956095680594
0.0962912961841
0.0969618484378
0.0976174995303
0.0982694253325
0.0989027246833
0.0995267108083
0.100143246353
0.100746743381
0.101339064538
0.10191834718
0.102492041886
0.103048972785
0.103598453104
0.104134894907
0.104658298194
0.105172388256
0.105679027736
0.106172628701
0.106651328504
0.107124440372
0.107580788434
0.10803154856
0.108465544879
0.108895815909
0.109307460487
0.109713517129
0.110106535256
0.110486514866
0.110857181251
0.11121853441
0.111566849053
0.11190585047
0.112229950726
0.112546600401
0.112850211561
0.113144509494
0.113425768912
0.113695852458
0.113956622779
0.114206217229
0.114442773163
0.114671878517
0.114887945354
0.115090973675
0.115284688771
0.115467227995
0.115640453994
0.115798778832
0.115947790444
0.11608748883
0.1162141487
0.116329632699
0.116435803473
0.116527073085
0.116610892117
0.116685397923
0.116745002568
0.116789706051
0.116834409535
0.116860486567
0.116875387728
0.116882838309
0.116875387728
0.116858623922
0.11683254689
0.116791568696
0.116741277277
0.116683535278
0.116607166827
0.116527073085
0.116432078183
0.116325907409
0.11621042341
0.116081900895
0.115940339863
0.115795053542
0.115633003414
0.11546164006
0.115275375545
0.11508538574
0.114878632128
0.114662565291
0.114435322583
0.114198766649
0.113947309554
0.113688401878
0.113414593041
0.113135196269
0.112840898335
0.112533561885
0.1122206375
0.111892811954
0.111553810537
0.111207358539
0.110844142735
0.11047347635
0.11009349674
0.109696753323
0.109292559326
0.108880914748
0.108452506363
0.108014784753
0.107564024627
0.107103951275
0.106638289988
0.106154002249
0.10565853864
0.105155624449
0.104643397033
0.104114405811
0.103579826653
0.103028483689
0.102469690144
0.101901583374
0.101316712797
0.100724391639
0.100124619901
0.0995043590665
0.0988803729415
0.0982433483005
0.0975951477885
0.0969376340508
0.0962670817971
0.0955853536725
0.094892449677
0.0941883698106
0.0934768393636
0.0927485451102
0.0920146629214
0.0912640169263
0.0905040577054
0.0897403731942
0.0889543369412
0.088164575398
0.0873617753386
0.0865459367633
0.0857207849622
0.0848863199353
0.0840369537473
0.0831782743335
0.0823121443391
0.0814273878932
0.080538906157
0.0796336606145
0.0787228271365
0.0777970999479
0.0768583267927
0.0759121030569
0.0749565660954
0.0739861279726
0.0730063766241
0.0720154494047
0.0710096210241
0.0699982047081
0.0689756125212
0.067938119173
0.0668941065669
0.0658323988318
0.0647660344839
0.0636847689748
0.0625951215625
0.0614905692637
0.0603795014322
0.0592553950846
0.0581191815436
0.0569745860994
0.0558160208166
0.0546472109854
0.0534672252834
0.0522788576782
0.0510765202343
0.0498583503067
0.0486392490566
0.0474033840001
0.0461591370404
0.0448990575969
0.0436343215406
0.0423546843231
0.0410638712347
0.0397600196302
0.0384505838156
0.0371262431145
0.0357879325747
0.0344449654222
0.0330926850438
0.031741335988
0.0304030235857
0.0290684383363
0.0277440976351
0.0264281388372
0.0251177679747
0.0238157790154
0.0225240346044
0.0212378781289
0.0199601035565
0.0186925753951
0.0174287706614
0.0161770731211
0.0149300312623
0.0136932348832
0.0124620264396
0.0112401312217
0.0100275492296
0.00882148742676
0.00762380613014
0.00643078191206
0.0052517275326
0.00407546758652
0.00291038281284
0.00175088632386
0.000601634383202
-0.000540167093277
-0.00167638051789
-0.00280421203934
-0.00391900539398
-0.00503379805014
-0.00613369001076
-0.00723078800365
-0.00831671059132
-0.00939704477787
-0.0104662021622
-0.0115316351876
-0.0125849610195
-0.0136336302385
-0.0146711235866
-0.0157048925757
-0.0167256221175
-0.0177444890141
-0.0187503173947
-0.0197486933321
-0.0207424145192
-0.0217268224806
-0.0227009858936
-0.0236704926938
-0.0246297549456
-0.0255815666169
-0.0265268590301
-0.027461906895
-0.0283913668245
-0.0293105822057
-0.0302232783288
-0.0311285238713
-0.0320235267282
-0.0329138711095
-0.0337939709425
-0.0346666201949
-0.0355318188667
-0.0363886356354
-0.0372370705009
-0.0380780547857
-0.03891158849
-0.0397376678884
-0.0405525751412
-0.0413646884263
-0.0421637631953
-0.042959112674
-0.0437432862818
-0.0445209406316
-0.0452902130783
-0.0460529662669
-0.0468064062297
-0.0475514642894
-0.0482909344137
-0.0490182973444
-0.0497419349849
-0.0504571907222
-0.0511603392661
-0.0518616251647
-0.05255080387
-0.0532325319946
-0.0539068095386
-0.0545754991472
-0.0552311502397
-0.0558830760419
-0.056526619941
-0.0571608506143
-0.0577866993845
-0.058405097574
-0.0590179078281
-0.0596214048564
-0.060215588659
-0.0608023218811
-0.0613797418773
-0.0619534365833
-0.0625159591436
-0.0630728900433
-0.0636167824268
-0.0641606748104
-0.0646896660328
-0.0652130693197
-0.0657308846712
-0.0662375241518
-0.0667385756969
-0.067226588726
-0.06771273911
-0.0681914389133
-0.0686571002007
-0.0691171735525
-0.0695716589689
-0.0700131058693
-0.0704508274794
-0.0708792358637
-0.0713001936674
-0.0717099756002
-0.0721178948879
-0.0725127756596
-0.0729039311409
-0.0732839107513
-0.0736564397812
-0.0740196555853
-0.0743791460991
-0.074727460742
-0.0750701874495
-0.0753998756409
-0.075725838542
-0.0760462135077
-0.0763535499573
-0.0766534358263
-0.0769514590502
-0.077236443758
-0.0775102525949
-0.0777821987867
-0.0780448317528
-0.0782962888479
-0.0785458758473
-0.0787824317813
-0.0790115371346
-0.0792350545526
-0.0794455334544
-0.0796578750014
-0.079851590097
-0.0800453051925
-0.0802241191268
-0.080401070416
-0.0805668458343
-0.0807251706719
-0.0808779075742
-0.0810213312507
-0.0811535790563
-0.0812802389264
-0.0814013108611
-0.0815112069249
-0.0816136524081
-0.0817105099559
-0.081799916923
-0.081874422729
-0.0819470658898
-0.0820141211152
-0.0820681378245
-0.0821128413081
-0.0821556821465
-0.0821854844689
-0.0822096988559
-0.0822264626622
-0.082235775888
-0.0822320505977
-0.0822264626622
-0.0822078362107
-0.0821873471141
-0.0821556821465
-0.0821165665984
-0.0820644125342
-0.0820122584701
-0.0819470658898
-0.0818800106645
-0.0817980542779
-0.0817105099559
-0.0816155150533
-0.0815130695701
-0.081399448216
-0.0812821015716
-0.0811554417014
-0.0810194686055
-0.0808779075742
-0.0807270333171
-0.0805705711246
-0.0803992077708
-0.0802278444171
-0.0800434425473
-0.0798553153872
-0.0796541497111
-0.0794511213899
-0.0792369171977
-0.0790115371346
-0.0787824317813
-0.0785458758473
-0.0783000141382
-0.0780448317528
-0.0777840614319
-0.0775139778852
-0.0772345811129
-0.0769514590502
-0.0766590237617
-0.0763535499573
-0.0760462135077
-0.0757277011871
-0.0754036009312
-0.0750720500946
-0.074727460742
-0.0743810087442
-0.0740215182304
-0.0736583024263
-0.0732857733965
-0.072905793786
-0.0725146383047
-0.0721197575331
-0.0717155635357
-0.0713001936674
-0.0708810985088
-0.0704545527697
-0.0700149685144
-0.0695716589689
-0.069122761488
-0.0686571002007
-0.0681914389133
-0.0677164644003
-0.0672321766615
-0.0667404383421
-0.066239386797
-0.0657327473164
-0.0652149319649
-0.0646933913231
-0.0641625374556
-0.0636223703623
-0.0630747526884
-0.0625178217888
-0.0619571618736
-0.0613834671676
-0.0608041845262
-0.0602230392396
-0.0596195422113
-0.0590216331184
-0.0584106855094
-0.0577885620296
-0.0571627132595
-0.0565294139087
-0.0558868013322
-0.0552367381752
-0.0545754991472
-0.0539123974741
-0.0532362572849
-0.0525545291603
-0.0518634878099
-0.0511631332338
-0.0504609160125
-0.0497475229204
-0.0490229539573
-0.048294659704
-0.0475533269346
-0.04681013152
-0.0460594855249
-0.0452939383686
-0.0445265285671
-0.0437442176044
-0.0429637692869
-0.0421721450984
-0.0413637571037
-0.0405572317541
-0.0397432558239
-0.0389143824577
-0.038081780076
-0.0372435897589
-0.0363923609257
-0.0355336815119
-0.0346731394529
-0.0337995588779
-0.0329166650772
-0.0320300459862
-0.0311322491616
-0.0302270036191
-0.0293180327863
-0.0283941607922
-0.0274665635079
-0.026531515643
-0.0255871545523
-0.0246353428811
-0.0236742179841
-0.0227056425065
-0.0217333417386
-0.0207480024546
-0.0197514872998
-0.0187586992979
-0.017749145627
-0.0167284160852
-0.0157114118338
-0.0146739175543
-0.0136401494965
-0.0125952055678
-0.0115316351876
-0.0104736527428
-0.00940449535847
-0.00832043588161
-0.0072326506488
-0.00614486588165
-0.00503472937271
-0.00392831861973
-0.00280886865221
-0.00168196845334
-0.000549480319023
0.000597909092903
0.00174343574326
0.00290386355482
0.00407174229622
0.00524520827457
0.00642426265404
0.00761821819469
0.00881589949131
0.0100191673264
0.0112336119637
0.0124592324719
0.0136829903349
0.0149272372946
0.0161714851856
0.0174213200808
0.0186841934919
0.0199545156211
0.0212285649031
0.0225193779916
0.02381019108
0.025108454749
0.0264234822243
0.0277347844094
0.0290628504008
0.0303965043277
0.0317338854074
0.0330843031406
0.0344477593899
0.0358000397682
0.0371802598238
0.0385604798794
0.0399462841451
0.0413451306522
0.0427495650947
0.0441595874727
0.0455826483667
0.0470075719059
0.0484436713159
0.0498909465969
0.0513438098133
0.0527948103845
0.0542718879879
0.0557452403009
0.0572279058397
0.0587198846042
0.0602137260139
0.0617299191654
0.0632423907518
0.0647623091936
0.0662989914417
0.0678356736898
0.0693816691637
0.0709407031536
0.0725015997887
0.0740718096495
0.0756531953812
0.0772308558226
0.0788327232003
0.0804345980287
0.0820401981473
0.083658836782
0.0852700248361
0.086866311729
0.0884532853961
0.0900309458375
0.0915955677629
0.0931508764625
0.0946950092912
0.0962335541844
0.0977534726262
0.0992678031325
0.100770957768
0.102262936532
0.103747464716
0.105215229094
0.106677405536
0.108126543462
0.109568230808
0.110998742282
0.112414352596
0.113824374974
0.115221358836
0.116609029472
0.117983661592
0.119352705777
0.1207068488
0.122053541243
0.12338719517
0.124709673226
0.126026570797
0.127326697111
0.12862123549
0.129902735353
0.131174921989
0.132435932755
0.133687630296
0.13492256403
0.136159360409
0.137371942401
0.138584524393
0.139780342579
0.140968710184
0.142145901918
0.143310055137
0.14446862042
0.145614147186
0.146748498082
0.147873535752
0.148983672261
0.150091946125
0.151181593537
0.152265653014
0.153336673975
0.154396519065
0.155448913574
0.156491994858
0.157518297434
0.15853716433
0.159548580647
0.160543233156
0.161534160376
0.162510186434
0.163476899266
0.164432436228
0.165378659964
0.166311845183
0.167239442468
0.168154001236
0.169055521488
0.169947728515
0.170832484961
0.171702340245
0.172566607594
0.173415973783
0.174256026745
0.175088629127
0.175906330347
0.176714718342
0.177511930466
0.178303554654
0.179078415036
0.179843962193
0.180602997541
0.181350842118
0.182082861662
0.182808369398
0.183520823717
0.184226766229
0.184921532869
0.185604199767
0.186273813248
0.186936914921
0.187587916851
0.188228666782
0.188858240843
0.18947942555
0.190088510513
0.190687358379
0.191272228956
0.19185243547
0.192421481013
0.19297747314
0.193521365523
0.194059669971
0.194580286741
0.195099025965
0.195601940155
0.196094617248
0.196580767632
0.197048291564
0.197515815496
0.197961911559
0.198408022523
0.198835492134
0.199256449938
0.199663445354
0.200065776706
0.200452268124
0.200828522444
0.201199188828
0.201553091407
0.201902344823
0.202235758305
0.202568233013
0.202873244882
0.203182443976
0.203475818038
0.203758463264
0.204029023647
0.20429584384
0.204548224807
0.204784318805
0.205012962222
0.205238342285
0.205448359251
0.205646723509
0.20583344996
0.206016466022
0.206180378795
0.206336840987
0.206485852599
0.206619486213
0.206744983792
0.206863492727
0.206966415048
0.207057908177
0.207141965628
0.20721809566
0.207279101014
0.207328930497
0.207374557853
0.20740506053
0.207420319319
0.207431837916
0.207431718707
0.207427993417
0.20739749074
0.207366928458
0.207324996591
0.207275390625
0.207202911377
0.207138061523
0.20704652369
0.206954941154
0.20684812963
0.206737592816
0.206600159407
0.2064743191
0.206317856908
0.206165358424
0.205989688635
0.205814361572
0.205623671412
0.205425307155
0.205215528607
0.204986423254
0.204761505127
0.204517498612
0.204265579581
0.204002469778
0.203724011779
0.203441351652
0.203147992492
0.202846705914
0.202522143722
0.202201768756
0.201862290502
0.201511651278
0.20116007328
0.200786620378
0.200412690639
0.200015947223
0.199619665742
0.199210822582
0.198783814907
0.198360517621
0.197910234332
0.197464123368
0.196998462081
0.196525350213
0.19603779912
0.195541411638
0.195045009255
0.194523468614
0.193996340036
0.193466424942
0.19291228056
0.192352563143
0.191788181663
0.191207960248
0.190620303154
0.190017729998
0.189410507679
0.188789322972
0.188156023622
0.18751527369
0.186863347888
0.186199307442
0.185524106026
0.184845164418
0.184146672487
0.183440729976
0.182724550366
0.18200276792
0.181263297796
0.180518239737
0.179763868451
0.178986221552
0.17821508646
0.177421599627
0.176624387503
0.175815060735
0.174991771579
0.174163833261
0.17332470417
0.172462299466
0.171608284116
0.170726314187
0.169849008322
0.168956801295
0.168053418398
0.167133271694
0.166206613183
0.165270626545
0.164326265454
0.163368865848
0.162398427725
0.161422401667
0.160431474447
0.159431234002
0.158425405622
0.15740467608
0.156369060278
0.155333429575
0.15427544713
0.15321560204
0.152146443725
0.151062384248
0.149978324771
0.148897990584
0.147823244333
0.146744772792
0.145671889186
0.14459528029
0.143524259329
0.142456963658
0.141387805343
0.140324234962
0.139258801937
0.138195231557
0.137133523822
0.136079266667
0.135017558932
0.133963301778
0.132909044623
0.131858512759
0.13080611825
0.129759311676
0.128712505102
0.127665698528
0.126626342535
0.125579535961
0.124542035162
0.123504541814
0.122470773757
0.121433280408
0.120399512351
0.119373194873
0.118339426816
0.117313109338
0.116288654506
0.115264199674
0.114241607487
0.113220877945
0.112202011049
0.111186869442
0.110168002546
0.109158448875
0.108147032559
0.107135616243
0.106124199927
0.105122096837
0.104114405811
0.103114165366
0.102108336985
0.10111182183
0.100120894611
0.0991132035851
0.0981297269464
0.0971294865012
0.0961385592818
0.0951532199979
0.0941697433591
0.0931788161397
0.0921934768558
0.0912174507976
0.0902321115136
0.0892560854554
0.0882800593972
0.0873021706939
0.0863280072808
0.0853650197387
0.0843889936805
0.0834185555577
0.0824592933059
0.0814888551831
0.0805295929313
0.0795666053891
0.0786054804921
0.0776518136263
0.0766981393099
0.0757370144129
0.0747907906771
0.0738445669413
0.0728834420443
0.0719465315342
0.0709984451532
0.0700522214174
0.0691153109074
0.0681765377522
0.0672303140163
0.0662989914417
0.0653695315123
0.0644288957119
0.0634994357824
0.062569975853
0.0616442374885
0.060714777559
0.0597927682102
0.0588763467968
0.0579450242221
0.0570360533893
0.0561140440404
0.0551994852722
0.0542830638587
0.0533759556711
0.0524595342577
0.0515598766506
0.0506434552372
0.0497437976301
0.0488422773778
0.0479370318353
0.0470410995185
0.0461433045566
0.0452417843044
0.0443495772779
0.043464820832
0.0425651632249
0.0416785441339
0.0407881997526
0.0399090312421
0.0390242785215
0.0381395220757
0.0372529029846
0.0363849103451
0.0355001538992
0.0346302986145
0.0337585806847
0.0328831374645
0.0320132821798
0.0311434250325
0.0302810203284
0.0294186156243
0.0285487603396
0.0276956688613
0.026831401512
0.0259708594531
0.0251159053296
0.0242702644318
0.0234134476632
0.0225603561848
0.0217128526419
0.0208672117442
0.0200197082013
0.0191796571016
0.0183340162039
0.0174939632416
0.0166557729244
0.0158231705427
0.0149831166491
0.0141523769125
0.013321637176
0.0124890347943
0.0116657456383
0.0108405938372
0.0100098541006
0.0091940164566
0.00836886465549
0.00755302561447
0.00672973645851
0.00591948581859
0.00510550988838
0.00429525971413
0.00347755826078
0.00267848349176
0.00186264503282
0.00106729567051
0.000258907675743
-0.000540167093277
-0.00135041761678
-0.00213645398617
-0.00293739116751
-0.00373087800108
-0.00452436506748
-0.00531785143539
-0.00610388768837
-0.00688992394134
-0.00767409754917
-0.00846199691296
-0.00924617052078
-0.0100247552618
-0.0108033409342
-0.0115819266066
-0.0123511990532
-0.0131297847256
-0.0139009198174
-0.0146720549092
-0.0154338767752
-0.0162050127983
-0.0169686973095
-0.0177379697561
-0.0184923410416
-0.0192504376173
-0.0200122576207
-0.0207666289061
-0.0215228628367
-0.0222772341222
-0.0230185668916
-0.0237803887576
-0.0245124083012
-0.0252686422318
-0.0260081123561
-0.0267568957061
-0.0274889152497
-0.028228385374
-0.0289697181433
-0.0296998750418
-0.0304337572306
-0.0311676394194
-0.0318977981806
-0.0326223671436
-0.0333562493324
-0.0340733677149
-0.0347979366779
-0.0355150550604
-0.0362396240234
-0.0369567424059
-0.0376738607883
-0.0383835285902
-0.0390931963921
-0.0398103110492
-0.0405106656253
-0.0412296466529
-0.0419244132936
-0.0426322184503
-0.0433344356716
-0.0440292023122
-0.0447314195335
-0.0454336367548
-0.0461190901697
-0.0468138568103
-0.047508623451
-0.0481940768659
-0.0488832555711
-0.0495742969215
-0.0502485744655
-0.0509340278804
-0.0516194812953
-0.0522993467748
-0.0529717616737
-0.053649764508
-0.0543203167617
-0.0549927316606
-0.0556651465595
-0.0563263855875
-0.0570006631315
-0.0576619021595
-0.0583268664777
-0.0589899681509
-0.0596474818885
-0.0603105835617
-0.0609587840736
-0.0616144351661
-0.0622719489038
-0.0629182904959
-0.063568353653
-0.0642165541649
-0.0648573040962
-0.0655148178339
-0.0661462545395
-0.0667870044708
-0.0674221664667
-0.0680610537529
-0.0687036663294
-0.0693276524544
-0.0699702650309
-0.0705868005753
-0.0712275505066
-0.0718459486961
-0.0724717974663
-0.0730976462364
-0.0737141817808
-0.0743344426155
-0.0749584287405
-0.0755693763494
-0.0761784613132
-0.0767987221479
-0.0774078071117
-0.0780094414949
-0.0786203816533
-0.0792313292623
-0.07982737571
-0.0804364606738
-0.0810325071216
-0.0816341415048
-0.0822208747268
-0.0828336849809
-0.0834111049771
-0.0839997008443
-0.0846031978726
-0.085182480514
-0.0857729390264
-0.0863522216678
-0.0869370922446
-0.0875182375312
-0.0880993828177
-0.0886730775237
-0.0892486348748
-0.0898241922259
-0.0903978869319
-0.0909641310573
-0.0915341004729
-0.0921022072434
-0.0926665887237
-0.0932272449136
-0.0937916263938
-0.094356007874
-0.0949073508382
-0.0954698696733
-0.096015624702
-0.0965725556016
-0.0971220359206
-0.0976715162396
-0.098224721849
-0.0987667515874
-0.0993125066161
-0.0998452231288
-0.100394703448
-0.100933007896
-0.101471312344
-0.102002166212
-0.102542333305
-0.103065736592
-0.103602178395
-0.104127444327
-0.104652710259
-0.105177976191
-0.105705104768
-0.106221057475
-0.106738872826
-0.107260413468
-0.107778228819
-0.108294181526
-0.108798958361
-0.109318636358
-0.109821550548
-0.110328190029
-0.110836692154
-0.111343331635
-0.111838795245
-0.112337984145
-0.11283903569
-0.11333822459
-0.113831825554
-0.114325426519
-0.114822752774
-0.115299589932
-0.115798778832
-0.11627934128
-0.116759903729
-0.117253504694
-0.117724753916
-0.118205316365
-0.118687741458
-0.119162715971
-0.119628377259
-0.120114527643
-0.120574600995
-0.121051438153
-0.12150964886
-0.121979035437
-0.122444696724
-0.122901044786
-0.123362980783
-0.123823054135
-0.124273814261
-0.124733887613
-0.125182792544
-0.125637277961
-0.126087099314
-0.126533210278
-0.126987695694
-0.127414241433
-0.12787245214
-0.128303647041
-0.128749758005
-0.129184678197
-0.129612162709
-0.130058258772
-0.130482017994
-0.130916938186
-0.131343483925
-0.131770968437
-0.132190987468
-0.132621258497
-0.133033841848
-0.133457586169
-0.133880406618
-0.134292989969
-0.134704634547
-0.135120004416
-0.135532572865
-0.135940492153
-0.13634096086
-0.136757269502
-0.137160524726
-0.137554481626
-0.137958675623
-0.13835541904
-0.138763338327
-0.139145180583
-0.139540985227
-0.139938667417
-0.140323296189
-0.140708863735
-0.141101881862
-0.141483724117
-0.141868367791
-0.142246484756
-0.142623662949
-0.143009230494
-0.143382698298
-0.143753364682
-0.144126817584
-0.144492834806
-0.144870951772
-0.145229503512
-0.145606696606
-0.145962461829
-0.146320089698
-0.146686092019
-0.147045582533
-0.147399485111
-0.147758975625
-0.148101702332
-0.148460268974
-0.148811370134
-0.149154558778
-0.149498224258
-0.149848863482
-0.150188326836
-0.1505240798
-0.15087890625
-0.151199281216
-0.151550397277
-0.151870772243
-0.152213960886
-0.152526885271
-0.152870535851
-0.153201624751
-0.153511285782
-0.153842836618
-0.154167413712
-0.154479861259
-0.154800236225
-0.155121088028
-0.155429810286
-0.155750185251
-0.156047746539
-0.156376034021
-0.156665682793
-0.156986519694
-0.157275930047
-0.157588854432
-0.15788269043
-0.158187925816
-0.158481761813
-0.158771395683
-0.159080594778
-0.15935882926
-0.159656614065
-0.159931123257
-0.160236373544
-0.160514831543
-0.160793304443
-0.161071762443
-0.161338821054
-0.161598190665
-0.161857575178
-0.16210180521
-0.162345871329
-0.162578582764
-0.1628036201
-0.163021117449
-0.163238510489
-0.163440704346
-0.163639068604
-0.163829818368
-0.164016723633
-0.164192155004
-0.16436009109
-0.164524063468
-0.164680466056
-0.164829298854
-0.16497412324
-0.165103927255
-0.165233612061
-0.165355727077
-0.165466323495
-0.165576800704
-0.165672495961
-0.165767490864
-0.165847823024
-0.165931642056
-0.166000559926
-0.166065052152
-0.166122555733
-0.16617192328
-0.166214063764
-0.166248515248
-0.166278794408
-0.166301608086
-0.166316971183
-0.166320696473
-0.166324883699
-0.166316971183
-0.166301608086
-0.166282519698
-0.166255965829
-0.166221514344
-0.166175872087
-0.166130244732
-0.166072964668
-0.166011497378
-0.165939316154
-0.165862947702
-0.165779128671
-0.165687859058
-0.165588214993
-0.165481582284
-0.165370747447
-0.165249213576
-0.165126740932
-0.164989843965
-0.164851531386
-0.164701595902
-0.164548859
-0.164384946227
-0.164217308164
-0.164039418101
-0.16385781765
-0.163665965199
-0.163469448686
-0.163267359138
-0.163053154945
-0.162836149335
-0.162610769272
-0.162377014756
-0.162137657404
-0.161889925599
-0.161640331149
-0.161374911666
-0.16110855341
-0.160834744573
-0.160553485155
-0.160259187222
-0.159968614578
-0.159662202001
-0.159353941679
-0.159034490585
-0.158712252975
-0.158378839493
-0.158040776849
-0.157696187496
-0.157344147563
-0.156982794404
-0.15661585331
-0.156244263053
-0.155859619379
-0.155474990606
-0.155079171062
-0.154676839709
-0.15426799655
-0.153850764036
-0.153428867459
-0.152995809913
-0.15256087482
-0.152115702629
-0.151664018631
-0.151207670569
-0.150739207864
-0.150267034769
-0.149786472321
-0.149300321937
-0.148808583617
-0.148305669427
-0.147797167301
-0.14728307724
-0.146757811308
-0.146230682731
-0.145696103573
-0.145152211189
-0.144600868225
-0.144043937325
-0.143479555845
-0.142907723784
-0.142328441143
-0.141741707921
-0.141149386764
-0.140551477671
-0.139944255352
-0.139329582453
-0.138705596328
-0.138081610203
-0.137444585562
-0.13680383563
-0.136153772473
-0.135498121381
-0.134833157063
-0.134160742164
-0.13348646462
-0.132801011205
-0.132109969854
-0.131411477923
-0.130705535412
-0.129990279675
-0.129271298647
-0.128544867039
-0.127812847495
-0.127069652081
-0.126320868731
-0.125566497445
-0.124802805483
-0.124033533037
-0.123258672655
-0.122474499047
-0.121684737504
-0.120889388025
-0.120079137385
-0.11927074939
-0.11845304817
-0.117622308433
-0.116791568696
-0.115953378379
-0.115105874836
-0.114250920713
-0.113390378654
-0.112522386014
-0.111645080149
-0.110764048994
-0.109873704612
-0.108977772295
-0.108076252043
-0.107165418565
-0.106245271862
-0.105319537222
-0.104388214648
-0.103451304138
-0.102505080402
-0.101553268731
-0.100590281188
-0.0996254310012
-0.0986475422978
-0.0976696535945
-0.0966805890203
-0.0956859365106
-0.0946819707751
-0.0936742797494
-0.0926572754979
-0.0916328206658
-0.090599052608
-0.0895652845502
-0.0885203406215
-0.087466083467
-0.0864118263125
-0.0853408053517
-0.0842716470361
-0.0831857249141
-0.0821035280824
-0.0810082927346
-0.0799056068063
-0.0787991955876
-0.0776816159487
-0.0765584409237
-0.0754315406084
-0.0742934644222
-0.0731498003006
-0.0720005482435
-0.0708401203156
-0.0696778297424
-0.0685062259436
-0.0673215836287
-0.0661443918943
-0.0649467110634
-0.063743442297
-0.0625383108854
-0.0613238625228
-0.0601038299501
-0.0588763467968
-0.0576376877725
-0.0563934408128
-0.055147331208
-0.0538900457323
-0.0526271723211
-0.0513549856842
-0.0500790737569
-0.0487919859588
-0.0474974475801
-0.0462010465562
-0.0448953323066
-0.0435821674764
-0.0422615520656
-0.0409353487194
-0.0395961068571
-0.0382587313652
-0.0369101762772
-0.0355541706085
-0.0341925770044
-0.0328216701746
-0.0314433127642
-0.0300630908459
-0.0286642443389
-0.0272747110575
-0.025870276615
-0.0244546663016
-0.0230334680527
-0.0216104071587
-0.0201743077487
-0.0187363475561
-0.0172890722752
-0.0158324837685
-0.0143721690401
-0.0129006793723
-0.0114291897044
-0.00994466152042
-0.00845454633236
-0.00696070445701
-0.00545382453129
-0.00394135713577
-0.0024251639843
-0.000899657548871
0.000631436647382
0.00216998159885
0.00371783948503
0.00527314795181
0.00683031929657
0.00840052962303
0.00997260119766
0.0115558495745
0.0131428232417
0.0147409727797
0.0163428485394
0.0179521739483
0.019570812583
0.0211931746453
0.0228229891509
0.0244639795274
0.026106832549
0.0277608614415
0.0294186156243
0.0310838203877
0.0327583402395
0.0344440340996
0.0361278653145
0.0378210097551
0.0395253263414
0.0412315092981
0.0429470054805
0.0446718148887
0.0464022122324
0.0481419228017
0.049879770726
0.0516343824565
0.0533908568323
0.0551566444337
0.0569298826158
0.0587105713785
0.0604968480766
0.0622887127101
0.0640880316496
0.0658985227346
0.0677108764648
0.0695362687111
0.0713597983122
0.0732000917196
0.0750347971916
0.0768881291151
0.078728415072
0.0805556699634
0.0823773369193
0.0841822400689
0.0859834179282
0.0877696946263
0.0895429328084
0.091310583055
0.0930670574307
0.0948123559356
0.0965464785695
0.0982731506228
0.0999830588698
0.101687379181
0.103380523622
0.105062492192
0.106735147536
0.108394764364
0.110046930611
0.111686058342
0.113317735493
0.114934511483
0.116547562182
0.118140123785
0.119732685387
0.121306620538
0.122874967754
0.124432139099
0.125976279378
0.127512961626
0.129036605358
0.13055279851
0.132055953145
0.13354793191
0.135032460093
0.136505812407
0.137966126204
0.139417126775
0.140860676765
0.14228746295
0.143708661199
0.145118683577
0.146519392729
0.14790520072
0.149285420775
0.15065073967
0.152010470629
0.153355300426
0.154692679644
0.156017020345
0.157332032919
0.158637747169
0.159932285547
0.16121378541
0.162487834692
0.163750708103
0.165002405643
0.166244789958
0.167477861047
0.168694168329
0.169906750321
0.171106293797
0.172294661403
0.173475578427
0.174641594291
0.175802022219
0.176947548985
0.178085625172
0.179210662842
0.180326387286
0.18143093586
0.182528033853
0.183610230684
0.184686839581
0.18574668467
0.18680280447
0.187842160463
0.188875928521
0.189898520708
0.190908074379
0.191907390952
0.192899242043
0.193876206875
0.19484756887
0.195805907249
0.196753054857
0.19769090414
0.198617562652
0.19953584671
0.200439229608
0.201337963343
0.202218994498
0.203096300364
0.203960567713
0.204812720418
0.205656498671
0.206489101052
0.207311466336
0.208120778203
0.208925440907
0.209714278579
0.210494726896
0.211265861988
0.212024882436
0.212769940495
0.21351313591
0.214236781001
0.214956685901
0.21566170454
0.216358333826
0.217044711113
0.21771992743
0.21838581562
0.219037741423
0.219683155417
0.22031737864
0.22093577683
0.221554175019
0.222148835659
0.222747668624
0.223324164748
0.223895996809
0.224456652999
0.225006133318
0.225543960929
0.226070165634
0.226593106985
0.227096483111
0.227592870593
0.228080421686
0.228561446071
0.229022920132
0.229480668902
0.229919791222
0.230357974768
0.230777770281
0.231193602085
0.231597796082
0.231987088919
0.232368469238
0.232742160559
0.233100950718
0.233451828361
0.233787566423
0.234123304486
0.234436005354
0.23474881053
0.235046416521
0.235328674316
0.235610947013
0.235874176025
0.236133560538
0.236370071769
0.236614212394
0.236835494637
0.237045273185
0.237255170941
0.237441956997
0.237628921866
0.237800627947
0.237956985831
0.238113328815
0.23825070262
0.238380610943
0.238502383232
0.23860925436
0.238708674908
0.238792255521
0.23887655139
0.238937318325
0.238998308778
0.239044412971
0.239078402519
0.239101231098
0.239116594195
0.239124506712
0.239116594195
0.239093780518
0.239074677229
0.239032775164
0.238983407617
0.238921940327
0.238857224584
0.238777130842
0.23868586123
0.238586202264
0.238475382328
0.238346859813
0.238220199943
0.238074913621
0.237926825881
0.237758263946
0.237583175302
0.237404361367
0.237201333046
0.236999228597
0.236782237887
0.236556857824
0.2363165766
0.236072570086
0.2358173877
0.235537990928
0.235267907381
0.23497825861
0.234671860933
0.234367311001
0.234039485455
0.233715385199
0.233364284039
0.233020618558
0.232650890946
0.232280224562
0.231899306178
0.231498837471
0.231098368764
0.230682075024
0.230251803994
0.229824319482
0.229369834065
0.228915348649
0.228447824717
0.227961674333
0.227479249239
0.226978197694
0.226469695568
0.225948154926
0.225422888994
0.22487154603
0.224323928356
0.223766997457
0.22318212688
0.222610294819
0.222012385726
0.221405163407
0.220797941089
0.220160916448
0.219536930323
0.218879416585
0.218234941363
0.217558801174
0.21688079834
0.216195344925
0.215498715639
0.214783459902
0.214068204165
0.213338047266
0.212600439787
0.211838617921
0.211089834571
0.210311248899
0.209530800581
0.208735451102
0.207927063107
0.207120537758
0.206293523312
0.20546092093
0.204611554742
0.203751012683
0.202896058559
0.202011302114
0.201126545668
0.200225025415
0.199317917228
0.198403358459
0.197462722659
0.19653326273
0.195587038994
0.194611012936
0.193649888039
0.192664548755
0.191673621535
0.19067338109
0.189650788903
0.188630059361
0.187607467175
0.18655321002
0.18549336493
0.18442606926
0.183364361525
0.182265400887
0.181175753474
0.180061891675
0.17893871665
0.177826717496
0.176673740149
0.175530076027
0.174369648099
0.17319431901
0.172013401985
0.17082130909
0.169623628259
0.168411046267
0.167183563113
0.165954217315
0.16470438242
0.16346013546
0.162191674113
0.160913899541
0.159621223807
0.158332273364
0.15702842176
0.155717134476
0.154424458742
0.153124332428
0.151831656694
0.150542706251
0.149261206388
0.147979706526
0.146698206663
0.145424157381
0.144150108099
0.142890959978
0.141624361277
0.140357762575
0.139106065035
0.137854367495
0.136606395245
0.135358422995
0.134125351906
0.132873654366
0.131648033857
0.130414962769
0.12918934226
0.127967447042
0.126738101244
0.125534832478
0.124312929809
0.123109661043
0.121895216405
0.12070312351
0.119499854743
0.118300311267
0.117119394243
0.115927301347
0.114746384323
0.113565467298
0.112388275564
0.11121480912
0.110045067966
0.108879052103
0.10772048682
0.106565646827
0.105399630964
0.104255966842
0.103112302721
0.101964913309
0.100824974477
0.099685035646
0.0985562726855
0.0974275097251
0.0962987467647
0.0951774343848
0.0940598472953
0.0929497107863
0.0918358489871
0.0907294377685
0.0896230265498
0.0885240659118
0.0874251052737
0.0863335952163
0.0852495357394
0.0841543003917
0.0830814167857
0.0820010825992
0.0809170231223
0.0798590406775
0.0787861570716
0.0777207314968
0.076662749052
0.0756047666073
0.0745542347431
0.073503702879
0.0724643468857
0.0714100897312
0.0703819096088
0.0693425536156
0.0683143734932
0.0672824680805
0.0662617385387
0.0652372837067
0.0642277300358
0.063207000494
0.0622048936784
0.0611953400075
0.0601932369173
0.0591985844076
0.0581964813173
0.0572130046785
0.0562220774591
0.0552423261106
0.0542513988912
0.0532865487039
0.0523067973554
0.0513382218778
0.0503770969808
0.0494085215032
0.0484511218965
0.0475011728704
0.046547498554
0.0456012748182
0.0446550510824
0.0437162779272
0.0427775047719
0.0418461821973
0.040918584913
0.0399909876287
0.0390633940697
0.0381544232368
0.0372305512428
0.0363253057003
0.0354163348675
0.0345148146152
0.033613294363
0.0327154994011
0.0318251550198
0.0309273581952
0.0300444643945
0.0291690211743
0.0282898526639
0.0274106841534
0.0265352409333
0.0256746988744
0.0248104315251
0.0239461641759
0.0230893474072
0.0222362559289
0.0213868897408
0.0205449741334
0.0196993332356
0.0188685953617
0.0180192291737
0.017199665308
0.0163726508617
0.0155381849036
0.0147260716185
0.0139065077528
0.0130943944678
0.0122822811827
0.0114738931879
0.0106804063544
0.0098757436499
0.00908598303795
0.00828504562378
0.00750645948574
0.00672042323276
0.00593811227009
0.00515580130741
0.00439584255219
0.00361725664698
0.00285357213579
0.00208988785744
0.00132620322984
0.00058114528656
-0.000175088629476
-0.000923871935811
-0.001665204647
-0.0024102628231
-0.00314414477907
-0.00387430167757
-0.0046081840992
-0.00533461524174
-0.00605732155964
-0.00677257729694
-0.00748410774395
-0.00820308923721
-0.00891089439392
-0.00961497426033
-0.0103116026148
-0.0110119571909
-0.0117011358961
-0.0123903146014
-0.0130869438872
-0.0137612214312
-0.0144429495558
-0.0151135018095
-0.0157840549946
-0.0164583325386
-0.0171214342117
-0.0177770853043
-0.0184401869774
-0.0190883874893
-0.0197440367192
-0.0203847866505
-0.0210255365819
-0.0216700118035
-0.0222995858639
-0.0229403357953
-0.0235624592751
-0.024184582755
-0.0248104315251
-0.0254213791341
-0.0260397773236
-0.0266469996423
-0.0272542219609
-0.027853993699
-0.0284574907273
-0.0290535371751
-0.0296384077519
-0.0302270036191
-0.0308155994862
-0.0313967466354
-0.0319741666317
-0.0325478613377
-0.0331178307533
-0.0336766242981
-0.0342503190041
-0.0348016619682
-0.0353567302227
-0.0359117984772
-0.036459416151
-0.0370033085346
-0.0375434756279
-0.0380799174309
-0.0386126339436
-0.0391453504562
-0.0396743379533
-0.0401921533048
-0.0407099686563
-0.0412277840078
-0.041741874069
-0.0422485135496
-0.0427477024496
-0.0432543419302
-0.0437535308301
-0.0442415438592
-0.0447332821786
-0.045225020498
-0.0457018576562
-0.0461786948144
-0.0466555319726
-0.0471323691308
-0.0475943051279
-0.0480636917055
-0.0485144518316
-0.0489912889898
-0.049430873245
-0.0498779080808
-0.0503323934972
-0.0507719777524
-0.0512115620077
-0.0516511462629
-0.0520758293569
-0.0525079630315
-0.0529326461256
-0.053349878639
-0.053774561733
-0.0541806183755
-0.0545904003084
-0.0550076328218
-0.0553950630128
-0.0558048449457
-0.056196000427
-0.0565871559083
-0.0569857619703
-0.0573582910001
-0.0577457211912
-0.0581107996404
-0.0584945045412
-0.0588707588613
-0.0592246614397
-0.0595934651792
-0.0599622689188
-0.0603012703359
-0.0606626234949
-0.0610128007829
-0.0613443516195
-0.0617019794881
-0.0620260797441
-0.0623688064516
-0.0626929104328
-0.0630244612694
-0.0633485615253
-0.0636577606201
-0.0639818608761
-0.0642910599709
-0.0646077096462
-0.0648945569992
-0.0652149319649
-0.0654980540276
-0.065803527832
-0.0660791993141
-0.066377222538
-0.0666566193104
-0.0669397413731
-0.0672154128551
-0.0674985349178
-0.0677779316902
-0.0680647790432
-0.0683441758156
-0.0686161220074
-0.0689178705215
-0.0691898167133
-0.0694803893566
-0.0697635114193
-0.0700540840626
-0.070333480835
-0.0706277787685
-0.0709146261215
-0.0712051987648
-0.0714957714081
-0.0717751681805
-0.0720769166946
-0.0723637640476
-0.0726543366909
-0.0729523599148
-0.0732429325581
-0.0735409557819
-0.0738278031349
-0.0741258263588
-0.0744201242924
-0.0747218728065
-0.0750124454498
-0.0753179192543
-0.0756047666073
-0.0759139657021
-0.0762082636356
-0.0765174627304
-0.0768043100834
-0.0771172344685
-0.0774152576923
-0.0777207314968
-0.0780187547207
-0.0783242285252
-0.0786334201694
-0.0789351686835
-0.079240642488
-0.0795498415828
-0.0798590406775
-0.0801607891917
-0.0804737135768
-0.0807791873813
-0.0810958370566
-0.0813975855708
-0.0817179605365
-0.082023434341
-0.082336358726
-0.0826492831111
-0.0829622074962
-0.0832825824618
-0.0835955068469
-0.083908431232
-0.084221355617
-0.0845380052924
-0.0848621055484
-0.0851750299335
-0.0855028554797
-0.0858157798648
-0.0861287042499
-0.0864565297961
-0.0867843553424
-0.0870972797275
-0.0874176546931
-0.0877454802394
-0.0880733057857
-0.0883936807513
-0.088714055717
-0.0890418812633
-0.0893734320998
-0.0896975323558
-0.0900253579021
-0.0903569087386
-0.0906810089946
-0.0910125598311
-0.0913403853774
-0.091671936214
-0.0920034870505
-0.0923387631774
-0.0926684513688
-0.0930018648505
-0.0933371409774
-0.0936742797494
-0.0940095558763
-0.0943373814225
-0.09468010813
-0.095017246902
-0.0953525230289
-0.0956952497363
-0.0960305258632
-0.0963751152158
-0.0967103913426
-0.0970531180501
-0.097388394177
-0.0977404341102
-0.098075710237
-0.0984277501702
-0.0987704768777
-0.0991132035851
-0.0994559302926
-0.0998005196452
-0.100150696933
-0.100502736866
-0.100845463574
-0.101188190281
-0.101547680795
-0.101897858083
-0.102240584791
-0.102592624724
-0.102952115238
-0.103302292526
-0.103652469814
-0.104004509747
-0.104362137616
-0.104712314904
-0.105071805418
-0.105431295931
-0.105781473219
-0.106140963733
-0.106506042182
-0.106856219471
-0.107217572629
-0.107580788434
-0.107940278947
-0.108299769461
-0.10866484791
-0.109024338424
-0.109391279519
-0.109748907387
-0.110121436417
-0.110482789576
-0.11084600538
-0.11121480912
-0.111579887569
-0.111952416599
-0.112321220338
-0.112686298788
-0.113058827817
-0.113418318331
-0.113800160587
-0.114174552262
-0.114539630711
-0.114914022386
-0.115288414061
-0.115660943091
-0.116035334766
-0.116409726441
-0.116791568696
-0.117164097726
-0.117545939982
-0.117920331657
-0.118292860687
-0.118684016168
-0.119056545198
-0.119438387454
-0.119814641774
-0.120205797255
-0.120582051575
-0.120963893831
-0.121349461377
-0.121735028923
-0.122120596468
-0.122504301369
-0.122889868915
-0.123275436461
-0.123666591942
-0.124054022133
-0.124437727034
-0.124832607806
-0.125221908092
-0.125609338284
-0.126007944345
-0.126391649246
-0.126790255308
-0.127181410789
-0.127570703626
-0.127967447042
-0.128366053104
-0.128760933876
-0.129157677293
-0.129550695419
-0.129951164126
-0.130347907543
-0.130750238895
-0.131145119667
-0.131549313664
-0.131946057081
-0.132352113724
-0.132750719786
-0.133156776428
-0.13355910778
-0.133961439133
-0.13436563313
-0.134771689773
-0.135177746415
-0.135581940413
-0.135995447636
-0.136397778988
-0.136809423566
-0.137215480208
-0.137627124786
-0.138033181429
-0.138448551297
-0.13886205852
-0.139269977808
-0.139683485031
-0.14010258019
-0.140510499477
-0.140925869346
-0.141346827149
-0.141756609082
-0.142173841596
-0.142594799399
-0.143012031913
-0.143425539136
-0.143852084875
-0.144267454743
-0.144688412547
-0.145110294223
-0.145531252027
-0.145957797766
-0.146377831697
-0.146796926856
-0.147228121758
-0.14765188098
-0.148074701428
-0.148503109813
-0.148929655552
-0.149352476001
-0.149788334966
-0.150214880705
-0.150642350316
-0.151077285409
-0.15150475502
-0.151931300759
-0.152367159724
-0.152801156044
-0.153236091137
-0.153663560748
-0.154103145003
-0.154537141323
-0.154972076416
-0.155406996608
-0.155849382281
-0.156284302473
-0.156722962856
-0.157157883048
-0.15760025382
-0.158042639494
-0.158485949039
-0.158919945359
-0.159366980195
-0.159808427095
-0.160255461931
-0.160690382123
-0.161140218377
-0.161590978503
-0.162033349276
-0.162475734949
-0.162925556302
-0.163375392556
-0.163822427392
-0.164272248745
-0.164718359709
-0.165176570415
-0.165618941188
-0.166076689959
-0.166526988149
-0.166976809502
-0.167434558272
-0.167892768979
-0.168338403106
-0.168800339103
-0.169254362583
-0.169708386064
-0.170169860125
-0.170627593994
-0.171085342765
-0.171543091536
-0.172004565597
-0.172466501594
-0.172927960753
-0.173389434814
-0.173847183585
-0.174316108227
-0.174778044224
-0.175243228674
-0.175708889961
-0.176170364022
-0.176639527082
-0.17710891366
-0.17757037282
-0.17804326117
-0.178512647748
-0.178977832198
-0.179454907775
-0.179916381836
-0.180396944284
-0.180866330862
-0.181339204311
-0.18180847168
-0.182285308838
-0.182758316398
-0.183239042759
-0.183711990714
-0.184181198478
-0.184665679932
-0.18514251709
-0.185619354248
-0.186103820801
-0.186576843262
-0.187061309814
-0.187541931868
-0.188022613525
-0.188503295183
-0.18898768723
-0.189472213387
-0.189952895045
-0.190444976091
-0.19092169404
-0.191414028406
-0.191898316145
-0.192382827401
-0.192874804139
-0.193363279104
-0.193847566843
-0.194343492389
-0.194831982255
-0.195323944092
-0.195812195539
-0.196312084794
-0.196796372533
-0.197296023369
-0.197788223624
-0.19828042388
-0.198780089617
-0.199272289872
-0.199775665998
-0.200271591544
-0.200763329864
-0.201267644763
-0.201766833663
-0.202266484499
-0.202770337462
-0.203262537718
-0.203773364425
-0.204269304872
-0.204776868224
-0.20528024435
-0.205780372024
-0.206294462085
-0.206790849566
-0.207302153111
-0.207809716463
-0.208316355944
-0.208824858069
-0.20933149755
-0.209846526384
-0.210353165865
-0.2108579427
-0.211379483342
-0.211891710758
-0.212394624949
-0.212917089462
-0.213432118297
-0.213939681649
-0.214454710484
-0.214977174997
-0.215484753251
-0.216010943055
-0.21652969718
-0.217045649886
-0.217563465238
-0.218082204461
-0.218600958586
-0.219124361873
-0.219645902514
-0.220173031092
-0.220691770315
-0.22121052444
-0.221740439534
-0.222263842821
-0.222793772817
-0.22331623733
-0.223838716745
-0.224377021194
-0.224886447191
-0.225430339575
-0.225959330797
-0.226486459374
-0.227013587952
-0.227553755045
-0.228080883622
-0.228606149554
-0.229150041938
-0.22967903316
-0.230208024383
-0.230751916766
-0.231280907989
-0.231826663017
-0.232361242175
-0.232890233397
-0.233437851071
-0.233970567584
-0.234512597322
-0.235052764416
-0.235592931509
-0.236133098602
-0.23667140305
-0.23722460866
-0.237762913108
-0.238299354911
-0.238854423165
-0.239398315549
-0.239944070578
-0.240486100316
-0.241035580635
-0.241581335664
-0.242134541273
-0.242678433657
-0.243237227201
-0.243769943714
-0.24433618784
-0.244883805513
-0.245435148478
-0.245986491442
-0.246543422341
-0.247096627951
-0.24764983356
-0.248208627105
-0.248763695359
-0.249320626259
-0.249877557158
-0.250434488058
-0.250983983278
-0.251550227404
-0.252120196819
-0.252669662237
-0.253235906363
-0.253798425198
-0.254357218742
-0.254921615124
-0.255476683378
-0.256050378084
-0.256614744663
