0.0
1.33418086534e-06
5.22781056134e-06
1.15175207611e-05
2.00399408641e-05
3.06317051582e-05
4.31294392911e-05
5.73697725486e-05
7.31893524062e-05
9.04247935978e-05
0.000108912725409
0.00012848978804
0.000148992592585
0.000170257801074
0.000192122053704
0.000214421932469
0.000236994077568
0.000259675143752
0.000282301771222
0.00030471055652
0.000326738198055
0.000348221161403
0.000368996319594
0.000388900109101
0.000407769199228
0.000425440317485
0.000441750016762
0.000456534908153
0.000469631631859
0.00048087691539
0.000490107224323
0.000497159373481
0.00050186982844
0.000504075316712
0.000503612449393
0.000500317837577
0.000494028092362
0.000484579970362
0.000471809849842
0.000455554691143
0.00043565093074
0.000411935034208
0.000384244020097
0.000352414353983
0.00031628261786
0.000275685248198
0.000230459292652
0.000180441187695
0.000125467311591
6.53747774777e-05
0.0
-7.07385042915e-05
-0.00014659408771
-0.000227238138905
-0.000312342104735
-0.000401577388402
-0.000494615465868
-0.000591127725784
-0.000690785585903
-0.000793260347564
-0.000898223777767
-0.00100534688681
-0.00111430149991
-0.00122475880198
-0.00133639015257
-0.00144886726048
-0.00156186125241
-0.00167504360434
-0.00178808602504
-0.00190065964125
-0.00201243604533
-0.00212308624759
-0.00223228218965
-0.00233969534747
-0.00244499649853
-0.00254785758443
-0.00264795008115
-0.00274494523183
-0.00283851427957
-0.00292832916602
-0.00301406090148
-0.00309538096189
-0.00317196059041
-0.00324347172864
-0.00330958515406
-0.00336997304112
-0.00342430663295
-0.00347225693986
-0.00351349520497
-0.00354769360274
-0.00357452291064
-0.00359365553595
-0.00360476132482
-0.00360751338303
-0.00360158155672
-0.00358663871884
-0.00356235541403
-0.00352840288542
-0.0034844535403
-0.00343017769046
-0.00336524751037
-0.00328933401033
-0.00320210889913
-0.00310324411839
-0.00299240951426
-0.00286927865818
-0.00273352023214
-0.00258480850607
-0.00242281332612
-0.00224720593542
-0.00205765897408
-0.00185384193901
-0.0016354288673
-0.00140208844095
-0.00115349446423
-0.000889317248948
-0.000609227456152
-0.000312898104312
0.0
0.000329681060975
0.00067589833634
0.00103829056025
0.00141649646685
0.00181015476119
0.00221890420653
0.0026423833333
0.0030802313704
0.00353208649904
0.00399758759886
0.00447637354955
0.00496808253229
0.00547235412523
0.00598882697523
0.00651713879779
0.00705692963675
0.00760783720762
0.00816950108856
0.00874155852944
0.00932365003973
0.00991541333497
0.0105164879933
0.0111265107989
0.0117451222613
0.0123719610274
0.0130066657439
0.0136488750577
0.0142982266843
0.014954360202
0.0156169142574
0.0162855293602
0.0169598404318
0.0176394898444
0.018324110657
0.0190133489668
0.0197068378329
0.0204042196274
0.0211051348597
0.0218092165887
0.0225161071867
0.0232254434377
0.0239368639886
0.0246500112116
0.0253645163029
0.02608002536
0.0267961770296
0.0275126062334
0.0282289534807
0.0289448536932
0.0296599511057
0.0303738825023
0.0310862902552
0.0317968018353
0.032505068928
0.0332107208669
0.0339134037495
0.0346127524972
0.035308405757
0.0360000021756
0.036687258631
0.0373701862991
0.0380488820374
0.0387234464288
0.0393939651549
0.040060531348
0.0407232418656
0.0413821898401
0.042037460953
0.0426891632378
0.0433373749256
0.0439822003245
0.0446237288415
0.0452620536089
0.0458972640336
0.0465294644237
0.0471587404609
0.0477851815522
0.0484088920057
0.0490299537778
0.0496484711766
0.0502645298839
0.050878226757
0.0514896549284
0.0520989075303
0.0527060739696
0.0533112511039
0.053914539516
0.054516017437
0.055115789175
0.0557139478624
0.0563105791807
0.0569057874382
0.0574996545911
0.0580922812223
0.0586837641895
0.0592741891742
0.0598636493087
0.0604522414505
0.0610400624573
0.061627201736
0.0622137486935
0.0627998039126
0.0633854568005
0.0639708042145
0.0645559355617
0.0651409476995
0.0657259225845
0.0663109719753
0.0668961852789
0.0674816295505
0.0680674463511
0.0686536878347
0.0692404657602
0.0698278695345
0.0704159885645
0.0710049197078
0.0715947598219
0.0721856057644
0.0727775394917
0.0733706578612
0.0739650577307
0.0745608359575
0.0751580670476
0.0757568702102
0.0763573274016
0.0769595205784
0.0775635689497
0.0781695470214
0.0787775442004
0.0793876722455
0.0800000056624
0.080614618957
0.081231482327
0.081850528717
0.082471691072
0.0830949246883
0.0837201401591
0.0843472927809
0.0849763229489
0.0856071561575
0.0862397402525
0.0868740156293
0.0875099077821
0.0881473571062
0.0887863114476
0.0894267037511
0.0900684669614
0.0907115414739
0.0913558676839
0.0920013859868
0.0926480293274
0.093295738101
0.0939444378018
0.0945940837264
0.0952446013689
0.0958959385753
0.0965480282903
0.0972008109093
0.097854219377
0.0985082015395
0.0991626754403
0.0998176038265
0.100472897291
0.101128511131
0.101784393191
0.102440446615
0.103096656501
0.103752918541
0.104409188032
0.105065405369
0.105721503496
0.10637742281
0.107033103704
0.107688464224
0.108343482018
0.108998052776
0.109652131796
0.110305666924
0.110958591104
0.11161082983
0.112262323499
0.112913027406
0.113562867045
0.114211767912
0.114859685302
0.11550655961
0.116152316332
0.116796895862
0.117440238595
0.118082284927
0.118722967803
0.119362235069
0.120000004768
0.120636254549
0.121270984411
0.12190425396
0.122536100447
0.123166553676
0.123795665801
0.124423481524
0.125050023198
0.125675350428
0.126299500465
0.126922503114
0.127544403076
0.128165245056
0.128785073757
0.129403918982
0.130021825433
0.130638852715
0.131255015731
0.131870359182
0.132484927773
0.133098766208
0.133711904287
0.134324386716
0.134936287999
0.135547578335
0.136158376932
0.13676866889
0.137378513813
0.137987956405
0.138597026467
0.139205753803
0.139814212918
0.140422433615
0.141030445695
0.141638293862
0.14224602282
0.142853677273
0.14346127212
0.144068866968
0.14467652142
0.145284250379
0.145892098546
0.146500095725
0.147108316422
0.147716775537
0.148325517774
0.148934587836
0.149544030428
0.150153875351
0.150764167309
0.151374951005
0.151986256242
0.152598142624
0.153210625052
0.153823763132
0.154437601566
0.155052170157
0.155667513609
0.156283661723
0.156900689006
0.157518595457
0.158137440681
0.158757269382
0.159378111362
0.160000011325
0.160622999072
0.161247059703
0.161872193217
0.162498369813
0.163125559688
0.163753762841
0.164382919669
0.165013074875
0.165644139051
0.1662761271
0.166909039021
0.167542815208
0.168177455664
0.168812930584
0.169449225068
0.170086339116
0.170724228024
0.171362876892
0.172002270818
0.172642379999
0.173283189535
0.173924684525
0.174566850066
0.175209671259
0.175853088498
0.176497101784
0.177141726017
0.177786901593
0.178432628512
0.179078876972
0.179725632071
0.180372864008
0.181020542979
0.181668698788
0.182317271829
0.1829662323
0.183615595102
0.184265315533
0.184915363789
0.185565754771
0.186216458678
0.186867445707
0.187518686056
0.188170179725
0.188821896911
0.189473822713
0.190125927329
0.190778210759
0.1914306283
0.19208316505
0.19273583591
0.193388581276
0.194041371346
0.194694235921
0.195347115397
0.196000009775
0.196652889252
0.197305738926
0.197958528996
0.19861125946
0.199263900518
0.199916437268
0.200568854809
0.201221123338
0.201873242855
0.202525153756
0.203176885843
0.203828409314
0.204479694366
0.205130726099
0.205781489611
0.206431955099
0.207082107663
0.207731947303
0.208381414413
0.209030538797
0.209679290652
0.210327610373
0.210975527763
0.21162301302
0.21227003634
0.212916567922
0.213562637568
0.214208170772
0.214853167534
0.215497627854
0.216141521931
0.216784834862
0.217427536845
0.218069583178
0.218711033463
0.219351798296
0.219991892576
0.220631301403
0.221269965172
0.221907928586
0.22254511714
0.223181530833
0.223817169666
0.224451974034
0.22508597374
0.225719124079
0.226351410151
0.226982802153
0.227613300085
0.228242889047
0.228871539235
0.229499220848
0.230125933886
0.230751633644
0.231376335025
0.232000008225
0.232622653246
0.233244240284
0.233864843845
0.234484493732
0.235103175044
0.235720932484
0.236337795854
0.236953794956
0.237568929791
0.238183274865
0.238796800375
0.239409536123
0.240021556616
0.240632861853
0.241243451834
0.241853371263
0.242462664843
0.243071317673
0.243679389358
0.244286894798
0.244893833995
0.245500281453
0.246106222272
0.246711716056
0.247316747904
0.247921362519
0.248525604606
0.249129474163
0.249732986093
0.250336199999
0.250939100981
0.251541763544
0.252144187689
0.252746373415
0.253348380327
0.253950238228
0.254551947117
0.255153536797
0.255755037069
0.256356477737
0.256957888603
0.257559299469
0.258160710335
0.258762151003
0.259363651276
0.259965270758
0.260567009449
0.26116886735
0.261770874262
0.26237308979
0.262975543737
0.263578206301
0.264181137085
0.264784365892
0.265387922525
0.265991806984
0.266596078873
0.267200738192
0.267805784941
0.268411338329
0.26901730895
0.269623786211
0.270230799913
0.270838320255
0.271446466446
0.272055149078
0.272664517164
0.273274481297
0.27388510108
0.274496465921
0.275108546019
0.275721371174
0.276334941387
0.276949346066
0.277564555407
0.278180629015
0.278797566891
0.279415398836
0.280034154654
0.280653864145
0.281274557114
0.281896263361
0.282518953085
0.283142715693
0.283767551184
0.284393519163
0.285020589828
0.285648822784
0.286278218031
0.286908835173
0.287540644407
0.288173705339
0.288808107376
0.28944376111
0.290080755949
0.290719121695
0.291358858347
0.292000025511
0.292642593384
0.293286532164
0.293931901455
0.294578552246
0.295226573944
0.295875877142
0.296526432037
0.29717823863
0.297831207514
0.29848536849
0.299140691757
0.299797147512
0.300454646349
0.301113247871
0.30177283287
0.302433460951
0.303095042706
0.303757578135
0.304421067238
0.305085390806
0.305750638247
0.306416660547
0.307083517313
0.307751148939
0.308419495821
0.309088617563
0.309758394957
0.310428857803
0.311099916697
0.311771631241
0.312443882227
0.313116699457
0.313790053129
0.314463883638
0.315138190985
0.315812915564
0.316488057375
0.317163556814
0.317839443684
0.318515598774
0.31919208169
0.319868832827
0.320545822382
0.321223020554
0.321900367737
0.322577863932
0.323255509138
0.323933243752
0.32461103797
0.325288891792
0.325966715813
0.326644539833
0.327322304249
0.32800000906
0.328677594662
0.329354941845
0.3300319314
0.330708444118
0.33138436079
0.332059562206
0.332733869553
0.333407253027
0.334079504013
0.334750533104
0.335420250893
0.336088448763
0.33675506711
0.337419986725
0.338083058596
0.338744163513
0.339403152466
0.340059965849
0.340714395046
0.341366380453
0.342015773058
0.342662453651
0.343306332827
0.343947201967
0.344585001469
0.345219582319
0.345850855112
0.346478641033
0.347102850676
0.347723394632
0.348340064287
0.348952800035
0.349561482668
0.350165903568
0.350766032934
0.351361721754
0.351952791214
0.352539241314
0.353120803833
0.353697448969
0.354268997908
0.35483533144
0.355396419764
0.35595202446
0.35650202632
0.357046365738
0.357584923506
0.358117520809
0.358644038439
0.359164357185
0.35967835784
0.360185950994
0.360686957836
0.36118131876
0.361668854952
0.3621494174
0.362623006105
0.363089352846
0.363548398018
0.364000022411
0.364444106817
0.364880561829
0.365309417248
0.365730553865
0.366143971682
0.366549611092
0.366947412491
0.367337316275
0.367719322443
0.368093371391
0.368459403515
0.368817359209
0.369167268276
0.369508981705
0.369842529297
0.370167791843
0.370484828949
0.370793491602
0.371093809605
0.37138569355
0.371669113636
0.371944010258
0.372210353613
0.372468084097
0.372717171907
0.372957587242
0.373189270496
0.373412132263
0.37362614274
0.373831301928
0.374027580023
0.374214828014
0.374393075705
0.374562263489
0.374722361565
0.374873310328
0.375015050173
0.3751475811
0.375270783901
0.375384658575
0.375489145517
0.375584214926
0.375669807196
0.375745892525
0.375812441111
0.375869333744
0.375916600227
0.375954180956
0.375981986523
0.376000016928
0.376008301973
0.376007080078
0.375996738672
0.375977694988
0.375950306654
0.375914871693
0.375871807337
0.375821501017
0.375764280558
0.375700503588
0.375630557537
0.375554859638
0.375473678112
0.375387430191
0.375296503305
0.375201225281
0.375101983547
0.374999135733
0.374893039465
0.374784111977
0.374672621489
0.374559044838
0.374443680048
0.374326914549
0.374209135771
0.374090641737
0.373971879482
0.373853176832
0.373734921217
0.37361741066
0.373501121998
0.373386323452
0.373273432255
0.373162835836
0.37305483222
0.372949838638
0.372848182917
0.372750282288
0.372656524181
0.372567147017
0.372482657433
0.372403383255
0.372329592705
0.372261792421
0.37220031023
0.372145444155
0.372097611427
0.372057199478
0.372024565935
0.372000008821
0.371983885765
0.371975958347
0.37197598815
0.371983677149
0.371998786926
0.372021019459
0.372050076723
0.372085690498
0.372127622366
0.372175514698
0.372229218483
0.372288316488
0.372352659702
0.372421860695
0.37249571085
0.372573941946
0.372656226158
0.37274235487
0.372832000256
0.372924894094
0.373020768166
0.373119354248
0.373220354319
0.373323500156
0.373428553343
0.373535186052
0.373643100262
0.373752117157
0.373861908913
0.373972147703
0.374082654715
0.374193072319
0.3743031919
0.374412685633
0.374521285295
0.37462875247
0.374734759331
0.374839067459
0.37494134903
0.375041425228
0.375138938427
0.375233620405
0.375325232744
0.375413477421
0.375498056412
0.375578761101
0.37565523386
0.375727266073
0.375794500113
0.375856727362
0.3759136796
0.375965088606
0.37601056695
0.37604996562
0.376082956791
0.376109272242
0.376128613949
0.376140773296
0.376145362854
0.376142203808
0.376130998135
0.376111447811
0.376083284616
0.376046210527
0.376000016928
0.375944405794
0.375879377127
0.375804901123
0.375720977783
0.375627577305
0.375524759293
0.375412493944
0.37529078126
0.375159621239
0.375019013882
0.374868899584
0.374709367752
0.374540358782
0.374361902475
0.37417396903
0.373976558447
0.373769700527
0.373553365469
0.373327553272
0.373092263937
0.372847527266
0.372593283653
0.3723295331
0.372056365013
0.371773660183
0.371481508017
0.371179819107
0.370868682861
0.370548039675
0.37021791935
0.369878292084
0.369529128075
0.369170516729
0.368802398443
0.368424773216
0.368037611246
0.367640972137
0.367234826088
0.366819143295
0.366393983364
0.36595928669
0.365515053272
0.365061312914
0.364598065615
0.364125281572
0.363642990589
0.363151162863
0.362649798393
0.362138897181
0.361618489027
0.36108854413
0.36054906249
0.360000014305
0.359441518784
0.358873814344
0.35829731822
0.357712388039
0.357119381428
0.356518626213
0.355910569429
0.3552955091
0.354673832655
0.354045927525
0.353412091732
0.352772772312
0.352128267288
0.351479023695
0.350825339556
0.350167572498
0.349506109953
0.348841369152
0.348173618317
0.347503304482
0.34683072567
0.346156328917
0.345480412245
0.344803363085
0.344125568867
0.343447357416
0.342769086361
0.342091143131
0.341413915157
0.340737760067
0.340063005686
0.339390069246
0.338719248772
0.338050991297
0.337385594845
0.336723476648
0.336064964533
0.335410445929
0.334760278463
0.334114789963
0.333474427462
0.332839488983
0.332210361958
0.331587433815
0.330971062183
0.330361545086
0.32975935936
0.329164773226
0.328578203917
0.32800000906
0.327430486679
0.326869606972
0.326317369938
0.325773656368
0.325238406658
0.324711561203
0.324193060398
0.323682814837
0.323180794716
0.322686910629
0.322201102972
0.321723252535
0.321253359318
0.320791363716
0.320337176323
0.319890707731
0.319451898336
0.319020718336
0.318597048521
0.318180859089
0.317772090435
0.317370653152
0.316976487637
0.31658950448
0.316209673882
0.315836936235
0.315471172333
0.315112352371
0.314760386944
0.314415276051
0.31407687068
0.313745141029
0.313419997692
0.313101410866
0.312789291143
0.312483608723
0.312184214592
0.311891108751
0.311604201794
0.311323434114
0.311048746109
0.310780078173
0.310517340899
0.31026044488
0.310009390116
0.309764057398
0.309524387121
0.309290349483
0.309061855078
0.308838784695
0.308621168137
0.308408856392
0.308201819658
0.308000028133
0.307803332806
0.307611763477
0.307425320148
0.30724388361
0.307067483664
0.306896090508
0.306729733944
0.306568294764
0.306411743164
0.30626013875
0.306113421917
0.305971503258
0.305834442377
0.30570217967
0.305574685335
0.305451929569
0.30533388257
0.305220544338
0.305111855268
0.305007815361
0.304908394814
0.304813563824
0.304723262787
0.304637491703
0.304556250572
0.30447947979
0.304407179356
0.304339289665
0.304275810719
0.304216682911
0.304161936045
0.304111480713
0.304065346718
0.304023504257
0.303985893726
0.303952455521
0.303923219442
0.303898185492
0.303877264261
0.303860485554
0.303847759962
0.303839087486
0.303834497929
0.303833842278
0.30383720994
0.303844541311
0.303855776787
0.303870916367
0.303889930248
0.30391278863
0.30393949151
0.303969979286
0.304004251957
0.304042249918
0.304083973169
0.304129391909
0.304178446531
0.30423116684
0.304287463427
0.304347366095
0.304410845041
0.304477870464
0.304548352957
0.304622322321
0.304699778557
0.30478066206
0.304864913225
0.304952561855
0.305043548346
0.305137872696
0.305235475302
0.305336356163
0.305440485477
0.30554780364
0.305658340454
0.305772036314
0.305888861418
0.306008845568
0.306131839752
0.306257963181
0.306387066841
0.306519180536
0.306654274464
0.306792348623
0.30693334341
0.307077229023
0.307223975658
0.307373613119
0.307526051998
0.307681262493
0.307839274406
0.308000028133
0.308163464069
0.308329671621
0.308498561382
0.308670133352
0.308844447136
0.309021413326
0.30920112133
0.309383511543
0.309568554163
0.309756338596
0.309946775436
0.310139864683
0.310335665941
0.310534119606
0.31073525548
0.31093904376
0.311145484447
0.311354607344
0.311566382647
0.311780810356
0.31199786067
0.312217563391
0.312439888716
0.312664866447
0.312892496586
0.313122719526
0.313355594873
0.313591122627
0.313829213381
0.314069926739
0.314313292503
0.314559221268
0.314807742834
0.315058916807
0.31531265378
0.315568983555
0.315827935934
0.316089421511
0.316353529692
0.316620230675
0.316889494658
0.31716132164
0.317435711622
0.317712694407
0.317992210388
0.318274319172
0.318558931351
0.318846136332
0.31913587451
0.319428175688
0.319723010063
0.320020377636
0.320320308208
0.320622712374
0.320927679539
0.321235150099
0.321545183659
0.321857690811
0.322172731161
0.322490274906
0.322810351849
0.323132902384
0.323457956314
0.323785513639
0.324115544558
0.324448078871
0.324783086777
0.325120598078
0.325460582972
0.325803011656
0.326147973537
0.326495349407
0.32684519887
0.327197521925
0.327552288771
0.327909529209
0.328269213438
0.328631341457
0.328995883465
0.329362928867
0.329732388258
0.330104231834
0.330478549004
0.330855309963
0.331234455109
0.331616014242
0.332000017166
0.332386404276
0.332774966955
0.333165645599
0.333558142185
0.333952337503
0.33434805274
0.334745049477
0.335143178701
0.3355422616
0.335942089558
0.336342543364
0.336743354797
0.337144434452
0.337545514107
0.33794644475
0.338347047567
0.338747143745
0.339146524668
0.339545071125
0.339942485094
0.34033870697
0.340733468533
0.341126650572
0.341518014669
0.341907411814
0.342294633389
0.342679530382
0.343061894178
0.343441545963
0.343818306923
0.344191998243
0.344562411308
0.344929426908
0.345292806625
0.345652371645
0.346007913351
0.346359342337
0.346706390381
0.34704887867
0.347386687994
0.347719550133
0.348047345877
0.34836986661
0.348686933517
0.348998397589
0.349303990602
0.349603623152
0.34989708662
0.35018414259
0.35046467185
0.350738435984
0.351005315781
0.351265102625
0.3515175879
0.351762622595
0.352000027895
0.352229654789
0.352451831102
0.352666854858
0.352875083685
0.353076845407
0.353272527456
0.353462487459
0.353647023439
0.353826493025
0.354001224041
0.35417163372
0.354337990284
0.354500681162
0.354660063982
0.35481646657
0.354970186949
0.355121672153
0.355271160603
0.355419069529
0.355565726757
0.355711489916
0.355856686831
0.356001675129
0.356146782637
0.356292366982
0.356438785791
0.356586426497
0.356735527515
0.356886506081
0.357039690018
0.357195407152
0.357354074717
0.357515990734
0.35768148303
0.357850909233
0.35802462697
0.35820299387
0.358386337757
0.358574986458
0.358769327402
0.358969688416
0.359176397324
0.359389841557
0.35961034894
0.359838217497
0.36007386446
0.360317617655
0.360569775105
0.360830754042
0.361100852489
0.361380457878
0.361669868231
0.361969441175
0.362279564142
0.362600535154
0.36293271184
0.363276481628
0.363632142544
0.364000022411
0.364380389452
0.36477291584
0.365177124739
0.365592569113
0.366018861532
0.366455495358
0.366902023554
0.367358058691
0.367823034525
0.368296653032
0.368778347969
0.369267731905
0.369764298201
0.370267689228
0.370777398348
0.371292948723
0.371813982725
0.372339963913
0.372870504856
0.373405098915
0.373943388462
0.374484807253
0.37502899766
0.375575482845
0.376123815775
0.376673579216
0.377224266529
0.377775460482
0.378326714039
0.378877580166
0.379427611828
0.379976332188
0.380523324013
0.381068170071
0.381610363722
0.382149457932
0.382685065269
0.383216679096
0.383743852377
0.384266197681
0.384783178568
0.385294437408
0.385799467564
0.386297851801
0.386789083481
0.387272775173
0.387748479843
0.388215750456
0.388674080372
0.389123082161
0.389562278986
0.389991253614
0.390409499407
0.390816628933
0.391212165356
0.391595691442
0.391966730356
0.39232480526
0.39266949892
0.393000423908
0.393317043781
0.393618911505
0.393905639648
0.394176751375
0.394431769848
0.394670307636
0.394891858101
0.395096033812
0.395282298326
0.395450294018
0.395599544048
0.395729571581
0.395839989185
0.39593026042
0.396000027657
0.396048903465
0.396077245474
0.396085500717
0.396074026823
0.396043330431
0.395993769169
0.395925819874
0.395839989185
0.395736604929
0.39561611414
0.395478993654
0.395325630903
0.395156532526
0.394972085953
0.394772738218
0.394558876753
0.394331008196
0.394089519978
0.393834859133
0.393567472696
0.393287777901
0.392996191978
0.392693221569
0.3923792243
0.39205467701
0.391719996929
0.391375601292
0.391021966934
0.390659481287
0.390288621187
0.389909803867
0.38952344656
0.389130026102
0.388729929924
0.388323634863
0.387911558151
0.387494087219
0.387071728706
0.386644929647
0.386214017868
0.38577952981
0.385341852903
0.384901434183
0.384458690882
0.384014099836
0.383568078279
0.383121013641
0.382673382759
0.382225632668
0.381778180599
0.381331473589
0.380885899067
0.38044193387
0.380000025034
0.379560470581
0.379123240709
0.378688216209
0.378255218267
0.377824097872
0.377394735813
0.376966953278
0.376540631056
0.376115649939
0.375691831112
0.375268995762
0.374847084284
0.374425888062
0.374005258083
0.373585104942
0.373165249825
0.372745513916
0.372325778008
0.371905952692
0.371485829353
0.371065288782
0.370644152164
0.370222300291
0.369799613953
0.369375914335
0.36895108223
0.368524879217
0.368097305298
0.367668151855
0.367237240076
0.36680445075
0.366369634867
0.365932703018
0.365493386984
0.365051686764
0.364607334137
0.364160299301
0.363710343838
0.363257348537
0.362801164389
0.362341701984
0.361878722906
0.361412167549
0.360941827297
0.360467582941
0.359989315271
0.359506845474
0.359020024538
0.358528733253
0.358032822609
0.357532143593
0.357026547194
0.356515884399
0.356000006199
