0.0
1.78282050456e-06
0.00173352297861
0.00114253209904
-5.41906301805e-05
-0.0035517977085
-0.00329388468526
-5.03892297274e-05
-0.00286192679778
0.00146658986341
0.00298274750821
0.00624728947878
0.00910532847047
0.00549913896248
0.00582169694826
0.00506111420691
0.00307354074903
0.000550769094843
0.00248663686216
0.00282995589077
0.00229243049398
0.00103682593908
-0.00288184429519
-0.0023329758551
-0.00376591202803
-0.00588314374909
-0.00261687883176
0.00084143463755
0.00172897160519
0.00474601285532
0.00618796423078
0.00510951085016
0.00571383908391
0.00276387645863
1.76225839823e-05
0.00266838655807
0.00132377177943
0.000431869673776
0.000475957291201
-0.00107937864959
0.000719217583537
-0.00188351410907
-0.000797828310169
-0.00171814579517
-0.00131979526486
0.00228899111971
0.000543972593732
-0.00110803137068
0.00288184429519
0.00108326296322
-0.000664044695441
-0.00225812220015
-0.00218853866681
-0.00481732096523
-0.00114726717584
-0.000399225013098
0.00273088016547
-0.000782818591688
0.000568743562326
-0.00568746309727
-0.000497049826663
-0.00550214387476
-0.0011633168906
0.000529773067683
0.00135397049598
0.00559228798375
0.00537031004205
0.00357492361218
0.00461095105857
0.00206817593426
0.00171687756665
0.000285881716991
0.000583060493227
-0.00395754911005
-0.00342251290567
-0.00573117332533
-0.00195471686311
-0.00171228602994
-0.000998039031401
0.00360476016067
-0.00251648225822
0.00282245478593
-0.00258917850442
-0.00229694531299
-0.00447402428836
-0.00304474681616
-0.00360705400817
-0.00121305929497
-0.00175132916775
0.000576368882321
0.00140683876816
-0.00017885172565
-0.00055121188052
0.00377907953225
0.00251512601972
0.000663064478431
0.00234118127264
-0.0103945313022
-0.0133963981643
-0.00519509566948
0.0163620151579
0.0126482723281
0.00912529602647
-0.010411599651
-0.017715672031
-0.0104572679847
-0.0140781057999
-0.00851492583752
-0.0166394021362
-0.0126848807558
-0.00254564918578
0.00260335416533
0.00362810259685
-0.00039607839426
-0.00861497130245
-0.00841353368014
0.00273617636412
-0.00319520616904
-0.0051873200573
-0.015709489584
-0.0205815769732
0.000478421075968
-0.00483402004465
-0.00263996073045
-0.0101552335545
-0.0128242773935
-0.00163524178788
-0.000239007771597
-0.000770650687627
-0.00393840391189
-0.00128926360048
0.00144829868805
0.00286910869181
0.00404399307445
0.00488355662674
0.0067538805306
0.00901868660003
0.00390422507189
0.00644767656922
0.0043359529227
-0.00210996880196
-0.000372630252969
0.00166556576733
0.00272414064966
0.00238004676066
-0.00319680874236
-0.00350731238723
-0.00754423812032
-0.00377424317412
-0.00175393768586
-0.00153259036597
-0.00557209132239
-0.00512827700004
-0.0126869035885
-0.0154246166348
0.00230547552928
0.0418285764754
0.0543701723218
0.0289082191885
-0.0133248809725
-0.0300045870245
-0.0102826729417
0.0272957067937
0.0188241694123
-0.000616442761384
-0.0281212236732
-0.00979840196669
-0.013370167464
0.0108756041154
0.0114070745185
0.00657710293308
-0.0205739885569
-0.00659228954464
-0.00784188043326
-0.00338535686024
-0.0114310905337
0.00381248840131
0.0
-0.00329488911666
-0.0066578425467
-0.0240284875035
-0.012226534076
0.0286105517298
0.0160431005061
0.0112685514614
-0.0454706288874
-0.044379748404
-0.000248829397606
0.0334032289684
0.025564994663
-0.0347762219608
-0.0179347805679
0.0218567904085
-0.00392403267324
0.0145966727287
-0.000988126266748
-0.030978102237
-0.0141851035878
-0.0112272398546
0.00637908279896
0.0129602961242
-0.0260482728481
-0.0427251011133
0.00175621255767
0.000869296840392
0.0210143420845
-0.00711776036769
-0.0318193361163
-0.00927712302655
-0.00386476237327
-0.0287589877844
0.0109649850056
0.0456418395042
0.0340057648718
-0.000928979716264
-0.0115343611687
-0.0415927320719
-0.0516284368932
0.0132943037897
0.0688341483474
0.0195688121021
0.00668905628845
0.00470019876957
-0.00322284386493
-0.0437273085117
-0.00467667682096
0.0181718096137
-0.0100659802556
0.013919278048
0.0332644730806
-0.0199928842485
0.0147888381034
0.0109655912966
-0.0291738454252
-0.0439268909395
-0.0193761140108
0.0339337177575
0.0473228879273
0.00641501136124
0.00185340188909
-0.00808114185929
0.00565722119063
-0.0194996129721
-0.0137729216367
0.0349029228091
0.0461370721459
0.0150786116719
0.0120691228658
0.0256665684283
0.0403458215296
0.0431894250214
-0.0268272403628
-0.0811093226075
-0.0610927939415
-0.0724078714848
-0.0452592931688
0.0122454836965
0.0693539530039
0.0431668199599
0.0375390015543
0.0146977119148
-0.0114909354597
-0.063765861094
-0.0811784490943
-0.0362744033337
0.00751922884956
0.0165786668658
-0.0176103077829
0.0169105585665
0.0442834943533
0.0460573658347
0.0578042007983
0.0311221443117
0.0544414259493
-0.021779673174
-0.117391571403
-0.0488474853337
-0.00989800598472
-0.00572500145063
-0.00107488327194
0.0461110770702
0.0514227636158
0.0467981398106
0.0494315363467
0.0138611635193
-0.00571592478082
-0.0132163669914
0.0219020172954
0.0315931104124
-0.00792016275227
0.00230235978961
0.0105459261686
0.0244364384562
0.00424088956788
-0.0431256704032
-0.0617530196905
-0.036285854876
-0.0204341337085
-0.0416209809482
-0.00824605952948
-0.00815845280886
0.00408260151744
-0.0149773498997
0.00436616502702
-0.00519503839314
-0.00463966699317
-0.0115872593597
0.0238814931363
0.0178055167198
-9.41222697293e-06
-0.0353223308921
0.00576368859038
0.000648608256597
0.0153390560299
0.032307934016
0.0821764171124
0.0243868995458
-0.059378400445
-0.0360391251743
-0.00114577787463
0.0407013706863
0.0459326542914
0.0307209230959
0.0235122703016
0.0139669245109
-0.0294744577259
-0.028367485851
0.00672230217606
-0.0103596262634
-0.0141461277381
0.018925094977
-0.0100676780567
-0.00701725482941
-0.00493426155299
0.0173614714295
0.00634005758911
-0.0153813101351
-0.0037123344373
0.0290444232523
0.0162033308297
-0.0204484686255
-0.0287104528397
-0.011382073164
-0.00758866593242
-0.0190274044871
-0.0302262362093
0.000268282397883
0.0209827255458
0.0351674929261
0.0225834585726
0.0131018236279
0.0191541872919
-0.00427940441296
-0.0557568445802
-0.0504331886768
-0.0149589972571
0.0051873200573
-0.00575902871788
-0.0102604953572
0.0319683477283
0.0313697196543
0.0338887870312
-0.00948297232389
-0.0119874393567
-0.0193728934973
-0.00518044224009
0.0104097081348
0.0132306618616
-0.00237362645566
-0.00818049442023
-0.0322046354413
0.00657440209761
0.015329958871
0.0146382590756
0.00468699680641
0.0130384974182
0.0259365998209
0.0152800623327
-0.00238028913736
-0.0140646416694
-0.00458512501791
-0.000824405171443
0.00938186980784
0.0108281662688
0.015947425738
-0.00574292708188
-0.0141455978155
-0.000880672014318
0.0185417048633
0.00981175340712
-0.00881777983159
-0.0285706501454
-0.0118058333173
-0.0107098501176
-0.00907463487238
0.0101954722777
-0.00992886163294
-0.0140044717118
-0.010473780334
0.00818686466664
0.0192540362477
0.0202862229198
0.00842050183564
0.00309510226361
-0.0160110536963
0.0147505886853
0.00495577789843
0.0136828068644
0.00272365566343
0.00749279558659
0.00160413782578
0.00117913959548
0.0065852701664
0.0125615010038
-0.0160769093782
0.0124452337623
0.0237584132701
0.00386457564309
0.0101077165455
-0.00342204258777
-0.035701289773
-0.0179647058249
-0.00638756575063
-0.0086118215695
-0.00840087328106
-0.0116237774491
0.000847018847708
-0.0076866755262
-0.00762203987688
-0.00163950351998
-0.00829931534827
0.000310640200041
0.0195965413004
-0.0103225419298
-0.000355802680133
-0.00927738007158
-0.00535497767851
0.00737024890259
0.00735119450837
-0.00758607964963
-0.0129901869223
-0.0238344334066
-4.31758962804e-05
-0.00318131269887
0.000620952167083
0.0184779148549
-0.00994152296335
-0.0275551937521
0.000456484034657
-0.00581668224186
0.0119254849851
-0.0150752123445
-0.0101604945958
-0.00734901847318
0.00939281843603
0.0105294883251
-0.008848387748
-0.0313149131835
-0.0249147247523
-0.00811250973493
-0.0103606032208
-0.0110345110297
-0.00552348513156
0.0190201736987
0.0150569081306
0.00144447281491
-0.0191138554364
-0.00468697072938
0.00249938061461
0.00171921472065
0.010208228603
0.00803565606475
0.0114644998685
0.00902606733143
-0.00379722611979
0.0223099142313
-0.00395532045513
-0.00235116737895
0.00701801804826
0.0125502506271
0.00772241316736
0.004747800529
0.000465725141112
0.00719979032874
0.00330601958558
0.006061416585
-0.0051815295592
0.00192328542471
0.00461095105857
-0.00307668885216
0.000796445063315
2.06227632589e-05
-0.00157148600556
0.00461216270924
-0.00280017592013
-0.00615425268188
0.000944932806306
-0.00719786994159
-0.00668329885229
-0.0194220226258
-0.00716666504741
0.0106165492907
0.00683028250933
0.00177162862383
-0.00518553331494
-0.0090701635927
-0.00170603184961
-0.00133495533373
-0.00516735715792
0.00398407224566
-0.00221000891179
-0.00858011469245
-0.019016334787
-0.0106032155454
0.011459893547
0.00979827065021
-0.00412428425625
-0.0111520523205
0.012712678872
0.0157592054456
-0.00332648819312
-0.0181829817593
-0.0159652084112
0.00256357970648
0.00438033277169
0.000300530780805
0.0108155878261
-0.00355462078005
-0.00353307113983
-0.00293835764751
0.00763355568051
-0.0119798919186
-0.032195314765
-0.012394182384
0.00264364853501
-0.00354762235656
-0.013784092851
-0.0179567076266
-0.00356414308771
0.00303766992874
-0.00270554400049
-0.00920431874692
-0.00862991530448
-0.0109510086477
-0.012623780407
-0.00293034175411
0.00447800476104
0.00908313971013
0.0114498054609
0.00636418303475
-0.000559761130717
-0.00281396298669
2.79056148429e-05
0.00122800085228
-0.000516094849445
-0.000998026574962
-0.00175384280737
-0.00453058071434
-0.00695915846154
-0.00551019096747
-0.00167872582097
0.000854926125612
0.00664507923648
0.0184438042343
0.0120208030567
-0.00388046586886
-0.00846894644201
-0.0321833714843
-0.103677555919
-0.191604346037
-0.245322644711
-0.0151606015861
0.336609572172
0.445025473833
0.163869544864
-0.140486970544
-0.253440022469
-0.0237029716372
0.180820062757
0.0958294570446
-0.135393276811
-0.109302990139
-0.121915608644
0.0268054753542
0.223938673735
0.139909341931
-0.0956772342324
-0.0157443191856
-0.208613872528
-0.229199230671
0.110853135586
0.125519305468
-0.251023828983
-0.0154738398269
0.0158642362803
-0.00764973601326
0.19683380425
0.212221741676
0.229614645243
-0.052936475724
-0.473203152418
-0.144412100315
0.0453827530146
0.297330349684
0.11335734278
-0.356366276741
0.2374817729
0.20437656343
-0.159798771143
0.0757834389806
0.103208221495
-0.255730837584
-0.13087579608
-0.0276245418936
0.0714929327369
0.249330639839
0.0582845546305
-0.221779182553
-0.364161491394
0.24803622067
0.232677295804
-0.0675551071763
-0.126093477011
-0.0253602303565
-0.164236202836
-0.048769287765
-0.252469658852
-0.148579001427
0.55413877964
0.628922581673
0.218209043145
-0.102382823825
-0.191569313407
-0.534619808197
-0.524382770061
0.108974210918
0.715633034706
0.194704324007
-0.0981736183167
0.0505003333092
0.0940759256482
-0.538562238216
-0.294137835503
0.322006613016
0.154256984591
0.155066102743
0.2409581393
-0.0602625645697
-0.0549571029842
-0.0010363003239
-0.214067086577
-0.403953403234
-0.430495858192
0.2121732831
0.55734872818
0.225261852145
-0.17698892951
-0.0193869862705
0.0360903255641
-0.15097014606
-0.335109561682
0.116016045213
0.431367903948
0.488630026579
0.263097941875
0.18899461627
0.191896796227
0.468136548996
0.487309366465
-0.526272714138
-1.08109235764
-0.840120792389
-0.860957801342
-0.837733447552
0.332093685865
0.889395296574
0.98868650198
0.477853775024
0.14726382494
0.0658876895905
-0.240391477942
-0.990855515003
-1.14860701561
-0.622675836086
-0.144082486629
0.361383289099
0.230060234666
0.381061464548
0.153440520167
0.363092035055
0.665452539921
0.340482354164
0.316262125969
0.469733387232
-1.43390548229
-1.0966489315
-0.111165627837
-0.128282696009
-0.220363304019
0.431572586298
0.874911785126
0.505990087986
0.331658482552
0.668652713299
0.142466947436
-0.204634130001
0.0261796303093
0.249931678176
0.380403459072
0.183344498277
-0.0834941267967
-0.00415589660406
0.169008433819
-0.121483944356
-0.410241037607
-0.717076838017
-0.618057787418
-0.468938916922
-0.473719954491
-0.123307324946
-0.226969286799
-0.0936175063252
-0.0488400571048
0.129410743713
0.118529193103
-0.144232556224
-0.219050586224
0.111562505364
0.408069163561
0.192559435964
-0.271449148655
-0.316196888685
0.0907106474042
0.044228348881
0.182882800698
0.611064493656
0.940748333931
0.740175366402
-0.331034570932
-0.702415704727
-0.312009751797
0.0598495788872
0.48347222805
0.487335950136
0.360111027956
0.44714152813
0.331423938274
0.100773558021
-0.0647797510028
-0.28507488966
-0.390201717615
-0.422858864069
-0.384796559811
-0.204543635249
-0.103902518749
-0.154221743345
-0.0884677171707
0.181716501713
0.316308706999
0.103912174702
-0.144133508205
-0.152702495456
-0.085434153676
-0.0726297646761
0.0228141546249
0.185781016946
0.146707549691
-0.116770043969
-0.227558493614
-0.0311626344919
0.236513629556
0.35345724225
0.234144285321
-0.0200239624828
-0.249038115144
-0.480091452599
-0.398182570934
0.0233984328806
0.0772334262729
-0.0199594702572
-0.231970012188
-0.372144758701
0.00974949449301
0.329166144133
0.289009183645
0.285388618708
0.192651256919
0.280581116676
-0.098656848073
-0.736161828041
-0.859815835953
-0.289246559143
0.0411525182426
0.0991851463914
0.0882116630673
0.29513323307
0.345552057028
0.288260817528
0.0573070347309
-0.236420854926
-0.0731988474727
-0.14108479023
-0.0824882984161
0.0516716055572
0.0248792562634
0.0752929076552
0.0255895890296
-0.116697005928
-0.0969825237989
-0.129941642284
-0.0856174975634
0.0821209847927
0.0907376259565
0.047629147768
0.137732177973
0.187048822641
0.115566186607
0.115307971835
0.240773200989
0.339552849531
0.306154280901
0.193933412433
0.110277377069
0.0751377120614
0.00768520217389
-0.119871981442
-0.22956135869
-0.241709694266
-0.157853960991
-0.0656803101301
-0.0463874787092
-0.0820021480322
-0.112336680293
-0.100864551961
-0.0513367205858
0.00337810628116
0.0332458987832
0.037587787956
0.0422645062208
0.0726092904806
0.134538844228
0.205256432295
0.242816358805
0.211588874459
0.106383606791
-0.0350901000202
-0.141752645373
-0.167931869626
-0.129084289074
-0.0719041973352
-0.0277701355517
0.00763127533719
0.0667709410191
0.150176510215
0.203802064061
0.202148675919
0.15592327714
0.0838130712509
-0.0377181842923
-0.209806516767
-0.322914689779
-0.244976475835
-0.0659114792943
-0.00796644110233
-0.0344759821892
0.0714697390795
0.177269801497
0.0595524944365
-0.0912963524461
-0.222795754671
-0.291883856058
-0.0591023750603
0.119876690209
0.0722504034638
0.0450120195746
4.37932103523e-05
0.0795120447874
0.0458200611174
0.0165173280984
-0.0531163141131
-0.0464107990265
0.142571032047
-0.0339863523841
-0.0843246132135
-0.128665238619
0.0169417988509
0.0906603783369
0.0578310079873
-0.0661473125219
0.315516918898
0.291484981775
0.0691547244787
0.0468466803432
-0.10999944061
-0.355619490147
-0.0309674348682
-0.0356271490455
-0.0755043253303
-0.119797334075
-0.0706038475037
-0.0290530920029
-0.100006878376
-0.162878870964
0.147307917476
0.0733674615622
0.180288881063
0.000971010187641
-0.179263815284
-0.103391379118
0.0655999779701
0.0615808479488
0.12321882695
-0.0997446477413
-0.103680022061
-0.137490972877
0.015781821683
0.18338739872
0.0180276632309
0.11722509563
0.233678534627
0.0402693115175
-0.0294940043241
0.084033280611
-0.050872694701
-0.0216989461333
-0.0742652714252
-0.106899283826
0.141617536545
0.109269589186
0.0403368808329
-0.0676904246211
-0.16395612061
-0.188412681222
-0.200417339802
-0.092872209847
-0.0185053572059
-0.0144092217088
-0.0149725889787
-0.103655479848
-0.119317725301
0.0243750289083
0.0862283855677
0.0804937034845
0.0558782070875
-0.098179243505
-0.191548749804
-0.100649513304
0.0244738738984
0.0607784166932
0.0410289615393
0.0687103196979
0.095304235816
0.17868591845
0.238306537271
0.170344248414
0.124130666256
0.00591590953991
-0.0666149929166
0.0880198851228
0.136237427592
-0.0471405163407
-0.145486429334
-0.0393940098584
0.0990182086825
0.16564565897
0.191513702273
0.154743313789
0.0810785070062
0.0634005740285
0.0466211810708
-0.0608595721424
-0.143420994282
-0.0808463096619
-0.14294321835
-0.0138915413991
-0.0401636920869
-0.0608746893704
0.0260238740593
0.00213408912532
0.00135981524363
-0.00647052796558
0.0411584861577
-0.0433538630605
-0.00771190552041
-0.0150669049472
-0.126149043441
-0.199606582522
-0.205678522587
0.00666204234585
0.100637733936
0.0410465188324
-0.0445429682732
-0.00519703095779
-0.0924684852362
-0.100664146245
-0.0345821343362
-0.0227399170399
0.0152936158702
-0.0512856766582
-0.0584955438972
-0.0151613755152
-0.0092159146443
0.00184858287685
0.0150363277644
0.02947791107
0.0893327519298
0.118635058403
0.0510391443968
0.0280959233642
0.0283822305501
0.099413536489
0.271896392107
0.247553110123
0.0834674313664
-0.0921545997262
-0.221325650811
-0.141320645809
-0.031970076263
0.0539292730391
0.0917482972145
0.0462471656501
0.00150208338164
0.0178198609501
0.0958255454898
0.126016110182
0.0278057735413
-0.0417539998889
0.0038555287756
0.0244908668101
-0.0156126189977
-0.097118653357
-0.118267603219
-0.0396103449166
-0.0371783040464
-0.0786420181394
-0.102593660355
-0.0372521430254
0.032123811543
0.0323522388935
0.0132292155176
-0.049084354192
-0.0373779758811
0.0256227664649
0.182805046439
0.0788624063134
-0.0301481597126
-0.0314321443439
-0.0181310418993
-0.150207787752
-0.184987023473
-0.116745106876
0.0951787307858
0.157535359263
-0.00856206379831
0.0230429638177
-0.0297926422209
-0.0391147136688
-0.0212248954922
0.0330702513456
0.0774556696415
0.048982385546
0.0766570568085
0.0605113580823
0.0656668096781
0.0756828337908
0.125674650073
0.0937517657876
0.0062592132017
0.019378721714
0.033313408494
-0.0333194993436
-0.0912309214473
-0.0325818359852
-0.0300890393555
-0.0903342887759
-0.0927005335689
-0.0896650329232
-0.104894816875
-0.105937495828
-0.0329821482301
0.0833820179105
0.109057046473
5.40793407708e-05
-0.0864553302526
-0.142497196794
-0.0841572284698
-0.07010191679
-0.0560228303075
-0.0471202507615
0.0109959729016
0.0993988737464
0.0390151329339
0.19212205708
0.241177514195
0.0542932413518
-0.130335107446
-0.0383468307555
0.0033403520938
0.0238669626415
0.0471896827221
-0.0254552438855
-0.014955422841
-0.0354009754956
-0.0172710604966
-0.0127911595628
0.0660896077752
-0.0811298489571
-0.121111690998
0.00912006571889
0.133415594697
0.0981454923749
0.0195255558938
-0.0444626584649
-0.143860280514
-0.174639776349
-0.132404059172
-0.0361600592732
0.0797610878944
-0.00769683998078
0.037939902395
0.104957699776
0.106325700879
-0.0211008153856
0.0391131676733
0.0376715622842
0.0171039775014
-0.0427664928138
-0.0430654361844
-0.018418489024
0.0240117572248
0.0569670386612
0.036192573607
0.0300639756024
-0.16267323494
-0.129449740052
-0.0273625664413
0.0813187733293
0.102953515947
0.0151777369902
-0.095479875803
0.0184215474874
-0.00193517759908
-0.0115552060306
-0.0259365998209
-0.00698373839259
-0.0823012366891
0.0670837461948
0.0749038234353
0.0501380860806
0.0158858783543
0.0423461869359
-0.00540281785652
0.0393106788397
-0.0309360250831
-0.0689100697637
-0.0335976034403
0.0314068868756
-0.0239952746779
-0.0179853923619
0.00802251324058
-0.00469941599295
-0.00880857743323
-0.0642775148153
-0.0987911820412
-0.11104080826
-0.00542822480202
0.0714697390795
0.059717092663
0.047050088644
0.0128561714664
0.000750662118662
0.0430128499866
0.0607004500926
0.0442083440721
0.0142310867086
-0.0148551408201
-0.0261943805963
-0.0166559070349
-0.00327513669617
0.0128195965663
0.0224582329392
0.0198987405747
0.0152177652344
0.0171021614224
0.027533357963
0.0448207296431
0.0681662783027
0.0789039060473
0.0621424727142
0.0319304428995
0.00612707156688
-0.0158649981022
-0.0427368581295
-0.0619709305465
-0.0497434027493
-0.00533961411566
0.0307078342885
0.0231351777911
-0.00608516810462
-0.0366264991462
-0.0977577567101
-0.143515855074
-0.0788858011365
-0.0317337363958
0.0123524218798
0.0680371150374
0.0368833839893
0.0176861714572
0.00453626550734
0.0220744460821
-0.0524292215705
-0.0766820237041
-0.0609943643212
0.0105303535238
-0.00708146113902
-0.0172664057463
0.0305636376143
0.0379282794893
0.0225036907941
0.00768221821636
0.0322143211961
0.0216710139066
-0.0280951168388
-0.0258493162692
-0.0163519177586
0.0174194443971
-0.00485105300322
0.00423392187804
0.0287852715701
0.00920819956809
0.0448077134788
0.0323345512152
-0.0138506777585
0.00934425182641
0.0260880254209
-0.0351353734732
-0.0190201736987
-0.00628723111004
-0.00819579791278
-0.0452437438071
-0.014065832831
0.0184251237661
0.0408266596496
0.0446523912251
-0.0143203744665
-0.0314509980381
0.000820059329271
0.0174731854349
0.022843491286
-0.00239041331224
-0.0675708577037
-0.0951338410378
-0.0553310923278
-0.0228448491544
0.0034664911218
0.0322432406247
0.0311167053878
0.0368876084685
0.0421113446355
0.03261160478
0.0165250450373
-0.0172013323754
-0.0252547375858
-0.00728542543948
-0.00379869528115
-0.0221301224083
-0.0253542717546
0.0155480569229
0.0516280755401
0.0493891872466
0.0280792620033
0.00299813435413
-0.0130427079275
-0.00955093186349
0.00171956582926
0.000576368882321
0.00445116218179
0.031670127064
0.0335872545838
0.0153870359063
-0.00539037678391
-0.0344001464546
-0.0428463444114
-0.0270476676524
-0.030684614554
-0.0354137197137
-0.00119535787962
0.0403458215296
0.0392830967903
0.023695088923
0.0142934015021
0.00915802456439
0.018134329468
0.0125210415572
-0.00362369790673
0.000808330019936
0.00194984348491
-0.0199657287449
-0.0321083217859
-0.0221030171961
-0.0214608740062
-0.0301156397909
-0.0214891564101
-0.0150199476629
-0.00746442750096
0.0156305134296
0.0313780233264
0.0404815636575
0.0106151942164
-0.0339454226196
-0.0285730026662
0.0187400691211
0.0729191079736
0.0798162594438
0.048766978085
0.031672604382
0.0259365998209
0.0224892180413
-0.00171184469946
-0.0317128673196
-0.0206406023353
0.0100343376398
0.0324822328985
0.0421486459672
0.037139300257
0.0171908829361
0.00588924251497
0.0215054731816
0.0259562302381
0.00251698470674
-0.0165801905096
-0.0119924470782
-0.00472896033898
-0.0194448903203
-0.0506528317928
-0.0746904760599
-0.0555957257748
-0.0199317093939
-0.00739008467644
-0.0199402030557
-0.0551781579852
-0.0564841516316
-0.0338221229613
-0.0192202646285
-0.000879622646607
0.00218387483619
0.0124348588288
0.0387196093798
0.0368335731328
0.0209775920957
0.0156911406666
0.00363613199443
-0.00883177574724
-0.00819335877895
-0.0129585964605
-0.0190497394651
-0.00316668441519
0.0145586011931
0.0267880167812
0.0481644310057
0.0590617321432
0.0484264940023
0.0426512956619
0.0541658960283
0.0630219578743
0.052312579006
0.0258028972894
-0.00225437921472
-0.0159926600754
-0.020492464304
-0.0261365082115
-0.0292678382248
-0.0160166248679
0.0103039871901
0.0252251625061
0.0246276855469
0.0200624018908
0.0178571939468
0.010155945085
-0.00843785423785
-0.02194737643
-0.0177452545613
-0.00406615063548
0.00364114623517
-0.00450249854475
-0.022935025394
-0.038487508893
-0.0413297340274
-0.028846597299
-0.00765681453049
0.0115538081154
0.0259365998209
0.0370520614088
0.0391813330352
0.029416449368
0.0134677672759
0.00126842758618
-0.00653567397967
-0.0206388421357
-0.0376097708941
-0.0461386963725
-0.045688547194
-0.0446584075689
-0.0506824143231
-0.058569855988
-0.0549154728651
-0.0339810326695
-0.00591704947874
0.0102009642869
0.00913312379271
0.00616444973275
0.0107178017497
0.0259365998209
0.0490756332874
0.0678726732731
0.0622977353632
0.0275342110544
-0.00950657948852
-0.0266212839633
-0.0251627378166
-0.0186120010912
-0.0112701142207
-0.00382052827626
-0.00247468287125
-0.00826072040945
-0.00306528783403
0.0240236744285
0.050986494869
0.049563832581
0.035115391016
0.0255586933345
0.0255229193717
0.0386680103838
0.0588150396943
0.0592859946191
0.0292972736061
-0.0143051240593
-0.0356739573181
-0.0247317235917
-0.00653234682977
0.00959115009755
0.0141902565956
0.00922190211713
0.0142087647691
-0.0110546071082
-0.0398739129305
-0.0290484875441
-0.0276443045586
-0.0414680577815
-0.0404127798975
-0.0336276441813
-0.0171538032591
-0.00815503299236
0.00695397518575
0.00885698292404
0.0233575906605
0.00970532093197
-0.0118300030008
0.0128514254466
0.00243004807271
-0.00244696368463
-0.0175088383257
-0.0051873200573
0.00252091279253
0.000970436085481
0.0109399827197
0.018974205479
0.0436134077609
0.0407229475677
0.0352409668267
0.00472074560821
0.00261706789024
0.0135412039235
0.013567533344
-0.0234194006771
-0.0543140135705
-0.0484532266855
-0.0279027186334
0.024957427755
0.0294652357697
-0.0254485886544
-0.0364981219172
-0.00797128491104
-0.0189282372594
-0.0176664013416
-0.00869914889336
0.0129427742213
0.0474787913263
0.0469892472029
0.0127456318587
-0.0159741342068
-0.0168422274292
-0.0175123251975
-0.0127801857889
0.00350184063427
0.00651090219617
-0.0118164056912
-0.0172743294388
0.0144216744229
-0.00576368859038
