-0.0786781236529
-0.0788867399096
-0.0790953561664
-0.0793188735843
-0.079527489841
-0.0797808095813
-0.0799447223544
-0.0801682397723
-0.0803917571902
-0.0806301757693
-0.0808089897037
-0.080987803638
-0.0812411233783
-0.0814199373126
-0.0816285535693
-0.0818222686648
-0.0820308849216
-0.0822395011783
-0.0824332162738
-0.0826418325305
-0.0828206464648
-0.0830143615603
-0.0831931754947
-0.0834017917514
-0.0835806056857
-0.0838041231036
-0.0839531347156
-0.0841766521335
-0.0843107625842
-0.0845342800021
-0.0846832916141
-0.084906809032
-0.0850558206439
-0.0852644369006
-0.0854134485126
-0.0855773612857
-0.0857859775424
-0.0859349891543
-0.0861138030887
-0.0862777158618
-0.0864565297961
-0.0866353437304
-0.0867694541812
-0.0869780704379
-0.0870972797275
-0.0872760936618
-0.0874549075961
-0.0875890180469
-0.0877678319812
-0.0879317447543
-0.0880360528827
-0.0882297679782
-0.0883787795901
-0.0885277912021
-0.0886917039752
-0.0888258144259
-0.0889897271991
-0.0891089364886
-0.0893026515841
-0.0894069597125
-0.0895410701632
-0.0896900817752
-0.0898539945483
-0.0899881049991
-0.0901222154498
-0.0902414247394
-0.0903904363513
-0.0905096456409
-0.0906437560916
-0.0907927677035
-0.0909119769931
-0.0910311862826
-0.0911801978946
-0.0912845060229
-0.0914335176349
-0.091522924602
-0.091671936214
-0.0917613431811
-0.0919252559543
-0.0920146629214
-0.0921189710498
-0.0922679826617
-0.0923424884677
-0.0924915000796
-0.0925660058856
-0.0927150174975
-0.0928044244647
-0.0928938314319
-0.0930130407214
-0.0931471511722
-0.0932216569781
-0.0933259651065
-0.0934153720737
-0.0935345813632
-0.0936239883304
-0.0937282964587
-0.0938028022647
-0.093907110393
-0.0939965173602
-0.0941157266498
-0.0941753312945
-0.0942647382617
-0.0943690463901
-0.094443552196
-0.094518058002
-0.0946372672915
-0.0946968719363
-0.0947564765811
-0.0948756858706
-0.094905488193
-0.0950395986438
-0.095054499805
-0.0951886102557
-0.0952184125781
-0.0953078195453
-0.09536742419
-0.0954568311572
-0.095516435802
-0.0955760404468
-0.0956505462527
-0.0956952497363
-0.0957697555423
-0.0958293601871
-0.0958740636706
-0.0959485694766
-0.0960081741214
-0.0960677787662
-0.0961124822497
-0.0961571857333
-0.0962167903781
-0.0962912961841
-0.0963061973453
-0.0963807031512
-0.0963956043124
-0.0964701101184
-0.0964999124408
-0.0965297147632
-0.0965893194079
-0.0966191217303
-0.0966787263751
-0.0967085286975
-0.0967383310199
-0.0967681333423
-0.0967979356647
-0.0968426391482
-0.0968575403094
-0.0968873426318
-0.0969320461154
-0.0969469472766
-0.0969916507602
-0.096976749599
-0.0970512554049
-0.0970512554049
-0.0970363542438
-0.0970810577273
-0.0971108600497
-0.0971406623721
-0.0970959588885
-0.0971704646945
-0.0971406623721
-0.0971704646945
-0.0972002670169
-0.0971704646945
-0.0971853658557
-0.0972002670169
-0.0972002670169
-0.0972300693393
-0.0972002670169
-0.0972002670169
-0.0972300693393
-0.0972002670169
-0.0972002670169
-0.0971853658557
-0.0972002670169
-0.0971704646945
-0.0971704646945
-0.0971704646945
-0.0971704646945
-0.0971257612109
-0.0971108600497
-0.0971108600497
-0.0971108600497
-0.0970661565661
-0.0970512554049
-0.0970512554049
-0.0970065519214
-0.0969916507602
-0.0969469472766
-0.0969618484378
-0.0968873426318
-0.096902243793
-0.096827737987
-0.096827737987
-0.0967979356647
-0.0967532321811
-0.0967085286975
-0.0966787263751
-0.0966489240527
-0.0966191217303
-0.0965595170856
-0.096514813602
-0.0964701101184
-0.096440307796
-0.0963956043124
-0.0963509008288
-0.0962763950229
-0.0962614938617
-0.0961869880557
-0.0961273834109
-0.0960975810885
-0.096052877605
-0.0959634706378
-0.0959187671542
-0.0958591625094
-0.0957995578647
-0.0957250520587
-0.0956803485751
-0.0956058427691
-0.0955611392856
-0.0954568311572
-0.0954270288348
-0.0953376218677
-0.0952780172229
-0.0951737090945
-0.0951290056109
-0.095054499805
-0.094979993999
-0.0948756858706
-0.0948160812259
-0.0947266742587
-0.0946670696139
-0.0945776626468
-0.0944733545184
-0.0944286510348
-0.0942945405841
-0.0942349359393
-0.0941604301333
-0.0940114185214
-0.0939667150378
-0.0938773080707
-0.0937431976199
-0.0936984941363
-0.0935643836856
-0.0934749767184
-0.0933855697513
-0.0932514593005
-0.0932067558169
-0.0930428430438
-0.0929683372378
-0.0928640291095
-0.0927448198199
-0.0926405116916
-0.0925362035632
-0.0924020931125
-0.0923126861453
-0.0921934768558
-0.0920742675662
-0.091984860599
-0.0918209478259
-0.0917464420199
-0.0915825292468
-0.0914931222796
-0.0913292095065
-0.0912547037005
-0.0910907909274
-0.0909715816379
-0.0908523723483
-0.0907033607364
-0.090599052608
-0.0904500409961
-0.0903010293841
-0.0901818200946
-0.090062610805
-0.0898986980319
-0.0897943899035
-0.0896304771304
-0.0894665643573
-0.0893324539065
-0.0891983434558
-0.0890493318439
-0.0889301225543
-0.08875130862
-0.0885873958468
-0.0884681865573
-0.088289372623
-0.0881701633334
-0.0879764482379
-0.087827436626
-0.087678425014
-0.0875294134021
-0.0873655006289
-0.0871866866946
-0.0870376750827
-0.0868886634707
-0.0866949483752
-0.0865161344409
-0.0863969251513
-0.0861883088946
-0.0860243961215
-0.0858455821872
-0.0856965705752
-0.0855028554797
-0.0853389427066
-0.0851303264499
-0.0849962159991
-0.0847726985812
-0.0846385881305
-0.0844001695514
-0.0842660591006
-0.0840723440051
-0.0838637277484
-0.0836849138141
-0.0834911987185
-0.0833123847842
-0.0831037685275
-0.082910053432
-0.0827312394977
-0.0825226232409
-0.0823438093066
-0.0821202918887
-0.0819414779544
-0.0817179605365
-0.0815391466022
-0.0813305303454
-0.0811219140887
-0.0808983966708
-0.0807195827365
-0.0804811641574
-0.0802874490619
-0.0800788328052
-0.0798702165484
-0.0796466991305
-0.0794082805514
-0.0792145654559
-0.078991048038
-0.0787824317813
-0.0785589143634
-0.0783056020737
-0.0781267881393
-0.0778883695602
-0.0776350498199
-0.0774562358856
-0.0771731138229
-0.0769644975662
-0.0767558813095
-0.0765025615692
-0.0762641429901
-0.076025724411
-0.0758022069931
-0.075563788414
-0.0753104686737
-0.0750720500946
-0.0748336315155
-0.0746101140976
-0.0743418931961
-0.074103474617
-0.0738501548767
-0.0736117362976
-0.0733584165573
-0.0730901956558
-0.0728517770767
-0.0725984573364
-0.0723600387573
-0.0720769166946
-0.0718086957932
-0.0716000795364
-0.0712871551514
-0.0710338354111
-0.0708103179932
-0.0704973936081
-0.0702440738678
-0.0700056552887
-0.0697076320648
-0.0694543123245
-0.0691562891006
-0.0689029693604
-0.0686347484589
-0.068336725235
-0.0680834054947
-0.067800283432
-0.0675171613693
-0.0672489404678
-0.0669658184052
-0.0666826963425
-0.0663697719574
-0.0661015510559
-0.0658184289932
-0.0655353069305
-0.0652372837067
-0.0649392604828
-0.0646710395813
-0.0643581151962
-0.0640600919724
-0.0637769699097
-0.0634789466858
-0.0631809234619
-0.0628530979156
-0.062569975853
-0.062286850065
-0.0619441233575
-0.061675902456
-0.0613480769098
-0.0610649548471
-0.0607222281396
-0.0604242049158
-0.0601261816919
-0.0597834549844
-0.0595152340829
-0.0591427050531
-0.0588595829904
-0.0585317574441
-0.0582337342203
-0.0578910075128
-0.0575482808053
-0.0572502575815
-0.0569224320352
-0.0566095076501
-0.0562369786203
-0.0559389553964
-0.0556111298501
-0.0552982054651
-0.0549256764352
-0.054597850889
-0.0542998276651
-0.0539123974741
-0.053599473089
-0.0532418452203
-0.0529289208353
-0.0525712929666
-0.052213665098
-0.0519156418741
-0.0515431128442
-0.0511854849756
-0.0508427582681
-0.0504702292383
-0.050142403692
-0.0497996769845
-0.0494420491159
-0.0490695200861
-0.0487118922174
-0.0483691655099
-0.0479966364801
-0.0476390086114
-0.0472813807428
-0.0469237528741
-0.0465512238443
-0.0461637936532
-0.045835968107
-0.0454485379159
-0.0450760088861
-0.0447034798563
-0.0443458519876
-0.0439435206354
-0.0436156950891
-0.0431686602533
-0.0428557358682
-0.042453404516
-0.0420808754861
-0.0416785441339
-0.0412911139429
-0.0409334860742
-0.0405162535608
-0.0401735268533
-0.0397562943399
-0.0393688641489
-0.0389665365219
-0.0386089086533
-0.0381767749786
-0.03781914711
-0.0373721122742
-0.0370293855667
-0.0365823507309
-0.0362247228622
-0.0357925891876
-0.0354051589966
-0.0350028276443
-0.0345855951309
-0.0341683626175
-0.0337809324265
-0.033363699913
-0.0329613685608
-0.0325292348862
-0.0321269035339
-0.0317096710205
-0.0313222408295
-0.030875204131
-0.0304579716176
-0.030025837943
-0.0296384077519
-0.0292062740773
-0.0287443380803
-0.0283569078892
-0.0279247742146
-0.02749264054
-0.0270605068654
-0.026643274352
-0.0261962395161
-0.0257790070027
-0.0253319721669
-0.0248700361699
-0.0244826059788
-0.0240057688206
-0.0235885363072
-0.0231415014714
-0.0226944666356
-0.0222474317998
-0.021800396964
-0.0213533621281
-0.0209361296147
-0.0204443912953
-0.0200271587819
-0.0195652246475
-0.0191330909729
-0.0186413526535
-0.0181943178177
-0.0177621841431
-0.0172704458237
-0.0168085098267
-0.0163614749908
-0.0158995389938
-0.0154376020655
-0.0149905672297
-0.0144988289103
-0.0140368929133
-0.0135749569163
-0.0130981197581
-0.0126361837611
-0.0121444454417
-0.0116825094447
-0.0112056722865
-0.0107437362894
-0.01025199797
-0.00976026058197
-0.00931322574615
-0.00879168510437
-0.00832974910736
-0.00783801078796
-0.0073611731641
-0.00685453368351
-0.00637769652531
-0.0059008593671
-0.00539421988651
-0.00488758087158
-0.00442564487457
-0.00390410399996
-0.00341236568056
-0.00293552852236
-0.0024139881134
-0.00192224967759
-0.00143051135819
-0.000908970774617
-0.00040233132313
8.94069598871e-05
0.00058114528656
0.00113248825073
0.00160932529252
0.00214576721191
0.00262260413729
0.00317394710146
0.00366568542086
0.00420212745667
0.00470876693726
0.00521540595219
0.00573694659397
0.00625848723575
0.00679492903873
0.00730156851932
0.00783801078796
0.00838935375214
0.00888109207153
0.00943243503571
0.00995397474617
0.0104904165491
0.0110268583521
0.0115334978327
0.0121146431193
0.0126063814387
0.013172625564
0.013709067367
0.01424550917
0.014781950973
0.0153481950983
0.0158697366714
0.016450881958
0.0169575214386
0.017523765564
0.0180602073669
0.0186562538147
0.0191628932953
0.0197440367192
0.0202953796834
0.0208318214864
0.0213980656117
0.0219792108983
0.0225156527013
0.0230967979878
0.0236630421132
0.0242292862386
0.0247806292027
0.0253617744893
0.0258982162923
0.02649426274
0.0270754080266
0.0276416521519
0.0281929951161
0.0287890415639
0.0293850880116
0.0299364309758
0.0305175762624
0.0310987215489
0.0316798686981
0.0322908163071
0.03282725811
0.0334531068802
0.0340193510056
0.0346153974533
0.0352114439011
0.0357925891876
0.0364184379578
0.0369548797607
0.0375956296921
0.0381767749786
0.0387579202652
0.0393986664712
0.0399500094354
0.0405907593668
0.0411868058145
0.0417828522623
0.0423937998712
0.042989846319
0.0436156950891
0.0441968403757
0.0448226891458
0.0454485379159
0.0460743866861
0.0466555319726
0.0472813807428
0.0479072295129
0.0485181771219
0.049144025892
0.0497698746622
0.0503808222711
0.0510364733636
0.0516325198114
0.0522434674203
0.0529140196741
0.0534951649606
0.0541657172143
0.0547915659845
0.0554174147546
0.056058164686
0.0566989146173
0.0573098622262
0.0579953156412
0.0585913620889
0.0592619143426
0.0598728619516
0.0605434142053
0.0611990652978
0.061824914068
0.0624656639993
0.0631362199783
0.0637918710709
0.064417719841
0.0650882720947
0.0657141208649
0.0663995742798
0.0670850276947
0.0676810741425
0.0683665275574
0.0690519809723
0.0696778297424
0.0703781843185
0.0710040330887
0.0716894865036
0.0723600387573
0.073030591011
0.0737011432648
0.0743716955185
0.0750422477722
0.0757128000259
0.0763833522797
0.0770837068558
0.0777244567871
0.0784397050738
0.0791251584888
0.0797808095813
0.0804662629962
0.0811815187335
0.0818520709872
0.0825077220798
0.0832229778171
0.0839233323932
0.0845938846469
0.0853091403842
0.0859945937991
0.0866949483752
0.0873804017901
0.0880956575274
0.0887811109424
0.0894814655185
0.0901669189334
0.0909119769931
0.0915825292468
0.0922977849841
0.0930130407214
0.0937133952975
0.0944286510348
0.0951439067721
0.0958293601871
0.0965893194079
0.0972598716617
0.0980198308825
0.0987052842975
0.0994503423572
0.100120894611
0.100895754993
0.101596109569
0.102326266468
0.103056423366
0.103786580265
0.104501836002
0.105217091739
0.105991952121
0.106692306697
0.107452265918
0.108152620494
0.108912579715
0.109612934291
0.110387794673
0.111147753894
0.11184810847
0.112608067691
0.113368026912
0.11408328265
0.114828340709
0.115603201091
0.11633335799
0.117093317211
0.117868177593
0.11858343333
0.119358293712
0.120118252933
0.120878212154
0.121608369052
0.122383229434
0.123158089817
0.123903147876
0.124663107097
0.125467777252
0.12618303299
0.126987695694
0.127747654915
0.128507614136
0.129297375679
0.130072236061
0.130832195282
0.131592154503
0.132411718369
0.133141875267
0.133976340294
0.134706497192
0.135526061058
0.136286020279
0.137090682983
0.137850642204
0.13867020607
0.139430165291
0.140234827995
0.141054391861
0.141784548759
0.142633914948
0.14340877533
0.144183635712
0.1450330019
0.145807862282
0.146612524986
0.147387385368
0.148192048073
0.149056315422
0.149816274643
0.150620937347
0.151440501213
0.152245163918
0.153079628944
0.153869390488
0.154659152031
0.15552341938
0.156342983246
0.157132729888
0.157952293754
0.15878675878
0.159576520324
0.160425886512
0.161260351539
0.162079915404
0.16289947927
0.163733944297
0.164538607001
0.165417775512
0.166222438216
0.167056903243
0.167697653174
0.167414531112
0.165954217315
0.163391217589
0.159665927291
0.154823064804
0.148832798004
0.141724944115
0.133410096169
0.124067060649
0.113487236202
0.101804725826
0.0890195295215
0.0750422477722
0.0599771700799
0.0437200032175
0.0264048557729
0.00786781311035
-0.0117719164118
-0.0325292348862
-0.0539571009576
-0.0740438699722
-0.0922828838229
-0.108703963459
-0.123262397945
-0.136017799377
-0.14691054821
-0.155970454216
-0.163242205977
-0.168606624007
-0.172182902694
-0.173911437392
-0.173836931586
-0.171899780631
-0.168099984527
-0.162497147918
-0.155061483383
-0.145807862282
-0.13467669487
-0.121742479503
-0.106960527599
-0.0903308317065
-0.0723302364349
-0.054597850889
-0.0375658273697
-0.0213235598058
-0.00573694659397
0.00905990600586
0.023186204955
0.0365674495697
0.049218531698
0.0611990652978
0.0723749399185
0.0828951522708
0.0926554128528
0.101670615375
0.110015265644
0.117614857852
0.124514095485
0.130653381348
0.136077404022
0.140801072121
0.144749879837
0.148043036461
0.150576233864
0.152364373207
0.153481960297
0.153839588165
0.153467059135
0.152468681335
0.150695443153
0.14828145504
0.14516711235
0.141367316246
0.136896967888
0.13168156147
0.125825405121
0.119268886745
0.111997120082
0.10409950465
0.0954270288348
0.0861436054111
0.0761151313782
0.0654309988022
0.0540465079248
0.0419616661966
0.0292062740773
0.0157505273819
0.00160932529252
-0.0132173290476
-0.0287443380803
-0.0449567995965
-0.0615119896829
-0.077024102211
-0.0912249013782
-0.104010097682
-0.115469090641
-0.125527381897
-0.134214758873
-0.141590833664
-0.147566199303
-0.15215575695
-0.155389308929
-0.157296642661
-0.157803282142
-0.156953915954
-0.154718756676
-0.15115737915
-0.146180391312
-0.139892101288
-0.132232904434
-0.123158089817
-0.112742178142
-0.10098516196
-0.0878572389483
-0.0733286142349
-0.0578612051904
-0.0428855381906
-0.0288933496922
-0.0158101320267
-0.00363588309847
0.0075995917432
0.0178813934326
0.0272840242833
0.035747885704
0.0432431660593
0.0498294793069
0.0555366240442
0.0602453909814
0.0640600919724
0.066950917244
0.0689178705215
0.0699460506439
0.0700056552887
0.0692009925842
0.0674873590469
0.0647455453873
0.0611990652978
0.0566393099725
0.051140781492
0.0447779856622
0.0374764204025
0.0292062740773
0.0200122576207
0.00995397474617
-0.000834464968648
-0.01125037577
-0.0210553389043
-0.0302493553609
-0.0387877225876
-0.0467300377786
-0.0540763102472
-0.0607818327844
-0.0668913125992
-0.0723600387573
-0.0772476196289
-0.0814795419574
-0.0851452276111
-0.0881254598498
-0.090524546802
-0.0923424884677
-0.0934749767184
-0.094056122005
-0.0939667150378
-0.0932961627841
-0.0919997617602
-0.0900924131274
-0.0875592157245
-0.0844001695514
-0.0806301757693
-0.0762939453125
-0.071257352829
-0.0656843185425
-0.0594109259546
-0.0527352057397
-0.0462084971368
-0.0400096140802
-0.0340491533279
-0.0284761171788
-0.0231564026326
-0.0181943178177
-0.0135153522715
-0.0091940164566
-0.00509619666263
-0.00137090671342
0.00207126140594
0.00520050479099
0.0079870223999
0.010475515388
0.0126957884058
0.0145435323939
0.0161230564117
0.0173896551132
0.0183433294296
0.018984079361
0.0192821025848
0.0193268060684
0.0189989805222
0.0184327363968
0.0174939632416
0.0162720680237
0.0147372474894
0.0129044046625
0.0107437362894
0.00835955142975
0.00607967330143
0.00396370887756
0.00204145908356
0.000342726678355
-0.00125169742387
-0.0025928018149
-0.00378489471041
-0.00479817390442
-0.00561773730442
-0.00625848723575
-0.00667571974918
-0.00698864413425
-0.00704824877903
-0.00695884181187
-0.00672042323276
-0.00621378375217
-0.00558793498203
-0.00476837158203
-0.00375509238802
-0.00256299949251
-0.00114738941193
0.000357627839549
0.00210106372833
0.00403821468353
0.0061541791074
0.00843405723572
0.0108927479014
0.0135749569163
0.0163912773132
0.0193417072296
0.0220090132207
0.0243782978505
0.0263750534505
0.0280737858266
0.029414890334
0.0304579716176
0.0310987215489
0.0314712524414
0.0314563512802
0.0311583261937
0.03048777394
0.0294744949788
0.0281780939549
0.0265091639012
0.0245124083012
0.0221580248326
0.0195205211639
0.0164806842804
0.0131875267252
0.00952184200287
0.00549852801487
0.00116229057312
-0.00351667380892
-0.00850856304169
-0.0138878813013
-0.0195354223251
-0.0255405884236
-0.0318884849548
-0.0385791063309
-0.0455975495279
-0.0529438219965
-0.0606030188501
-0.0686347484589
-0.0769942998886
-0.0856965705752
-0.0944584533572
-0.102251760662
-0.108867876232
-0.114276997745
-0.118508927524
-0.12145935744
-0.123262397945
-0.123873345554
-0.123217694461
-0.121399752796
-0.118389718235
-0.114127986133
-0.108674161136
-0.102043144405
-0.0942200347781
-0.0851154252887
-0.0748783349991
-0.0633895397186
-0.050753351301
-0.0368356704712
-0.0220537167042
-0.00745058013126
0.00658631278202
0.0201463680714
0.0331997871399
0.0457465611398
0.0577717982233
0.0692754983902
0.0803172513843
0.0908225700259
0.100806348026
0.110283486545
0.119298689067
0.127747654915
0.13567507267
0.143155455589
0.150114297867
0.15652179718
0.162452444434
0.167876467109
0.172793850303
0.177189692855
0.181049093604
0.184446558356
0.187322482467
0.189691767097
0.191539511085
0.192865714431
0.19372998178
0.194057807326
0.19384919107
0.193178638816
0.191956743598
0.190243110061
0.187948331237
0.185191616416
0.181823953986
0.177949652076
0.173553809524
0.168606624007
0.163137897849
0.157147631049
0.150561332703
0.143527984619
0.135898590088
0.127747654915
0.119075171649
0.109866254032
0.100120894611
0.0898241922259
0.0790059491992
0.0676810741425
0.0557601414621
0.0433623753488
0.0306069832295
0.0182837247849
0.00666081858799
-0.00433623790741
-0.014707445167
-0.0244230013341
-0.033438205719
-0.0418126545846
-0.0495910607278
-0.0566691122949
-0.0631064176559
-0.0689178705215
-0.074028968811
-0.078529112041
-0.0823587104678
-0.0855475589633
-0.0880658552051
-0.0899732038379
-0.0911503955722
-0.0917762443423
-0.0917017385364
-0.0909417793155
-0.089600674808
-0.0875592157245
-0.0848621055484
-0.0815391466022
-0.0775754451752
-0.0729411840439
-0.0676512718201
-0.0617206059396
-0.0551044903696
-0.0478923283517
-0.0399649105966
-0.0314712524414
-0.0222474317998
-0.0124126663432
-0.00192224967759
0.00903010368347
0.0197440367192
0.0299662332982
0.0397264920175
0.0490844212472
0.0579208098352
0.0663101673126
0.0742822885513
0.0817477628589
0.0887811109424
0.09536742419
0.10147690028
0.107139341533
0.11233984679
0.117063514888
0.121369950473
0.125214457512
0.128567218781
0.131472945213
0.133946537971
0.135913491249
0.137493014336
0.13855099678
0.139176845551
0.139385461807
0.139057636261
0.138312578201
0.137120485306
0.135466456413
0.133350491524
0.130772590637
0.127717852592
0.124260775745
0.120311968029
0.115871421993
0.111028544605
0.105708830059
0.0999420806766
0.0938177034259
0.087827436626
0.0820308849216
0.0765025615692
0.0711977481842
0.0661015510559
0.0612735711038
0.0566840134561
0.0522732697427
0.0481158457696
0.044226642698
0.040531154722
0.0370740890503
0.0338703393936
0.0308603029698
0.028103588149
0.0256001930684
0.0232905130833
0.0212043505162
0.0194162130356
0.0177621841431
0.0161379575729
0.0145584335551
0.0129342069849
0.0113546838984
0.00974535942078
0.00810623168945
0.00654160929844
0.00487267971039
0.00326335406862
0.00168383109849
2.98023205687e-05
-0.00154972064774
-0.00320374942385
-0.00485777854919
-0.00643730117008
-0.00809133052826
-0.00973045825958
-0.0113546838984
-0.0129640093073
-0.0146180381998
-0.0162720680237
-0.017911195755
-0.0195950269699
-0.0214576702565
-0.0235289316624
-0.0258386116475
-0.0283867102116
-0.0311285238713
-0.0341236591339
-0.0373125076294
-0.0407397709787
-0.04437565431
-0.0482797585428
-0.0523328743875
-0.0566840134561
-0.061213966459
-0.065952539444
-0.0709444284439
-0.0761747360229
-0.0815689489245
-0.0872611925006
-0.0931024476886
-0.0991225168109
-0.105008475482
-0.110626213253
-0.115990631282
-0.121191136539
-0.1260638237
-0.13080239296
-0.135228037834
-0.139430165291
-0.143438577652
-0.147148966789
-0.150695443153
-0.153958797455
-0.156983718276
-0.159800037742
-0.162377938628
-0.164702519774
-0.16677378118
-0.168681129813
-0.170290455222
-0.171691164374
-0.172778949142
-0.173345193267
-0.173315390944
-0.172659739852
-0.171452745795
-0.169590100646
-0.167176112533
-0.16415117681
-0.160515293479
-0.156313180923
-0.151485204697
-0.146061182022
-0.1400411129
-0.133454799652
-0.126227736473
-0.118404619396
-0.110015265644
-0.10098516196
-0.0914037153125
-0.0811964198947
-0.0704079866409
-0.0589936934412
-0.0470280610025
-0.0343918800354
-0.0212341528386
-0.00745058013126
0.00695884181187
0.0219047050923
0.0375360250473
0.0536888800561
0.0701546669006
0.0856369659305
0.099822871387
0.112697474658
0.124305479228
0.134572386742
0.143587589264
0.151306390762
0.157684072852
0.162810072303
0.166624769568
0.169157966971
0.170350059867
0.170290455222
0.168919548392
0.166252240539
0.1622736305
0.157013520598
0.150471925735
0.142619013786
0.133439898491
0.123351804912
0.113561742008
0.104516737163
0.0961124822497
0.0883787795901
0.0813603326678
0.0750124454498
0.069335103035
0.0643283128738
0.0600516758859
0.0564604960382
0.0534951649606
0.0512450896204
0.049680467695
0.0488012991846
0.0485777817667
0.0490695200861
0.0502318106592
0.052064653486
0.054597850889
0.057831402868
0.0617057047784
0.0662803649902
0.0715404748917
0.077486038208
0.0841021463275
0.0914335176349
0.0993907377124
0.107735387981
0.11508166045
0.120997421443
0.125646591187
0.128865242004
0.130772590637
0.13130903244
0.130504369736
0.128358602524
0.124782316387
0.119939438999
0.113666050136
0.106111161411
0.0971406623721
0.0868588611484
0.0751912593842
0.0621676407754
0.0477880202234
0.0320672988892
0.0150203695521
-0.00305473781191
-0.0204741936177
-0.0369548797607
-0.0524073801935
-0.0668615102768
-0.0803470537066
-0.0928640291095
-0.104337923229
-0.11484324187
-0.124394886196
-0.132873654366
-0.140443444252
-0.146970152855
-0.15252828598
-0.157073125243
-0.160664305091
-0.163242205977
-0.164821729064
-0.165417775512
-0.165030345321
-0.16364453733
-0.1612752527
-0.15790759027
-0.153556466103
-0.148192048073
-0.141844153404
-0.13455748558
-0.12618303299
-0.116914503276
-0.106573097408
-0.0953078195453
-0.0829994603992
-0.0697672367096
-0.055447217077
-0.0402331314981
-0.0242590885609
-0.0087171792984
0.00600516749546
0.0200122576207
0.0333338975906
0.045835968107
0.0576525889337
0.0686645507812
0.0789761468768
0.0885575935245
0.0973492786288
0.105440609157
0.112771980464
0.119343392551
0.12518465519
0.13031065464
0.134646892548
0.138267874718
0.141143798828
0.143259763718
0.144645571709
0.145331025124
0.14516711235
0.144347548485
0.142768025398
0.140443444252
0.137358903885
0.133514404297
0.128999352455
0.123649828136
0.117793671787
0.111997120082
0.106513492763
0.101283185184
0.0963210985065
0.0916123315692
0.0871866866946
0.0830143615603
0.0791549608111
0.0755339860916
0.0721663236618
0.0691264867783
0.0663101673126
0.0637620687485
0.0615119896829
0.0595152340829
0.0578016005456
0.056371089071
0.0551342926919
0.0542700253427
0.0535845719278
0.0532567463815
0.0531226359308
0.0533163510263
0.0537484847009
0.0544637404382
0.0554323159158
0.0566989146173
0.0581294260919
0.0595450364053
0.060752030462
0.061899419874
0.0628381967545
0.0636577606201
0.0643581151962
0.0649094581604
0.0653117895126
0.0655800104141
0.0657290220261
0.0657439231873
0.0655800104141
0.0652819871902
0.064879655838
0.0643283128738
0.0635981559753
0.0627785921097
0.061824914068
0.0606924258173
0.0594258271158
0.0580400191247
0.056520100683
0.0548660717905
0.0530481301248
0.0510811768472
0.0490099154413
0.0467896424234
0.0444352589548
0.041916962713
0.0392794571817
0.0365078449249
0.0336021184921
0.0305175762624
0.0273436289281
0.0239759664983
0.0205486994237
0.0169277191162
0.0131577244028
0.00931322574615
0.00524520827457
0.00110268592834
-0.00324845290743
-0.00762939406559
-0.0122338524088
-0.0169724225998
-0.0217556934804
-0.026419756934
-0.0309199076146
-0.0352114439011
-0.0393092595041
-0.0432431660593
-0.0469684563577
-0.0504702292383
-0.0538676939905
-0.0570118390024
-0.0599920712411
-0.0627785921097
-0.0654011964798
-0.0677704811096
-0.0700056552887
-0.0720620155334
-0.0739097595215
-0.0755339860916
-0.077024102211
-0.0783056020737
-0.0794082805514
-0.0802874490619
-0.0810325071216
-0.0815391466022
-0.0818818733096
-0.0820308849216
-0.0820010825992
-0.0817477628589
-0.0813603326678
-0.0807791873813
-0.0799596235156
-0.0790208503604
-0.0780522823334
-0.0770539045334
-0.0761151313782
-0.0751614570618
-0.0741928815842
-0.0732392072678
-0.0723004341125
-0.0713467597961
-0.0704377889633
-0.0694841146469
-0.0685453414917
-0.0676363706589
-0.0666975975037
-0.065803527832
-0.064879655838
-0.0640004873276
-0.0630468130112
-0.0621974430978
-0.0612735711038
-0.0603944025934
-0.0595152340829
-0.0586509667337
-0.0577419959009
-0.0568777285516
-0.0560283623636
-0.0551789961755
-0.0542849265039
-0.0534802637994
-0.052601095289
-0.0517666302621
-0.0509321652353
-0.0500827990472
-0.0492483340204
-0.0484287701547
-0.0476390086114
-0.0467896424234
-0.0459849797189
-0.0451952181756
-0.04437565431
-0.0435858927667
-0.0427812300622
-0.041991468519
-0.0412315092981
-0.0404268465936
-0.0396519862115
-0.0388771295547
-0.0381469726562
-0.037357211113
-0.0365823507309
-0.0358670949936
-0.0350922346115
-0.034362077713
-0.0336319208145
-0.0328570604324
-0.0321716070175
-0.0314265489578
-0.0307112913579
-0.0299960356206
-0.0292658787221
-0.028565524146
-0.0278651695698
-0.0271797161549
-0.0264644604176
-0.0257939081639
-0.025108454749
-0.0244081001729
-0.0237524490803
-0.0230669956654
-0.0223964434117
-0.0217705946416
-0.0210851412266
-0.0204145889729
-0.019803641364
-0.0191330909729
-0.0184923410416
-0.0178515911102
-0.0172406435013
-0.0166147947311
-0.015988945961
-0.0153779974207
-0.0147372474894
-0.0141561022028
-0.0135302534327
-0.0129640093073
-0.012323259376
-0.011786817573
-0.0111609688029
-0.0105947246775
-0.0100135793909
-0.00946223735809
-0.00885128974915
-0.00832974910736
-0.00774860335514
-0.00719726039097
-0.00666081858799
-0.00609457446262
-0.00555813265964
-0.00503659201786
-0.00451505184174
-0.00396370887756
-0.00345706916414
-0.00292062736116
-0.0024139881134
-0.0018924473552
-0.00143051135819
-0.000894069613423
-0.000417232484324
8.94069598871e-05
0.00058114528656
0.00102818012238
0.00153481948655
0.00201165676117
0.00244379043579
0.00292062736116
0.00342726684175
0.00384449935518
0.00426173210144
0.00476837158203
0.00515580130741
0.00564753962681
0.00603496981785
0.00648200465366
0.0068843360059
0.00733137084171
0.00774860335514
0.00812113285065
0.00853836536407
0.0089704990387
0.00934302806854
0.00973045825958
0.0101327886805
0.0105053177103
0.0108927479014
0.0112354746088
0.0116229047999
0.0119954338297
0.0123530616984
0.0126957884058
0.0130683174357
0.0133961429819
0.0137239685282
0.0141113987193
0.0143945207819
0.0147372474894
0.0150799741969
0.0153779974207
0.0156909227371
0.0160187482834
0.0163316726685
0.0165998935699
0.016912817955
0.0172108411789
0.0174790620804
0.0177919864655
0.0180453062057
0.0183284282684
0.0185966491699
0.0188499689102
0.0191330909729
0.0193864107132
0.0196248274297
0.0198930483311
0.020116565749
0.0203549843282
0.0205934029073
0.0208169203252
0.0210255365819
0.021263955161
0.0214874725789
0.0216960888356
0.0218898039311
0.0220835190266
0.0223219376057
0.0224858503789
0.0226795654744
0.0228583794087
0.023037193343
0.023186204955
0.0234097223729
0.0235289316624
0.0237077455968
0.0238716583699
0.0240206699818
0.0241696815938
0.0243186932057
0.0244379024953
0.024572012946
0.0247210245579
0.0248402338475
0.024959443137
0.0250637512654
0.0251680593938
0.0253021698445
0.0253915768117
0.0255107861012
0.025570390746
0.0256746988744
0.0257492046803
0.0258535128087
0.0259131174535
0.025957820937
0.0260621290654
0.0261366348714
0.0261515360326
0.0262111406773
0.0262707453221
0.0263154488057
0.0263601522893
0.0263750534505
0.026419756934
0.0264346580952
0.0264793615788
0.0264644604176
0.02649426274
0.0265091639012
0.02649426274
0.0265240650624
0.0264793615788
0.02649426274
0.0264644604176
0.0264495592564
0.0264346580952
0.0263899546117
0.0263750534505
0.0263005476445
0.0262856464833
0.0262409429997
0.0261813383549
0.0261515360326
0.0260621290654
0.0260025244206
0.0259429197758
0.0258386116475
0.0257939081639
0.0257343035191
0.0256001930684
0.0255107861012
0.0254213791341
0.0253319721669
0.0252276640385
0.0250935535878
0.0249892454594
0.0248998384923
0.0247508268803
0.0246316175908
0.0244826059788
0.0243484955281
0.0242292862386
0.0240504723042
0.0239163618535
0.0237822514027
0.0235885363072
0.0234395246953
0.0232756119221
0.023111699149
0.0229179840535
0.0227391701192
0.0225454550236
0.0223368387669
0.022187827155
0.0219494085759
0.0217556934804
0.0215470772237
0.0213533621281
0.021114943549
0.0208765249699
0.0206679087132
0.0204443912953
0.0202059727162
0.0199526529759
0.0197142343968
0.0194758176804
0.0191926956177
0.0189542770386
0.0186711549759
0.0184327363968
0.0181645154953
0.0178515911102
0.0175684690475
0.0173151493073
0.0170171260834
0.0167042016983
0.0164210796356
0.0161081552505
0.0158101320267
0.0154972067103
0.015169381164
0.0148266544566
0.0145286312327
0.0141859045252
0.013858078979
0.0135302534327
0.013172625564
0.0128149976954
0.0124871721491
0.0120848407969
0.0117570152506
0.0113695850596
0.0110268583521
0.0106096258387
0.0102668991312
0.0098794689402
0.00946223735809
0.00908970832825
0.00867247581482
0.00827014446259
0.00786781311035
0.00748038245365
0.00701844645664
0.0066310162656
0.00618398142979
0.00576674891636
0.00534951640293
0.00487267971039
0.00445544719696
0.00400841236115
0.00353157497011
0.0030845401343
0.00262260413729
0.00214576721191
0.0016689299373
0.0012218952179
0.000730156840291
0.000253319740295
0.000253319740295
