0.00153817760292
0.00153817760292
0.00432154675946
0.00666543561965
0.00856984779239
0.0100347744301
0.0110602332279
0.0116461990401
0.0117926932871
0.0114997010678
0.0107672456652
0.0095953065902
0.00798387173563
0.00593296112493
0.00344258290716
0.000512729457114
-0.00285662082024
-0.00666543189436
-0.0109137324616
-0.0156015222892
-0.0207287650555
-0.0262955650687
-0.032301671803
-0.0384408831596
-0.0434868186712
-0.0471329800785
-0.0493793748319
-0.050226021558
-0.0496729016304
-0.0477200075984
-0.0443673022091
-0.0396148823202
-0.0334627106786
-0.025910731405
-0.0169590339065
-0.00660750037059
0.0051437234506
0.0182947833091
0.0328455045819
0.0487960912287
0.0661464557052
0.0848965793848
0.105046212673
0.126596048474
0.149545446038
0.173894628882
0.199643164873
0.226792350411
0.255340188742
0.28475651145
0.312911450863
0.339272409678
0.363840699196
0.3866147995
0.407596111298
0.426783204079
0.444177508354
0.459778100252
0.47358494997
0.485598564148
0.495819360018
0.504245519638
0.510879278183
0.51571893692
0.518766224384
0.520017921925
0.519477725029
0.517143845558
0.513017177582
0.507457137108
0.50191950798
0.496759057045
0.491981357336
0.487585514784
0.483567804098
0.479934722185
0.476680666208
0.473807543516
0.471316248178
0.469204962254
0.467474550009
0.466126918793
0.465158343315
0.464573472738
0.464366734028
0.464543670416
0.46509873867
0.466033786535
0.467356264591
0.469053149223
0.471049904823
0.47300568223
0.474838525057
0.476542830467
0.47812795639
0.479586392641
0.480920046568
0.482128918171
0.483214825392
0.484174102545
0.485012292862
0.485723823309
0.48631054163
0.486774355173
0.48711335659
0.487327545881
0.487416952848
0.487383425236
0.487223237753
0.486938267946
0.486534059048
0.486001342535
0.485343843699
0.484561532736
0.483658134937
0.482626229525
0.481471389532
0.48020106554
0.478789180517
0.477291613817
0.475805222988
0.474367260933
0.47296282649
0.471606820822
0.470288068056
0.469017744064
0.467788398266
0.466600030661
0.465448915958
0.46434995532
0.463284522295
0.462271243334
0.461291491985
0.46035644412
0.459466099739
0.458613008261
0.457812070847
0.457044661045
0.456321954727
0.455640226603
0.455003201962
0.454407155514
0.45385953784
0.453345447779
0.452876061201
0.452455103397
0.452067673206
0.451728671789
0.451426923275
0.451173603535
0.450957536697
0.450786173344
0.450659513474
0.450570106506
0.450529128313
0.450525403023
0.450566381216
0.450648337603
0.450778722763
0.450953811407
0.451169878244
0.451430648565
0.45173612237
0.452082574368
0.452481180429
0.452913314104
0.453401327133
0.453926593065
0.454492837191
0.45511123538
0.455766886473
0.456474691629
0.457216024399
0.458013236523
0.458843976259
0.45972687006
0.460647016764
0.461619317532
0.462613970041
0.463589996099
0.464525043964
0.465426564217
0.466294556856
0.467114120722
0.467896431684
0.468648940325
0.469364196062
0.470027297735
0.470675498247
0.471264094114
0.47183778882
0.472359329462
0.47283616662
0.473290652037
0.473700433969
0.474072962999
0.474423140287
0.47470626235
0.474967032671
0.475198000669
0.475376814604
0.475533276796
0.475637584925
0.475719541311
0.475741893053
0.475749343634
0.475712090731
0.475630134344
0.475518375635
0.475361913443
0.475175648928
0.474944680929
0.474683910608
0.474378436804
0.474058061838
0.473722785711
0.473424762487
0.473149091005
0.472880870104
0.472642451525
0.472411483526
0.472195416689
0.472024053335
0.471845239401
0.47170367837
0.471577018499
0.47145780921
0.471368402243
0.471293896437
0.471249192953
0.47120448947
0.471189588308
0.471197038889
0.471226841211
0.471256643534
0.471323698759
0.471405655146
0.471495062113
0.471621721983
0.471755832434
0.471912294626
0.472091108561
0.472284823656
0.472493439913
0.472731858492
0.472977727652
0.473253399134
0.473551422358
0.473841995001
0.474184721708
0.474512547255
0.474840372801
0.475123494864
0.475376814604
0.475607782602
0.475801497698
0.475965410471
0.476106971502
0.476211279631
0.476285785437
0.47633048892
0.476345390081
0.476337939501
0.476285785437
0.476211279631
0.476106971502
0.475965410471
0.475808948278
0.475607782602
0.475376814604
0.475130945444
0.474840372801
0.474512547255
0.474177271128
0.473797291517
0.473394960165
0.472947925329
0.472493439913
0.471986800432
0.47145780921
0.470906466246
0.470310419798
0.469699472189
0.469036370516
0.468373268843
0.467658013105
0.466920405626
0.466145545244
0.465355783701
0.464580923319
0.463828414679
0.46309825778
0.462383002043
0.461697548628
0.461034446955
0.460401147604
0.459775298834
0.459179252386
0.45860555768
0.458061665297
0.457525223494
0.457026034594
0.456541746855
0.456087261438
0.455640226603
0.45523044467
0.454843014479
0.454470485449
0.45411285758
0.453807383776
0.453494459391
0.453218787909
0.452972918749
0.452801555395
0.452727049589
0.452727049589
0.452816456556
0.452995270491
0.453248590231
0.4536062181
0.454053252935
0.454574793577
0.455185741186
0.455871194601
0.456660956144
0.457510322332
0.458508700132
0.459521979094
0.460669368505
0.461861461401
0.463187664747
0.464588373899
0.466048687696
0.467598408461
0.469267338514
0.470995873213
0.472784012556
0.474393337965
0.475808948278
0.477045744658
0.478029221296
0.478863686323
0.479474633932
0.479876965284
0.480085581541
0.480100482702
0.479891866446
0.479489535093
0.478893488646
0.478088825941
0.477090448141
0.475883454084
0.474467843771
0.472858518362
0.471040576696
0.469028919935
0.466808646917
0.464439362288
0.462159484625
0.459998816252
0.457942456007
0.456050008535
0.454276770353
0.452622741461
0.451102823019
0.449717015028
0.448450416327
0.447303026915
0.446304649115
0.445425480604
0.444680422544
0.444054573774
0.443577736616
0.443190306425
0.442951887846
0.44287738204
0.44287738204
0.44299659133
0.443220108747
0.443473428488
0.44375655055
0.444114178419
0.444531410933
0.444963544607
0.445470184088
0.446036428213
0.4466175735
0.447288125753
0.447973579168
0.44874843955
0.449538201094
0.450402468443
0.451311439276
0.452250212431
0.453278392553
0.454306572676
0.455439060926
0.456586450338
0.457808345556
0.459045141935
0.46035644412
0.46172735095
0.463142961264
0.464573472738
0.466123193502
0.467643111944
0.469282239676
0.470936268568
0.472635000944
0.474423140287
0.476181477308
0.477775901556
0.479206413031
0.480383604765
0.481411784887
0.482201546431
0.482782691717
0.483185023069
0.483393639326
0.483348935843
0.483155220747
0.482708185911
0.482097238302
0.481277674437
0.480264395475
0.479012697935
0.47758218646
0.47595795989
0.474110215902
0.472053855658
0.469818681479
0.467359989882
0.46472248435
0.461935967207
0.459268659353
0.456839770079
0.454589694738
0.452533334494
0.450700491667
0.449076265097
0.447645753622
0.446394056082
0.445380777121
0.444561213255
0.443935364485
0.443518131971
0.443309515715
0.443294614553
0.443473428488
0.443905562162
0.444471806288
0.445276468992
0.446289747953
0.447511643171
0.448897451162
0.450536578894
0.452324718237
0.45436617732
0.456586450338
0.459000438452
0.461637943983
0.46446916461
0.467523902655
0.470742553473
0.474110215902
0.477209657431
0.47995147109
0.482380360365
0.484466522932
0.486209958792
0.487610667944
0.488653749228
0.489383906126
0.489756435156
0.489816039801
0.489488214254
0.488862365484
0.487863987684
0.486537784338
0.484883755445
0.482872098684
0.480532616377
0.477835506201
0.47482547164
0.471442908049
0.467747420073
0.463679403067
0.459313362837
0.454574793577
0.449687212706
0.445440381765
0.441968411207
0.439316004515
0.437468260527
0.436425179243
0.436186760664
0.436753004789
0.438109010458
0.440314382315
0.443279713392
0.447064608335
0.451669067144
0.457063287497
0.463247269392
0.470280617476
0.47807392478
0.486701697111
0.496134132147
0.506341457367
0.517383217812
0.529214739799
0.541880726814
0.55530667305
0.569567084312
0.584617257118
0.600501894951
0.616550445557
0.630319058895
0.641211807728
0.649198830128
0.654309928417
0.656515300274
0.655859649181
0.652283370495
0.645816266537
0.636458337307
0.624239444733
0.609084963799
0.591054558754
0.57016313076
0.546336174011
0.519663095474
0.49005445838
0.457569926977
0.422194570303
0.38395819068
0.342786282301
0.298738479614
0.251814723015
0.201985225081
0.149264931679
0.0936537906528
0.0351518392563
-0.0262409429997
-0.0889152213931
-0.146433711052
-0.197187051177
-0.241205081344
-0.278428196907
-0.30891597271
-0.332638591528
-0.349566310644
-0.359788507223
-0.363230675459
-0.359892815351
-0.349804729223
-0.332951515913
-0.309348106384
-0.278979539871
-0.241845831275
-0.197961911559
-0.147297978401
-0.0898986980319
-0.0257045011967
0.0434368811548
0.110447399318
0.173538908362
0.232681617141
0.287920236588
0.339224904776
0.386610597372
0.430077284575
0.469580262899
0.505194067955
0.536873936653
0.564619898796
0.588461756706
0.6083548069
0.6243288517
0.636383831501
0.644504964352
0.648692190647
0.64897531271
0.645324528217
0.63773983717
0.626221299171
0.610798597336
0.592231750488
0.573560595512
0.555634498596
0.538408756256
0.521868467331
0.506073236465
0.490963429213
0.476554006338
0.462874740362
0.449910730124
0.4376321733
0.426098674536
0.415220826864
0.405073136091
0.395640701056
0.386938422918
0.378906697035
0.371590226889
0.365003913641
0.359117954969
0.353932350874
0.349462002516
0.345692008734
0.34265217185
0.340297788382
0.33865866065
0.337734788656
0.3375261724
0.338003009558
0.339210003614
0.341117352247
0.343710154295
0.347077816725
0.351071327925
0.355839699507
0.361263722181
0.367462605238
0.37410852313
0.380665034056
0.386774510145
0.392585963011
0.397980183363
0.403076380491
0.407755345106
0.412106484175
0.416070193052
0.419676274061
0.422954529524
0.425875157118
0.428378552198
0.43052431941
0.432342261076
0.433802574873
0.434905260801
0.435650318861
0.435978144407
0.43600794673
0.435590714216
0.434935063124
0.433862179518
0.432372063398
0.430583924055
0.428408354521
0.42590495944
0.423014134169
0.419765681028
0.416159600019
0.41216608882
0.407963961363
0.403910845518
0.400096148252
0.396609276533
0.393390625715
0.390440195799
0.387757986784
0.385343998671
0.383198231459
0.381380289793
0.379800766706
0.378489464521
0.37747618556
0.376760929823
0.37622448802
0.376075476408
0.376164883375
0.376492708921
0.377148360014
0.378012627363
0.379234522581
0.380694836378
0.382393568754
0.384449928999
0.3867149055
0.389277905226
0.392109125853
0.395238369703
0.398635834455
0.402301520109
0.406235426664
0.410348147154
0.414341658354
0.41803714633
0.421494215727
0.424742668867
0.427722901106
0.430405110121
0.432938307524
0.435084074736
0.437110632658
0.438809365034
0.440269678831
0.441491574049
0.442445248365
0.443220108747
0.443667143583
0.44387575984
0.443845957518
0.443607538939
0.443041294813
0.442266434431
0.44125315547
0.439971655607
0.438421934843
0.436544388533
0.434309214354
0.431686609983
0.428736180067
0.42539831996
0.421702831984
0.417679518461
0.413268774748
0.408500403166
0.403374403715
0.397890776396
0.392049521208
0.385850638151
0.379264324903
0.37235018611
0.365078419447
0.357419222593
0.349402397871
0.341057747602
0.33229586482
0.322818726301
0.312596559525
0.301718711853
0.290066003799
0.277668237686
0.264555215836
0.250726938248
0.236183390021
0.220864996314
0.204801544547
0.188052639365
0.170558676124
0.152349472046
0.133365392685
0.113666050136
0.0932812616229
0.0721216201782
0.0502467118204
0.0275969486684
0.00429153442383
-0.0198185425252
-0.0441074334085
-0.0665187835693
-0.0866353437304
-0.104367725551
-0.119745723903
-0.132769346237
-0.143438577652
-0.151753425598
-0.157684072852
-0.161290153861
-0.162541851401
-0.161439165473
-0.157922491431
-0.152111053467
-0.143945217133
-0.133335590363
-0.120490781963
-0.1052319929
-0.0876188203692
-0.0676512718201
-0.045299526304
-0.020653007552
0.00640749884769
0.03582239151
0.0675618648529
0.101655714214
0.138133764267
0.176966175437
0.217169508338
0.25475025177
0.288903713226
0.319361656904
0.346362560987
0.369787186384
0.389605730772
0.405997008085
0.418722599745
0.427931517363
0.433623760939
0.435739725828
0.434279412031
0.42927262187
0.42077895999
0.408649414778
0.393032997847
0.373810499907
0.351041525602
0.324755877256
0.294923782349
0.261515378952
0.225275740027
0.189185127616
0.153928995132
0.119507305324
0.0859200879931
0.0532567463815
0.0213682632893
-0.00965595245361
-0.0398158989847
-0.0691115856171
-0.0976025983691
-0.125229358673
-0.151962041855
-0.177919849753
-0.203013405204
-0.22718308866
-0.250607728958
-0.273108482361
-0.294804573059
-0.315636366606
-0.335603922606
-0.354766815901
-0.373035639524
-0.390499800444
-0.407040089369
-0.422805517912
-0.437676876783
-0.45174357295
-0.464916199446
-0.477313965559
-0.488758057356
-0.499427288771
-0.509202480316
-0.518083572388
-0.525534152985
-0.531584024429
-0.536113977432
-0.539153814316
-0.540792942047
-0.540882349014
-0.539600849152
-0.536769628525
-0.532507896423
-0.526756048203
-0.519543886185
-0.510841608047
-0.500708818436
-0.489085882902
-0.475972861052
-0.461429327726
-0.445395678282
-0.42790171504
-0.408887833357
-0.388503044844
-0.366568535566
-0.343203514814
-0.318318575621
-0.292032957077
-0.264257192612
-0.234991297126
-0.204235300422
-0.172078594565
-0.138342380524
-0.103294841945
-0.0666379928589
-0.029027460143
0.00774860335514
0.043302770704
0.0775456428528
0.110507003963
0.142216682434
0.172644838691
0.201821312308
0.229626879096
0.256299972534
0.281572341919
0.305652618408
0.32842156291
0.349909037352
0.370144814253
0.389099091291
0.406771868467
0.423192948103
0.438272923231
0.452160805464
0.464737385511
0.476032465696
0.486046046019
0.494778126478
0.502288341522
0.508487224579
0.513434410095
0.517070293427
0.519424676895
0.520527362823
0.520378351212
0.518918037415
0.516325235367
0.513195991516
0.509649515152
0.505685806274
0.501245260239
0.496506661177
0.491231650114
0.485599011183
0.479549139738
0.473052233458
0.466197699308
0.458836525679
0.451147526503
0.443041294813
0.434398621321
0.425487726927
0.41604039073
0.406265228987
0.396013230085
0.385403603315
0.374287337065
0.36287304759
0.350952118635
0.338613957167
0.325888365507
0.312745571136
0.299215316772
0.28520822525
0.270813703537
0.25600194931
0.240772947669
0.225126728415
0.209033474326
0.192582592368
0.175654873252
0.158339723945
0.140637159348
0.12245773524
0.103920690715
0.0852346345782
0.0676214694977
0.0514984093606
0.0367164611816
0.0233948212117
0.0114440908656
0.000923871935811
-0.008225440979
-0.015914440155
-0.0222325306386
-0.0270903091878
-0.0305771809071
-0.0326931476593
-0.0333189964294
-0.0325739383698
-0.0304281692952
-0.0268816929311
-0.0218749027699
-0.0154972067103
-0.00771880103275
0.00149011600297
0.0120699396357
0.0241398792714
0.0375509262085
0.0523924790323
0.0686347484589
0.0862777158618
0.105381004512
0.125825405121
0.147700309753
0.171005710959
0.195711836219
0.221282228827
0.245511516929
0.267893075943
0.288367271423
0.306993722916
0.323742598295
0.338584154844
0.351607769728
0.362694233656
0.371932953596
0.379353731871
0.384777754545
0.388473242521
0.390171974897
0.390052765608
0.388056010008
0.384181708097
0.378429859877
0.370800465345
0.361323326826
0.349938839674
0.336676806211
0.321567028761
0.304609537125
0.285685062408
0.264972448349
0.242322668433
0.218451008201
0.195682033896
0.174611791968
0.15527009964
0.137686729431
0.121712677181
0.107586376369
0.0950992032886
0.0843405649066
0.0753104686737
0.0680088996887
0.0624060593545
0.0585317574441
0.0563561879098
0.055909153074
0.0571906529367
0.0601708851755
0.064879655838
0.0713467597961
0.079452984035
0.0890791341662
0.0992119237781
0.109583131969
0.120222561061
0.131130218506
0.142276287079
0.153690576553
0.165373072028
0.177294000983
0.18948315084
0.20197032392
0.214666113257
0.227630123496
0.240862354636
0.254362821579
0.2681016922
0.282108783722
0.296354293823
0.310927629471
0.32567974925
0.340491503477
0.354200571775
0.366747349501
0.377923220396
0.387847393751
0.396490067244
0.403851240873
0.409990519285
0.414758890867
0.418305367231
0.420570343733
0.421494215727
0.421225994825
0.419616669416
0.41678544879
0.412642925978
0.407218903303
0.400513380766
0.392496556044
0.383287638426
0.372737616301
0.360906094313
0.347793072462
0.333458155394
0.31781193614
0.300824642181
0.283151865005
0.266581773758
0.251740217209
0.238597378135
0.227123484015
0.217288717628
0.209152683616
0.202774986625
0.197947010398
0.194877371192
0.193536266685
0.193744882941
0.195771440864
0.199407324195
0.20471213758
0.211745485663
0.220447763801
0.230789169669
0.242859110236
0.256597995758
0.272035598755
0.289112329483
0.307500362396
0.325411528349
0.342458456755
0.358641117811
0.374048918486
0.388473242521
0.402122706175
0.414907902479
0.426769226789
0.437825888395
0.448018282652
0.457316607237
0.465810269117
0.473380059004
0.480145186186
0.486016243696
0.491023033857
0.495225161314
0.498473614454
0.500947237015
0.502526760101
0.503242015839
0.503093004227
0.502109527588
0.500231981277
0.49754974246
0.493943661451
0.489503115416
0.484228104353
0.478029221296
0.471025675535
0.463426083326
0.456213921309
0.449657410383
0.443845957518
0.438690155745
0.434219807386
0.430405110121
0.42727586627
0.424832075834
0.423103541136
0.422000855207
0.421613425016
0.421851843596
0.422865122557
0.424474447966
0.426799029112
0.429779261351
0.433474749327
0.437855690718
0.442862480879
0.4486143291
0.454962223768
0.462084978819
0.469803780317
0.478267639875
0.487387150526
0.497192114592
0.507652759552
0.518798828125
0.530123710632
0.539362430573
0.546127557755
0.550210475922
0.551849603653
0.550836324692
0.54731965065
0.541239976883
0.532507896423
0.521332025528
0.50750374794
0.491201847792
0.472217768431
0.450789898634
0.426709622145
0.400125950575
0.370949476957
0.339210003614
0.304907560349
0.268071889877
0.228643402457
0.186681732535
0.142067670822
0.0958740636706
0.0513493977487
0.00950694084167
-0.0298023205251
-0.0664293766022
-0.100463621318
-0.131875276566
-0.160664305091
-0.18686054647
-0.210463985801
-0.231385216117
-0.249713644385
-0.265449285507
-0.278562307358
-0.289052724838
-0.296920537949
-0.302165746689
-0.304847955704
-0.304847955704
-0.302255153656
-0.297069549561
-0.289261341095
-0.278830528259
-0.265747308731
-0.250101089478
-0.231832250953
-0.210911020637
-0.187396988273
-0.161290153861
-0.132530927658
-0.101178877056
-0.0672340393066
-0.0306069832295
0.00861287117004
0.0504255257547
0.0940859243274
0.136435031891
0.17675755918
0.214993938804
0.251203775406
0.285297632217
0.317394703627
0.347346037626
0.375300616026
0.401139229536
0.424981087446
0.446706980467
0.466376513243
0.483959883451
0.49954649806
0.513046979904
0.524431467056
0.533819198608
0.541090965271
0.546336174011
0.549495220184
0.550627708435
0.549674034119
0.546604394913
0.541538000107
0.534415245056
0.525176525116
0.513911247253
0.500559806824
0.485181778669
0.467687815428
0.448167294264
0.426590412855
0.402927368879
0.377178162336
0.349909037352
0.323146551847
0.297218561172
0.272363424301
0.248461946845
0.225454553962
0.203490242362
0.182479605079
0.162392839789
0.14328956604
0.125199556351
0.107944004238
0.0918209478259
0.076562166214
0.062286850065
0.0489652119577
0.0366270542145
0.0252425651997
0.0148713579401
0.00536441756412
-0.0030696389731
-0.0107288351282
-0.0178813934326
-0.0246763210744
-0.0311434250325
-0.0372231006622
-0.0430047474802
-0.0483989678323
-0.0534057579935
-0.0581145249307
-0.0624358616769
-0.0664293766022
-0.0700354576111
-0.0733137130737
-0.0762343406677
-0.0787675306201
-0.0809729024768
-0.0828802511096
-0.0843107625842
-0.0854730531573
-0.0862777158618
-0.0867247506976
-0.0867843553424
-0.0865161344409
-0.0858902856708
-0.0849366113544
-0.0835657045245
-0.0818967744708
-0.0798404142261
-0.0774562358856
-0.0746846199036
-0.0716745853424
-0.0686049461365
-0.0655651092529
-0.0626146793365
-0.0596940480173
-0.0568032227457
-0.0540018044412
-0.0511705838144
-0.0484287701547
-0.0457465611398
-0.0430643521249
-0.0405013523996
-0.0378787517548
-0.0353753566742
-0.0329315662384
-0.0304579716176
-0.028103588149
-0.0257492046803
-0.0234544258565
-0.021189449355
-0.0190138816833
-0.016838312149
-0.0147223463282
-0.0126361837611
-0.0106692304835
-0.00861287117004
-0.00673532439396
-0.00479817390442
-0.00298023200594
-0.00119209289551
0.000417232484324
0.00181794154923
0.00301003432833
0.00405311584473
0.00485777854919
0.00551342917606
0.00587105704471
0.00616908026859
0.00616908026859
0.00602006865665
0.005662440788
0.00509619666263
0.00438094139099
0.00336766219698
0.00229477882385
0.000923871935811
-0.000625848711934
-0.00232458114624
-0.00429153442383
-0.00640749884769
-0.00873208045959
-0.0112354746088
-0.0139176836237
-0.0168979167938
-0.0200569611043
-0.023722646758
-0.0280439835042
-0.0329613685608
-0.0384747982025
-0.0446438752115
-0.0512897931039
-0.0586509667337
-0.0665485858917
-0.0750720500946
-0.084221355617
-0.093907110393
-0.104248516262
-0.1152157709
-0.126719474792
-0.138878822327
-0.151574611664
-0.164926037192
-0.17887352407
-0.193417057395
-0.208556637168
-0.224083647132
-0.239104017615
-0.253409147263
-0.267058610916
-0.279933214188
-0.292122364044
-0.303596258163
-0.314354866743
-0.324398249388
-0.333756178617
-0.342369049788
-0.35026666522
-0.35750862956
-0.363975733519
-0.369727581739
-0.374793976545
-0.379204720259
-0.382810801268
-0.385701626539
-0.387966603041
-0.389426916838
-0.390261381865
-0.390350788832
-0.389695137739
-0.388354033232
-0.386297672987
-0.383526057005
-0.380068987608
-0.375866860151
-0.371098488569
-0.36635991931
-0.36174055934
-0.357329815626
-0.353038281202
-0.34889575839
-0.344932049513
-0.341057747602
-0.337421864271
-0.333875387907
-0.3305375278
-0.327289074659
-0.324249237776
-0.321328610182
-0.318586796522
-0.315993994474
-0.313550233841
-0.311195850372
-0.309109687805
-0.307142734528
-0.305265188217
-0.303447246552
-0.301003456116
-0.297874212265
-0.293910503387
-0.28920173645
-0.283807516098
-0.277608633041
-0.270694494247
-0.262975692749
-0.254601240158
-0.245392307639
-0.235438331962
-0.224769100547
-0.213295206428
-0.201195463538
-0.188201650977
-0.174522385001
-0.160098060966
-0.144898891449
-0.128954648972
-0.112265340984
-0.0948607847095
-0.0766515731812
-0.0577270947397
-0.0380575656891
-0.0175535678864
0.00357627845369
0.0255405884236
0.048220153898
0.0716745853424
0.0955462381244
0.11858343333
0.14054775238
0.161319956183
0.180959686637
0.199496731162
0.216871485114
0.23317335546
0.248253330588
0.262260437012
0.275135040283
0.286847352982
0.297427177429
0.306904315948
0.315248936415
0.32243129611
0.328481167555
0.333428353071
0.337213248014
0.339865654707
0.341623991728
0.343322724104
0.345110863447
0.347167223692
0.349342793226
0.351607769728
0.354170769453
0.356733769178
0.359594792128
0.362515419722
0.365674465895
0.368922919035
0.372379988432
0.375986069441
0.379711359739
0.383645266294
0.387698382139
0.391930311918
0.396370857954
0.400871008635
0.405609577894
0.410467356443
0.415503948927
0.4206597507
0.42602416873
0.431567400694
0.437200039625
0.443011492491
0.449001759291
0.455170840025
0.461459130049
0.467896431684
0.474542349577
0.481307476759
0.488251417875
0.495344370604
0.502586364746
