0.0480000004172
0.0479994080961
0.0479976348579
0.047994684428
0.0479905791581
0.047985330224
0.0479789413512
0.0479714311659
0.0479628071189
0.0479530841112
0.0479422695935
0.0479303784668
0.0479174219072
0.0479034073651
0.0478883497417
0.0478722639382
0.0478551536798
0.0478370338678
0.0478179231286
0.0477978177369
0.0477767474949
0.0477547049522
0.0477317199111
0.0477077886462
0.0476829335093
0.0476571545005
0.0476304776967
0.0476029030979
0.0475744493306
0.0475451238453
0.0475149378181
0.0474839024246
0.0474520325661
0.0474193394184
0.0473858304322
0.0473515242338
0.0473164245486
0.0472805425525
0.0472438968718
0.0472064949572
0.0471683517098
0.0471294745803
0.0470898710191
0.0470495671034
0.0470085591078
0.0469668656588
0.0469244942069
0.0468814633787
0.0468377768993
0.0467934533954
0.0467485003173
0.0467029251158
0.0466567464173
0.0466099753976
0.0465626195073
0.0465146936476
0.0464662052691
0.0464171692729
0.0463675968349
0.046317499131
0.046266887337
0.0462157689035
0.046164162457
0.0461120791733
0.0460595265031
0.0460065156221
0.0459530577064
0.0458991713822
0.0458448641002
0.0457901395857
0.0457350201905
0.045679513365
0.0456236302853
0.045567382127
0.0455107837915
0.045453839004
0.045396566391
0.0453389771283
0.0452810786664
0.0452228859067
0.0451644100249
0.0451056621969
0.0450466535985
0.0449873954058
0.0449278950691
0.0448681749403
0.0448082387447
0.0447480939329
0.0446877628565
0.0446272492409
0.0445665679872
0.044505726546
0.0444447435439
0.0443836227059
0.0443223826587
0.0442610271275
0.0441995747387
0.044138032943
0.0440764129162
0.0440147295594
0.0439529940486
0.0438912138343
0.0438294038177
0.0437675751746
0.0437057390809
0.0436439067125
0.0435820892453
0.0435203015804
0.0434585474432
0.0433968454599
0.0433352030814
0.0432736352086
0.0432121530175
0.0431507639587
0.0430894829333
0.0430283173919
0.0429672896862
0.0429063998163
0.0428456626832
0.0427850931883
0.042724698782
0.0426644906402
0.0426044873893
0.0425446927547
0.0424851179123
0.0424257740378
0.0423666834831
0.0423078462481
0.0422492772341
0.0421909876168
0.0421329922974
0.0420752950013
0.0420179180801
0.0419608652592
0.0419041514397
0.0418477840722
0.0417917780578
0.0417361445725
0.0416808947921
0.0416260398924
0.0415715873241
0.0415175557137
0.0414639562368
0.0414108000696
0.0413580909371
0.041305847466
0.0412540845573
0.041202802211
0.041152022779
0.0411017462611
0.0410519987345
0.0410027839243
0.0409541092813
0.0409059971571
0.040858451277
0.0408114790916
0.0407651029527
0.0407193265855
0.0406741648912
0.0406296290457
0.0405857339501
0.0405424796045
0.0404998883605
0.0404579676688
0.0404167324305
0.0403761900961
0.0403363518417
0.0402972325683
0.0402588397264
0.0402211882174
0.040184289217
0.0401481539011
0.0401127934456
0.0400782227516
0.0400444418192
0.0400114767253
0.0399793349206
0.0399480201304
0.0399175472558
0.0398879349232
0.0398591868579
0.0398313142359
0.0398043394089
0.0397782623768
0.0397530980408
0.0397288575768
0.0397055521607
0.0396832004189
0.0396617986262
0.0396413728595
0.0396219268441
0.0396034792066
0.0395860299468
0.0395696014166
0.0395542010665
0.0395398400724
0.0395265296102
0.0395142771304
0.0395031049848
0.0394930131733
0.0394840203226
0.0394761413336
0.0394693762064
0.0394637472928
0.0394592583179
0.0394559241831
0.0394537560642
0.0394527688622
0.0394529663026
0.0394543670118
0.0394569784403
0.0394608154893
0.0394658856094
0.0394722037017
0.0394797809422
0.0394886247814
0.0394987538457
0.0395101755857
0.0395228974521
0.039536934346
0.0395523048937
0.0395690090954
0.0395870693028
0.0396064855158
0.039627276361
0.0396494530141
0.0396730266511
0.0396980084479
0.0397244058549
0.0397522374988
0.0397815071046
0.039812233299
0.0398444272578
0.0398780927062
0.039913251996
0.0399499088526
0.039988078177
0.0400277674198
0.0400689952075
0.0401117652655
0.04015609622
0.0402019955218
0.0402494706213
0.0402985438704
0.0403492152691
0.0404015034437
0.0404554195702
0.0405109748244
0.040568176657
0.040627039969
0.0406875759363
0.0407497957349
0.0408137105405
0.0408793352544
0.0409466773272
0.0410157479346
0.0410865619779
0.0411591269076
0.0412334576249
0.0413095653057
0.0413874611259
0.0414671525359
0.0415486544371
0.0416319780052
0.0417171418667
0.0418041460216
0.0418930090964
0.0419837348163
0.0420763492584
0.0421708524227
0.0422672517598
0.0423655696213
0.0424658097327
0.0425679944456
0.0426721200347
0.0427782125771
0.0428862720728
0.0429963134229
0.0431083552539
0.0432223975658
0.0433384627104
0.0434565544128
0.0435766838491
0.0436988733709
0.0438231229782
0.0439494438469
0.0440778508782
0.0442083701491
0.0443409867585
0.0444757267833
0.0446125976741
0.0447516106069
0.0448927916586
0.0450361296535
0.0451816506684
0.0453293584287
0.0454792678356
0.0456314012408
0.0457857474685
0.0459423325956
0.0461011640728
0.0462622605264
0.0464256256819
0.0465912744403
0.0467592142522
0.0469294600189
0.0471020266414
0.047276917845
0.047454148531
0.0476337298751
0.0478156767786
0.0480000004172
0.0481867007911
0.0483757555485
0.0485671237111
0.0487607754767
0.0489566735923
0.049154791981
0.0493550859392
0.0495575331151
0.0497620850801
0.0499687194824
0.0501773916185
0.0503880791366
0.0506007410586
0.0508153438568
0.0510318502784
0.0512502342463
0.0514704547822
0.0516924783587
0.0519162714481
0.0521417967975
0.0523690283298
0.0525979250669
0.0528284572065
0.0530605837703
0.053294274956
0.0535295009613
0.0537662170827
0.0540044009686
0.0542440079153
0.0544850118458
0.0547273717821
0.0549710579216
0.0552160292864
0.0554622597992
0.0557097159326
0.0559583567083
0.056208152324
0.0564590618014
0.056711062789
0.0569641143084
0.0572181791067
0.057473231107
0.057729229331
0.0579861365259
0.0582439303398
0.0585025660694
0.0587620101869
0.0590222366154
0.0592832006514
0.0595448799431
0.0598072260618
0.0600702166557
0.0603338107467
0.0605979785323
0.0608626827598
0.0611278861761
0.0613935664296
0.0616596750915
0.0619261860847
0.0621930621564
0.062460269779
0.06272777915
0.0629955455661
0.0632635429502
0.0635317414999
0.0638000965118
0.0640685781837
0.0643371492624
0.0646057799459
0.0648744404316
0.0651430785656
0.0654116794467
0.0656801909208
0.0659486055374
0.0662168711424
0.0664849430323
0.0667528137565
0.0670204162598
0.0672877430916
0.0675547495484
0.0678214132786
0.068087682128
0.0683535337448
0.0686189234257
0.0688838213682
0.0691482052207
0.0694120302796
0.0696752518415
0.0699378550053
0.0701997950673
0.0704610422254
0.0707215517759
0.0709813088179
0.0712402611971
0.0714983865619
0.0717556402087
0.0720119997859
0.0722674131393
0.0725218728185
0.0727753192186
0.0730277299881
0.0732790604234
0.0735292956233
0.0737783834338
0.0740263015032
0.0742730125785
0.0745184794068
0.0747626647353
0.0750055462122
0.0752470716834
0.0754872336984
0.0757259652019
0.0759632512927
0.0761990621686
0.076433353126
0.0766660869122
0.0768972411752
0.0771267712116
0.0773546546698
0.0775808468461
0.0778053179383
0.0780280306935
0.0782489478588
0.078468054533
0.0786852911115
0.0789006352425
0.0791140496731
0.079325504601
0.0795349627733
0.0797423869371
0.0799477547407
0.0801510214806
0.0803521573544
0.0805511176586
0.0807478800416
0.0809424072504
0.0811346620321
0.081324622035
0.081512235105
0.0816974788904
0.0818803086877
0.0820607021451
0.0822386220098
0.0824140310287
0.0825868844986
0.0827571749687
0.0829248577356
0.0830898806453
0.0832522213459
0.0834118574858
0.0835687443614
0.0837228372693
0.0838741213083
0.0840225443244
0.0841680839658
0.0843107104301
0.0844503715634
0.0845870524645
0.0847207084298
0.0848513096571
0.0849788114429
0.0851031914353
0.0852244123816
0.0853424444795
0.0854572355747
0.0855687633157
0.0856770053506
0.0857819095254
0.0858834385872
0.0859815850854
0.0860762894154
0.0861675292253
0.0862552672625
0.0863394588232
0.0864200890064
0.0864971056581
0.0865704938769
0.086640201509
0.0867062062025
0.086768463254
0.0868269354105
0.0868816077709
0.0869324356318
0.0869793891907
0.0870224162936
0.08706150949
0.0870966091752
0.087127700448
0.0871547460556
0.0871776938438
0.087196521461
0.0872112065554
0.0872216969728
0.0872279703617
0.0872299969196
0.0872277244925
0.0872211158276
0.0872101709247
0.0871948227286
0.0871750488877
0.087150812149
0.0871220752597
0.0870888158679
0.0870509967208
0.0870085731149
0.0869615226984
0.0869097933173
0.086853377521
0.0867922157049
0.0867262929678
0.0866555646062
0.0865799933672
0.0864995494485
0.0864142030478
0.0863239169121
0.0862286537886
0.0861283913255
0.0860230773687
0.085912682116
0.0857971832156
0.085676535964
0.0855507105589
0.0854196697474
0.0852833762765
0.085141800344
0.0849949195981
0.0848426669836
0.0846850499511
0.0845219939947
0.0843535065651
0.0841795057058
0.0840000063181
0.0838149562478
0.0836243927479
0.0834283977747
0.08322699368
0.0830202698708
0.0828082486987
0.0825909972191
0.0823685824871
0.0821410417557
0.0819084346294
0.0816708281636
0.0814282596111
0.081180781126
0.0809284597635
0.0806713625789
0.0804095119238
0.0801429897547
0.0798718333244
0.0795960947871
0.0793158560991
0.0790311396122
0.0787420198321
0.0784485414624
0.0781507715583
0.0778487473726
0.0775425434113
0.0772321969271
0.0769177675247
0.0765993148088
0.0762768909335
0.0759505406022
0.0756203383207
0.0752863287926
0.0749485567212
0.0746070891619
0.0742619782686
0.0739132836461
0.0735610499978
0.0732053369284
0.0728461965919
0.0724836811423
0.072117857635
0.0717487707734
0.0713764727116
0.0710010230541
0.0706224814057
0.0702408924699
0.0698563158512
0.0694688037038
0.0690784156322
0.0686851963401
0.0682892203331
0.0678905248642
0.0674891620874
0.0670851916075
0.0666786804795
0.0662696734071
0.065858207643
0.0654443725944
0.0650281980634
0.0646097436547
0.0641890689731
0.0637662261724
0.0633412674069
0.0629142522812
0.062485229224
0.0620542541146
0.0616213865578
0.0611866787076
0.060750182718
0.0603119581938
0.0598720535636
0.0594305284321
0.0589874386787
0.0585428290069
0.0580967664719
0.0576492957771
0.0572004802525
0.0567503683269
0.0562990158796
0.0558464825153
0.0553928166628
0.0549380742013
0.0544823110104
0.0540255829692
0.0535679422319
0.0531094409525
0.0526501424611
0.0521900914609
0.0517293512821
0.0512679703534
0.050806004554
0.0503435097635
0.0498805418611
0.0494171530008
0.0489533990622
0.0484893359244
0.0480250157416
0.0475604906678
0.047095824033
0.0466310605407
0.046166267246
0.0457014814019
0.0452367737889
0.0447721891105
0.0443077869713
0.0438436232507
0.0433797426522
0.0429162159562
0.042453084141
0.0419904068112
0.0415282361209
0.0410666279495
0.0406056456268
0.0401453338563
0.0396857485175
0.0392269454896
0.0387689769268
0.0383119024336
0.0378557704389
0.0374006442726
0.0369465686381
0.0364936068654
0.0360418073833
0.0355912297964
0.0351419262588
0.0346939489245
0.034247353673
0.0338022001088
0.0333585366607
0.0329164229333
0.0324759110808
0.0320370532572
0.0315999090672
0.031164528802
0.0307309664786
0.0302992798388
0.0298695266247
0.0294417589903
0.0290160235018
0.0285923853517
0.0281709041446
0.027751615271
0.0273345839232
0.026919869706
0.0265075154603
0.0260975882411
0.0256901364774
0.025285217911
0.0248828828335
0.0244831852615
0.0240861866623
0.0236919336021
0.0233004856855
0.0229119006544
0.0225262232125
0.0221435166895
0.0217638332397
0.0213872268796
0.0210137497634
0.0206434633583
0.0202764105052
0.0199126601219
0.0195522624999
0.01919526048
0.0188417285681
0.0184917077422
0.0181452576071
0.0178024228662
0.0174632724375
0.0171278547496
0.0167962275445
0.0164684448391
0.0161445476115
0.0158246085048
0.0155086750165
0.0151968086138
0.0148890540004
0.0145854651928
0.0142861027271
0.0139910280704
0.0137002719566
0.013413910754
0.0131320040673
0.0128545844927
0.012581711635
0.0123134618625
0.0120498659089
0.0117909852415
0.0115368813276
0.0112875979394
0.0110431984067
0.0108037265018
0.0105692604557
0.0103398216888
0.0101154940203
0.00989630911499
0.00968235079199
0.0094736404717
0.00927024893463
0.00907223578542
0.00887963920832
0.00869252812117
0.00851096399128
0.00833498407155
0.00816465076059
0.00800000037998
0.00784110464156
0.00768792675808
0.00754042714834
0.0073985690251
0.00726231373847
0.00713162403554
0.00700646126643
0.0068867886439
0.00677256705239
0.00666375923902
0.00656032701954
0.00646223220974
0.00636943755671
0.00628190487623
0.00619959644973
0.00612247362733
0.00605049869046
0.00598363438621
0.00592184253037
0.00586508447304
0.00581332342699
0.00576652027667
0.00572463823482
0.00568763865158
0.00565548334271
0.0056281350553
0.0056055560708
0.00558770773932
0.00557455280796
0.00556605262682
0.00556217040867
0.00556286657229
0.00556810386479
0.00557784503326
0.00559205189347
0.00561068626121
0.00563370995224
0.00566108524799
0.00569277489558
0.00572873977944
0.005768943578
0.00581334671006
0.00586191192269
0.00591460196301
0.00597137771547
0.00603220146149
0.00609703687951
0.00616584345698
0.006238585338
0.006315223407
0.00639572041109
0.00648003909737
0.0065681389533
0.00665998505428
0.00675553781912
0.00685475952923
0.00695761246607
0.00706405844539
0.00717406021431
0.00728758005425
0.00740457698703
0.00752501748502
0.00764886196703
0.00777607085183
0.00790660828352
0.0080404356122
0.00817751232535
0.00831780768931
0.00846127513796
0.00860788300633
0.00875759124756
0.00891036167741
0.00906615518034
0.00922493636608
0.00938666518778
0.00955130532384
0.00971881765872
0.0098891640082
0.0100623099133
0.0102382134646
0.0104168374091
0.010598144494
0.0107820956036
0.0109686572105
0.0111577855423
0.0113494452089
0.0115436017513
0.0117402095348
0.0119392368942
0.0121406428516
0.0123443901539
0.0125504443422
0.0127587625757
0.0129693094641
0.0131820477545
0.0133969336748
0.0136139374226
0.0138330152258
0.0140541326255
0.0142772523686
0.0145023334771
0.0147293386981
0.0149582279846
0.0151889696717
0.0154215218499
0.0156558472663
0.015891905874
0.0161296632141
0.0163690783083
0.0166101139039
0.0168527346104
0.0170968975872
0.0173425711691
0.0175897143781
0.0178382899612
0.0180882588029
0.0183395836502
0.018592223525
0.0188461430371
0.0191013067961
0.0193576775491
0.0196152087301
0.0198738723993
0.020133625716
0.0203944295645
0.0206562466919
0.0209190398455
0.0211827754974
0.021447410807
0.0217129103839
0.0219792313874
0.0222463402897
0.022514199838
0.0227827690542
0.0230520106852
0.0233218856156
0.0235923621804
0.0238633975387
0.0241349544376
0.0244069937617
0.0246794801205
0.0249523706734
0.0252256337553
0.0254992265254
0.0257731191814
0.0260472595692
0.0263216197491
0.0265961643308
0.0268708523363
0.0271456371993
0.0274204909801
0.027695376426
0.0279702525586
0.0282450765371
0.0285198166966
0.0287944357842
0.0290688928217
0.0293431505561
0.0296171698719
0.0298909191042
0.0301643498242
0.0304374322295
0.0307101272047
0.0309823956341
0.0312541946769
0.0315254963934
0.0317962542176
0.0320664346218
0.0323360003531
0.0326049141586
0.0328731276095
0.0331406183541
0.0334073379636
0.0336732529104
0.0339383259416
0.0342025160789
0.0344657823443
0.0347280986607
0.034989412874
0.0352496951818
0.0355089046061
0.0357670113444
0.0360239669681
0.0362797379494
0.0365342795849
0.0367875695229
0.0370395518839
0.0372902080417
0.0375394821167
0.037787348032
0.0380337536335
0.0382786765695
0.0385220721364
0.038763910532
0.0390041358769
0.0392427258193
0.0394796431065
0.0397148393095
0.0399482809007
0.0401799306273
0.0404097549617
0.0406377054751
0.0408637560904
0.0410878546536
0.0413099825382
0.0415300801396
0.0417481325567
0.0419640801847
0.0421778969467
0.0423895381391
0.042598977685
0.0428061671555
0.0430110730231
0.0432136505842
0.0434138774872
0.0436117015779
0.0438070893288
0.0440000034869
0.0441904105246
0.0443783178926
0.0445637330413
0.044746670872
0.0449271425605
0.0451051592827
0.0452807247639
0.0454538650811
0.0456245802343
0.0457928813994
0.0459587872028
0.0461223088205
0.0462834499776
0.0464422255754
0.0465986467898
0.0467527247965
0.0469044744968
0.047053899616
0.0472010187805
0.0473458431661
0.0474883764982
0.0476286374032
0.0477666333318
0.047902379185
0.0480358824134
0.0481671579182
0.04829621315
0.04842306301
0.0485477186739
0.0486701913178
0.0487904846668
0.0489086210728
0.0490246079862
0.0491384528577
0.0492501705885
0.0493597723544
0.0494672730565
0.0495726764202
0.0496759973466
0.0497772470117
0.0498764365911
0.049973577261
0.0500686839223
0.0501617603004
0.050252828747
0.0503418892622
0.0504289567471
0.0505140498281
0.0505971722305
0.0506783314049
0.0507575497031
0.0508348271251
0.0509101822972
0.0509836263955
0.0510551705956
0.0511248223484
0.0511925965548
0.0512585006654
0.0513225533068
0.0513847619295
0.0514451302588
0.0515036843717
0.0515604242682
0.0516153611243
0.0516685172915
0.0517198890448
0.0517694987357
0.0518173575401
0.0518634691834
0.0519078522921
0.0519505143166
0.0519914664328
0.0520307198167
0.0520682893693
0.0521041825414
0.0521384105086
0.0521709918976
0.0522019304335
0.052231233567
0.0522589236498
0.0522850044072
0.0523094944656
0.0523323938251
0.0523537248373
0.0523734875023
0.0523917041719
0.0524083822966
0.0524235330522
0.0524371676147
0.0524492934346
0.0524599291384
0.0524690821767
0.05247676
0.0524829812348
0.0524877533317
0.0524910874665
0.0524929985404
0.0524934902787
0.0524925775826
0.0524902790785
0.0524865984917
0.052481546998
0.0524751394987
0.052467379719
0.0524582900107
0.052447874099
0.0524361431599
0.0524231158197
0.0524087958038
0.0523931980133
0.0523763336241
0.0523582100868
0.0523388423026
0.0523182451725
0.0522964186966
0.0522733852267
0.0522491522133
0.0522237308323
0.0521971359849
0.0521693713963
0.0521404519677
0.052110388875
0.0520791970193
0.0520468838513
0.0520134605467
0.0519789382815
0.0519433319569
0.0519066527486
0.0518689081073
0.0518301129341
0.0517902709544
0.0517494007945
0.0517075136304
0.0516646169126
0.0516207255423
0.0515758544207
0.0515300035477
0.0514831952751
0.0514354333282
0.0513867363334
0.051337108016
0.0512865632772
0.0512351132929
0.0511827692389
0.0511295422912
0.0510754473507
0.0510204844177
0.0509646832943
0.05090803653
0.0508505664766
0.0507922805846
0.0507331937551
0.0506733134389
0.0506126508117
0.0505512170494
0.0504890270531
0.0504260919988
0.0503624230623
0.0502980276942
0.0502329170704
0.0501671098173
0.0501006059349
0.0500334315002
0.049965582788
0.0498970746994
0.0498279295862
0.0497581474483
0.0496877394617
0.0496167242527
0.0495451129973
0.0494729056954
0.0494001246989
0.0493267774582
0.0492528788745
0.0491784363985
0.0491034574807
0.0490279607475
0.0489519573748
0.048875451088
0.0487984605134
0.0487209968269
0.0486430637538
0.048564683646
0.0484858565032
0.0484066084027
0.0483269318938
0.0482468567789
0.0481663756073
0.0480855219066
0.0480042845011
0.047922693193
0.0478407479823
0.0477584600449
0.0476758442819
0.0475929118693
0.0475096777081
0.0474261455238
0.0473423339427
0.0472582504153
0.0471739061177
0.0470893122256
0.0470044799149
0.0469194203615
0.0468341484666
0.046748675406
0.046663004905
0.0465771555901
0.0464911386371
0.0464049577713
0.0463186353445
0.0462321713567
0.0461455918849
0.0460588894784
0.0459720902145
0.0458851978183
0.0457982346416
0.045711196959
0.0456241033971
0.0455369614065
0.0454497896135
0.0453625954688
0.0452753938735
0.0451881848276
0.0451009906828
0.0450138188899
0.0449266843498
0.0448395870626
0.0447525493801
0.044665582478
0.0445786938071
0.0444918982685
0.0444052070379
0.0443186201155
0.044232159853
0.0441458411515
0.0440596677363
0.0439736507833
0.0438878014684
0.0438021346927
0.0437166653574
0.0436313971877
0.0435463413596
0.0434615164995
0.0433769263327
0.0432925857604
0.043208502233
0.0431246981025
0.0430411696434
0.0429579429328
0.0428750179708
0.0427924059331
0.042710121721
0.0426281876862
0.0425466001034
0.0424653738737
0.0423845164478
0.042304046452
0.0422239750624
0.0421443134546
0.0420650616288
0.041986245662
0.0419078730047
0.0418299511075
0.0417524985969
0.0416755117476
0.0415990166366
0.0415230207145
0.0414475314319
0.0413725674152
0.0412981323898
0.0412242375314
0.0411509014666
0.0410781279206
0.0410059429705
0.0409343317151
0.040863327682
0.0407929308712
0.040723156184
0.0406540259719
0.0405855365098
0.0405176952481
0.040450528264
0.0403840392828
0.0403182394803
0.0402531437576
0.0401887632906
0.0401251018047
0.0400621816516
0.0400000028312
0.0399385802448
0.0398779176176
0.0398179963231
0.0397588200867
0.0397003889084
0.0396426916122
0.0395857170224
0.0395294725895
0.0394739471376
0.0394191369414
0.039365042001
0.0393116474152
0.0392589606345
0.0392069630325
0.0391556620598
0.0391050428152
0.039055109024
0.0390058532357
0.0389572679996
0.0389093533158
0.0388621017337
0.0388155058026
0.0387695617974
0.0387242734432
0.038679625839
0.0386356152594
0.0385922417045
0.0385494977236
0.0385073758662
0.0384658761322
0.0384249947965
0.0383847206831
0.038345053792
0.0383059866726
0.038267519325
0.0382296405733
0.0381923504174
0.0381556414068
0.0381195098162
0.0380839519203
0.0380489602685
0.0380145311356
0.0379806607962
0.037947345525
0.0379145778716
0.0378823578358
0.0378506705165
0.037819519639
0.0377889052033
0.0377588048577
0.0377292335033
0.0377001725137
0.0376716256142
0.0376435816288
0.0376160405576
0.0375889986753
0.0375624448061
0.0375363789499
0.0375107936561
0.0374856851995
0.03746105358
0.0374368838966
0.0374131835997
0.0373899377882
0.0373671427369
0.037344802171
0.0373229049146
0.0373014435172
0.0372804179788
0.0372598208487
0.037239652127
0.0372199006379
0.0372005663812
0.0371816419065
0.0371631234884
0.0371450074017
0.0371272861958
0.0371099561453
0.037093013525
0.0370764508843
0.0370602719486
0.0370444580913
0.037029016763
0.0370139367878
0.0369992144406
0.0369848459959
0.0369708277285
0.0369571521878
0.0369438156486
0.0369308143854
0.0369181409478
0.0369057953358
0.0368937663734
0.0368820540607
0.0368706546724
0.0368595607579
0.0368487648666
0.0368382669985
0.0368280634284
0.036818139255
0.0368085056543
0.0367991439998
0.0367900542915
0.0367812365294
0.0367726795375
0.036764383316
0.036756336689
0.0367485396564
0.036740988493
0.0367336757481
0.0367265939713
0.0367197431624
0.0367131195962
0.0367067158222
0.036700528115
0.0366945490241
0.0366887748241
0.0366832055151
0.0366778299212
0.0366726480424
0.0366676487029
0.0366628319025
0.0366581976414
0.0366537310183
0.0366494357586
0.0366453006864
0.0366413220763
0.0366374999285
0.0366338267922
0.0366302914917
0.0366269014776
0.0366236492991
0.0366205200553
0.0366175174713
0.0366146340966
0.0366118662059
0.0366092100739
0.0366066619754
0.0366042070091
0.0366018563509
0.0365995950997
0.0365974158049
0.036595325917
0.036593310535
0.0365913659334
0.0365894921124
0.036587677896
0.036585919559
0.0365842171013
0.0365825667977
0.0365809574723
0.0365793891251
0.0365778505802
0.0365763455629
0.0365748666227
0.0365734025836
0.036571957171
0.0365705229342
0.0365690924227
0.0365676656365
0.0365662313998
0.0365647897124
0.0365633368492
0.0365618653595
0.0365603677928
0.0365588478744
0.0365572944283
0.0365557000041
0.036554068327
0.0365523844957
0.0365506522357
0.0365488640964
0.0365470126271
0.0365450978279
0.0365431159735
0.0365410558879
0.036538913846
0.0365366861224
0.0365343764424
0.0365319661796
0.0365294553339
0.0365268439054
0.0365241244435
0.0365212932229
0.0365183390677
0.0365152657032
0.0365120582283
0.0365087240934
0.0365052558482
0.0365016423166
0.0364978797734
0.0364939682186
0.0364899002016
0.0364856682718
0.0364812761545
0.0364767089486
0.0364719666541
0.0364670492709
0.0364619418979
0.0364566482604
0.0364511571825
0.0364454723895
0.0364395752549
0.0364334769547
0.0364271588624
0.0364206284285
0.0364138744771
0.0364068932831
0.0363996736705
0.0363922268152
0.0363845303655
0.0363765880466
0.0363683961332
0.0363599434495
0.0363512374461
0.0363422594965
0.0363330133259
0.0363234914839
0.0363136902452
0.0363036058843
0.0362932309508
0.0362825617194
0.0362715907395
0.036260318011
0.0362487360835
0.0362368375063
0.0362246260047
0.0362120866776
0.0361992232502
0.0361860282719
0.0361724942923
0.0361586175859
0.0361443944275
0.0361298248172
0.0361148938537
0.0360995978117
0.0360839404166
0.0360679142177
0.0360515117645
0.0360347256064
0.0360175594687
0.0360000021756
