-0.00801863707602
-0.00801863707602
-0.0225285496563
-0.0347474217415
-0.044675257057
-0.0523120649159
-0.057657815516
-0.0607125535607
-0.0614761933684
-0.0599488541484
-0.0561304017901
-0.0500210113823
-0.0416206307709
-0.0309289880097
-0.0179464109242
-0.00267289555632
0.0148917892948
0.0347474105656
0.0568942017853
0.0813319906592
0.108060710132
0.13708037138
0.16839119792
0.201317697763
0.233157232404
0.26323440671
0.291549354792
0.31810182333
0.342891782522
0.36591988802
0.387185007334
0.406688511372
0.424429059029
0.440406829119
0.45462346077
0.467077344656
0.477768450975
0.486697047949
0.493864506483
0.49926802516
0.5029104352
0.504789829254
0.5049071908
0.503261566162
0.499853849411
0.494684070349
0.487754106522
0.479057401419
0.468601465225
0.456823945045
0.445495337248
0.435058951378
0.425512880087
0.416858106852
0.40909460187
0.402221441269
0.396240472794
0.391149878502
0.386951476336
0.383641541004
0.381226629019
0.379698336124
0.379066884518
0.379320204258
0.380469471216
0.382507205009
0.385437130928
0.38925743103
0.393968045712
0.399362266064
0.404600024223
0.40947085619
0.413976579905
0.418119102716
0.421890974045
0.425301462412
0.428343176842
0.43101978302
0.433331340551
0.435275942087
0.436857312918
0.438069909811
0.438919275999
0.439401686192
0.439517170191
0.439269453287
0.438654780388
0.437673151493
0.436330199242
0.434614688158
0.432612359524
0.430606275797
0.428676575422
0.42681953311
0.425035119057
0.423323333263
0.421686083078
0.420119583607
0.418633192778
0.417213857174
0.415865302086
0.414602428675
0.413395434618
0.412277847528
0.411227315664
0.410251289606
0.409342318773
0.408511579037
0.407755345106
0.407073616982
0.406462669373
0.40592622757
0.405460566282
0.405065685511
0.404756486416
0.404503166676
0.404339253902
0.404242396355
0.404216319323
0.404253572226
0.40430572629
0.404354155064
0.404410034418
0.404465913773
0.404518067837
0.404573947191
0.404633551836
0.40468943119
0.404749035835
0.40481236577
0.404875695705
0.40493530035
0.405002355576
0.405069410801
0.405132740736
0.405199795961
0.405270576477
0.405337631702
0.405415862799
0.405482918024
0.40555369854
0.405631929636
0.405710160732
0.405784666538
0.405859172344
0.405944854021
0.406023085117
0.406105041504
0.4061832726
0.406268954277
0.406358361244
0.406440317631
0.406525999308
0.406619131565
0.406701087952
0.40680167079
0.406891077757
0.406995385885
0.407122045755
0.407259881496
0.407408893108
0.407580256462
0.407766520977
0.407963961363
0.4081800282
0.408407270908
0.408653140068
0.408913910389
0.409189581871
0.409480154514
0.409793078899
0.410109728575
0.410445004702
0.41080263257
0.411163985729
0.411555141211
0.411950021982
0.412367254496
0.41279193759
0.413194268942
0.413604050875
0.413976579905
0.414341658354
0.414684385061
0.415012210608
0.415325134993
0.415615707636
0.415898829699
0.416152149439
0.416405469179
0.416628986597
0.416837602854
0.417031317949
0.417217582464
0.417359143496
0.417515605688
0.417642265558
0.417746573687
0.417835980654
0.41791793704
0.417970091105
0.418014794588
0.41803714633
0.418052047491
0.41803714633
0.418014794588
0.417962640524
0.41791048646
0.417835980654
0.417739123106
0.417627364397
0.417508155107
0.417359143496
0.417195230722
0.417023867369
0.416859954596
0.416710942984
0.416569381952
0.416450172663
0.416323512793
0.416219204664
0.416144698858
0.416062742472
0.416003137827
0.415943533182
0.41592118144
0.415883928537
0.415869027376
0.415883928537
0.415891379118
0.41591373086
0.415958434343
0.416003137827
0.416070193052
0.416144698858
0.416241556406
0.416338413954
0.416457623243
0.416584283113
0.416725844145
0.416874855757
0.41704621911
0.417232483625
0.41741129756
0.417619913816
0.417835980654
0.418066948652
0.418312817812
0.418558686972
0.418841809034
0.419110029936
0.419378250837
0.419639021158
0.419869989157
0.420093506575
0.420317023993
0.420510739088
0.420704454184
0.420860916376
0.42103973031
0.421173840761
0.421307951212
0.421427160501
0.42153146863
0.421620875597
0.421702831984
0.421762436628
0.421814590693
0.421851843596
0.421881645918
0.421889096498
0.421881645918
0.421866744757
0.421836942434
0.421792238951
0.421732634306
0.421665579081
0.421576172113
0.421486765146
0.421360105276
0.421255797148
0.421099334955
0.420950323343
0.42078641057
0.420607596636
0.420421332121
0.420205265284
0.419989198446
0.419750779867
0.419519811869
0.41928139329
0.419028073549
0.418774753809
0.418528884649
0.418268114328
0.418007344007
0.417731672525
0.417463451624
0.417187780142
0.41691210866
0.416621536016
0.416338413954
0.416047841311
0.415749818087
0.415444344282
0.415131419897
0.414833396673
0.414520472288
0.414200097322
0.413879722357
0.413551896811
0.413224071264
0.412903696299
0.412642925978
0.412479013205
0.412367254496
0.412359803915
0.41241940856
0.412560969591
0.412784487009
0.413082510233
0.413469940424
0.41392442584
0.414460867643
0.415086716413
0.415772169828
0.416561931372
0.41741129756
0.418350070715
0.419378250837
0.420451134443
0.421643227339
0.422894924879
0.424221128225
0.4256516397
0.427126854658
0.4286467731
0.430002778769
0.43115016818
0.432088941336
0.432789295912
0.433281034231
0.433564156294
0.433623760939
0.433474749327
0.433102220297
0.43252107501
0.431731313467
0.430703133345
0.429481238127
0.428035825491
0.426366895437
0.424504250288
0.42240318656
0.420093506575
0.417590111494
0.414848297834
0.411942571402
0.409260362387
0.406786769629
0.404551595449
0.402584642172
0.400826305151
0.39932128787
0.39806959033
0.397056311369
0.396266549826
0.395730108023
0.39544698596
0.395402282476
0.395610898733
0.396013230085
0.3966986835
0.397637456656
0.398769944906
0.40018555522
0.401824682951
0.403672426939
0.405505269766
0.407278507948
0.409007042646
0.4106759727
0.412315100431
0.413879722357
0.415369838476
0.416859954596
0.418245762587
0.419616669416
0.420927971601
0.422164767981
0.423371762037
0.424519151449
0.425592035055
0.426664918661
0.427618592978
0.428557366133
0.429451435804
0.430256098509
0.431045860052
0.431761115789
0.432446569204
0.433042615652
0.433608859777
0.434130400419
0.434562534094
0.434979766607
0.435322493315
0.435620516539
0.435873836279
0.436067551374
0.436201661825
0.436305969954
0.436365574598
0.436425179243
0.436410278082
0.436395376921
0.436335772276
0.436231464148
0.436097353697
0.435948342085
0.435739725828
0.43551620841
0.43526288867
0.434949964285
0.434622138739
0.43426451087
0.433877080679
0.433459848166
0.432968109846
0.432476371527
0.431954830885
0.431403487921
0.430777639151
0.430181592703
0.429511040449
0.42890009284
0.428229540586
0.427558988333
0.426888436079
0.426217883825
0.425517529249
0.424817174673
0.424116820097
0.42340156436
0.422671407461
0.421956151724
0.421196192503
0.420466035604
0.419691175222
0.418931216002
0.418141454458
0.417381495237
0.416576832533
0.41578707099
0.414967507124
0.414147943258
0.413328379393
0.412493914366
0.411644548178
0.41079518199
0.409945815802
0.40905174613
0.408187478781
0.40730831027
0.406414240599
0.405564874411
0.404730409384
0.404000252485
0.403240293264
0.402554839849
0.401928991079
0.40131804347
0.400751799345
0.400215357542
0.399768322706
0.399306386709
0.398933857679
0.39856132865
0.398248404264
0.397980183363
0.397756665945
0.39756295085
0.397413939238
0.397309631109
0.397250026464
0.397220224142
0.397235125303
0.397309631109
0.397413939238
0.39756295085
0.397771567106
0.398039788008
0.398382514715
0.398799747229
0.399261683226
0.39981302619
0.400409072638
0.401079624891
0.40180978179
0.402614444494
0.403478711843
0.404417484999
0.405415862799
0.406488746405
0.407606333494
0.40879842639
0.410065025091
0.411391228437
0.41279193759
0.414237350225
0.415757268667
0.417366594076
0.419020622969
0.420734256506
0.422507494688
0.424385040998
0.426247686148
0.427976220846
0.429555743933
0.430926650763
0.432103842497
0.43314692378
0.433966487646
0.434622138739
0.435084074736
0.435396999121
0.435486406088
0.435441702604
0.435173481703
0.434741348028
0.43414530158
0.433355540037
0.432372063398
0.431209772825
0.429883569479
0.428378552198
0.426679819822
0.424802273512
0.422745913267
0.420495837927
0.418096750975
0.415503948927
0.412702530622
0.409752100706
0.406712263823
0.403895944357
0.401467055082
0.399365991354
0.397622555494
0.396206945181
0.395178765059
0.39444860816
0.394105881453
0.394090980291
0.394418805838
0.395134061575
0.396147340536
0.397518247366
0.399261683226
0.401332944632
0.403776735067
0.406533449888
0.409647792578
0.413134664297
0.416845053434
0.420376628637
0.4236548841
0.4266500175
0.429376929998
0.431820720434
0.43401119113
0.435903638601
0.437527865171
0.438913673162
0.439971655607
0.440791219473
0.441327661276
0.441610783339
0.441580981016
0.441297858953
0.44076141715
0.439926952124
0.438824266195
0.437453359365
0.435799330473
0.43389198184
0.431686609983
0.429287523031
0.426888436079
0.424623459578
0.422432988882
0.420317023993
0.418305367231
0.416368216276
0.414535373449
0.41279193759
0.411137908697
0.409558385611
0.408098071814
0.406697362661
0.405400961637
0.404208868742
0.403091281652
0.402048200369
0.401124328375
0.400274962187
0.399515002966
0.398844450712
0.398293107748
0.397771567106
0.397413939238
0.39707121253
0.396862596273
0.396743386984
0.396713584661
0.396758288145
0.396907299757
0.397130817175
0.397458642721
0.397875875235
0.398382514715
0.398978561163
0.399649113417
0.400423973799
0.401288241148
0.40218231082
0.403106182814
0.404089659452
0.405043333769
0.406086415052
0.407129496336
0.408232182264
0.409334868193
0.410497158766
0.411689251661
0.412881344557
0.414162844419
0.41541454196
0.416725844145
0.418066948652
0.419467657804
0.420838564634
0.422298878431
0.423788994551
0.425249308348
0.426828831434
0.428378552198
0.429958075285
0.431597203016
0.433295935392
0.434935063124
0.436693400145
0.438451737165
0.440210074186
0.442087620497
0.443845957518
0.445395678282
0.446587771177
0.447452038527
0.448018282652
0.448197096586
0.448137491941
0.447690457106
0.446915596724
0.445842713118
0.444382399321
0.442713469267
0.440597504377
0.438213318586
0.435471504927
0.432431668043
0.429064005613
0.425338715315
0.421315401793
0.416964262724
0.412315100431
0.407248705626
0.401914089918
0.396281450987
0.390261381865
0.383913487196
0.377327173948
0.370293825865
0.363051861525
0.355362862349
0.347465246916
0.339329212904
0.331640213728
0.324666470289
0.318288773298
0.312566757202
0.307470560074
0.303030014038
0.29918551445
0.296026468277
0.293463468552
0.291585922241
0.290304422379
0.289678573608
0.289708375931
0.290334224701
0.291645526886
0.293582677841
0.296115875244
0.29930472374
0.303149223328
0.307649374008
0.312745571136
0.318527191877
0.324815481901
0.331461399794
0.338256329298
0.345289677382
0.352591246367
0.360041826963
0.367730826139
0.375628441572
0.383794277906
0.392138928175
0.4006921947
0.409483879805
0.418484181166
0.427693098783
0.437110632658
0.446796387434
0.456660956144
0.466734141111
0.477045744658
0.487536162138
0.497847765684
0.506103038788
0.511795282364
0.515043735504
0.515758991241
0.514000654221
0.509709119797
0.502914190292
0.493645638227
0.481843918562
0.467538803816
0.450760096312
0.431448191404
0.409662693739
0.385343998671
0.358521908522
0.329226225615
0.297427177429
0.263094902039
0.226259216666
0.186949953437
0.145107507706
0.101745121181
0.0606775246561
0.0228583794087
-0.011712311767
-0.0429749451578
-0.0710487365723
-0.0957846567035
-0.117361538112
-0.135570764542
-0.150591135025
-0.162303432822
-0.170826897025
-0.176042303443
-0.177979454398
-0.176697954535
-0.172168001533
-0.164329990745
-0.153243541718
-0.138968229294
-0.12132524699
-0.100463621318
-0.0763833522797
-0.0490248166025
-0.0183880329132
0.0154972067103
0.0526606999338
0.0930428430438
0.136703252792
0.182449802756
0.225514158607
0.264674425125
0.299990177155
0.331431597471
0.359028548002
0.3827213943
0.402569741011
0.418513983488
0.430583924055
0.438868969679
0.443190306425
0.443696945906
0.440299481153
0.433087319136
0.421941250563
0.406950682402
0.38808581233
0.365376442671
0.338762968779
0.308305025101
0.27397274971
0.23654101789
0.199228510261
0.162839874625
0.127345323563
0.0926554128528
0.0590085946023
0.026106832549
-0.00575184775516
-0.0368058681488
-0.0669658184052
-0.0961720868945
-0.124514095485
-0.151991844177
-0.178486093879
-0.204175695777
-0.228941425681
-0.252783298492
-0.275701284409
-0.29781460762
-0.318944424391
-0.339239805937
-0.358611315489
-0.377118557692
-0.394642323256
-0.411361426115
-0.427126854658
-0.44199821353
-0.456035107374
-0.469118326902
-0.481277674437
-0.492632359266
-0.50300359726
-0.512510538101
-0.521034002304
-0.528216362
-0.533878803253
-0.538140535355
-0.540912151337
-0.542253255844
-0.542134046555
-0.540554523468
-0.537514686584
-0.532984733582
-0.527054071426
-0.519663095474
-0.510811805725
-0.500470399857
-0.488728255033
-0.475466221571
-0.460773676634
-0.444680422544
-0.427007645369
-0.407993763685
-0.387489765882
-0.365525454283
-0.342130631208
-0.31718608737
-0.290900468826
-0.263094902039
-0.233858808875
-0.203102812171
-0.171005710959
-0.137358903885
-0.102311365306
-0.0657737255096
-0.0282525997609
0.00846385955811
0.0439286194742
0.0780522823334
0.110983841121
0.142604112625
0.172942861915
0.202059730887
0.229835495353
0.256389379501
0.281691551208
0.305652618408
0.328391760588
0.349849432707
0.370025604963
0.388950079679
0.406622856855
0.422984331846
0.438034504652
0.451922386885
0.46446916461
0.475734442472
0.485777825117
0.494509905577
0.501990318298
0.508159399033
0.513136386871
0.516772270203
0.519186258316
0.520288944244
0.520139932632
0.518709421158
0.516176223755
0.513017177582
0.509530305862
0.505536794662
0.501215457916
0.49641725421
0.491172045469
0.485599011183
0.479549139738
0.473052233458
0.466227501631
0.458896130323
0.451207131147
0.443041294813
0.43451783061
0.425517529249
0.416159600019
0.406295031309
0.396132439375
0.38546320796
0.374406546354
0.362932652235
0.351041525602
0.338703364134
0.325977772474
0.312834978104
0.299245119095
0.285238027573
0.270843505859
0.256061553955
0.240772947669
0.225096926093
0.209063276649
0.192522987723
0.17562507093
0.1582801193
0.140517950058
0.122338525951
0.103771679103
0.0850558206439
0.0674426555634
0.0512599907815
0.0365078449249
0.0231564026326
0.0111758699641
0.000655651034322
-0.00843405723572
-0.0161826610565
-0.0225007515401
-0.0273287277669
-0.0308155994862
-0.032901763916
-0.0335276126862
-0.0327527523041
-0.0306069832295
-0.0269710998982
-0.0219941120595
-0.0155568113551
-0.00774860335514
0.00151991832536
0.0121295442805
0.0242292862386
0.0376999378204
0.052601095289
0.0689327716827
0.0866055414081
0.105768434703
0.126272439957
0.148266553879
0.17163155973
0.196397289634
0.22205708921
0.246375784278
0.268757343292
0.289291143417
0.307947397232
0.324666470289
0.339537829161
0.352501839399
0.363588303328
0.372767418623
0.38009878993
0.38546320796
0.389009684324
0.390678614378
0.390380591154
0.388234823942
0.38421151042
0.378280848265
0.370472639799
0.360757082701
0.349163979292
0.335693329573
0.320315331221
0.303030014038
0.283926725388
0.262856483459
0.239938482642
0.215738996863
0.192701801658
0.17151235044
0.152140855789
0.134497880936
0.11870264262
0.10472535342
0.0925660058856
0.0821649953723
0.0736117362976
0.0668168067932
0.0618696175516
0.0587105713785
0.057369466871
0.0578165017068
0.0600814782083
0.0641047954559
0.0700056552887
0.0777244567871
0.087141983211
0.0981390401721
0.109314911067
0.120490781963
0.131487846375
0.142455101013
0.153362751007
0.16415117681
0.174909815192
0.185519441962
0.196069464087
0.206559881568
0.216960892081
0.22730229795
0.237524494529
0.247687086463
0.257790088654
0.267744064331
0.277698040009
0.287532806396
0.29730796814
0.306904315948
0.316232413054
0.325143307447
0.333636969328
0.341802805662
0.349551409483
0.35688278079
0.363886326551
0.370532244444
0.376701325178
0.382572382689
0.387996405363
0.393032997847
0.397741764784
0.402003496885
0.40593740344
0.409454077482
0.412583321333
0.415354937315
0.417679518461
0.419676274061
0.42128559947
0.422507494688
0.423341959715
0.423729389906
0.423818796873
0.423520773649
0.423073738813
0.422477692366
0.421732634306
0.420838564634
0.419855087996
0.418692797422
0.41741129756
0.415980786085
0.414431065321
0.412732332945
0.410914391279
0.408947438002
0.406831473112
0.404596298933
0.402212113142
0.399708718061
0.397056311369
0.394254893064
0.391364067793
0.388264626265
0.385105580091
0.381797522306
0.378608673811
0.375568836927
0.372648209333
0.369936197996
0.367283791304
0.364840000868
0.362485617399
0.360339850187
0.35825368762
0.356405943632
0.354647606611
0.35300847888
0.351607769728
0.350236862898
0.349074572325
0.348031491041
0.347167223692
0.346451967955
0.345826119184
0.345349282026
0.345081061125
0.344872444868
0.344872444868
0.34502145648
0.345259875059
0.345677107573
0.346213549376
0.346928805113
0.34776327014
0.348746746778
0.349909037352
0.351369351149
0.353217095137
0.355362862349
0.357866257429
0.360727280378
0.363886326551
0.367432802916
0.371307104826
0.375539034605
0.38009878993
0.384986370802
0.390261381865
0.395834416151
0.401765078306
0.40805336833
0.414699286222
0.421643227339
0.428944796324
0.436603993177
0.4446208179
0.452935665846
0.461608141661
0.470638245344
0.480055779219
0.489711731672
0.499784916639
0.510185956955
0.520944595337
0.531554222107
0.540137290955
0.546246767044
0.549912452698
0.551015138626
0.549674034119
0.545889139175
0.539541244507
0.530779361725
0.51948428154
0.505715608597
0.489443510771
0.470727652311
0.449478596449
0.425785750151
0.399589508772
0.370949476957
0.339746445417
0.306099653244
0.26997923851
0.231325611472
0.190258011222
0.14665722847
0.101417295635
0.0578463040292
0.0167787075043
-0.0218152981251
-0.0578761063516
-0.0914335176349
-0.122487537563
-0.151067972183
-0.177115187049
-0.200659021735
-0.221729263663
-0.240266308188
-0.256329774857
-0.269889831543
-0.280916690826
-0.289469957352
-0.295490026474
-0.299036502838
-0.300079584122
-0.298589468002
-0.294655561447
-0.288158655167
-0.27921795845
-0.267744064331
-0.253736972809
-0.237256273627
-0.218272194266
-0.196814522147
-0.172823652625
-0.146329402924
-0.11733173579
-0.0858604833484
-0.0518560372293
-0.0153779974207
0.0236630421132
0.0644028186798
0.10409950465
0.142008066177
0.178039059043
0.212281927466
0.244736656547
0.27534365654
0.304162502289
0.33116337657
0.356316536665
0.379651755095
0.401258438826
0.420987576246
0.438928574324
0.455021828413
0.469326943159
0.48181411624
0.492453545332
0.501364469528
0.508368015289
0.513643026352
0.517040491104
0.518649816513
0.518441200256
0.516414642334
0.512599945068
0.506907701492
0.499486893415
0.490218371153
0.479102104902
0.466197699308
0.451475352049
0.434964865446
0.416636437178
0.396490067244
0.374883383512
0.353395909071
0.332385271788
0.311851501465
0.291854143143
0.272244215012
0.253170728683
0.23454426229
0.216484054923
0.198811277747
0.181674942374
0.164985641837
0.148773193359
0.133037567139
0.117868177593
0.103056423366
0.0888407155871
0.0750124454498
0.0616908036172
0.0489056073129
0.0365376472473
0.0246763210744
0.013321637176
0.00256299949251
-0.00768899871036
-0.017374753952
-0.0265836697072
-0.0351965427399
-0.043302770704
-0.0508725605905
-0.0578463040292
-0.0643730163574
-0.0702738761902
-0.0757277011871
-0.0805556699634
-0.0848770067096
-0.0886917039752
-0.0919103547931
-0.094592563808
-0.096827737987
-0.098437063396
-0.0995099470019
-0.100076191127
-0.100076191127
-0.0995695516467
-0.0984966680408
-0.0969171449542
-0.0947415754199
-0.0920891687274
-0.0888407155871
-0.0851154252887
-0.0809431001544
-0.0767111778259
-0.0725984573364
-0.0686347484589
-0.0647306442261
-0.0609159432352
-0.0571906529367
-0.0535845719278
-0.0500977002084
-0.0466406308115
-0.0433921776712
-0.0401139222085
-0.0370144844055
-0.033974647522
-0.0310540180653
-0.0282525997609
-0.0255107861012
-0.0228583794087
-0.0203549843282
-0.0178813934326
-0.0155568113551
-0.0132918348536
-0.0111758699641
-0.00914931297302
-0.00718235922977
-0.00533461524174
-0.00357627845369
-0.0019073485164
-0.000387430161936
0.00107288360596
0.00238418579102
0.00345706916414
0.00438094139099
0.00512599898502
0.00569224311039
0.00604987097904
0.00628828955814
0.00631809188053
0.00616908026859
0.00587105704471
0.00530481291935
0.00464916229248
0.00378489471041
0.00274181342684
0.00151991832536
0.000119209282275
-0.00146031368058
-0.00324845290743
-0.00515580130741
-0.00724196387455
-0.00956654548645
-0.0120401373133
-0.0146925440058
-0.017523765564
-0.0205934029073
-0.0241994839162
-0.0284314136952
-0.0332891941071
-0.0387132167816
-0.0447332821786
-0.0514388047159
-0.0586509667337
-0.0665485858917
-0.0750124454498
-0.0840723440051
-0.0938177034259
-0.10409950465
-0.114977352321
-0.126510858536
-0.138640403748
-0.151365995407
-0.164687618613
-0.178664907813
-0.193208441138
-0.208348020911
-0.223904833198
-0.238955006003
-0.253289937973
-0.266939401627
-0.27984380722
-0.292062759399
-0.303506851196
-0.314295262098
-0.32442805171
-0.333696573973
-0.342369049788
-0.350296467543
-0.357478827238
-0.364005535841
-0.369787186384
-0.37485358119
-0.379204720259
-0.382870405912
-0.385791033506
-0.388026207685
-0.389516323805
-0.390320986509
-0.390380591154
-0.389754742384
-0.388443440199
-0.386357277632
-0.38358566165
-0.38009878993
-0.375926464796
-0.371158093214
-0.366389721632
-0.361800163984
-0.357329815626
-0.353038281202
-0.348925560713
-0.34490224719
-0.341087549925
-0.337392061949
-0.333875387907
-0.3305375278
-0.327259272337
-0.324249237776
-0.321328610182
-0.318586796522
-0.31593438983
-0.313550233841
-0.311195850372
-0.309079885483
-0.307112932205
-0.305265188217
-0.303447246552
-0.301003456116
-0.297844409943
-0.293880701065
-0.289231538773
-0.283777713776
-0.277638435364
-0.270664691925
-0.262975692749
-0.254601240158
-0.245362505317
-0.235468134284
-0.224739298224
-0.21332500875
-0.201165661216
-0.188201650977
-0.174552187324
-0.160098060966
-0.144928693771
-0.128954648972
-0.112265340984
-0.0948607847095
-0.0766515731812
-0.0577568970621
-0.0380277633667
-0.0175833702087
0.00357627845369
0.025570390746
0.0481903515756
0.0716745853424
0.0955462381244
0.11858343333
0.140517950058
0.161319956183
0.180959686637
0.199496731162
0.216871485114
0.23317335546
0.248283132911
0.262260437012
0.275135040283
0.286847352982
0.297427177429
0.306904315948
0.315248936415
0.32243129611
0.328481167555
0.333428353071
0.337213248014
0.339865654707
0.341623991728
0.343322724104
0.34514066577
0.34713742137
0.349342793226
0.35163757205
0.354140967131
0.356733769178
0.359594792128
0.362545222044
0.365644663572
0.368922919035
0.372379988432
0.375986069441
0.379711359739
0.383645266294
0.387698382139
0.391960114241
0.396341055632
0.400871008635
0.405609577894
0.410467356443
0.415503948927
0.4206597507
0.42602416873
0.431567400694
0.437200039625
0.443011492491
0.449001759291
0.455170840025
0.461459130049
0.467896431684
0.474542349577
0.481307476759
0.488251417875
0.495344370604
0.502586364746
