-0.0133365383372
-0.0133067360148
-0.0133365383372
-0.0133067360148
-0.0133067360148
-0.0133067360148
-0.0132769336924
-0.0133067360148
-0.0132769336924
-0.0132769336924
-0.0132620325312
-0.01324713137
-0.0132769336924
-0.01324713137
-0.01324713137
-0.0132173290476
-0.0132322302088
-0.0132173290476
-0.0132173290476
-0.0132173290476
-0.0132173290476
-0.0132024278864
-0.0131875267252
-0.0131875267252
-0.0131875267252
-0.013172625564
-0.0131577244028
-0.0131577244028
-0.0131428232417
-0.0131577244028
-0.0131577244028
-0.0131130209193
-0.0131577244028
-0.0131279220805
-0.0130832185969
-0.0131279220805
-0.0131279220805
-0.0130832185969
-0.0130981197581
-0.0130832185969
-0.0130683174357
-0.0130981197581
-0.0130534162745
-0.0130683174357
-0.0130534162745
-0.0130385151133
-0.0130534162745
-0.0130385151133
-0.0130236139521
-0.0130087127909
-0.0130236139521
-0.0130087127909
-0.0129938116297
-0.0129938116297
-0.0130087127909
-0.0129938116297
-0.0129789104685
-0.0129640093073
-0.0129789104685
-0.0129640093073
-0.0129342069849
-0.0129789104685
-0.0129342069849
-0.0129044046625
-0.0129491081461
-0.0129342069849
-0.0129044046625
-0.0129193058237
-0.0129044046625
-0.0128746023402
-0.0129193058237
-0.0128746023402
-0.0128746023402
-0.0128746023402
-0.0128895035014
-0.0128448000178
-0.0128448000178
-0.0128448000178
-0.0128448000178
-0.012859701179
-0.0128149976954
-0.0128149976954
-0.0128149976954
-0.0128149976954
-0.0128149976954
-0.0128000965342
-0.012785195373
-0.012785195373
-0.012785195373
-0.0127553930506
-0.012785195373
-0.0127553930506
-0.0127553930506
-0.0127255907282
-0.0127553930506
-0.0127255907282
-0.0127255907282
-0.0127255907282
-0.0127255907282
-0.0126957884058
-0.0127255907282
-0.0126957884058
-0.0126957884058
-0.0126659860834
-0.0126957884058
-0.0126659860834
-0.0126659860834
-0.0126659860834
-0.0126361837611
-0.0126659860834
-0.0126361837611
-0.0126212825999
-0.0126361837611
-0.0126063814387
-0.0126361837611
-0.0126063814387
-0.0126063814387
-0.0125914802775
-0.0125765791163
-0.0126063814387
-0.0125765791163
-0.0125765791163
-0.0125616779551
-0.0125467767939
-0.0125467767939
-0.0125765791163
-0.0125020733103
-0.0125467767939
-0.0125467767939
-0.0125020733103
-0.0125169744715
-0.0125169744715
-0.0125020733103
-0.0124871721491
-0.0124871721491
-0.0124722709879
-0.0124871721491
-0.0124871721491
-0.0124424686655
-0.0124871721491
-0.0124424686655
-0.0124275675043
-0.0124573698267
-0.0124126663432
-0.0124573698267
-0.0124126663432
-0.0124275675043
-0.0123828640208
-0.012397765182
-0.0124126663432
-0.012397765182
-0.0123530616984
-0.012397765182
-0.0123530616984
-0.0123679628596
-0.0123530616984
-0.0123530616984
-0.0123679628596
-0.012323259376
-0.0123381605372
-0.012323259376
-0.012323259376
-0.0123083582148
-0.0122934570536
-0.0123381605372
-0.0122636547312
-0.0122934570536
-0.0123083582148
-0.0122636547312
-0.0122636547312
-0.0122636547312
-0.01224875357
-0.0122636547312
-0.0122338524088
-0.0122338524088
-0.01224875357
-0.0122040500864
-0.0122338524088
-0.0122040500864
-0.0122189512476
-0.0122040500864
-0.0121742477641
-0.0122040500864
-0.0121742477641
-0.0121742477641
-0.0121891489252
-0.0121444454417
-0.0121444454417
-0.0121742477641
-0.0121444454417
-0.0121146431193
-0.0121444454417
-0.0121146431193
-0.0121146431193
-0.0121146431193
-0.0121146431193
-0.0120848407969
-0.0120848407969
-0.0121146431193
-0.0120550384745
-0.0120848407969
-0.0120550384745
-0.0120848407969
-0.0120550384745
-0.0120550384745
-0.0120252361521
-0.0120550384745
-0.0120252361521
-0.0120252361521
-0.0120252361521
-0.0119954338297
-0.0119954338297
-0.0120252361521
-0.0119805326685
-0.0119656315073
-0.0119954338297
-0.0119656315073
-0.0119656315073
-0.0119656315073
-0.0119507303461
-0.0119656315073
-0.0119358291849
-0.0119358291849
-0.0119358291849
-0.0119209280238
-0.0119060268626
-0.0119060268626
-0.0118911257014
-0.0119060268626
-0.0119060268626
-0.0118762245402
-0.0118911257014
-0.0118762245402
-0.0118464222178
-0.011861323379
-0.0118464222178
-0.0118762245402
-0.0118315210566
-0.0118166198954
-0.0118315210566
-0.0118166198954
-0.0118464222178
-0.0118017187342
-0.011786817573
-0.0118017187342
-0.011786817573
-0.0117719164118
-0.011786817573
-0.0117719164118
-0.0117570152506
-0.0117719164118
-0.0117570152506
-0.0117421140894
-0.0117272129282
-0.0117421140894
-0.0117272129282
-0.011712311767
-0.0117272129282
-0.011712311767
-0.0116825094447
-0.0116974106058
-0.0116825094447
-0.0116825094447
-0.0116974106058
-0.0116527071223
-0.0116676082835
-0.0116527071223
-0.0116527071223
-0.0116676082835
-0.0116229047999
-0.0116229047999
-0.0116229047999
-0.0116378059611
-0.0116229047999
-0.0115931024775
-0.0115931024775
-0.0116080036387
-0.0115931024775
-0.0115633001551
-0.0115633001551
-0.0116080036387
-0.0115334978327
-0.0115633001551
-0.0115633001551
-0.0115334978327
-0.0115334978327
-0.0115483989939
-0.0115036955103
-0.0115334978327
-0.0115036955103
-0.0115036955103
-0.0115036955103
-0.0114738931879
-0.0115036955103
-0.0114738931879
-0.0114738931879
-0.0114738931879
-0.0114440908656
-0.0114738931879
-0.0114440908656
-0.0114440908656
-0.0114142885432
-0.0114440908656
-0.0114142885432
-0.0114142885432
-0.0114142885432
-0.0114142885432
-0.0114142885432
-0.0113844862208
-0.0113844862208
-0.0113844862208
-0.0113546838984
-0.0113844862208
-0.0113397827372
-0.0113546838984
-0.0113546838984
-0.0113546838984
-0.011324881576
-0.011324881576
-0.0113099804148
-0.011324881576
-0.011324881576
-0.0112950792536
-0.0112950792536
-0.0112801780924
-0.0112950792536
-0.0112652769312
-0.0112950792536
-0.01125037577
-0.0112652769312
-0.0112354746088
-0.01125037577
-0.0112354746088
-0.0112354746088
-0.0112205734476
-0.0112354746088
-0.0112056722865
-0.0112205734476
-0.0112056722865
-0.0111609688029
-0.0112056722865
-0.0112056722865
-0.0111609688029
-0.0111758699641
-0.0111609688029
-0.0111460676417
-0.0111758699641
-0.0111311664805
-0.0111460676417
-0.0111013641581
-0.0111460676417
-0.0111013641581
-0.0111013641581
-0.0111162653193
-0.0111013641581
-0.0111162653193
-0.0110715618357
-0.0110864629969
-0.0110715618357
-0.0110864629969
-0.0110417595133
-0.0110417595133
-0.0110566606745
-0.0110417595133
-0.0110417595133
-0.0110268583521
-0.0110417595133
-0.0110268583521
-0.0109821548685
-0.0110119571909
-0.0109821548685
-0.0110268583521
-0.0109821548685
-0.0109523525462
-0.0109970560297
-0.0109523525462
-0.0109523525462
-0.0109523525462
-0.0109523525462
-0.0109672537073
-0.0109225502238
-0.0109225502238
-0.0109225502238
-0.0109225502238
-0.0109076490626
-0.0108927479014
-0.0108927479014
-0.0108927479014
-0.0108927479014
-0.010862945579
-0.0108927479014
-0.010862945579
-0.0108331432566
-0.0108778467402
-0.0108331432566
-0.010862945579
-0.0108331432566
-0.0108033409342
-0.0108331432566
-0.0108033409342
-0.0108033409342
-0.0108033409342
-0.0108033409342
-0.0108033409342
-0.0107735386118
-0.0107735386118
-0.0107735386118
-0.0107586374506
-0.0107437362894
-0.0107437362894
-0.0107735386118
-0.0107139339671
-0.0107437362894
-0.0107139339671
-0.0107437362894
-0.0107139339671
-0.0106990328059
-0.0106841316447
-0.0107139339671
-0.0106841316447
-0.0106841316447
-0.0106692304835
-0.0106543293223
-0.0106543293223
-0.0106841316447
-0.0106096258387
-0.0106543293223
-0.0106543293223
-0.0106245269999
-0.0106096258387
-0.0106245269999
-0.0106245269999
-0.0105798235163
-0.0105947246775
-0.0106245269999
-0.0105500211939
-0.0105947246775
-0.0105947246775
-0.0105500211939
-0.0105649223551
-0.0105649223551
-0.0105202188715
-0.0105649223551
-0.0105202188715
-0.0105351200327
-0.0104904165491
-0.0105351200327
-0.0104904165491
-0.0105351200327
-0.0104606142268
-0.0105053177103
-0.0104904165491
-0.010475515388
-0.0104606142268
-0.010475515388
-0.0104606142268
-0.0104457130656
-0.0104308119044
-0.0104457130656
-0.0104308119044
-0.0104308119044
-0.0104159107432
-0.0104308119044
-0.0104159107432
-0.0103712072596
-0.010401009582
-0.0103861084208
-0.010401009582
-0.0103414049372
-0.0103861084208
-0.0103712072596
-0.0103414049372
-0.0103414049372
-0.0103563060984
-0.0103414049372
-0.0103116026148
-0.0103414049372
-0.010326503776
-0.0103116026148
-0.0102818002924
-0.0103116026148
-0.0102818002924
-0.0102967014536
-0.0102818002924
-0.01025199797
-0.0102818002924
-0.01025199797
-0.01025199797
-0.01025199797
-0.0102370968089
-0.01025199797
-0.0102221956477
-0.0102221956477
-0.0102221956477
-0.0101923933253
-0.0102221956477
-0.0101923933253
-0.0101923933253
-0.0101625910029
-0.0101923933253
-0.0101625910029
-0.0101625910029
-0.0101625910029
-0.0101625910029
-0.0101327886805
-0.0101327886805
-0.0101327886805
-0.0101327886805
-0.0101327886805
-0.0101029863581
-0.0101029863581
-0.0100880851969
-0.0101029863581
-0.0101029863581
-0.0100731840357
-0.0100731840357
-0.0100731840357
-0.0100731840357
-0.0100284805521
-0.0100433817133
-0.0100731840357
-0.0100135793909
-0.0100284805521
-0.0100433817133
-0.0100135793909
-0.0100135793909
-0.0100135793909
-0.00996887590736
-0.0100135793909
-0.00998377706856
-0.00996887590736
-0.00998377706856
-0.00995397474617
-0.00996887590736
-0.00995397474617
-0.00995397474617
-0.00990927126259
-0.00995397474617
-0.00992417242378
-0.00990927126259
-0.00992417242378
-0.00990927126259
-0.00992417242378
-0.0098794689402
-0.00989437010139
-0.00989437010139
-0.00984966661781
-0.00989437010139
-0.00984966661781
-0.009864567779
-0.00984966661781
-0.00983476545662
-0.00984966661781
-0.00983476545662
-0.00981986429542
-0.00981986429542
-0.00980496313423
-0.00981986429542
-0.00980496313423
-0.00979006290436
-0.00977516174316
-0.00979006290436
-0.00976026058197
-0.00977516174316
-0.00976026058197
-0.00976026058197
-0.00974535942078
-0.00976026058197
-0.00973045825958
-0.00971555709839
-0.00973045825958
-0.00970065593719
-0.00974535942078
-0.00970065593719
-0.00967085361481
-0.00970065593719
-0.00967085361481
-0.009685754776
-0.00967085361481
-0.00967085361481
-0.00967085361481
-0.00965595245361
-0.00964105129242
-0.00964105129242
-0.00964105129242
-0.00961124897003
-0.00961124897003
-0.00961124897003
-0.00961124897003
-0.00962615013123
-0.00958144664764
-0.00958144664764
-0.00958144664764
-0.00958144664764
-0.00958144664764
-0.00955164432526
-0.00955164432526
-0.00955164432526
-0.00955164432526
-0.00955164432526
-0.00952184200287
-0.00952184200287
-0.00952184200287
-0.00952184200287
-0.00949203968048
-0.00949203968048
-0.00949203968048
-0.00949203968048
-0.00949203968048
-0.00946223735809
-0.0094473361969
-0.00946223735809
-0.00946223735809
-0.00946223735809
-0.00943243503571
-0.00943243503571
-0.00943243503571
-0.00941753387451
-0.00943243503571
-0.00940263271332
-0.00940263271332
-0.00940263271332
-0.00938773155212
-0.00937283039093
-0.00937283039093
-0.00940263271332
-0.00932812690735
-0.00937283039093
-0.00934302806854
-0.00935792922974
-0.00934302806854
-0.00934302806854
-0.00929832458496
-0.00931322574615
-0.00934302806854
-0.00929832458496
-0.00928342342377
-0.00931322574615
-0.00926852226257
-0.00928342342377
-0.00926852226257
-0.00928342342377
-0.00928342342377
-0.00923871994019
-0.00925362110138
-0.00923871994019
-0.00922381877899
-0.00923871994019
-0.00922381877899
-0.0092089176178
-0.00922381877899
-0.00917911529541
-0.00922381877899
-0.00917911529541
-0.0091940164566
-0.00917911529541
-0.00914931297302
-0.0091940164566
-0.00914931297302
-0.00916421413422
-0.00911951065063
-0.00914931297302
-0.00913441181183
-0.00911951065063
-0.00913441181183
-0.00911951065063
-0.00908970832825
-0.00908970832825
-0.00910460948944
-0.00908970832825
-0.00908970832825
-0.00907480716705
-0.00905990600586
-0.00905990600586
-0.00905990600586
-0.00907480716705
-0.00903010368347
-0.00903010368347
-0.00903010368347
-0.00904500484467
-0.00900030136108
-0.00903010368347
-0.00900030136108
-0.0089704990387
-0.00900030136108
-0.00900030136108
-0.00898540019989
-0.0089704990387
-0.0089704990387
-0.00894069671631
-0.0089704990387
-0.00894069671631
-0.00894069671631
-0.00891089439392
-0.00894069671631
-0.00891089439392
-0.00891089439392
-0.00891089439392
-0.00891089439392
-0.00891089439392
-0.00888109207153
-0.00888109207153
-0.00888109207153
-0.00885128974915
-0.00888109207153
-0.00885128974915
-0.00885128974915
-0.00885128974915
-0.00882148742676
-0.00885128974915
-0.00880658626556
-0.00882148742676
-0.00882148742676
-0.00879168510437
-0.00882148742676
-0.00879168510437
-0.00879168510437
-0.00874698162079
-0.00879168510437
-0.00876188278198
-0.00876188278198
-0.00874698162079
-0.00876188278198
-0.00873208045959
-0.00873208045959
-0.0087171792984
-0.00873208045959
-0.00873208045959
-0.00870227813721
-0.00868737697601
-0.00870227813721
-0.00870227813721
-0.00865757465363
-0.00870227813721
-0.00867247581482
-0.00865757465363
-0.00864267349243
-0.00865757465363
-0.00864267349243
-0.00864267349243
-0.00862777233124
-0.00864267349243
-0.00859797000885
-0.00861287117004
-0.00859797000885
-0.00861287117004
-0.00859797000885
-0.00858306884766
-0.00856816768646
-0.00858306884766
-0.00856816768646
-0.00855326652527
-0.00856816768646
-0.00855326652527
-0.00853836536407
-0.00852346420288
-0.00853836536407
-0.00850856304169
-0.00852346420288
-0.00850856304169
-0.00849366188049
-0.00850856304169
-0.0084787607193
-0.00849366188049
-0.0084787607193
-0.00844895839691
-0.00849366188049
-0.00844895839691
-0.00844895839691
-0.00841915607452
-0.00846385955811
-0.00841915607452
-0.00841915607452
-0.00841915607452
-0.00843405723572
-0.00838935375214
-0.00841915607452
-0.00838935375214
-0.00837445259094
-0.00838935375214
-0.00835955142975
-0.00838935375214
-0.00832974910736
-0.00835955142975
-0.00837445259094
-0.00832974910736
-0.00832974910736
-0.00832974910736
-0.00832974910736
-0.00829994678497
-0.00832974910736
-0.00829994678497
-0.00827014446259
-0.00829994678497
-0.00829994678497
-0.00827014446259
-0.00827014446259
-0.00827014446259
-0.0082403421402
-0.00827014446259
-0.0082403421402
-0.0082403421402
-0.00821053981781
-0.0082403421402
-0.00821053981781
-0.00821053981781
-0.00821053981781
-0.00821053981781
-0.00818073749542
-0.00819563865662
-0.00818073749542
-0.00815093517303
-0.00818073749542
-0.00815093517303
-0.00818073749542
-0.00815093517303
-0.00810623168945
-0.00815093517303
-0.00812113285065
-0.00812113285065
-0.00810623168945
-0.00812113285065
-0.00812113285065
-0.00809133052826
-0.00807642936707
-0.00809133052826
-0.00806152820587
-0.00807642936707
-0.00806152820587
-0.00806152820587
-0.00804662704468
-0.00803172588348
-0.00806152820587
-0.00801682472229
-0.00803172588348
-0.00803172588348
-0.0079870223999
-0.00803172588348
-0.0079870223999
-0.0080019235611
-0.00797212123871
-0.0079870223999
-0.00797212123871
-0.00795722007751
-0.00797212123871
-0.00792741775513
-0.00797212123871
-0.00792741775513
-0.00794231891632
-0.00792741775513
-0.00791251659393
-0.00792741775513
-0.00789761543274
-0.00791251659393
-0.00789761543274
-0.00788271427155
-0.00786781311035
-0.00791251659393
-0.00786781311035
-0.00783801078796
-0.00788271427155
-0.00783801078796
-0.00783801078796
-0.00785291194916
-0.00783801078796
-0.00780820799991
-0.00782310962677
-0.00783801078796
-0.00777840567753
-0.00780820799991
-0.00782310962677
-0.00777840567753
-0.00777840567753
-0.00777840567753
-0.00779330683872
-0.00774860335514
-0.00774860335514
-0.00774860335514
-0.00774860335514
-0.00776350451633
-0.00771880103275
-0.00774860335514
-0.00771880103275
-0.00771880103275
-0.00771880103275
-0.00770389987156
-0.00768899871036
-0.00771880103275
-0.00765919638798
-0.00768899871036
-0.00768899871036
-0.00765919638798
-0.00765919638798
-0.00765919638798
-0.00765919638798
-0.00765919638798
-0.00762939406559
-0.00762939406559
-0.00762939406559
-0.00762939406559
-0.00762939406559
-0.0075995917432
-0.00762939406559
-0.0075995917432
-0.0075995917432
-0.0075995917432
-0.00756978942081
-0.0075995917432
-0.00756978942081
-0.00756978942081
-0.00756978942081
-0.00752508593723
-0.00756978942081
-0.00753998709843
-0.00753998709843
-0.00753998709843
-0.00753998709843
-0.00751018477604
-0.00752508593723
-0.00751018477604
-0.00751018477604
-0.00751018477604
-0.00748038245365
-0.00749528361484
-0.00748038245365
-0.00748038245365
-0.00748038245365
-0.00748038245365
-0.00746548129246
-0.00745058013126
-0.00745058013126
-0.00746548129246
-0.00742077780887
-0.00745058013126
-0.00745058013126
-0.00740587664768
-0.00742077780887
-0.00742077780887
-0.00740587664768
-0.00742077780887
-0.00742077780887
-0.00737607432529
-0.00739097548649
-0.00737607432529
-0.00739097548649
-0.00739097548649
-0.00734627200291
-0.00739097548649
-0.00734627200291
-0.0073611731641
-0.00734627200291
-0.0073611731641
-0.00733137084171
-0.00734627200291
-0.00733137084171
-0.00731646968052
-0.00733137084171
-0.00731646968052
-0.00730156851932
-0.00731646968052
-0.00730156851932
-0.00728666735813
-0.00730156851932
-0.00728666735813
-0.00727176619694
-0.00728666735813
-0.00725686503574
-0.00727176619694
-0.00725686503574
-0.00727176619694
-0.00725686503574
-0.00722706271335
-0.00727176619694
-0.00722706271335
-0.00724196387455
-0.00722706271335
-0.00722706271335
-0.00721216155216
-0.00719726039097
-0.00719726039097
-0.00718235922977
-0.00716745806858
-0.0071078534238
-0.0071078534238
-0.00707805110142
-0.00706314994022
-0.00698864413425
-0.00698864413425
-0.00691413832828
-0.0068694348447
-0.00683963252231
-0.00678002787754
-0.00673532439396
-0.00666081858799
-0.00661611510441
-0.00655651045963
-0.00648200465366
-0.00640749884769
-0.00634789420292
-0.00625848723575
-0.0061541791074
-0.00610947562382
-0.00600516749546
-0.00596046401188
-0.00582635356113
-0.00573694659397
-0.00564753962681
-0.00551342917606
-0.00543892337009
-0.00533461524174
-0.00523030711338
-0.00512599898502
-0.00496208621189
-0.00488758087158
-0.00473856925964
-0.00463426113129
-0.00448524951935
-0.0043660402298
-0.00423192977905
-0.00409781932831
-0.00393390655518
-0.00381469703279
-0.00363588309847
-0.00350177264772
-0.00336766219698
-0.00320374942385
-0.00301003432833
-0.00287592387758
-0.00271201110445
-0.00253319717012
-0.00238418579102
-0.0021904706955
-0.00202655792236
-0.00181794154923
-0.0016540287761
-0.00143051135819
-0.00128149974626
-0.00107288360596
-0.000879168452229
-0.000670552195515
-0.000491738319397
-0.000253319740295
-5.96046411374e-05
0.00016391275858
0.000357627839549
0.00058114528656
0.000819563807454
0.00104308128357
0.00125169742387
0.00149011600297
0.00174343574326
0.00195205199998
0.00223517417908
0.0024288892746
0.00269710994326
0.00295042968355
0.00320374942385
0.00345706916414
0.00372529006563
0.00396370887756
0.00424683094025
0.00451505184174
0.00475347042084
0.00506639434025
0.00534951640293
0.00560283614323
0.0059008593671
0.00618398142979
0.00648200465366
0.00676512671635
0.00704824877903
0.0073611731641
0.00768899871036
0.00797212123871
0.00827014446259
0.00859797000885
0.00891089439392
0.00922381877899
0.00955164432526
0.00984966661781
0.0101923933253
0.0105351200327
0.010862945579
0.0111907711253
0.0115483989939
0.0118911257014
0.0122040500864
0.0125765791163
0.0129491081461
0.0132620325312
0.0136494627222
0.0140070905909
0.0143796196207
0.014707445167
0.0150650730357
0.0154227009043
0.0157356262207
0.016063451767
0.016376376152
0.0167042016983
0.016987323761
0.0173151493073
0.0175386667252
0.0178515911102
0.0181347131729
0.018373131752
0.0186413526535
0.0188648700714
0.0191330909729
0.0193417072296
0.0195652246475
0.0197738390416
0.0199973564595
0.0201612692326
0.0203549843282
0.0205785017461
0.0207126121968
0.0209063272923
0.0210255365819
0.0212192516774
0.0213235598058
0.0214874725789
0.0216066818684
0.0216960888356
0.0218451004475
0.0219196062535
0.0220388155431
0.0220835190266
0.022187827155
0.0222772341222
0.0223070364445
0.0223666410893
0.0224411468953
0.0224262457341
0.0224858503789
0.0225305538625
0.0225156527013
0.0225305538625
0.0225454550236
0.0225007515401
0.0225156527013
0.0224560480565
0.0224709492177
0.0223964434117
0.0223368387669
0.0223070364445
0.0222176294774
0.0221580248326
0.0220984201878
0.0219643097371
0.0218898039311
0.0217854958028
0.0216662865132
0.0215470772237
0.0214278679341
0.0212937574834
0.021114943549
0.0209957342595
0.0208169203252
0.0206679087132
0.0204741936177
0.0202953796834
0.0201016645879
0.0199079494923
0.0197142343968
0.0194609165192
0.0192523002625
0.0190138816833
0.0187754631042
0.0185519456863
0.0182837247849
0.0180006027222
0.0177323818207
0.0174641609192
0.0171810388565
0.0168681144714
0.0165700912476
0.0162422657013
0.0159591436386
0.0155866136774
0.0152885904536
0.0149309625849
0.0145882358775
0.0142157068476
0.013858078979
0.0134557476267
0.0130981197581
0.0127255907282
0.0122934570536
0.0118762245402
0.0115036955103
0.0110417595133
0.0106245269999
0.0101923933253
0.00973045825958
0.00928342342377
0.00882148742676
0.00832974910736
0.00786781311035
0.00739097548649
0.00689923716709
0.00637769652531
0.00588595820591
0.00533461524174
0.00488758087158
0.0043660402298
0.00387430167757
0.00338256335817
0.00290572619997
0.0024139881134
0.00195205199998
0.00146031368058
0.00101327896118
0.000536441802979
7.45058059692e-05
-0.000372529000742
-0.000819563807454
-0.00125169742387
-0.00171363342088
-0.00216066837311
-0.00256299949251
-0.00302493548952
-0.00342726684175
-0.00384449935518
-0.00426173210144
-0.00467896461487
-0.00509619666263
-0.00548362685367
-0.0059008593671
-0.00624358607456
-0.00669062091038
-0.00704824877903
-0.00742077780887
-0.00780820799991
-0.00818073749542
-0.00856816768646
-0.00891089439392
-0.00925362110138
-0.00964105129242
-0.00998377706856
-0.0103116026148
-0.0106543293223
-0.0110119571909
-0.011324881576
-0.0116527071223
-0.0119954338297
-0.0122934570536
-0.0126361837611
-0.0129193058237
-0.0132322302088
-0.0135600557551
-0.0138133754954
-0.0141412010416
-0.0144243231043
-0.014707445167
-0.0149905672297
-0.0152587881312
-0.0155270090327
-0.0158101320267
-0.016063451767
-0.0163167715073
-0.0165998935699
-0.0168234109879
-0.0170916318893
-0.0173002481461
-0.0175535678864
-0.0177919864655
-0.0180304050446
-0.0182241201401
-0.0184625387192
-0.0186711549759
-0.0188946723938
-0.0191032886505
-0.0192821025848
-0.0195056200027
-0.0196844320744
-0.0198632460088
-0.0200867634267
-0.0202208738774
-0.0204145889729
-0.0206083040684
-0.0207424145192
-0.0209063272923
-0.0211000423878
-0.0212341528386
-0.0213980656117
-0.0215023737401
-0.0217109899968
-0.0217854958028
-0.0219345074147
-0.0220984201878
-0.022187827155
-0.0223070364445
-0.0224262457341
-0.0225603561848
-0.0226348619908
-0.0227689724416
-0.0228285770863
-0.0229477863759
-0.0230520945042
-0.0231266003102
-0.023186204955
-0.023260710761
-0.0233799200505
-0.0234097223729
-0.0234544258565
-0.0235289316624
-0.0236332397908
-0.0236183386296
-0.0237077455968
-0.0237077455968
-0.0237822514027
-0.0237971525639
-0.0238418560475
-0.0238269548863
-0.0239014606923
-0.0238567572087
-0.0239312630147
-0.0238865595311
-0.0239312630147
-0.0239014606923
-0.0238865595311
-0.0239014606923
-0.0238567572087
-0.0238716583699
-0.0238269548863
-0.0238120537251
-0.0237673502415
-0.0237524490803
-0.0237077455968
-0.023648140952
-0.0235885363072
-0.0235587339848
-0.0234693270177
-0.0234395246953
-0.0233501177281
-0.0233054142445
-0.0232309084386
-0.0231564026326
-0.0230818968266
-0.0230073910207
-0.0229775886983
-0.0228583794087
-0.0228285770863
-0.0227391701192
-0.0226646643132
-0.0225901585072
-0.0225156527013
-0.0224709492177
-0.0223964434117
-0.0223070364445
-0.0222176294774
-0.022187827155
-0.0220835190266
-0.0220090132207
-0.0219494085759
-0.0218749027699
-0.0217854958028
-0.0216960888356
-0.0216364841908
-0.021576879546
-0.0214874725789
-0.0213980656117
-0.0213235598058
-0.0212788563222
-0.0211745481938
-0.0210851412266
-0.0210255365819
-0.0209361296147
-0.0208467226475
-0.0207871180028
-0.0206828098744
-0.0206381063908
-0.0205337982625
-0.0204443912953
-0.0203847866505
-0.0202953796834
-0.0202059727162
-0.020116565749
-0.0200420599431
-0.0199675541371
-0.0198632460088
-0.0197738390416
-0.0197142343968
-0.0196248274297
-0.0195354223251
-0.0194311141968
-0.0193566083908
-0.0192523002625
-0.0191926956177
-0.0191032886505
-0.0190138816833
-0.0189244747162
-0.0188201665878
-0.0187456607819
-0.0186413526535
-0.0185519456863
-0.0184625387192
-0.0184029340744
-0.0182837247849
-0.0181943178177
-0.0180900096893
-0.0180304050446
-0.0179260969162
-0.0178217887878
-0.0177323818207
-0.0176280736923
-0.0175535678864
-0.017449259758
-0.017374753952
-0.0172406435013
-0.0171810388565
-0.017061829567
-0.0169575214386
-0.0168830156326
-0.0167787075043
-0.0167042016983
-0.0165700912476
-0.0164806842804
-0.016376376152
-0.0163018703461
-0.0161975622177
-0.0160932540894
-0.015988945961
-0.0158697366714
-0.0158101320267
-0.0156760215759
-0.0155717125162
-0.0154972067103
-0.0153779974207
-0.0152587881312
-0.015169381164
-0.0150799741969
-0.0149905672297
-0.0148564567789
-0.0147372474894
-0.0146478405222
-0.0145584335551
-0.0144392242655
-0.0143349161372
-0.0142306080088
-0.0141262998804
-0.0140070905909
-0.0139176836237
-0.0138282766566
-0.0136941662058
-0.0135898580775
-0.0135153522715
-0.0133961429819
-0.0132769336924
-0.0132173290476
-0.0130832185969
-0.0129789104685
-0.0129044046625
-0.012785195373
-0.0126957884058
-0.0125765791163
-0.0125020733103
-0.012397765182
-0.0122934570536
-0.0122040500864
-0.0120848407969
-0.0120252361521
-0.0119060268626
-0.0118166198954
-0.011712311767
-0.0116229047999
-0.0115334978327
-0.0114440908656
-0.011324881576
-0.0112652769312
-0.0111311664805
-0.0110864629969
-0.0109523525462
-0.0108927479014
-0.0107735386118
-0.0107139339671
-0.0105947246775
-0.0105202188715
-0.0104457130656
-0.0103116026148
-0.01025199797
-0.0101625910029
-0.0100731840357
-0.0100135793909
-0.0098794689402
-0.00980496313423
-0.00973045825958
-0.00964105129242
-0.00955164432526
-0.00946223735809
-0.00940263271332
-0.00929832458496
-0.00922381877899
-0.00911951065063
-0.00907480716705
-0.0089704990387
-0.00888109207153
-0.00877678394318
-0.00873208045959
-0.00864267349243
-0.00856816768646
-0.00849366188049
-0.00838935375214
-0.00832974910736
-0.0082403421402
-0.00818073749542
-0.00807642936707
-0.00803172588348
-0.00794231891632
-0.00783801078796
-0.00777840567753
-0.00771880103275
-0.00762939406559
-0.00753998709843
-0.00748038245365
-0.00742077780887
-0.00731646968052
-0.00725686503574
-0.00721216155216
-0.0071078534238
-0.00704824877903
-0.00695884181187
-0.00689923716709
-0.00683963252231
-0.00673532439396
-0.00672042323276
-0.00661611510441
-0.00652670813724
-0.00651180697605
-0.00640749884769
-0.00634789420292
-0.00625848723575
-0.00621378375217
-0.0061392779462
-0.00607967330143
-0.00600516749546
-0.00594556285068
-0.0059008593671
-0.00582635356113
-0.00573694659397
-0.00570714427158
-0.00561773730442
-0.00554323149845
-0.00552833033726
-0.00543892337009
-0.00536441756412
-0.00530481291935
-0.00526010943577
-0.0051856036298
-0.00512599898502
-0.00509619666263
-0.00500678969547
-0.0049471850507
-0.00487267971039
-0.00482797622681
-0.00478327274323
-0.00470876693726
-0.00466406345367
-0.00457465648651
-0.00454485416412
-0.00445544719696
-0.00442564487457
-0.0043660402298
-0.00430643558502
-0.00424683094025
-0.00420212745667
-0.0041276216507
-0.00408291816711
-0.00403821468353
-0.00396370887756
-0.00390410399996
-0.00384449935518
-0.00381469703279
-0.00372529006563
-0.00369548774324
-0.00365078425966
-0.00357627845369
-0.00354647613131
-0.00347197032534
-0.00341236568056
-0.00336766219698
-0.0033229587134
-0.00326335406862
-0.00320374942385
-0.00317394710146
-0.00311434245668
-0.00305473781191
-0.00302493548952
-0.00295042968355
-0.00290572619997
-0.00286102271639
-0.00281631923281
-0.00274181342684
-0.00271201110445
-0.00266730762087
-0.0025928018149
-0.00256299949251
-0.00253319717012
-0.00247359252535
-0.00239908695221
-0.00235438346863
-0.00235438346863
-0.00225007534027
-0.00223517417908
-0.0021904706955
-0.00214576721191
-0.00207126140594
-0.00204145908356
-0.00201165676117
-0.00195205199998
-0.00192224967759
-0.00186264503282
-0.00180304038804
-0.00180304038804
-0.00171363342088
-0.00169873225968
-0.0016540287761
-0.00157952297013
-0.00156462180894
-0.00151991832536
-0.00150501716416
-0.00143051135819
-0.00137090671342
-0.00137090671342
-0.00128149974626
-0.00128149974626
-0.0012218952179
-0.00119209289551
-0.00116229057312
-0.00110268592834
-0.00105798244476
-0.00104308128357
-0.000968575419392
-0.000983476638794
-0.000879168452229
-0.000894069613423
-0.000849366129842
-0.000789761485066
-0.000759959162679
-0.000715255679097
-0.000700354517903
-0.000640749873128
-0.000610947608948
-0.00058114528656
-0.000536441802979
-0.000521540641785
-0.000461935967905
-0.000461935967905
-0.000387430161936
-0.000372529000742
-0.000327825517161
-0.000312924355967
-0.00023841856455
-0.000253319740295
-0.000178813919774
-0.000178813919774
-0.000119209282275
-0.000104308121081
-8.94069598871e-05
-2.98023205687e-05
0.0
2.98023205687e-05
5.96046411374e-05
5.96046411374e-05
0.000134110450745
0.000149011611938
0.000178813919774
0.000223517403356
0.00023841856455
0.000268220901489
0.000283122062683
0.000327825517161
0.000342726678355
0.000387430161936
0.00040233132313
0.000461935967905
0.000461935967905
0.000476837129099
0.000521540641785
0.000551342964172
0.00058114528656
0.00058114528656
0.000640749873128
0.000640749873128
0.000670552195515
0.000700354517903
0.000730156840291
0.000730156840291
0.000759959162679
0.00080466264626
0.000819563807454
0.000849366129842
0.000864267291036
0.000879168452229
0.000923871935811
0.000938773097005
0.000953674258199
0.000968575419392
0.00101327896118
0.00102818012238
0.00104308128357
0.00104308128357
0.00108778476715
0.00110268592834
0.00113248825073
0.00113248825073
0.00114738941193
0.00119209289551
0.0012218952179
0.00119209289551
0.00125169742387
0.00125169742387
0.00128149974626
0.00128149974626
0.00131130206864
0.00134110439103
0.00131130206864
0.00137090671342
0.00138580787461
0.00140070903581
0.00140070903581
0.00140070903581
0.00143051135819
0.00147521484178
0.00146031368058
0.00149011600297
0.00150501716416
0.00149011600297
0.00153481948655
0.00151991832536
0.00154972064774
0.00156462180894
0.00157952297013
0.00159442413133
0.00157952297013
0.00162422645371
0.00160932529252
0.0016540287761
0.00162422645371
0.0016689299373
0.0016540287761
0.0016689299373
0.00168383109849
0.00171363342088
0.00169873225968
0.00171363342088
0.00171363342088
0.00174343574326
0.00172853458207
0.00174343574326
0.00177323806565
0.00177323806565
0.00175833690446
0.00177323806565
0.00177323806565
0.00180304038804
0.00180304038804
0.00178813922685
0.00180304038804
0.00180304038804
0.00183284271043
0.00183284271043
0.00183284271043
0.00183284271043
0.00181794154923
0.00183284271043
0.00183284271043
0.00186264503282
0.00186264503282
0.00183284271043
0.00186264503282
0.00186264503282
0.00186264503282
0.00186264503282
0.00186264503282
0.00186264503282
0.00184774387162
0.00186264503282
0.00186264503282
0.00186264503282
0.00186264503282
0.00186264503282
0.00186264503282
0.00186264503282
0.00186264503282
0.00186264503282
0.00186264503282
0.00186264503282
0.00186264503282
0.00186264503282
0.00181794154923
0.00186264503282
0.00183284271043
0.00183284271043
0.00183284271043
0.00183284271043
0.00183284271043
0.00183284271043
0.00178813922685
0.00183284271043
0.00180304038804
0.00180304038804
0.00180304038804
0.00177323806565
0.00175833690446
0.00180304038804
0.00177323806565
0.00174343574326
0.00177323806565
0.00172853458207
0.00174343574326
0.00171363342088
0.00172853458207
0.00171363342088
0.00168383109849
0.00169873225968
0.00168383109849
0.00168383109849
0.00163912761491
0.0016540287761
0.00163912761491
0.00162422645371
0.00162422645371
0.00160932529252
0.00159442413133
0.00157952297013
0.00159442413133
0.00154972064774
0.00151991832536
0.00156462180894
0.00149011600297
0.00153481948655
0.00146031368058
0.00149011600297
0.00147521484178
0.00143051135819
0.00143051135819
0.00143051135819
0.00138580787461
0.00140070903581
0.00137090671342
0.00134110439103
0.00134110439103
0.00131130206864
0.00131130206864
0.00128149974626
0.00125169742387
0.00125169742387
0.00125169742387
0.00119209289551
0.0012218952179
0.00116229057312
0.00116229057312
0.00111758708954
0.00113248825073
0.00110268592834
0.00107288360596
0.00105798244476
0.00104308128357
0.000998377799988
0.000983476638794
0.000983476638794
0.000938773097005
0.000953674258199
0.000879168452229
0.000879168452229
0.000864267291036
0.000849366129842
0.000789761485066
0.000789761485066
0.000774860323872
0.000730156840291
0.000730156840291
0.000670552195515
0.000670552195515
0.000640749873128
0.000610947608948
0.000610947608948
0.000551342964172
0.000551342964172
0.000491738319397
0.000476837129099
0.000461935967905
0.000432133645518
0.000387430161936
0.000372529000742
0.000357627839549
0.000312924355967
0.000268220901489
0.000283122062683
0.000208616242162
0.000208616242162
0.00016391275858
0.000149011611938
8.94069598871e-05
8.94069598871e-05
2.98023205687e-05
2.98023205687e-05
2.98023205687e-05
