-0.0182109996676
-0.0182109996676
-0.048562657088
-0.0698088407516
-0.0819494873285
-0.0849846377969
-0.0789143666625
-0.0637384951115
-0.0394571088254
-0.00607027299702
0.0364220440388
0.0880198180676
0.148723080754
0.218531906605
0.294418305159
0.364270091057
0.425059139729
0.476785689592
0.519449710846
0.553050994873
0.577589929104
0.593065977097
0.59947925806
0.596831083298
0.586756467819
0.575810670853
0.56562846899
0.556211411953
0.547559916973
0.539673447609
0.532550692558
0.526194453239
0.520600914955
0.515774786472
0.511712372303
0.508415460587
0.505882263184
0.504115581512
0.50311255455
0.502731621265
0.502392649651
0.501953959465
0.501413822174
0.500773072243
0.500033557415
0.499188870192
0.498250097036
0.497203290462
0.496059626341
0.494940191507
0.494340419769
0.494388848543
0.495081752539
0.496422857046
0.498408436775
0.50104033947
0.504318594933
0.508245050907
0.512814104557
0.51781719923
0.522410452366
0.526368618011
0.529700875282
0.532407283783
0.53448599577
0.535933256149
0.536754727364
0.536948442459
0.536514401436
0.535447120667
0.533759593964
0.531440556049
0.528493881226
0.524919450283
0.52071171999
0.515885651112
0.510659039021
0.505961477757
0.502031266689
0.498864769936
0.496461957693
0.494819104671
0.493943661451
0.493831902742
0.494483828545
0.495903164148
0.498082458973
0.501021742821
0.504735827446
0.509198725224
0.514212965965
0.51886588335
0.522933900356
0.526417016983
0.529319047928
0.531636178493
0.533364713192
0.534519553185
0.535089492798
0.535067141056
0.534471094608
0.533282756805
0.531516969204
0.529166281223
0.526230752468
0.522714078426
0.518608808517
0.513929843903
0.50865483284
0.503133952618
0.498693406582
0.495646119118
0.494014441967
0.493787199259
0.494964390993
0.49754974246
0.50153952837
0.506933748722
0.513736128807
0.521518290043
0.528573989868
0.534474849701
0.539217114449
0.542812049389
0.545255839825
0.546537339687
0.546667695045
0.545646965504
0.543475151062
0.540140986443
0.535659492016
0.530023097992
0.523526191711
0.517372012138
0.511847436428
0.506967306137
0.502705574036
0.499084562063
0.496104329824
0.493749946356
0.492036312819
0.490955978632
0.490501493216
0.49068030715
0.491507321596
0.492960184813
0.494897335768
0.496722728014
0.498302251101
0.499591201544
0.500649213791
0.501438975334
0.501960515976
0.502228736877
0.502236187458
0.501975417137
0.50151348114
0.501051545143
0.500649213791
0.500306487083
0.50000846386
0.499770015478
0.499583750963
0.499457091093
0.499390035868
0.499367684126
0.499404937029
0.499494343996
0.499635905027
0.499762564898
0.499874323606
0.499971181154
0.500045716763
0.500097870827
0.50014257431
0.500157475471
0.500164926052
0.500150024891
0.500112771988
0.500082969666
0.500060617924
0.500030815601
0.50000846386
0.500001013279
0.499978631735
0.499963730574
0.499956279993
0.499956279993
0.499956279993
0.499956279993
0.499963730574
0.499971181154
0.499986082315
0.499986082315
0.500001013279
0.500001013279
0.50000846386
0.50001591444
0.50000846386
0.500001013279
0.500001013279
0.499986082315
0.499986082315
0.499971181154
0.499971181154
0.499971181154
0.499971181154
0.499978631735
0.499986082315
0.500001013279
0.50000846386
0.500030815601
0.500053167343
0.500075519085
0.500097870827
0.500120222569
0.50014257431
0.50013512373
0.50013512373
0.50013512373
0.500112771988
0.500090420246
0.500060617924
0.500023365021
0.499978631735
0.49991902709
0.499874323606
0.499799817801
0.499725311995
0.499650806189
0.499568849802
0.499531596899
0.49953904748
0.499613553286
0.499717861414
0.499874323606
0.500097870827
0.500351190567
0.500671565533
0.501029193401
0.501409173012
0.501617789268
0.50163269043
0.501446425915
0.501073896885
0.50050765276
0.499732762575
0.498756736517
0.497594445944
0.496230989695
0.494785577059
0.493690341711
0.493079394102
0.49293038249
0.493265658617
0.494062870741
0.495344370604
0.497095257044
0.499315530062
0.50200521946
0.505179166794
0.508800148964
0.512942671776
0.517502427101
0.522404909134
0.526964664459
0.530987977982
0.534519553185
0.537529587746
0.540032982826
0.542044639587
0.543519854546
0.544488430023
0.544965267181
0.544920563698
0.544339418411
0.543281435966
0.541791319847
0.540181994438
0.538572669029
0.536918640137
0.535249710083
0.53359568119
0.531852245331
0.530153512955
0.528395175934
0.526636838913
0.524833798409
0.523045659065
0.521197915077
0.519335269928
0.51748752594
0.515580177307
0.513672828674
0.511720776558
0.509783625603
0.507831573486
0.506013631821
0.504359602928
0.50288438797
0.501573085785
0.500410795212
0.499412387609
0.498607724905
0.497937172651
0.497445434332
0.497117608786
0.496953696012
0.496938794851
0.497117608786
0.497460335493
0.497937172651
0.498563021421
0.499114364386
0.499606102705
0.499978631735
0.500276684761
0.500455498695
0.500589609146
0.500574707985
0.500500202179
0.500336289406
0.500097870827
0.499874323606
0.499710410833
0.499591201544
0.499516695738
0.499531596899
0.499561399221
0.499635905027
0.499770015478
0.499963730574
0.500217080116
0.500485301018
0.500828027725
0.501215457916
0.50163269043
0.501960515976
0.502154231071
0.5022585392
0.502213835716
0.502094626427
0.501841306686
0.501453876495
0.500962138176
0.500380992889
0.499650806189
0.498816341162
0.497862666845
0.496789783239
0.495627492666
0.49430128932
0.493064492941
0.492438644171
0.492647260427
0.493660539389
0.495463579893
0.498071283102
0.50151348114
0.505745410919
0.510767102242
0.516623258591
0.52298605442
0.528678297997
0.533372163773
0.537112355232
0.539898872375
0.541687011719
0.542521476746
0.542387366295
0.541269779205
0.539198517799
0.536173582077
0.532135367393
0.527143478394
0.521183013916
0.514253973961
0.506833195686
0.500649213791
0.496238440275
0.493571132421
0.492632359266
0.493437021971
0.495985120535
0.500276684761
0.506296753883
0.514090061188
0.523045659065
0.531077384949
0.537604093552
0.542670488358
0.546216964722
0.548288226128
0.548884272575
0.547975301743
0.545591115952
0.54170191288
0.536322593689
0.529482960701
0.521138310432
0.511884689331
0.50400197506
0.498101085424
0.494152277708
0.492155522108
0.492155522108
0.494077771902
0.497981876135
0.503823161125
0.511661171913
0.520870089531
0.529184937477
0.536024570465
0.541403889656
0.54532289505
0.547766685486
0.548735260963
0.548243522644
0.546276569366
0.542864203453
0.537946820259
0.531598925591
0.523760914803
0.514969229698
0.507310032845
0.501275062561
0.496834486723
0.494062870741
0.492900580168
0.493392318487
0.495478481054
0.499218672514
0.504568219185
0.511154532433
0.517353415489
0.522777438164
0.527411699295
0.531271100044
0.534310936928
0.536620616913
0.538110733032
0.53882598877
0.538736581802
0.537902116776
0.536262989044
0.53383409977
0.530630350113
0.526621937752
0.521868467331
0.516295433044
0.5102455616
0.504851341248
0.500425696373
0.496938794851
0.494390696287
0.492826074362
0.492215126753
0.492528051138
0.493824452162
0.496059626341
0.499263375998
0.503376126289
0.50850212574
0.514551997185
0.521242618561
0.527262687683
0.532269477844
0.536307692528
0.539377331734
0.541418790817
0.542506575584
0.542566180229
0.541657209396
0.539764761925
0.536859035492
0.532999634743
0.528112053871
0.522255897522
0.515401363373
0.508010387421
0.501826405525
0.497281521559
0.494405597448
0.493168801069
0.493615835905
0.49567219615
0.499412387609
0.504791736603
0.511825084686
0.520035624504
0.527516007423
0.533819198608
0.538885593414
0.542744994164
0.545427203178
0.546887516975
0.547155737877
0.54620206356
0.54407119751
0.54070353508
0.536158680916
0.530377030373
0.523746013641
0.517457723618
0.511795282364
0.506818294525
0.502496957779
0.498861044645
0.495880812407
0.493526428938
0.491887301207
0.490874022245
0.490516394377
0.490874022245
0.491797894239
0.493466824293
0.495612591505
0.497609347105
0.499248474836
0.500589609146
0.501543283463
0.5022585392
0.502616167068
0.502616167068
0.502318143845
0.501662492752
0.500738620758
0.499457091093
0.497817963362
0.495910614729
0.493824452162
0.49218532443
0.491201847792
0.490874022245
0.491201847792
0.492125719786
0.493735045195
0.495970219374
0.498831242323
0.502407550812
0.506550073624
0.51137804985
0.516802072525
0.522941350937
0.529229640961
0.534117221832
0.537067651749
0.538200139999
0.53745508194
0.534772872925
0.530272722244
0.523865222931
0.515550374985
0.505447387695
0.493377417326
0.479459732771
0.463664501905
0.446021527052
0.426441401243
0.405043333769
0.382602185011
0.362545222044
0.34576651454
0.33229586482
0.322014063597
0.31507012248
0.311374664307
0.310927629471
0.313729017973
0.319868296385
0.329196423292
0.341832607985
0.357687443495
0.376880139112
0.399291485548
0.424981087446
0.453948944807
0.484287708998
0.508725643158
0.525236129761
0.533908605576
0.534862279892
0.527858734131
0.513076782227
0.490397185087
0.459969013929
0.421673029661
0.377863615751
0.338137120008
0.304788351059
0.277787446976
0.257223844528
0.24303792417
0.235259518027
0.233888611197
0.238865599036
0.250279903412
0.268042087555
0.292241573334
0.322818726301
0.35974380374
0.401109427214
0.4386305511
0.470310419798
0.496208637953
0.516206026077
0.530421733856
0.53882598877
0.54132938385
0.538051128387
0.528931617737
0.515162944794
0.501483678818
0.489145487547
0.478029221296
0.468254059553
0.45973059535
0.45248863101
0.4466175735
0.441938608885
0.438600748777
0.43651458621
0.435739725828
0.436276167631
0.438392132521
0.443458527327
0.451713770628
0.463247269392
0.478029221296
0.496029824018
0.517308712006
0.541776418686
0.569522380829
0.600516796112
0.631332337856
0.648260056973
0.647872626781
0.630229651928
0.595301389694
0.543028116226
0.473529070616
0.3867149055
0.28258562088
0.161170944571
0.0286102276295
-0.0904500409961
-0.189959987998
-0.269860029221
-0.330060690641
-0.370800465345
-0.391811102629
-0.393241614103
-0.375121802092
-0.337362259626
-0.27996301651
-0.206649288535
-0.132083892822
-0.0599324665964
0.00980496313423
0.0771880149841
0.142127275467
0.204622730613
0.26473402977
0.322461098433
0.377744406462
0.429838865995
0.475585430861
0.514179468155
0.545620918274
0.569939613342
0.587105751038
0.597149133682
0.600010156631
0.59574842453
0.584334135056
0.56579709053
0.540047883987
0.507235527039
0.467270582914
0.420123308897
0.368803709745
0.32517310977
0.292181968689
0.269770622253
0.258028507233
0.256925821304
0.266402959824
0.286608934402
0.317335098982
0.358760327101
0.407963961363
0.453501909971
0.492483347654
0.525057315826
0.551044940948
0.57053565979
0.583559274673
0.590026378632
0.590026378632
0.583499670029
0.570476055145
0.550925731659
0.524908304214
0.492334336042
0.453263491392
0.407725542784
0.35563108325
0.297039747238
0.233650192618
0.172168001533
0.114232294261
0.0599622689188
0.00917911529541
-0.0379383563995
-0.081449739635
-0.121444456279
-0.157803282142
-0.190556034446
-0.220298752189
-0.249385818839
-0.278294086456
-0.30705332756
-0.335752934217
-0.364303559065
-0.3927051723
-0.420957773924
-0.449091166258
-0.477135151625
-0.505000352859
-0.530928373337
-0.547498464584
-0.552833080292
-0.546991825104
-0.52997469902
-0.501751899719
-0.462263792753
-0.411629647017
-0.349789828062
-0.276774168015
-0.192493185401
-0.0970959588885
0.00482797622681
0.0942349359393
0.166326746345
0.221252426505
0.258833169937
0.279188156128
0.282317399979
0.268161296844
0.236749634147
0.18811224401
0.125676393509
0.0633895397186
0.00473856925964
-0.0502765141428
-0.101655714214
-0.149339437485
-0.19347666204
-0.233948215842
-0.270754098892
-0.303953886032
-0.333517760038
-0.359415978193
-0.381708115339
-0.400364369154
-0.415384739637
-0.427156656981
-0.437319248915
-0.446259945631
-0.454008549452
-0.460565060377
-0.465869873762
-0.470012396574
-0.472903221846
-0.474601954222
-0.475138396025
-0.474363535643
-0.47245618701
-0.469356745481
-0.46572086215
-0.464618176222
-0.466823548079
-0.472307175398
-0.48094984889
-0.49293038249
-0.508159399033
-0.526636838913
-0.548422336578
-0.573426485062
-0.599354505539
-0.616937875748
-0.623852014542
-0.620007514954
-0.605553388596
-0.580310821533
-0.544428825378
-0.497877568007
-0.440567702055
-0.372588604689
-0.29394030571
-0.204563125968
-0.108361236751
-0.0205636005849
0.0548958741128
0.118106596172
0.169008955359
0.207662567496
0.233978018165
0.248014912009
0.249743446708
0.239253029227
0.216424450278
0.181317314506
0.13393163681
0.0742971897125
0.00229477882385
-0.0790059491992
-0.157773479819
-0.231027588248
-0.298857688904
-0.361174315214
-0.418007344007
-0.469386547804
-0.515222549438
-0.555664300919
-0.590562820435
-0.619947910309
-0.643968522549
-0.662386357784
-0.675350368023
-0.682890355587
-0.684887111187
-0.681400239468
-0.672489345074
-0.658988893032
-0.644445359707
-0.629961431026
-0.615388154984
-0.600755214691
-0.586122274399
-0.571429729462
-0.556617975235
-0.541865825653
-0.527024269104
-0.51212310791
-0.497192114592
-0.482171744108
-0.467151373625
-0.452101200819
-0.436961621046
-0.421792238951
-0.406593054533
-0.391334265471
-0.375688046217
-0.358521908522
-0.339388817549
-0.318407982588
-0.295519828796
-0.27072429657
-0.244051203132
-0.215440973639
-0.185012802482
-0.152617692947
-0.118345014751
-0.0821351930499
-0.0441372357309
-0.00610947562382
0.0241994839162
0.044763084501
0.0556707344949
0.0568926297128
0.0484287701547
0.0302791576833
0.00244379043579
-0.0351071357727
-0.0822842046618
-0.139176845551
-0.201106056571
-0.249445423484
-0.279575586319
-0.291496515274
-0.285178422928
-0.26062130928
-0.217854961753
-0.156849622726
-0.0776350498199
0.0197589378804
0.128775835037
0.222772344947
0.294953584671
0.345468491316
0.374257534742
0.381320685148
0.366687744856
0.330299109221
0.272214412689
0.192373976111
0.0908672735095
-0.0267326813191
-0.137895345688
-0.236988052726
-0.324010819197
-0.398933857679
-0.46172735095
-0.512540340424
-0.55119395256
-0.577807426453
-0.592321157455
-0.594735145569
-0.585108995438
-0.565707683563
-0.545918941498
-0.52809715271
-0.512182712555
-0.498235195875
-0.486224859953
-0.476151674986
-0.468045443296
-0.461816757917
-0.457614630461
-0.454902619123
-0.452071398497
-0.448763340712
-0.444918841124
-0.440537899733
-0.435680121183
-0.430285900831
-0.424385040998
-0.417947739363
-0.411003798246
-0.403583019972
-0.395595997572
-0.387072533369
-0.37810203433
-0.368595093489
-0.358551710844
-0.348001688719
-0.337302654982
-0.327885121107
-0.320196121931
-0.314146250486
-0.30979514122
-0.30705332756
-0.306069850922
-0.306695699692
-0.309020280838
-0.313013792038
-0.318676203489
-0.326037377119
-0.335067480803
-0.345736712217
-0.358074873686
-0.372141569853
-0.387847393751
-0.405251950026
-0.423759192228
-0.441342562437
-0.457495421171
-0.472158163786
-0.485330790281
-0.497072905302
-0.507324934006
-0.51611661911
-0.523447990417
-0.529319047928
-0.533729791641
-0.536650419235
-0.538110733032
-0.538140535355
-0.536680221558
-0.534027814865
-0.530183315277
-0.525087118149
-0.518828630447
-0.511318445206
-0.502675771713
-0.492811173201
-0.48169490695
-0.469446152449
-0.455975502729
-0.44125315547
-0.426262587309
-0.414460867643
-0.406667560339
-0.402972072363
-0.403344601393
-0.407755345106
-0.416234105825
-0.428765982389
-0.445350974798
-0.466033786535
-0.490754812956
-0.519514083862
-0.552386045456
-0.589266419411
-0.630229651928
-0.670805513859
-0.693201959133
-0.692963540554
-0.670090258121
-0.62458217144
-0.556454062462
-0.465705960989
-0.352308124304
-0.216275438666
-0.0576227866113
0.114530317485
0.263676047325
0.380694836378
0.465542048216
0.518262386322
0.538855791092
0.527292490005
0.483602255583
0.407755345106
0.299796462059
0.167489036918
0.0422000847757
-0.0683069229126
-0.163957461715
-0.244796261191
-0.310838222504
-0.362038582563
-0.39844211936
-0.420004099607
-0.426784127951
-0.418692797422
-0.395834416151
-0.361025303602
-0.325903266668
-0.293344259262
-0.26336312294
-0.235930070281
-0.211089834571
-0.188797697425
-0.169098362327
-0.151947140694
-0.137373805046
-0.125378370285
-0.115945927799
-0.109061591327
-0.104784958065
-0.103056423366
-0.103890888393
-0.107154242694
-0.112161032856
-0.118762247264
-0.126987695694
-0.136777758598
-0.148192048073
-0.161200746894
-0.175803884864
-0.192001447082
-0.209808334708
-0.229209646583
-0.250205397606
-0.272795557976
-0.297009944916
-0.322788923979
-0.350192159414
-0.379174917936
-0.409781903028
-0.439718335867
-0.460013717413
-0.468417972326
-0.464931100607
-0.449553102255
-0.42228397727
-0.383138626814
-0.332057446241
-0.269129872322
-0.194281324744
-0.107541672885
-0.00892579555511
0.0976324006915
0.196337684989
0.28321146965
0.358298391104
0.421553820372
0.472977727652
0.512599945068
0.540405511856
0.556394457817
0.560581684113
0.554695725441
0.545814633369
0.535726547241
0.524371862411
0.511825084686
0.498026579618
0.482991307974
0.466763943434
0.44924017787
0.430539220572
0.411599844694
0.396370857954
0.385910242796
0.380173295736
0.379174917936
0.382915109396
0.391393870115
0.404626101255
0.422582000494
0.445261567831
0.471383303404
0.495657294989
0.516787171364
0.534757971764
0.549554824829
0.561237335205
0.569730997086
0.575080513954
0.577285885811
0.576317310333
0.572204589844
0.56529045105
0.556960701942
0.547558069229
0.537127256393
0.525593757629
0.513017177582
0.499367684126
0.484675139189
0.468909710646
0.452071398497
0.434190005064
0.415235728025
0.394999951124
0.372529000044
0.347614258528
0.320285528898
0.290513038635
0.258266925812
0.223606809974
0.186502918601
0.146955251694
0.104933969676
0.0605583153665
0.0136494627222
-0.0357031822205
-0.0874102041125
-0.141650438309
-0.198304638267
-0.257343053818
-0.317603319883
-0.373840302229
-0.424772471189
-0.470399826765
-0.51075220108
-0.545799732208
-0.575542449951
-0.599980354309
-0.619143247604
-0.63300126791
-0.641554534435
-0.644817888737
-0.642791330814
-0.634312570095
-0.614777207375
-0.583037734032
-0.539109110832
-0.482961505651
-0.414654582739
-0.334084004164
-0.241368994117
-0.13642013073
-0.0192821025848
0.105142585933
0.21706520021
0.311598181725
0.388741463423
0.448450416327
0.490784615278
0.515684485435
0.523209571838
0.513300299644
0.486031144857
0.445112556219
0.40580329299
0.371873348951
0.343322724104
0.320196121931
0.302404165268
0.290036201477
0.283062458038
0.281453132629
0.285238027573
0.294417142868
0.308960676193
0.328898400068
0.35426017642
0.38495656848
0.419348448515
0.450521677732
0.476688116789
0.497907370329
0.514179468155
0.525504350662
0.531852245331
0.533223152161
0.529646873474
0.521123409271
0.507831573486
0.490337580442
0.469028919935
0.44375655055
0.414520472288
0.381410092115
0.344336003065
0.30329823494
0.258445739746
0.209540113807
0.156790018082
0.100046388805
0.0394284687936
-0.0251233559102
-0.0936388894916
-0.163614735007
-0.22518633306
-0.275999307632
-0.315964192152
-0.345110863447
-0.363409489393
-0.37097927928
-0.367641419172
-0.353515118361
-0.328570574522
-0.292807817459
-0.246226772666
-0.188797697425
-0.120609991252
-0.0415742360055
0.0450015030801
0.125795602798
0.197559580207
0.260263681412
0.313907831907
0.358492106199
0.394046276808
0.420570343733
0.43800470233
0.446379154921
0.447183817625
0.446468561888
0.445574492216
0.444531410933
0.443458527327
0.442266434431
0.440895527601
0.439435213804
0.437915295362
0.436246365309
0.434428423643
0.432580679655
0.43052431941
0.428438156843
0.426173180342
0.423878401518
0.421196192503
0.417500704527
0.412583321333
0.406354635954
0.398963660002
0.390261381865
0.380337208509
0.369161337614
0.356763571501
0.343114107847
0.328183144331
0.312060117722
0.294655561447
0.276029109955
0.256150960922
0.234991297126
0.212669357657
0.189006313682
0.16477702558
0.142216682434
0.122010700405
0.10409950465
0.0885128900409
0.0752806663513
0.064343214035
0.0557005368173
0.0494122467935
0.0454187355936
0.0438094101846
0.0444352589548
0.0472664795816
0.0517070256174
0.0575482808053
0.0648498535156
0.0735521316528
0.0837147161365
0.0953376218677
0.108361236751
0.122815363109
0.138759613037
0.156074762344
0.174432978034
0.192195162177
0.208884462714
0.224471077323
0.239104017615
0.252664089203
0.265181064606
0.27659535408
0.287055969238
0.296384096146
0.304728746414
0.312000513077
0.318229168653
0.323444575071
0.327557295561
0.330656737089
0.332713097334
0.333696573973
0.333249539137
0.329554051161
0.322192877531
0.311225652695
0.29656291008
0.278294086456
0.256299972534
0.230729565024
0.201493486762
0.168591722846
0.132024288177
0.0918209478259
0.0479817353189
0.00113248825073
-0.0459253750741
-0.0925660058856
-0.138849020004
-0.184595569968
-0.230014309287
-0.274956226349
-0.319480866194
-0.363588303328
-0.407248705626
-0.450551480055
-0.493377417326
-0.532567501068
-0.555366277695
-0.558614730835
-0.542193651199
-0.506192445755
-0.450640887022
-0.375390022993
-0.28058886528
-0.166207537055
-0.0322163105011
0.115275375545
0.25200843811
0.371843546629
0.474750965834
0.560760498047
0.629931628704
0.682145297527
0.717520654202
0.735968291759
0.737547814846
0.722229421139
0.693172156811
0.663012206554
0.634849011898
0.608831644058
0.584810972214
0.562846660614
0.542938709259
0.525116920471
0.509291887283
0.49555298686
0.483840674162
0.474184721708
0.466585129499
0.461041897535
0.457584828138
0.456124514341
0.456720560789
0.459372967482
0.464111536741
0.470548838377
0.477224558592
0.483840674162
0.490486592054
0.497013300657
0.503450632095
0.509887933731
0.516265630722
0.522524118423
0.528782606125
0.533282756805
0.529438257217
0.515580177307
0.49167868495
0.45773383975
0.413775414228
0.359773606062
0.295758247375
0.221759065986
0.137656927109
0.0435411892831
-0.0565946064889
-0.147104263306
-0.22393463552
-0.287115573883
-0.336647003889
-0.372529000044
-0.394791334867
-0.403344601393
-0.398308008909
-0.379621952772
-0.349223583937
-0.314950913191
-0.278890132904
-0.240832552314
-0.200986847281
-0.159203991294
-0.115543596447
-0.0700056552887
-0.0226199608296
0.0267028789967
0.077873468399
0.130981206894
0.185877069831
0.242739900947
0.301480293274
0.362068384886
0.42453405261
0.484794348478
0.526487827301
0.545471906662
0.541746616364
0.515341758728
0.466227501631
0.394433706999
0.299900770187
0.18274782598
0.0428557358682
-0.111281864345
-0.245839342475
-0.352352827787
-0.430881947279
-0.481337279081
-0.503748655319
-0.49817559123
-0.464618176222
-0.402927368879
-0.313252210617
-0.195592626929
-0.0573992691934
0.071108341217
0.182330593467
0.276386737823
0.353127688169
0.412702530622
0.455021828413
0.480115383863
0.487953394651
0.478565663099
0.451981991529
0.408112972975
0.350922316313
0.295847654343
0.246912226081
0.203937277198
0.167071804404
0.136286020279
0.111490480602
0.0927448198199
0.0801086351275
0.0734627246857
0.0728964805603
0.0783801078796
0.0899434015155
0.106453888118
0.123858444393
0.141054391861
0.158011898398
0.174790605903
0.191420301795
0.207781776786
0.223994240165
0.239968284965
0.255733728409
0.271379947662
0.28669834137
0.301957130432
0.316888064146
0.331759423018
0.346600979567
0.361680954695
0.376701325178
0.391930311918
0.407278507948
0.422626703978
0.438183516264
0.45374032855
0.469505757093
