-0.0788569375873
-0.0794380828738
-0.0800192281604
-0.0806003734469
-0.0811964198947
-0.0817626640201
-0.0823587104678
-0.0829249545932
-0.0834911987185
-0.0840425416827
-0.0846236869693
-0.0851750299335
-0.08575617522
-0.0863075181842
-0.0868588611484
-0.0873953029513
-0.0879913493991
-0.0884979888797
-0.0890493318439
-0.0895708724856
-0.090137116611
-0.0906437560916
-0.0912249013782
-0.0917017385364
-0.0922530815005
-0.0927746221423
-0.0933259651065
-0.0938028022647
-0.0943243429065
-0.0948607847095
-0.09536742419
-0.0958442613482
-0.0963807031512
-0.0968873426318
-0.09736417979
-0.097900621593
-0.0983476564288
-0.0988840982318
-0.0993311330676
-0.0998526737094
-0.100314609706
-0.100791446865
-0.101298086345
-0.101745121181
-0.1022368595
-0.102713696659
-0.103145830333
-0.103637568653
-0.10409950465
-0.104591242969
-0.105008475482
-0.105470411479
-0.105917446315
-0.10634957999
-0.106811515987
-0.107273451984
-0.107705585659
-0.108152620494
-0.108540050685
-0.109016887844
-0.109434120357
-0.109866254032
-0.110283486545
-0.11071562022
-0.111147753894
-0.111550085247
-0.11196731776
-0.112369649112
-0.112757079303
-0.113189212978
-0.11359154433
-0.113978974521
-0.114411108196
-0.114768736064
-0.115185968578
-0.115558497608
-0.115945927799
-0.11633335799
-0.116720788181
-0.117093317211
-0.117465846241
-0.117823474109
-0.118225805461
-0.118598334491
-0.118926160038
-0.11932849139
-0.119656316936
-0.120028845966
-0.120386473835
-0.120729200542
-0.121057026088
-0.121429555118
-0.121772281826
-0.122129909694
-0.122442834079
-0.122800461948
-0.123098485172
-0.123441211879
-0.123783938587
-0.124081961811
-0.124424688518
-0.124752514064
-0.1250654459
-0.125363469124
-0.125676393509
-0.126004219055
-0.126287341118
-0.126585364342
-0.126913189888
-0.127196311951
-0.127479434013
-0.12780725956
-0.128045678139
-0.128358602524
-0.128671526909
-0.128895044327
-0.129222869873
-0.129476189613
-0.129729509354
-0.130042433739
-0.130280852318
-0.130549073219
-0.130832195282
-0.131070613861
-0.131353735924
-0.131592154503
-0.131830573082
-0.132083892822
-0.132352113724
-0.13256072998
-0.132814049721
-0.133067369461
-0.133290886879
-0.133514404297
-0.133767724037
-0.133991241455
-0.134184956551
-0.134438276291
-0.134646892548
-0.134885311127
-0.135064125061
-0.135287642479
-0.135496258736
-0.135719776154
-0.135883688927
-0.136107206345
-0.136330723763
-0.136479735374
-0.136718153954
-0.136867165565
-0.1370459795
-0.137269496918
-0.13741850853
-0.137612223625
-0.13779103756
-0.137969851494
-0.138118863106
-0.13829767704
-0.138461589813
-0.138640403748
-0.138774514198
-0.138938426971
-0.139102339745
-0.139251351357
-0.139400362968
-0.139534473419
-0.13966858387
-0.139832496643
-0.139981508255
-0.140085816383
-0.140219926834
-0.140383839607
-0.140473246574
-0.140622258186
-0.140756368637
-0.140830874443
-0.140994787216
-0.141084194183
-0.141173601151
-0.141322612762
-0.141397118568
-0.141501426697
-0.141635537148
-0.141695141792
-0.141814351082
-0.141903758049
-0.141963362694
-0.142097473145
-0.142142176628
-0.142246484756
-0.142306089401
-0.142395496368
-0.142455101013
-0.14254450798
-0.142604112625
-0.142678618431
-0.142723321915
-0.142797827721
-0.142857432365
-0.142872333527
-0.142976641655
-0.142976641655
-0.143066048622
-0.143095850945
-0.143125653267
-0.14317035675
-0.143215060234
-0.143215060234
-0.143274664879
-0.14328956604
-0.143334269524
-0.143349170685
-0.143334269524
-0.143378973007
-0.143393874168
-0.14340877533
-0.143393874168
-0.14340877533
-0.143423676491
-0.143438577652
-0.14340877533
-0.143393874168
-0.14340877533
-0.143393874168
-0.143378973007
-0.143364071846
-0.143349170685
-0.143304467201
-0.143274664879
-0.14328956604
-0.143244862556
-0.143185257912
-0.143200159073
-0.143125653267
-0.143095850945
-0.143066048622
-0.143006443977
-0.142946839333
-0.142902135849
-0.142857432365
-0.142797827721
-0.142723321915
-0.142678618431
-0.142604112625
-0.14254450798
-0.142455101013
-0.142395496368
-0.142335891724
-0.142246484756
-0.142142176628
-0.142097473145
-0.141993165016
-0.141903758049
-0.141814351082
-0.141695141792
-0.141635537148
-0.141516327858
-0.14141201973
-0.141322612762
-0.141203403473
-0.141084194183
-0.140994787216
-0.140845775604
-0.140741467476
-0.140622258186
-0.140503048897
-0.140383839607
-0.140219926834
-0.140115618706
-0.139981508255
-0.139832496643
-0.139713287354
-0.13954937458
-0.139400362968
-0.139251351357
-0.139102339745
-0.138953328133
-0.138819217682
-0.138610601425
-0.138491392136
-0.138312578201
-0.138148665428
-0.137969851494
-0.13779103756
-0.137627124786
-0.13741850853
-0.137269496918
-0.137090682983
-0.136896967888
-0.136718153954
-0.136509537697
-0.136315822601
-0.136107206345
-0.13592839241
-0.135719776154
-0.135526061058
-0.135272741318
-0.135108828545
-0.134885311127
-0.134646892548
-0.134453177452
-0.134229660034
-0.133991241455
-0.133767724037
-0.133544206619
-0.133320689201
-0.133067369461
-0.132843852043
-0.132590532303
-0.132352113724
-0.132113695145
-0.131875276566
-0.131592154503
-0.131338834763
-0.131100416183
-0.130832195282
-0.130593776703
-0.13031065464
-0.130027532578
-0.129759311676
-0.129520893097
-0.129207968712
-0.12893974781
-0.128656625748
-0.128388404846
-0.128120183945
-0.127777457237
-0.127524137497
-0.127226114273
-0.126898288727
-0.126644968987
-0.12631714344
-0.126004219055
-0.125706195831
-0.125393271446
-0.1250654459
-0.124752514064
-0.12445449084
-0.124141566455
-0.123783938587
-0.123471014202
-0.123128287494
-0.122815363109
-0.12245773524
-0.122129909694
-0.12183188647
-0.121429555118
-0.121116630733
-0.120759002864
-0.120401374996
-0.120058648288
-0.119686119258
-0.11932849139
-0.118985764682
-0.118613235652
-0.118225805461
-0.117868177593
-0.117480747402
-0.117138020694
-0.116750590503
-0.11633335799
-0.116005532444
-0.115603201091
-0.115200869739
-0.114798538387
-0.114411108196
-0.114023678005
-0.113606445491
-0.1132190153
-0.112801782787
-0.112399451435
-0.111997120082
-0.111564986408
-0.111177556217
-0.11071562022
-0.110357992351
-0.109866254032
-0.109493725002
-0.109001986682
-0.108614556491
-0.108182422817
-0.107735387981
-0.107273451984
-0.106841318309
-0.106409184635
-0.105947248638
-0.105500213802
-0.105068080127
-0.104591242969
-0.104129306972
-0.103667370975
-0.103190533817
-0.102743498981
-0.102266661823
-0.101789824665
-0.101327888668
-0.100836150348
-0.10035931319
-0.0998675748706
-0.0993907377124
-0.098898999393
-0.0983923599124
-0.0979155227542
-0.0974237844348
-0.096902243793
-0.0964105054736
-0.0959187671542
-0.0953972265124
-0.0948756858706
-0.0943541452289
-0.0938773080707
-0.0933259651065
-0.0928193256259
-0.0922977849841
-0.0917464420199
-0.0912398025393
-0.0906884595752
-0.0901818200946
-0.0896155759692
-0.0890940353274
-0.0885426923633
-0.0879913493991
-0.0874400064349
-0.0869035646319
-0.0863522216678
-0.0857859775424
-0.085219733417
-0.0846683904529
-0.0840872451663
-0.0835359022021
-0.0829547569156
-0.0824034139514
-0.0818073675036
-0.0812262222171
-0.0806450769305
-0.0800788328052
-0.0794678851962
-0.0788867399096
-0.0783056020737
-0.0777095556259
-0.0771135091782
-0.0765025615692
-0.0759065151215
-0.0752955675125
-0.0746846199036
-0.0740885734558
-0.0734627246857
-0.0728666782379
-0.0722110271454
-0.0716149806976
-0.0709593296051
-0.0703632831573
-0.0697374343872
-0.0690817832947
-0.0684559345245
-0.0678300857544
-0.0671744346619
-0.0665485858917
-0.0658929347992
-0.0652372837067
-0.0645816326141
-0.063955783844
-0.0632703304291
-0.0626146793365
-0.0619590245187
-0.0612735711038
-0.0606477223337
-0.0599324665964
-0.0592768155038
-0.0586211644113
-0.0579357109964
-0.0572204552591
-0.0565648041666
-0.0558793507516
-0.0551640950143
-0.0545084439218
-0.0537931881845
-0.0531077347696
-0.0523924790323
-0.051677223295
-0.0509917698801
-0.0503063164651
-0.0495612584054
-0.0488460026681
-0.0481605492532
-0.0474154911935
-0.0467002354562
-0.0459551773965
-0.0452697239816
-0.0445246659219
-0.0437796078622
-0.0430345498025
-0.0423192940652
-0.0415742360055
-0.0408291779459
-0.0400841198862
-0.0393390618265
-0.0385642051697
-0.0378489494324
-0.0370442867279
-0.0362992286682
-0.0355541706085
-0.0347793102264
-0.0340342521667
-0.0332295894623
-0.0324845314026
-0.0316798686981
-0.0309050064534
-0.0301599483937
-0.0293552856892
-0.0285506229848
-0.0277757626027
-0.0270009022206
-0.0261664371938
-0.0253915768117
-0.0245869141072
-0.0237822514027
-0.0229775886983
-0.0221729259938
-0.0213682632893
-0.0205636005849
-0.0196993332356
-0.0189244747162
-0.0180900096893
-0.0172853469849
-0.0164210796356
-0.0156164159998
-0.014781950973
-0.0139176836237
-0.0131130209193
-0.01224875357
-0.0114142885432
-0.0105798235163
-0.00971555709839
-0.00888109207153
-0.00801682472229
-0.00715255690739
-0.00631809188053
-0.0054240222089
-0.00455975532532
-0.00369548774324
-0.00286102271639
-0.00196695327759
-0.00107288360596
-0.000208616242162
0.000685453356709
0.00157952297013
0.00244379043579
0.00333785987459
0.00423192977905
0.00512599898502
0.00599026633427
0.00694394065067
0.00780820799991
0.00873208045959
0.00962615013123
0.0105798235163
0.0114738931879
0.0123381605372
0.013321637176
0.0142157068476
0.0151395788416
0.0160932540894
0.016987323761
0.0179708003998
0.018835067749
0.0198185425252
0.0207722168416
0.0216662865132
0.022649763152
0.0236034374684
0.0245273094624
0.0255107861012
0.0264346580952
0.027418134734
0.0283718090504
0.0293552856892
0.0303089600056
0.0312924385071
0.0322461128235
0.0332295894623
0.0341832637787
0.0351965427399
0.0361800193787
0.0371336936951
0.0381767749786
0.039130449295
0.0401437245309
0.0411272011697
0.0421404801309
0.0431537590921
0.0441372357309
0.0451505146921
0.0461637936532
0.0471770726144
0.0481903515756
0.0492036305368
0.0502467118204
0.0512599907815
0.0522732697427
0.0533163510263
0.0543594323099
0.0554025135934
0.0564157925546
0.0574588738382
0.0585317574441
0.0595450364053
0.0605881176889
0.0616610012949
0.0627338886261
0.0637471675873
0.0648498535156
0.0658631324768
0.0669658184052
0.0680387020111
0.0690817832947
0.0701546669006
0.071257352829
0.0723302364349
0.0733733177185
0.0745058059692
0.0755786895752
0.0766813755035
0.0777244567871
0.0788569375873
0.0799596235156
0.0810325071216
0.0821649953723
0.0832676813006
0.0843405649066
0.0855028554797
0.0866055414081
0.087678425014
0.0888407155871
0.0899434015155
0.0910758897662
0.0922083780169
0.0933259651065
0.0944733545184
0.095590941608
0.0967532321811
0.0978857204318
0.0990033075213
0.100180499256
0.101327888668
0.102460376918
0.103622667491
0.104799859226
0.105932347476
0.107109539211
0.108286730945
0.109434120357
0.11059641093
0.111788503826
0.11296569556
0.114127986133
0.115320079029
0.116512171924
0.117674462497
0.118881456554
0.120088450611
0.121265642345
0.122472636402
0.123664729297
0.124856822193
0.126078724861
0.127300620079
0.128477811813
0.129714608192
0.13093650341
0.132143497467
0.133365392685
0.134572386742
0.135838985443
0.1370459795
0.138282775879
0.139534473419
0.140741467476
0.141993165016
0.143259763718
0.144481658936
0.145733356476
0.146985054016
0.148236751556
0.149518251419
0.150755047798
0.152036547661
0.153258442879
0.154569745064
0.155821442604
0.157102927566
0.158384427428
0.159665927291
0.160932525992
0.162228927016
0.163510426879
0.164791926742
0.166073426604
0.167399629951
0.168696030974
0.169977530837
0.171303734183
0.172570332885
0.173896536231
0.175222739577
0.176548942924
0.177830442786
0.179171547294
0.180467948318
0.181823953986
0.183135256171
0.184461459517
0.185817465186
0.187128767371
0.18848477304
0.189810976386
0.191166982055
0.192508086562
0.19384919107
0.195220097899
0.196561202407
0.197902306914
0.199273213744
0.200659021735
0.202000126243
0.203400835395
0.204741939902
0.206112846732
0.207483753562
0.208899363875
0.210240468383
0.211656078696
0.213012084365
0.214427694678
0.215813502669
0.21719931066
0.218600019813
0.220030531287
0.221401438117
0.222802147269
0.224217757583
0.225648269057
0.227048978209
0.228449687362
0.229895099998
0.23129580915
0.232726320624
0.234186634421
0.235572442412
0.237032756209
0.238463267684
0.239863976836
0.241368994117
0.242754802108
0.24427472055
0.245660528541
0.247135743499
0.248566254973
0.250026583672
0.251516699791
0.252962112427
0.254437327385
0.255882740021
0.257387757301
0.258818268776
0.260338187218
0.261783599854
0.263303518295
0.264748930931
0.266268849373
0.26772916317
0.269219279289
0.270754098892
0.272214412689
0.27371942997
0.275239348412
0.276729464531
0.27821958065
0.279784202576
0.281289219856
0.282749533653
0.28432905674
0.285819172859
0.287353992462
0.288888812065
0.290408730507
0.291958451271
0.29344856739
0.295042991638
0.296577811241
0.298067927361
0.299677252769
0.301212072372
0.302731990814
0.304326415062
0.305846333504
0.307396054268
0.309020280838
0.310555100441
0.312134623528
0.313654541969
0.315278738737
0.316500633955
0.316128104925
0.313714146614
0.309392809868
0.303044915199
0.294730067253
0.284463167191
0.272184610367
0.257924199104
0.241741523147
0.223502501845
0.203371033072
0.181183204055
0.157073125243
0.130981206894
0.102877609432
0.0728368759155
0.0407844744623
0.00676512671635
-0.0292062740773
-0.0663697719574
-0.10135769099
-0.133439898491
-0.162541851401
-0.188723191619
-0.211879596114
-0.232145175338
-0.249460324645
-0.263795256615
-0.275164842606
-0.283598899841
-0.289067625999
-0.291630625725
-0.291168689728
-0.287801027298
-0.281468033791
-0.272184610367
-0.259920954704
-0.244751557708
-0.226587042212
-0.205516800284
-0.181421622634
-0.155091285706
-0.128999352455
-0.103846184909
-0.0796914026141
-0.0564157925546
-0.0341236591339
-0.0127255907282
0.00768899871036
0.0271946173161
0.0457763634622
0.0633895397186
0.0800341293216
0.0958293601871
0.11059641093
0.124484293163
0.13741850853
0.149384140968
0.160425886512
0.170573577285
0.179707989097
0.187963232398
0.195249900222
0.20159779489
0.207036718726
0.211507067084
0.215038642287
0.217586740851
0.218898043036
0.21894274652
0.217705950141
0.215217456222
0.211417660117
0.20633636415
0.200003370643
0.19235907495
0.183463081717
0.173285588622
0.161826595664
0.149115920067
0.135064125061
0.119790427387
0.103205434978
0.0853538438678
0.066265463829
0.0458061657846
0.0241696815938
0.00119209289551
-0.0230818968266
-0.0485479794443
-0.0753849744797
-0.102832905948
-0.128671526909
-0.152185559273
-0.173464402556
-0.19247828424
-0.209167584777
-0.223666414618
-0.235870465636
-0.24577973783
-0.253453850746
-0.258818268776
-0.261962413788
-0.262811779976
-0.261411070824
-0.257730484009
-0.251799821854
-0.243559464812
-0.233069047332
-0.220328554511
-0.205293282866
-0.188022837043
-0.168457612395
-0.146627426147
-0.122532241046
-0.0967979356647
-0.0718683004379
-0.0484436713159
-0.026419756934
-0.00585615588352
0.0132024278864
0.0308901052922
0.0470876656473
0.0617951117456
0.0751316547394
0.0869482681155
0.0973194763064
0.106304876506
0.113755457103
0.119790427387
0.124350182712
0.127509236336
0.129178166389
0.129401683807
0.128164887428
0.125467777252
0.121369950473
0.115752212703
0.108733765781
0.1002401039
0.0902712270617
0.078916542232
0.0660419464111
0.0517666302621
0.0363737344742
0.0214576702565
0.00734627200291
-0.00594556285068
-0.018373131752
-0.0300556402653
-0.040844079107
-0.0508427582681
-0.0600218735635
-0.0683516263962
-0.0758767127991
-0.0825822278857
-0.0884681865573
-0.0935345813632
-0.0977516099811
-0.101163975894
-0.103756777942
-0.105530016124
-0.106468789279
-0.106573097408
-0.105902545154
-0.104367725551
-0.102013342083
-0.0988542959094
-0.0948458835483
-0.090062610805
-0.084370367229
-0.0779777765274
-0.07064640522
-0.0627487897873
-0.0550150834024
-0.0476390086114
-0.0406503640115
-0.033974647522
-0.0277310591191
-0.0217854958028
-0.0162720680237
-0.0110417595133
-0.00628828955814
-0.00180304038804
0.00227987766266
0.00599026633427
0.00934302806854
0.0123530616984
0.0149607649073
0.0172108411789
0.0191032886505
0.0206232052296
0.0217854958028
0.0225901585072
0.0230073910207
0.0230669956654
0.0227987747639
0.0220984201878
0.0210851412266
0.019654629752
0.017911195755
0.0158101320267
0.0132769336924
0.0105351200327
0.00786781311035
0.00539421988651
0.00317394710146
0.00116229057312
-0.000670552195515
-0.00230967998505
-0.00372529006563
-0.00491738272831
-0.0059157605283
-0.00675022555515
-0.00728666735813
-0.00770389987156
-0.00786781311035
-0.00783801078796
-0.00756978942081
-0.00716745806858
-0.00651180697605
-0.00561773730442
-0.00457465648651
-0.00329315639101
-0.00183284271043
-0.000149011611938
0.00177323806565
0.00384449935518
0.0061541791074
0.00867247581482
0.0113844862208
0.0142753114924
0.0174641609192
0.0206828098744
0.0236630421132
0.0262409429997
0.0285059195012
0.0303685646504
0.0318884849548
0.0330209732056
0.0337809324265
0.0341832637787
0.0342279672623
0.0339150428772
0.0332295894623
0.0321418046951
0.0307261925191
0.0289231520146
0.0268071871251
0.0242292862386
0.0213533621281
0.0181049108505
0.0144541254267
0.0105053177103
0.0061392779462
0.00137090671342
-0.00366568542086
-0.00914931297302
-0.0149905672297
-0.0211447458714
-0.0277459602803
-0.0346302986145
-0.0419318638742
-0.0495910607278
-0.0576227866113
-0.0659823417664
-0.0747591257095
-0.0838935300708
-0.0933557674289
-0.102907411754
-0.111326567829
-0.118285410106
-0.123783938587
-0.12780725956
-0.13042986393
-0.13156235218
-0.131249427795
-0.129491090775
-0.126287341118
-0.121638171375
-0.115513794124
-0.107929103076
-0.0989139005542
-0.0884681865573
-0.0765323638916
-0.0631511211395
-0.0483393631876
-0.0320374965668
-0.0143498172984
0.00445544719696
0.0227987747639
0.0402778349817
0.0568926297128
0.0726580619812
0.0875592157245
0.101625911891
0.114828340709
0.127196311951
0.138685107231
0.149339437485
0.159129485488
0.168055281043
0.176146611571
0.183388575912
0.189751371741
0.195279702544
0.199988469481
0.203758463264
0.206723794341
0.208869561553
0.210106357932
0.210508689284
0.210061654449
0.208765253425
0.206604585052
0.203579649329
0.199750050902
0.194996580482
0.189453348517
0.183016046882
0.17575918138
0.16777215898
0.159740433097
0.151813030243
0.144019722939
0.136315822601
0.128701329231
0.1212060377
0.11384486407
0.106528393924
0.0993311330676
0.0922828838229
0.0853389427066
0.0784248113632
0.071719288826
0.06502866745
0.0585019551218
0.0520348511636
0.0457465611398
0.0394880734384
0.033363699913
0.0273436289281
0.0214427690953
0.0156611204147
0.00998377706856
0.00448524951935
-0.000864267291036
-0.00603496981785
-0.0111162653193
-0.015988945961
-0.0207126121968
-0.0253021698445
-0.0297576170415
-0.0339895486832
-0.0381469726562
-0.0421255789697
-0.0459551773965
-0.0495910607278
-0.053137537092
-0.0564753971994
-0.0596940480173
-0.0627785921097
-0.0656396150589
-0.0684261322021
-0.0710189342499
-0.0734478235245
-0.0757724046707
-0.0778883695602
-0.0798851177096
-0.0817328616977
-0.0834017917514
-0.0849366113544
-0.0863075181842
-0.0875443145633
-0.0886320993304
-0.0895261690021
-0.0903159305453
-0.0908970758319
-0.0913739129901
-0.0917017385364
-0.0918954536319
-0.0922232791781
-0.0926852151752
-0.0932514593005
-0.0940859243274
-0.094979993999
-0.0960379764438
-0.0972896739841
-0.0986605808139
-0.100195400417
-0.101894132793
-0.103697173297
-0.105708830059
-0.10785459727
-0.110164277256
-0.112608067691
-0.1152157709
-0.117942683399
-0.120878212154
-0.123932950199
-0.127166509628
-0.130519270897
-0.134035944939
-0.137731432915
-0.14154613018
-0.145494937897
-0.149667263031
-0.153928995132
-0.158384427428
-0.162959083915
-0.167697653174
-0.172615036368
-0.177666530013
-0.18286703527
-0.188201650977
-0.193715080619
-0.199407324195
-0.205203875899
-0.210970625281
-0.215932711959
-0.219851717353
-0.222742542624
-0.22467969358
-0.22555886209
-0.225394949317
-0.224277362227
-0.222071990371
-0.218898043036
-0.214666113257
-0.209480509162
-0.203207120299
-0.195950254798
-0.187695011497
-0.178366884589
-0.168099984527
-0.156730413437
-0.144377350807
-0.131040811539
-0.116884700954
-0.102996818721
-0.0895410701632
-0.076562166214
-0.0640600919724
-0.0520348511636
-0.0404715500772
-0.0293552856892
-0.0187307596207
-0.00858306884766
0.00110268592834
0.0103414049372
0.0190734863281
0.0273436289281
0.0351667404175
0.0424981079996
0.0493824444711
0.0557899437845
0.0617057047784
0.0672042369843
0.0721663236618
0.0766962766647
0.0807493850589
0.0845044776797
0.0885277912021
0.0931024476886
0.0980943366885
0.103577964008
0.109493725002
0.115931026638
0.12283026427
0.130221247673
0.138029456139
0.146359205246
0.15515089035
0.164404496551
0.17413495481
0.184327349067
0.195011481643
0.206172451377
0.217765554786
0.229895099998
0.242456778884
0.255078077316
0.2661049366
0.275149941444
0.282138586044
0.287130475044
0.290170311928
0.291109085083
0.290095806122
0.287041068077
0.281989574432
0.274956226349
0.265866518021
0.254794955254
0.241726621985
0.226601943374
0.209495410323
0.190407022834
0.169247373939
0.146120786667
0.120967619121
0.0938177034259
0.0652968883514
0.0380873680115
0.012785195373
-0.0105500211939
-0.0319480895996
-0.0513941012323
-0.0689476728439
-0.0845044776797
-0.0981092378497
-0.109836451709
-0.119566909969
-0.127375125885
-0.133246183395
-0.137165188789
-0.139132142067
-0.139191746712
-0.137269496918
-0.133454799652
-0.127658247948
-0.119894735515
-0.110268585384
-0.0986307784915
-0.0850856229663
-0.0695735216141
-0.0521540604532
-0.0327825546265
-0.0114440908656
0.0118166198954
0.0370144844055
0.0641793012619
0.0926256105304
0.119686119258
0.144839286804
0.167995676398
0.18911062181
0.208318218589
0.225529059768
0.240683540702
0.253975391388
0.265166163445
0.274449586868
0.281736254692
0.287011265755
0.290349125862
0.291660428047
0.291004776955
0.288367271423
0.283777713776
0.277131795883
0.268578529358
0.25799870491
0.245884045959
0.233829006553
0.222280606627
0.211283549666
0.200733527541
0.19073484838
0.181287512183
0.172272309661
0.16377864778
0.155791640282
0.148385763168
0.141382217407
0.134974718094
0.129029154778
0.123605124652
0.118672840297
0.114291898906
0.110387794673
0.106990329921
0.10409950465
0.101745121181
0.0998824760318
0.0985413715243
0.0976771041751
0.09736417979
0.0974982902408
0.0981986448169
0.0994056388736
0.100821249187
0.101566307247
0.101193778217
0.0999122783542
0.0975727960467
0.0942349359393
0.0898688957095
0.0845640823245
0.0781565904617
0.0708401203156
0.0624358616769
0.0530332289636
0.0426769219339
0.0312775373459
0.0188499689102
0.00543892337009
-0.00894069671631
-0.0244230013341
-0.0408291779459
-0.0582486353815
-0.0763982534409
-0.0937431976199
-0.110045067966
-0.125303864479
-0.139430165291
-0.152558088303
-0.164583310485
-0.17550586164
-0.185400232673
-0.194206818938
-0.201940521598
-0.20858643949
-0.21420417726
-0.21868942678
-0.222161397338
-0.224530681968
-0.225856885314
-0.226065501571
-0.225231036544
-0.223323687911
-0.220373257995
-0.216275438666
-0.211179241538
-0.204980358481
-0.197693690658
-0.189393743873
-0.179961308837
-0.169470891356
-0.157922491431
-0.145331025124
-0.131592154503
-0.11683999747
-0.101014964283
-0.0841170474887
-0.0661015510559
-0.0473856888711
-0.0291764717549
-0.0118762245402
0.00461935997009
0.0202208738774
0.034973025322
0.0488907061517
0.061899419874
0.0740885734558
0.0853538438678
0.0958591625094
0.105410806835
0.114172689617
0.122040502727
0.129014253616
0.135198235512
0.140473246574
0.144898891449
0.148504972458
0.151172280312
0.153049826622
0.1540184021
0.15415251255
0.153407454491
0.151857733727
0.149384140968
0.146061182022
0.141903758049
0.136837363243
0.130981206894
0.124424688518
0.117942683399
0.111788503826
0.105902545154
0.100329510868
0.0950395986438
0.0900328084826
0.0853240415454
0.0809281989932
0.0768154859543
0.0729709863663
0.0694245100021
0.0662207603455
0.0632256269455
0.0606179200113
0.0582188330591
0.0561624728143
0.0543743334711
0.0528842173517
0.0517070256174
0.0507831536233
0.0502020083368
0.0498592816293
0.0498294793069
0.0501126013696
0.0506937466562
0.0515133105218
0.052675601095
0.0540167056024
0.0552386008203
0.0561475716531
0.0568479262292
0.0573545657098
0.057518478483
0.057518478483
0.0572204552591
0.0567138157785
0.0559687577188
0.0549256764352
0.0536441765726
0.0521987639368
0.0504106245935
0.0484287701547
0.0462084971368
0.0436902008951
0.040993090719
0.0379979610443
0.0347793102264
0.0313520431519
0.0276118498296
0.0236779432744
0.0194758176804
0.0150203695521
0.0103414049372
0.00539421988651
0.000223517403356
-0.0051856036298
-0.0108778467402
-0.0167787075043
-0.0229477863759
-0.0293552856892
-0.0359863042831
-0.0429004393518
-0.0500231944025
-0.0573992691934
-0.0650733709335
-0.0728964805603
-0.0810325071216
-0.0894069597125
-0.0979900285602
-0.106886021793
-0.11596082896
-0.125333666801
-0.134885311127
-0.144630670547
-0.154048204422
-0.163048490882
-0.171661362052
-0.179812297225
-0.187590703368
-0.194922074676
-0.201866015792
-0.208377823234
-0.214487299323
-0.220179542899
-0.225454553962
-0.23029743135
-0.234767779708
-0.238776192069
-0.242397174239
-0.245571121573
-0.248387441039
-0.25075674057
-0.252693891525
-0.254273414612
-0.255361199379
-0.256076455116
-0.25637447834
-0.256285071373
-0.25574862957
-0.254780054092
-0.253424048424
-0.251650810242
-0.249445423484
-0.246852621436
-0.24390219152
-0.24090705812
-0.23791192472
-0.234931692481
-0.231951460242
-0.229015931487
-0.226065501571
-0.223144873977
-0.220254048705
-0.217333421111
-0.214457497001
-0.211611375213
-0.208735451102
-0.205904230475
-0.20308791101
-0.200256690383
-0.197485074401
-0.194698557258
-0.191926941276
-0.189140424132
-0.186443313956
-0.183686599135
-0.180959686637
-0.178292378783
-0.175595268607
-0.172942861915
-0.1702606529
-0.167593345046
-0.16501544416
-0.162377938628
-0.159755334258
-0.157207235694
-0.154599547386
-0.152036547661
-0.149503350258
-0.146970152855
-0.144436955452
-0.141978263855
-0.139430165291
-0.137001276016
-0.134512782097
-0.1320540905
-0.129640102386
-0.127226114273
-0.124782316387
-0.122442834079
-0.120013944805
-0.117689363658
-0.115290276706
-0.112980596721
-0.110656015575
-0.108361236751
-0.106051556766
-0.103756777942
-0.101506702602
-0.0992417261004
-0.0970065519214
-0.0948011800647
-0.0925511047244
-0.0903606340289
-0.0881999656558
-0.0860243961215
-0.0838637277484
-0.0817030593753
-0.0795870944858
-0.077486038208
-0.0753700733185
-0.0733137130737
-0.0711977481842
-0.0691413879395
-0.0671446323395
-0.0650584697723
-0.0630915164948
-0.0610649548471
-0.0590681992471
-0.0571012459695
-0.0551491938531
-0.0531971417367
-0.0512301884592
-0.0493526421487
-0.0474303923547
-0.0455528460443
-0.0436752997339
-0.0417828522623
-0.0399649105966
-0.0381171703339
-0.036284327507
-0.0344961881638
-0.0326782464981
-0.030949709937
-0.0291466694325
-0.0273734312505
-0.0256597977132
-0.0239610653371
-0.0222176294774
-0.0205337982625
-0.018835067749
-0.0171810388565
-0.0155270090327
-0.0138878813013
-0.0122636547312
-0.0106245269999
-0.00905990600586
-0.00745058013126
-0.00588595820591
-0.0043660402298
-0.00277161574923
-0.00128149974626
0.000268220901489
0.00174343574326
0.00323355174623
0.00472366809845
0.00616908026859
0.0075995917432
0.00905990600586
0.010475515388
0.011861323379
0.01324713137
0.0146478405222
0.015988945961
0.0173449516296
0.0186711549759
0.0199824552983
0.0213086586446
0.022575257346
0.0239014606923
0.0251233559102
0.0263899546117
0.0276267509907
0.0288337450475
0.0300556402653
0.0312477331609
0.0324100255966
0.0336021184921
0.0347346067429
0.0358819961548
0.0370144844055
0.0381171703339
0.0392198525369
0.0402778349817
0.0413954220712
0.0424087010324
0.0434666834772
0.0444948635995
0.0454932413995
0.0465065203607
0.0474899969995
0.0484287701547
0.0494420491159
0.0503510199487
0.0512748919427
0.052213665098
0.0530928336084
0.05398690328
0.0548809729517
0.0557154379785
0.0565797053277
0.0574141703546
0.0582188330591
0.0590234957635
0.0598132573068
0.0605732165277
0.0613778792322
0.0620782338083
0.0628232955933
0.063568353653
0.0642687082291
0.064954161644
0.0656396150589
0.0662803649902
0.066950917244
0.0675767660141
0.0682026147842
0.0688135623932
0.0694245100021
0.0699758529663
0.0705569982529
0.071108341217
0.0716596841812
0.0721663236618
0.0727027654648
0.073179602623
0.0736713409424
0.0741183757782
0.0746250152588
0.0750124454498
0.0754594802856
0.0758767127991
0.0762641429901
0.0766515731812
0.077024102211
0.0773966312408
0.0777244567871
0.0780671834946
0.078409910202
0.0786632224917
0.0789761468768
0.0792294666171
0.0794976875186
0.0797808095813
0.0799447223544
0.0802129432559
0.0804066583514
0.0806003734469
0.0807791873813
0.0809281989932
0.0810921117663
0.0811964198947
0.0813305303454
0.081449739635
0.0815540477633
0.0816285535693
0.0816732570529
0.0817179605365
0.0817924663424
0.0817775651813
0.0817924663424
0.0818222686648
0.0817477628589
0.0817626640201
0.0816881582141
0.0816732570529
0.0815391466022
0.0814795419574
0.0813901349902
0.0812411233783
0.0811517164111
0.080987803638
0.0808089897037
0.0806599780917
0.0804811641574
0.0802576467395
0.0800490304828
0.0798255130649
0.0795870944858
0.0793486759067
0.0790506526828
0.0787973329425
0.078454606235
0.0781863927841
0.0778436660767
0.077486038208
0.0771582126617
0.0767707824707
0.0764280557632
0.0760108232498
0.0755935907364
0.0751614570618
0.0747442245483
0.0743120908737
0.0738203525543
0.0733286142349
0.0728517770767
0.0723451375961
0.0718384981155
0.0713020563126
0.0707358121872
0.070184469223
0.0695884227753
0.0690221786499
0.0684261322021
0.0677853822708
0.0671595335007
0.0665038824081
0.0658482313156
0.0651925802231
0.0644773244858
0.0638216733932
0.0630766153336
0.0623464547098
0.0615864954889
0.0608563385904
0.0600516758859
0.059291716665
0.0585019551218
0.0576823912561
0.0568479262292
0.0559985600412
0.0551491938531
0.0542998276651
0.0534057579935
0.0524818859994
0.051602717489
0.0506639443338
0.0497400723398
0.0487714968622
0.0478178225458
0.0468194447458
0.045835968107
0.0448226891458
0.0438243113458
0.0427663289011
0.0417083464563
0.0406801663339
0.0395476780832
0.0384896993637
0.0373870134354
0.0362545251846
0.0351220369339
0.0339895486832
0.0328123569489
0.0316500663757
0.0304579716176
0.0292360763997
0.0280439835042
0.0267922859639
0.0255405884236
0.0242888908833
0.0230222921818
0.0217556934804
0.0204145889729
0.0191330909729
0.0177621841431
0.016450881958
0.0151097765192
0.0136941662058
0.0123381605372
0.0109523525462
0.00952184200287
0.00807642936707
0.00666081858799
0.0051856036298
0.00375509238802
0.00222027301788
0.000774860323872
0.000774860323872
