0.0
0.0
0.0
0.0
0.0
0.0
0.0
0.0
0.0
0.0
0.0
0.0
0.0
0.0
0.0
0.0
0.0
0.0
0.0
0.0
0.0
0.0
0.0
0.0
0.0
0.0
0.0
0.0
0.0
0.0
0.0
0.0
0.0
0.0
0.0
0.0
0.0
0.0
0.0
0.0
0.0
0.0
0.0
0.0
0.0
0.0
0.0
0.0
0.0
0.0
0.0
0.0
0.0
0.0
0.0
0.0
0.0
0.0
0.0
0.0
0.0
0.0
0.0
0.0
0.0
0.0
0.0
0.0
0.0
0.0
0.0
0.0
0.0
0.0
0.0
0.0
0.0
0.0
0.0
0.0
0.0
0.0
0.0
0.0
0.0
0.0
0.0
0.0
0.0
0.0
0.0
0.0
0.0
0.0
0.0
0.0
0.0
0.0
0.0
0.0
0.0
0.0
0.0
0.0
0.0
0.0
0.0
0.0
0.0
0.0
0.0
0.0
0.0
0.0
0.0
0.0
0.0
0.0
0.0
0.0
0.0
0.0
0.0
0.0
0.0
0.0
0.0
0.0
0.0
0.0
0.0
0.0
0.0
0.0
0.0
0.0
0.0
0.0
0.0
0.0
0.0
0.0
0.0
0.0
0.0
0.0
0.0
0.0
0.0
0.0
0.0
0.0
0.0
0.0
0.0
0.0
0.0
0.0
0.0
0.0
0.0
0.0
0.0
0.0
0.0
0.0
0.0
0.0
0.0
0.0
0.0
0.0
0.0
0.0
0.0
0.0
0.0
0.0
0.0
0.0
0.0
0.0
0.0
0.0
0.0
0.0
0.0
0.0
0.0
0.0
0.0
0.0
0.0
0.0
0.0
0.0
0.0
0.0
0.0
0.0
0.0
0.0
0.0
0.0
0.0
0.0
0.0
0.0
0.0
0.0
0.0
0.0
0.000182644900633
-0.000590342911892
0.00125948595814
-0.00257787806913
-0.0201064422727
-0.017403004691
-0.00796028506011
0.00488281762227
0.000894339289516
-0.00112975074444
0.00350368372165
-0.00267337425612
-0.0122209684923
-0.00896576140076
-0.000321727944538
0.000507755845319
0.000568030402064
-0.000864023342729
7.12433320587e-05
0.00609281240031
0.00393328396603
0.00214734161273
0.00663281977177
0.00526865432039
0.00401312671602
0.00739083066583
0.00524819269776
0.0050222161226
0.00625986605883
0.00483955070376
0.00126235175412
0.0025955834426
0.00273686810397
7.4758703704e-05
0.00240337662399
0.00265581114218
-0.00051760225324
0.00251074368134
0.00102168694139
-0.00079079286661
0.00134071079083
0.00215406971984
0.000992059940472
0.00148415844887
0.00210732477717
0.0022997034248
0.00454938178882
0.00567580107599
0.00405936408788
0.00735154608265
0.00300314137712
0.00378108466975
0.00572711974382
0.000674995535519
0.00838804151863
0.0014281674521
-0.0417526699603
-0.0646224915981
-0.0613847598433
-0.0299287624657
0.00858082342893
0.00372622697614
0.00175320357084
0.00317224860191
-0.00271741254255
-0.00467573432252
-0.00788785424083
-0.00444586016238
0.00656632473692
0.00149015709758
0.00748641835526
0.00882728863508
0.00535388011485
0.00697147892788
0.00549066532403
0.00792668294162
0.00691718934104
0.00351309683174
0.0069244983606
0.00204544677399
0.000865599547978
0.00572977168486
0.00205759238452
0.00716106826439
0.0048982007429
0.00482881721109
0.0106258867308
0.00698483688757
0.00407998776063
0.00571748847142
0.000588332244661
0.000117079092888
-0.000699998578057
-0.00559059623629
-0.00618974398822
-0.00768753467128
-0.00604081200436
-0.00239358376712
-0.00299114990048
-0.00129069096874
0.00387977412902
0.00856880098581
0.0129225235432
0.0110229505226
0.00942365825176
0.0110076889396
0.0071461610496
0.00747968629003
0.00646973308176
0.000259051768808
-7.67534147599e-05
0.000248163094511
-0.00321784080006
-0.00249049859121
-0.00182741205208
-0.00300142914057
0.000810741155874
0.00362989469431
0.00316108413972
0.00354677787982
0.00289325346239
-5.52257042727e-05
0.00244161463343
0.00422235764563
0.00275822519325
0.00580176943913
0.00748840160668
0.00674874195829
0.011203234084
0.0109611880034
0.0125353261828
0.00930126663297
0.0086521897465
0.0115395216271
0.00368841760792
0.00414821552113
0.00393402250484
-0.000663052836899
0.00154095480684
-0.00129615981132
-0.00172247760929
0.00176176754758
-0.00424687098712
-0.001551509602
-0.00595326628536
-0.00382568524219
-0.00422759447247
-0.0123342787847
-0.00862495694309
-0.00449991505593
-0.00567041663453
-0.00315004913136
-0.000611911760643
0.00132656050846
0.0016227774322
0.0028016618453
0.0041669360362
0.00315593136474
0.00317810149863
0.00213652383536
0.00307243387215
0.00446426309645
0.00310194143094
0.00685884058475
0.0109668914229
0.00987849198282
0.00797769706696
0.00694676209241
0.0102418977767
0.0131322657689
0.0124805700034
0.0104849329218
0.00483535649255
0.0154622010887
0.00865690596402
0.00184796052054
0.00771409738809
0.000302525266306
0.001273579197
-5.03451701661e-06
-0.00289238779806
0.00852361321449
0.00548267643899
0.00395872304216
0.00895945448428
0.00499474117532
0.00350326043554
-0.00226362678222
0.00680642668158
-0.00449995137751
-0.00362493726425
-0.00184791733045
-0.00419952813536
0.000230821198784
-0.027921224013
-0.0616374462843
-0.0728087127209
-0.0541173145175
-0.00495589151978
0.00676598213613
-0.00128911505453
0.00616401107982
0.00546303391457
-0.00267423689365
-0.0130909318104
-0.00196362868883
0.0041557229124
0.00807474926114
0.00367265823297
0.00917633529752
0.00737651484087
-0.0187329091132
-0.0119513338432
0.00679930951446
-0.000298559258226
-0.000405601167586
-0.00201628124341
-0.00262579531409
0.00428174389526
-0.00462983781472
-0.00866766739637
-0.00181133125443
0.00260946643539
0.00017740430485
-0.000202737050131
0.000454431166872
-0.00280506280251
0.00187070015818
0.00185617047828
-1.49985789903e-05
0.00347266346216
0.00500330887735
0.00800973828882
0.00809322949499
0.00838893838227
0.0135861132294
0.0114236082882
0.00895833130926
0.00798194576055
0.00755471223965
0.00717376032844
0.000750329985749
0.0021743348334
0.00260578258894
0.0025831325911
0.00229132734239
-0.000485842261696
0.00202381191775
0.00371942482889
0.00678473245353
0.0066066486761
0.00712866382673
0.0102010890841
0.00690516270697
0.00381692289375
0.00423138216138
0.00436568167061
0.00326273147948
0.00208918051794
0.00255813682452
0.00503466837108
0.000384900427889
-0.0202728547156
-0.0250572785735
-0.013769284822
-0.00610966281965
0.00951972231269
0.00170105777215
-0.00243634381332
-0.00112735352013
-0.0213713180274
-0.0317236855626
-0.0233871154487
0.00256296549924
0.00696700206026
0.0060885339044
0.0121699720621
0.00170822290238
0.00203786347993
0.00524429231882
0.00141303183045
0.000247885589488
0.00082198320888
0.0036797595676
0.00237186602317
0.00179807317909
0.00511093484238
0.00587598467246
0.00385225145146
0.00102137145586
0.000637475051917
-0.000154475987074
-0.000843786925543
-0.00115207920317
-0.00144886388443
0.000619208090939
-0.00079206796363
0.00165010103956
0.00224936241284
0.00014494160132
0.00570759084076
0.00307313399389
0.00286470563151
0.00337106129155
0.00247068260796
0.00618565268815
0.00181457772851
0.003359754337
0.00403574109077
0.00213615619577
0.0057965409942
0.00410961546004
0.00156204681844
0.00314453197643
-0.000960734731052
0.000828313757665
0.00472535518929
0.00167345441878
0.000924103369471
-0.00991451740265
-0.0165698342025
-0.013803601265
-0.00437000347301
0.00347917852923
0.0013340159785
0.0033057751134
0.00610333541408
-0.00641996972263
-0.0143149485812
0.000247106479947
0.00248632789589
0.00768879102543
0.00246363668703
0.00588678009808
0.00445748865604
-0.049214091152
-0.0746567696333
-0.0519979856908
-0.00436805048957
0.00280925631523
-0.00610190350562
0.00600098073483
-0.00222094333731
-0.000933747040108
0.0017153051449
0.00684977788478
0.00815876107663
0.00743687152863
0.00958891957998
0.00509448489174
0.00299747753888
0.00352587993257
0.00392212020233
0.00185897515621
0.00559083931148
0.00278324238025
0.00545935984701
0.00316008972004
0.00171318498906
0.00411189440638
-0.00305322255008
0.00367574277334
0.00146323966328
-0.000138750925544
0.00206507928669
0.0015058045974
0.00416862079874
0.000574793317355
-0.00104166672099
-0.00263181747869
-0.00307557289489
-0.000443208555225
-0.00117828173097
-0.00322538241744
-0.0029971357435
-0.00070513645187
0.000283621193375
-0.0029302125331
-0.00225414847955
0.000657434691675
0.00444866158068
0.00624422170222
0.00692655192688
0.0106475902721
0.0116986511275
0.0105429813266
0.00531599484384
0.00187251670286
-0.00134282885119
-0.00479453941807
-0.00346449273638
0.00128416286316
0.0021624697838
0.00237880693749
0.00820287130773
0.00572986714542
0.0106468973681
0.00703478511423
0.0107172820717
0.0195532403886
0.00775323342532
0.011895663105
0.0114274406806
0.00938100740314
0.00692739943042
0.00158185174223
0.00374156539328
-0.00359657453373
-0.00465667387471
-0.00597052136436
-0.00816129427403
-0.00369937974028
-0.0030501850415
-0.00178686785512
-0.000830221048091
0.00163021672051
0.00352294906043
0.000333308824338
-0.000180286631803
0.00197773845866
0.00103814259637
-0.0021455665119
-0.00202831812203
-0.0013489125995
0.000504404073581
0.000895099481568
0.000103764075902
0.00372545770369
0.00348090706393
0.000531817786396
0.00310940155759
0.0052363271825
0.00384102156386
0.000924166815821
0.0024375168141
0.00318044470623
0.00301533844322
0.00228537828662
0.00245365756564
0.00320778810419
0.00311751291156
-0.000510404177476
0.00209152582102
0.00417484156787
-0.00632221344858
-0.0103988917544
-0.00872736144811
0.00370299792849
0.00355366617441
-0.00123090506531
0.00548513187096
-0.0240031667054
-0.0660830661654
-0.0529933534563
-0.00909584388137
0.0091219060123
0.000839049753267
0.00590205006301
0.00220242841169
-0.00168292876333
0.00963373761624
0.00276553351432
0.0050712171942
0.000941121310461
-0.000824097718578
-0.000988563522696
-0.00555617082864
0.000300208717817
-0.00577998859808
-0.00151937408373
0.00133948132861
-6.16196921328e-05
0.00329829729162
-0.00183889409527
-0.000551082252059
0.000147837185068
-0.00102820899338
0.00167602417059
0.00175964646041
0.00302483187988
0.00222555873916
0.00451121293008
0.00210623303428
-0.000922167557292
-0.00194688420743
-0.0036207404919
-0.00245353812352
-0.000504300987814
-0.00155035953503
0.00146411580499
0.00309237511829
0.00176445522811
0.0041882507503
0.00612439960241
0.00451835663989
-0.00208934606053
-0.0106648281217
-0.0118547677994
-0.0112629104406
-0.000888136273716
-0.00347965117544
0.000459105678601
-0.00434851553291
-0.0058573144488
-0.0164739023894
-0.00218247645535
0.00339990458451
0.000617000565398
0.00765810953453
0.00786423776299
0.00745456852019
0.00431310664862
0.0121525572613
0.00861850287765
0.0046207359992
0.00379116460681
0.00708397524431
0.00138848181814
0.000477237743326
-0.00336513132788
0.000305071560433
-0.000613709853496
-0.00547146890312
-0.000698448508047
-0.000315771088935
-0.000677426520269
-0.00410119956359
-0.00256520160474
-0.00533174909651
-0.00517602125183
-0.000674381211866
-0.00141888554208
0.00035216085962
0.00127130141482
0.000849162752274
0.00312103237957
-0.00129373837262
-0.00307391607203
-0.00152898358647
-0.00291129457764
-0.00215955055319
-0.00266894698143
0.00178005755879
0.00262767449021
0.00344710447825
0.00366230565123
0.00912585202605
0.00919401925057
0.00603047711775
0.00783361401409
0.00665261410177
0.00300839007832
0.00691992789507
-0.0388952679932
-0.0611232481897
-0.0446713231504
0.00229121814482
0.00539128249511
0.00482471752912
0.00279666134156
0.000685314065777
-0.00587962800637
0.00120024103671
0.00089026952628
0.000287731236313
0.00147595570888
-0.00195057794917
-0.0170200560242
-0.0307238083333
-0.00891112536192
0.000979859149083
0.000917091150768
0.00405527139083
0.0019565068651
0.00112690601964
0.00188568688463
0.00639325706288
-0.00177158648148
0.00743870437145
0.000328526599333
0.00292097171769
0.000422989658546
0.00161889125593
-0.0131481233984
-0.0588127411902
-0.117858871818
-0.196703255177
-0.254480332136
-0.139418244362
0.121517665684
0.383854180574
0.497678458691
0.337100446224
0.0439734272659
-0.0734469518065
-0.194961965084
-0.24652595818
-0.128798916936
-0.0727145001292
-0.0400005802512
0.0632971897721
0.139353275299
0.144041702151
0.157882168889
0.00488004274666
-0.0686001554132
-0.00834143999964
-0.0898550674319
-0.144520029426
-0.135248914361
-0.129166662693
-0.0295287743211
0.134076923132
0.174616441131
0.0702286809683
-0.0312260743231
-0.0863459259272
-0.0870254635811
-0.0305183455348
-0.0197780188173
-0.0897811949253
-0.0990919694304
-0.0882351398468
-0.129517123103
-0.123431093991
-0.00437363423407
0.111485570669
0.226531356573
0.299013912678
0.24426214397
0.0740057229996
-0.109932236373
-0.198958337307
-0.151147603989
-0.0992185622454
-0.0448646359146
0.0301648508757
0.133102849126
0.185068681836
0.0516872704029
-0.0843828618526
-0.0411016717553
0.0560335218906
0.0775028169155
-0.00102927326225
-0.132407143712
-0.102072067559
0.0379272811115
0.117355771363
0.0775391533971
0.0396232157946
-0.00782623607665
-0.13023597002
-0.0653659403324
0.0125295426697
0.0145130679011
-0.0788850933313
-0.0779525861144
0.119270831347
0.118673972785
-0.0271943528205
-0.0664960294962
-0.0503258034587
-0.04187053442
-0.0382704250515
-0.0572829321027
0.0643164590001
0.156705275178
0.0690186619759
-0.0817698761821
-0.0359205752611
0.0798927396536
0.119098439813
0.0639423429966
-0.0900507420301
-0.0662968158722
0.0330172069371
0.0405349060893
0.00647639390081
-0.0538212172687
-0.120269961655
-0.138499930501
0.00156250002328
0.146525606513
0.127712994814
0.0822163522243
-0.0047081913799
-0.134580865502
-0.172818928957
-0.126790046692
-0.110888063908
-0.0742811188102
0.0618532933295
0.186885640025
0.0848755463958
-0.0250141415745
0.0772196575999
0.12755304575
-0.0434589423239
-0.0881707817316
-0.0218107663095
-0.0298085603863
-0.0548611022532
-0.0649029612541
-0.161307185888
-0.201900362968
-0.0500000007451
0.0959559082985
0.0142496945336
-0.0609579235315
0.0170692373067
0.119702510536
0.221986025572
0.137782335281
-0.131372660398
-0.237868353724
-0.097967647016
0.0687243416905
0.130165830255
0.122368335724
0.12821470201
0.253478765488
0.285504311323
0.171297952533
0.208114743233
0.242225453258
0.174855068326
0.0650330781937
-0.282040566206
-0.619378745556
-0.801852583885
-0.894895255566
-0.433233350515
0.283054709435
0.379659533501
0.12968750298
0.118682853878
0.17390832305
0.214448824525
0.162178337574
-0.0604489445686
0.0784958228469
0.444758057594
0.420920014381
0.201374053955
-0.03149266541
-0.434683859348
-0.790328323841
-0.821720063686
-0.718918979168
-0.614825546741
-0.323237597942
0.0837399587035
0.323711335659
0.578087866306
0.938141942024
0.928797900677
0.430297523737
-0.0412498451769
-0.198117166758
-0.0631599724293
0.283837527037
0.343410074711
-0.170013189316
-0.556249976158
-0.546583592892
-0.432689160109
-0.181396871805
-0.102403074503
-0.218487709761
-0.078123934567
0.235368683934
0.414573907852
0.423627227545
0.433401584625
0.376412004232
0.0861648842692
-0.172678619623
-0.333847254515
-0.466351270676
-0.320812284946
0.0109701091424
0.347399324179
0.731217205524
0.907528400421
0.620756328106
0.123666398227
-0.290767550468
-0.430951297283
-0.224000304937
-0.00123038305901
0.0848222374916
-0.0664763003588
-0.351006984711
-0.40625
-0.308774530888
-0.161617413163
-0.106935754418
-0.193013682961
-0.169084757566
-0.0591535419226
-0.120316781104
-0.348037034273
-0.440785348415
-0.313029795885
-0.0906321033835
0.285129249096
0.493529468775
0.228977799416
-0.073328986764
-0.134263023734
-0.00431721191853
0.130734056234
0.122834801674
0.0951355919242
-0.00600219378248
-0.202273160219
-0.256854116917
-0.108670949936
-0.00833133142442
0.0444768741727
0.232384502888
0.343429803848
0.237145930529
0.0760416686535
0.0364999175072
0.0925939232111
0.159335017204
0.282490462065
0.247475758195
0.0867222622037
0.0385643430054
-0.00723719736561
0.0499751679599
0.0645939037204
-0.0993312522769
-0.0580922141671
-0.123176582158
-0.443832606077
-0.512926280499
-0.33907648921
-0.0633914098144
0.196205034852
0.206494405866
0.081055700779
0.0537894591689
0.0445005334914
0.0090249972418
0.0749311000109
0.159723848104
0.0658232718706
-0.10004054755
-0.134720444679
-0.0726909935474
-0.0445059500635
-0.0234249886125
0.123438209295
0.262294203043
0.168114975095
-0.0394417606294
-0.194270834327
-0.194759085774
-0.0916279107332
-0.0768737271428
-0.0765965655446
-0.0646960288286
-0.140865623951
-0.184683427215
-0.0549267306924
0.0780098363757
0.151988178492
0.263799607754
0.344084113836
0.306593805552
0.214223772287
0.106357447803
-0.0143384290859
-0.0637658238411
-0.0801294744015
-0.201665192842
-0.270312488079
-0.136870831251
-0.115074858069
-0.240930721164
-0.190419137478
-0.111483022571
-0.0213456694037
0.162052050233
0.130539566278
-0.0594492293894
-0.0459081977606
0.0389993153512
0.0680122002959
0.165808141232
0.0300652906299
0.0143741760403
0.108559049666
0.0103418380022
-0.0787696540356
-0.0220006611198
0.0790482908487
0.0557095743716
-0.208526149392
-0.234199970961
-0.0346117950976
0.108109690249
0.130746737123
0.00499087711796
0.0333835855126
0.0895182862878
0.0115677472204
-0.031826172024
0.0885416641831
0.218000948429
0.0819738060236
-0.0109510179609
-0.0330567322671
-0.0899233371019
-0.112189948559
-0.102584406734
-0.112392812967
-0.069461286068
0.0267238467932
0.0525221154094
0.0498836189508
-0.0084053594619
-0.0925367176533
-0.0623323246837
0.0632441043854
0.0904871672392
0.0487788766623
0.0355693884194
0.0728520601988
0.0112374611199
-0.10625000298
-0.161217167974
-0.175633490086
-0.139933973551
-0.013839032501
0.0840535163879
0.0103162741289
-0.0251246206462
0.00474717933685
-0.0457773767412
-0.00971659086645
0.0707737207413
0.00255023525096
-0.0509361699224
0.0521797649562
0.106155470014
0.00949890632182
-0.0506086759269
-0.0277302060276
-0.0310766808689
0.0240600295365
0.135802805424
0.0484747998416
-0.14151263237
-0.102571032941
0.0377637371421
0.0544229447842
0.057088393718
0.0380411967635
-0.0755284950137
-0.0653681010008
0.0476132743061
0.0219535697252
-0.00186419882812
0.073930285871
0.135713011026
0.196450531483
0.18281249702
0.0223887525499
-0.0822014287114
-0.0815766453743
-0.101590968668
-0.111185975373
-0.176756590605
-0.204874947667
-0.0784606188536
-0.00229096459225
-0.0292676351964
0.0141955669969
0.0545628890395
0.0381967686117
0.0544376447797
-0.0219803471118
-0.0482822582126
0.0256059542298
-0.00742437969893
-0.0659259483218
-0.0167684443295
0.0274282749742
0.0118842264637
0.006070909556
0.0768044814467
0.0851725712419
0.00856002327055
0.00880497321486
-0.0242187492549
-0.0544042214751
-0.0263275075704
-0.0137366093695
0.0298029631376
0.13792553544
0.128360331059
0.0660239085555
0.0359472073615
0.0369413159788
0.00156250002328
-0.0630251392722
0.021538855508
0.150091543794
0.19424881041
0.0951189622283
-0.0352758429945
-0.117912970483
-0.154271781445
-0.134644016623
-0.177766531706
-0.21779486537
-0.162474095821
-0.120851792395
-0.0680229365826
-0.0145935574546
0.067823112011
0.17699983716
0.165471032262
0.11476431787
0.00677083339542
-0.126691922545
-0.0671617388725
0.0938696414232
0.0852052122355
-0.0471773222089
-0.0582570210099
-0.0459144823253
-0.0789094492793
-0.064246840775
-0.0240037310869
-0.000291830248898
0.0444953218102
0.0900030434132
0.0370807386935
0.0232265349478
0.0159619785845
-0.0441592521966
-0.0184296499938
0.026410471648
0.0703987628222
0.0814227387309
0.0725852772593
0.0989583358169
0.0872868224978
0.0198097620159
-0.0502183549106
-0.00499071599916
0.107203885913
0.132834523916
0.0100345732644
-0.158022999763
-0.150371417403
-0.0142933605239
0.0846292972565
0.0849110633135
0.0202115047723
-0.0209242217243
-0.0523872599006
-0.0848888009787
-0.0535081103444
-0.0243371482939
-0.0636462345719
-0.0921875014901
-0.0497655235231
0.0253049191087
0.0267291087657
-0.0144874751568
-0.036529649049
-0.0697668865323
-0.090857475996
-0.0391230173409
0.0107949869707
0.0419764183462
0.0966643989086
0.111272782087
0.0679776966572
0.033672709018
0.0107726454735
-0.0293765794486
-0.0603423938155
-0.0789913460612
-0.0830044001341
-0.0724156722426
-0.0604166649282
-0.0380906127393
0.0149767016992
0.0494153611362
0.022049183026
-0.02944178693
-0.0494204834104
-0.0388551428914
-0.00807271525264
0.0191533546895
0.0234402883798
0.00928390584886
-0.0137818921357
-0.0435299389064
-0.0368178673089
-0.0136930597946
-0.000103356491309
0.000626967404969
-0.00851572863758
0.0181572120637
0.0789567232132
0.0532883256674
-0.000130420958158
-0.0276245269924
-0.0459825880826
0.0135812005028
0.092138543725
0.118423372507
0.11293554306
0.110220223665
0.0546875
-0.00139297719579
-0.0335668995976
-0.107325315475
-0.0728288143873
0.00980883277953
0.0371243022382
0.106561653316
0.103255562484
0.0484975464642
0.0143576972187
-0.0146150477231
-0.0210341326892
0.0457731373608
0.0944584161043
0.0654276013374
0.00123271532357
-0.0338204987347
0.00491747912019
-0.00828772597015
-0.00885156355798
-0.0718749985099
-0.120820127428
-0.0773477703333
-0.0278379078954
-0.00693731475621
0.0176306627691
-0.00702825142071
-0.036435469985
-0.0233315601945
-0.00771577749401
0.0101425191388
0.00132457399741
-0.0150089263916
-0.017288768664
-0.0238865166903
-0.0147001380101
0.0164013560861
0.0257017612457
-0.00738666579127
-0.0383591987193
0.0187606476247
0.0449544861913
-0.0498408973217
-0.0623879134655
-0.00489971134812
-0.0175174567848
-0.0348642505705
-0.0494947247207
-0.00937500037253
0.00932311825454
0.00296948384494
0.0563426315784
0.0758492201567
0.00406690407544
-0.0517191588879
-0.00934132281691
0.0450666211545
0.0571306012571
0.0428803190589
0.00676730275154
0.00622353935614
0.0516702234745
0.0215352345258
-0.0154779125005
0.0346416793764
0.00353749841452
-0.0702140554786
-0.0120308706537
0.0817708298564
0.086050838232
0.0341295562685
-0.00642097368836
-0.0129423271865
-0.010381151922
-0.0279959440231
-0.0747095420957
-0.0976567268372
-0.0498021133244
-0.00064356753137
-0.0183844417334
-0.0506847724319
-0.0535086803138
-0.0398028716445
-0.0153051512316
-0.00542057212442
-0.00684461276978
0.0143169946969
0.0445394739509
0.0408614873886
0.0249239690602
0.00222451658919
-0.0416222885251
-0.0653732270002
-0.0239108223468
0.0227232612669
0.0321380980313
0.0305229444057
0.032179351896
0.0415615104139
0.0466449670494
0.0240985639393
0.0201373826712
0.049819804728
0.0494791679084
0.0304912291467
-0.0122101102024
-0.0252376310527
0.0282779708505
0.0618524700403
0.0630584359169
0.0235149003565
-0.0198780391365
-0.00179788749665
-0.0306643992662
-0.08672875911
-0.0781009569764
-0.0854095518589
-0.0741306468844
-0.00198086164892
0.0720211490989
0.0846388936043
0.0427773818374
0.0268924608827
-0.025447813794
-0.0957126617432
-0.057777736336
0.0101968031377
0.0351745784283
0.054854888469
0.0572234243155
0.0738079845905
0.0602159872651
-0.037210047245
-0.0885416641831
-0.0365038514137
-0.0527396723628
-0.0856418311596
-0.00293219834566
0.0493167899549
0.0603033937514
0.0261384658515
-0.00384681136347
0.0239571593702
0.0205548275262
-0.0257523804903
-0.0213581398129
0.0235605947673
0.0277317669243
0.03062546812
-0.0178993362933
-0.0446821376681
-0.00789825804532
-0.0204225797206
-0.00652605155483
0.00596616789699
-0.0116443540901
0.0168604515493
0.0472065918148
0.0517951026559
0.0783402621746
0.0517941191792
-0.0229166671634
-0.0473201908171
-0.0743902996182
-0.0586963072419
0.0132413869724
0.00521884998307
-0.0163447409868
0.00596098322421
-0.0418113172054
-0.0468465387821
0.0423781834543
0.0835465863347
0.0597140491009
-0.0138933025301
-0.0550211668015
-0.0391531214118
-0.0174054354429
0.00353369326331
0.0370128527284
0.0552864447236
0.0193937588483
-0.0184600632638
-0.0438913963735
-0.0633501112461
-0.0237420294434
0.0748808979988
0.136743173003
0.0933680459857
0.00741522060707
-0.0506650134921
-0.0753905773163
-0.0885022729635
-0.105858780444
-0.080378010869
-0.00260800216347
0.0363232083619
0.0430028401315
0.0546278208494
0.0695470348001
0.093415543437
0.061714861542
-0.0073514431715
-0.00580942863598
0.000703220546711
-0.0267767459154
-0.00470401579514
0.00208333344199
-0.00312153133564
0.0469548590481
0.0672777667642
0.0278453305364
-0.0445652827621
-0.0684740692377
-0.015447457321
0.0381713323295
0.0572701990604
0.0258352886885
-0.000642692553811
0.0198206249624
0.0344825573266
0.0331592075527
0.022325001657
-0.0276563949883
-0.060551725328
-0.0274390634149
0.016125081107
0.0103068156168
0.0037402943708
0.0070534911938
-0.0299131497741
-0.0572050176561
-0.041287407279
-0.0238452404737
0.00120678904932
0.0391298159957
0.0324680954218
-0.0102768316865
-0.0229166671634
-0.0193754062057
-0.0169187467545
-0.00437786523253
-0.0238269679248
-0.0413714684546
-0.0193222668022
-0.0132222464308
-0.0249042361975
-0.0212714076042
-0.0182403847575
-0.00461899209768
0.0107616735622
0.0122782252729
0.0172989647835
0.00679028918967
0.0292928740382
0.0697625428438
0.0373669601977
0.00289582461119
0.0184726174921
0.0226425025612
0.00270416680723
-0.0292879864573
-0.0534556135535
-0.0356927253306
0.00467406399548
0.0575939491391
0.089330367744
0.0398224927485
-0.00532920612022
-0.00669627729803
-0.0214559994638
-0.0252564661205
-0.0317624211311
-0.0272950939834
0.00908603519201
0.0173565614969
0.0267694611102
0.0482884868979
0.0385524816811
0.0240985397249
0.0132279796526
-0.00663677835837
-0.0233464296907
-0.0278034117073
-0.00507974904031
0.013949720189
0.0211533717811
0.0410476997495
0.0194374453276
-0.0194014217705
-0.021032596007
-0.0178239010274
0.000900228449609
0.0207107570022
0.0178214665502
0.0199159383774
0.00923408567905
-0.00251482403837
0.00280797109008
0.00117059622426
-0.000729434890673
0.00433657737449
0.0108661092818
0.00502544781193
-0.0144843012094
-0.0410995520651
-0.0517247542739
-0.0322318226099
-0.015248587355
-0.0181953236461
-0.0226681828499
-0.0050525800325
0.019845828414
0.0211124867201
0.00968214869499
0.0229463391006
0.0444742105901
0.0316448882222
0.0361560881138
0.0513019151986
0.0389698147774
0.0520285218954
0.0384684875607
-0.000971290748566
-0.00775936199352
-0.0175736360252
-0.0393784977496
-0.0668571069837
-0.0678215324879
-0.0473201721907
-0.0261733923107
-0.0112182488665
-0.0136627489701
-0.00279682176188
0.0169429220259
0.0256903301924
0.0403979159892
0.0693097561598
0.0324309766293
-0.0549411103129
-0.0767617672682
-0.0435157567263
0.00407383171842
0.0144677683711
-0.0290781576186
-0.0324799306691
-0.0161785129458
-0.0604291111231
-0.0614103190601
-0.0213666241616
-0.0244847442955
-0.00938196387142
0.0390794090927
0.0597275048494
-0.000512820028234
-0.0121076302603
0.0232216734439
-0.00609717238694
-0.0193295944482
-0.01788139157
0.0200730189681
0.0549242198467
0.0142628662288
-0.030019685626
-0.0443900041282
-0.0449315048754
-0.036678597331
0.0139057375491
0.0613195449114
0.065331839025
0.0534090474248
-0.0105075826868
-0.0720156058669
-0.0389381013811
0.00796141289175
0.00984171684831
0.00266201118939
-0.000188851146959
0.000128981017042
-6.23033411102e-05
0.0
0.0
0.0
0.0
0.0
0.0
0.0
0.0
0.0
0.0
0.0
0.0
0.0
0.0
0.0
0.0
0.0
0.0
0.0
0.0
0.0
0.0
0.0
0.0
0.0
0.0
0.0
0.0
0.0
0.0
0.0
0.0
0.0
0.0
0.0
0.0
0.0
0.0
0.0
0.0
0.0
0.0
0.0
0.0
0.0
0.0
0.0
0.0
0.0
0.0
0.0
0.0
0.0
0.0
0.0
0.0
0.0
0.0
0.0
0.0
0.0
0.0
0.0
0.0
0.0
0.0
0.0
0.0
0.0
0.0
0.0
0.0
0.0
0.0
0.0
0.0
0.0
0.0
0.0
0.0
0.0
0.0
0.0
0.0
0.0
0.0
0.0
0.0
0.0
0.0
0.0
0.0
0.0
0.0
0.0
0.0
0.0
0.0
0.0
0.0
0.0
0.0
0.0
0.0
0.0
0.0
0.0
0.0
0.0
0.0
0.0
0.0
0.0
0.0
0.0
0.0
0.0
0.0
0.0
0.0
0.0
0.0
0.0
0.0
0.0
0.0
0.0
0.0
0.0
0.0
0.0
0.0
0.0
0.0
0.0
0.0
0.0
0.0
0.0
0.0
0.0
0.0
0.0
0.0
0.0
0.0
0.0
0.0
0.0
0.0
0.0
0.0
0.0
0.0
0.0
0.0
0.0
0.0
0.0
0.0
0.0
0.0
0.0
0.0
0.0
0.0
0.0
0.0
0.0
0.0
0.0
0.0
0.0
0.0
0.0
0.0
0.0
0.0
0.0
0.0
0.0
0.0
0.0
0.0
