0.0
-8.78964146978e-06
-3.44105064869e-05
-7.57405214244e-05
-0.000131657609018
-0.000201039656531
-0.000282764638541
-0.000375710398657
-0.000478754896903
-0.000590776035096
-0.000710651860572
-0.00083725998411
-0.000969478744082
-0.00110618560575
-0.00124625896569
-0.00138857623097
-0.00153201562352
-0.0016754551325
-0.0018177726306
-0.0019578456413
-0.00209455285221
-0.00222677132115
-0.00235337950289
-0.00247325538658
-0.0025852767285
-0.00268832081929
-0.0027812665794
-0.00286299199797
-0.00293237366714
-0.00298829074018
-0.00302962050773
-0.00305524165742
-0.00306403124705
-0.00305486749858
-0.00302662863396
-0.00297819194384
-0.00290843565017
-0.00281623797491
-0.00270047690719
-0.00256002950482
-0.00239377422258
-0.00220058951527
-0.00197935197502
-0.00172894145362
-0.00144823279697
-0.0011361077195
-0.000791440310422
-0.000413112400565
0.0
0.000448718899861
0.000932661467232
0.001451144577
0.0020034853369
0.00258900062181
0.00320700742304
0.00385682284832
0.00453776400536
0.00524914776906
0.00599029101431
0.006760510616
0.00755912438035
0.00838544778526
0.0092387991026
0.0101184956729
0.0110238529742
0.0119541902095
0.0129088200629
0.0138870645314
0.0148882390931
0.0159116592258
0.0169566422701
0.0180225074291
0.0191085673869
0.0202141441405
0.0213385522366
0.0224811080843
0.0236411299556
0.0248179323971
0.0260108374059
0.027219157666
0.0284422114491
0.0296793170273
0.0309297870845
0.0321929417551
0.0334680974483
0.0347545742989
0.0360516831279
0.0373587459326
0.0386750847101
0.0400000028312
0.0413328595459
0.0426731668413
0.0440204553306
0.0453742779791
0.0467341691256
0.0480996668339
0.0494703166187
0.0508456602693
0.0522252358496
0.0536085963249
0.0549952723086
0.0563848018646
0.0577767379582
0.0591706112027
0.0605659745634
0.0619623586535
0.0633593127131
0.0647563636303
0.0661530792713
0.0675489753485
0.0689436048269
0.0703365132213
0.0717272385955
0.073115311563
0.0745002925396
0.0758817046881
0.0772591009736
0.0786320194602
0.0800000056624
0.0813627168536
0.0827203541994
0.0840732306242
0.0854216441512
0.086765922606
0.0881063714623
0.0894433185458
0.0907770693302
0.0921079292893
0.0934362262487
0.0947622582316
0.0960863530636
0.097408823669
0.0987299829721
0.100050143898
0.101369611919
0.102688707411
0.1040077582
0.105327062309
0.106646932662
0.107967682183
0.109289631248
0.110613100231
0.111938387156
0.113265827298
0.114595711231
0.11592836678
0.11726410687
0.118603229523
0.119946077466
0.121292941272
0.122644156218
0.124000005424
0.125360712409
0.126726061106
0.128095671535
0.129469260573
0.130846440792
0.132226899266
0.133610278368
0.134996250272
0.136384487152
0.13777461648
0.139166325331
0.140559270978
0.141953095794
0.143347501755
0.144742101431
0.146136596799
0.14753061533
0.148923829198
0.150315925479
0.151706516743
0.153095304966
0.15448191762
0.15586604178
0.157247319818
0.158625423908
0.160000011325
0.161370828748
0.16273792088
0.164101436734
0.16546151042
0.166818290949
0.168171912432
0.169522494078
0.170870214701
0.17221519351
0.173557549715
0.174897447228
0.176235020161
0.177570417523
0.178903743625
0.180235177279
0.181564822793
0.182892844081
0.184219375253
0.185544550419
0.18686850369
0.188191384077
0.189513340592
0.190834477544
0.192154973745
0.193474933505
0.194794535637
0.196113869548
0.197433114052
0.198752388358
0.200071841478
0.201391607523
0.202711835504
0.204032644629
0.205354183912
0.206676587462
0.208000004292
0.209324553609
0.21065017581
0.211976841092
0.213304519653
0.214633107185
0.215962588787
0.217292919755
0.218624040484
0.219955861568
0.221288368106
0.222621515393
0.223955214024
0.225289434195
0.226624146104
0.227959260345
0.229294732213
0.230630517006
0.23196657002
0.233302801847
0.234639212489
0.235975712538
0.237312287092
0.238648831844
0.239985331893
0.241321727633
0.242657959461
0.243993982673
0.245329737663
0.246665179729
0.248000249267
0.249334916472
0.25066909194
0.252002716064
0.253335803747
0.254668265581
0.256000012159
0.257331073284
0.258661478758
0.25999134779
0.261320769787
0.262649893761
0.263978719711
0.265307426453
0.266636073589
0.267964720726
0.269293546677
0.270622640848
0.271952033043
0.273281902075
0.274612247944
0.275943279266
0.277274996042
0.278607547283
0.279941052198
0.281275570393
0.28261116147
0.283948004246
0.285286158323
0.28662571311
0.287966787815
0.289309471846
0.290653824806
0.292000025511
0.293348073959
0.294697970152
0.296049684286
0.29740318656
0.298758387566
0.300115287304
0.301473796368
0.302833914757
0.304195582867
0.305558770895
0.306923389435
0.308289438486
0.309656888247
0.311025619507
0.312395662069
0.313766986132
0.315139472485
0.316513121128
0.31788790226
0.319263726473
0.320640593767
0.322018414736
0.323397189379
0.324776858091
0.326157420874
0.327538758516
0.328920841217
0.330303698778
0.33168721199
0.333071321249
0.334456056356
0.335841327906
0.337227135897
0.33861336112
0.340000003576
0.341387033463
0.342774301767
0.344161748886
0.345549285412
0.346936762333
0.348324090242
0.349711149931
0.351097822189
0.352484077215
0.353869765997
0.355254769325
0.356638997793
0.358022361994
0.359404712915
0.360785990953
0.362166076899
0.363544881344
0.364922255278
0.366298139095
0.367672413588
0.369044929743
0.370415687561
0.371784508228
0.373151302338
0.37451595068
0.375878334045
0.377238422632
0.378596067429
0.379951119423
0.381303548813
0.382653206587
0.384000003338
0.385343879461
0.386685013771
0.388023585081
0.389359802008
0.390693843365
0.392025947571
0.393356323242
0.39468511939
0.396012604237
0.397338956594
0.398664355278
0.399989038706
0.401313185692
0.402637034655
0.403960764408
0.405284553766
0.40660867095
0.407933264971
0.409258574247
0.410584777594
0.411912053823
0.413240671158
0.414570778608
0.415902644396
0.417236417532
0.418572276831
0.419910490513
0.421251237392
0.422594726086
0.423941135406
0.425290673971
0.426643580198
0.428000032902
0.429360151291
0.430723816156
0.432090729475
0.433460652828
0.434833437204
0.436208724976
0.437586396933
0.43896612525
0.440347671509
0.441730856895
0.443115413189
0.444501101971
0.445887684822
0.447274893522
0.448662549257
0.450050383806
0.451438158751
0.452825605869
0.454212546349
0.455598711967
0.456983864307
0.45836776495
0.459750175476
0.461130857468
0.462509572506
0.463886111975
0.465260148048
0.466631561518
0.468000024557
0.469365388155
0.470727682114
0.472086966038
0.473443299532
0.474796772003
0.476147472858
0.477495461702
0.47884079814
0.480183571577
0.481523901224
0.482861787081
0.484197318554
0.485530614853
0.486861675978
0.488190621138
0.489517569542
0.490842521191
0.492165595293
0.493486821651
0.494806289673
0.496124118567
0.497440338135
0.498755037785
0.500068247318
0.50138014555
0.502690672874
0.504000008106
0.50530821085
0.5066152215
0.507921040058
0.509225726128
0.510529279709
0.511831641197
0.513132750988
0.5144328475
0.515731573105
0.517029285431
0.518325686455
0.51962095499
0.520915031433
0.522207915783
0.523499548435
0.524789988995
0.526079237461
0.527367293835
0.528654158115
0.529939711094
0.53122407198
0.532507300377
0.533789217472
0.53506988287
0.536349415779
0.537627577782
0.538904547691
0.540180325508
0.541454792023
0.542728066444
0.544000029564
0.545270800591
0.546540558338
0.547809481621
0.549077868462
0.550345897675
0.551613926888
0.552882015705
0.554150521755
0.555419623852
0.556689620018
0.557960629463
0.55923306942
0.560506939888
0.561782598495
0.56306040287
0.564340353012
0.565622746944
0.5669080019
0.568196058273
0.569487392902
0.570782124996
0.572080552578
0.573382854462
0.574689209461
0.576000034809
0.577315270901
0.578634798527
0.579958200455
0.581285238266
0.582615435123
0.583948493004
0.585284173489
0.586621999741
0.587961614132
0.589302778244
0.590645134449
0.591988265514
0.593331873417
0.594675540924
0.596019148827
0.597362101078
0.598704218864
0.600045025349
0.601384222507
0.602721571922
0.604056656361
0.60538905859
0.606718540192
0.608044683933
0.609367251396
0.610685825348
0.612000048161
0.613309681416
0.614614963531
0.615916192532
0.617213606834
0.618507564068
0.61979830265
0.621086239815
0.622371554375
0.623654544353
0.624935686588
0.626215100288
0.627493143082
0.628770112991
0.630046308041
0.631321966648
0.632597565651
0.633873283863
0.635149359703
0.636426150799
0.637704074383
0.638983249664
0.640264093876
0.641546845436
0.642831802368
0.6441193223
0.64540964365
0.646703183651
0.648000001907
0.649300575256
0.650604605675
0.651911854744
0.653222084045
0.654535055161
0.655850470066
0.657168269157
0.658487856388
0.659809350967
0.661132276058
0.662456452847
0.663781583309
0.665107488632
0.666433930397
0.66776061058
0.669087231159
0.670413672924
0.671739578247
0.673064768314
0.674389004707
0.675711929798
0.677033424377
0.678353130817
0.679670870304
0.680986344814
0.682299435139
0.68360966444
0.684917032719
0.686221122742
0.687521696091
0.688818573952
0.690111458302
0.691400110722
0.692684352398
0.693963825703
0.695238351822
0.696507632732
0.69777148962
0.699029624462
0.70028179884
0.701527714729
0.702767252922
0.70400005579
0.705226004124
0.706445336342
0.707658529282
0.708865940571
0.710067927837
0.711264848709
0.712457239628
0.713645339012
0.714829564095
0.716010332108
0.717188060284
0.718363106251
0.719535827637
0.720706641674
0.721875965595
0.723044097424
0.724211454391
0.725378513336
0.726545631886
0.727713108063
0.7288813591
0.730050861835
0.731221973896
0.732394933701
0.733570337296
0.734748482704
0.735929727554
0.737114548683
0.738303184509
0.739496171474
0.740693867207
0.741896629333
0.743104815483
0.744318902493
0.74553924799
0.746766090393
0.748000025749
0.749241232872
0.750489473343
0.751744270325
0.753005325794
0.754272341728
0.75554472208
0.756822168827
0.758104324341
0.759390830994
0.760681271553
0.761975169182
0.763272225857
0.764572143555
0.765874326229
0.767178475857
0.768484294415
0.769791305065
0.771099150181
0.772407412529
0.773715734482
0.775023698807
0.776330947876
0.777637124062
0.778941810131
0.780244529247
0.781545102596
0.782842934132
0.78413772583
0.785429120064
0.786716639996
0.788000047207
0.789278924465
0.790553629398
0.79182446003
0.793091714382
0.794355928898
0.795617341995
0.796876370907
0.798133313656
0.799388647079
0.800642669201
0.801895797253
0.803148269653
0.804400622845
0.805653035641
0.806906044483
0.808159887791
0.8094150424
0.810671746731
0.811930477619
0.813191592693
0.814455270767
0.815722227097
0.816992461681
0.818266630173
0.819544911385
0.820827722549
0.8221154809
0.823408484459
0.824707150459
0.826011776924
0.827322721481
0.828640460968
0.829965293407
0.831297636032
0.832637727261
0.83398604393
0.835342943668
0.836708724499
0.838083803654
0.839468538761
0.840863287449
0.842268407345
0.843684256077
0.845111250877
0.846549749374
0.848000049591
0.849461197853
0.850926816463
0.852389097214
0.8538402915
0.855272650719
0.856678307056
0.858049690723
0.859378814697
0.860658109188
0.861879706383
0.863035798073
0.864118695259
0.865120589733
0.866033792496
0.866850435734
0.867562770844
0.868163108826
0.868643581867
0.868996560574
0.869214177132
0.869288623333
0.869212210178
0.868977129459
0.868575692177
0.868000030518
0.867246448994
0.866326749325
0.86525708437
0.864053189754
0.862731099129
0.861306726933
0.859796047211
0.858214974403
0.856579303741
0.854905128479
0.853208363056
0.851504862309
0.849810659885
0.848141551018
0.84651362896
0.844942748547
0.843444824219
0.842035770416
0.840731561184
0.839548051357
0.838501393795
0.837607264519
0.836881697178
0.836340665817
0.836000025272
0.835871219635
0.835947155952
0.836216390133
0.83666741848
0.837288558483
0.838068425655
0.838995337486
0.840057790279
0.841244280338
0.842543303967
0.843943238258
0.845432519913
0.846999645233
0.848633170128
0.850321352482
0.852052748203
0.853815972805
0.855599224567
0.857391059399
0.859179973602
0.860954403877
0.862702786922
0.864413619041
0.866075277328
0.867676317692
0.86920517683
0.870650231838
0.872000038624
0.8732457757
0.874389648438
0.875436544418
0.876391589642
0.877259612083
0.878045618534
0.878754615784
0.879391551018
0.879961311817
0.880468904972
0.880919337273
0.881317555904
0.881668448448
0.881977081299
0.882248401642
0.882487356663
0.882698833942
0.882887899876
0.883059561253
0.883218586445
0.883370161057
0.883519113064
0.883670389652
0.883829057217
0.884000062943
0.884187400341
0.884391784668
0.8846129179
0.884850561619
0.885104477406
0.885374426842
0.885660052299
0.885961294174
0.886277675629
0.886609196663
0.886955320835
0.887316048145
0.887690961361
0.888079881668
0.888482511044
0.888898670673
0.889328062534
0.889770448208
0.890225529671
0.890693068504
0.891172945499
0.891664743423
0.892168283463
0.892683207989
0.893209457397
0.893746614456
0.894294559956
0.894852876663
0.895421504974
0.896000027657
0.896588385105
0.897186458111
0.897794365883
0.898412227631
0.899040043354
0.899677813053
0.900325775146
0.900983929634
0.901652276516
0.902330935001
0.903019964695
0.903719425201
0.904429376125
0.905149877071
0.905881047249
0.906622827053
0.907375454903
0.908138871193
0.908913195133
0.909698486328
0.910494744778
0.911302089691
0.912120640278
0.912950336933
0.913791418076
0.914643764496
0.915507555008
0.916382849216
0.917269647121
0.918168067932
0.919078171253
0.920000016689
0.920933187008
0.921875298023
0.922823429108
0.923774778843
0.924726307392
0.925675332546
0.926618814468
0.927554011345
0.928477883339
0.929387688637
0.930280506611
0.931153416634
0.932003557682
0.932828068733
0.933624088764
0.934388637543
0.935118913651
0.935812056065
0.936465144157
0.937075316906
0.937639653683
0.93815523386
0.938619375229
0.939028978348
0.939381241798
0.939673364162
0.939902305603
0.940065324306
0.94015955925
0.940181910992
0.940129756927
0.94000005722
0.939791023731
0.939504742622
0.939144551754
0.938713610172
0.938215136528
0.937652349472
0.937028348446
0.936346530914
0.935610055923
0.934822022915
0.933985650539
0.933104276657
0.932181060314
0.931219160557
0.93022185564
0.929192245007
0.92813372612
0.927049279213
0.92594230175
0.924815952778
0.923673391342
0.922517895699
0.921352565289
0.920180678368
0.919005513191
0.917830228806
0.916657984257
0.915492117405
0.914335668087
0.913191914558
0.912064135075
0.910955488682
0.909869134426
0.908808350563
0.907776355743
0.906776309013
0.905811369419
0.904884934425
0.904000043869
0.903159201145
0.902361869812
0.901606619358
0.900892198086
0.900217235088
0.899580299854
0.898980140686
0.898415446281
0.897884786129
0.897386908531
0.896920382977
0.896483957767
0.896076142788
0.89569580555
0.895341455936
0.895011782646
0.894705474377
0.894421160221
0.894157528877
0.893913209438
0.893686890602
0.893477141857
0.893282771111
0.893102288246
0.892934441566
0.892777860165
0.892631292343
0.892493188381
0.892362415791
0.892237484455
0.892117142677
0.89200001955
0.8918851614
0.891772806644
0.891663610935
0.891558349133
0.891457498074
0.891361832619
0.891272068024
0.89118874073
0.89111250639
0.891044199467
0.890984237194
0.890933394432
0.890892326832
0.890861690044
0.890842139721
0.890834331512
0.89083892107
0.89085650444
0.890887856483
0.890933573246
0.890994310379
0.891070723534
0.891163408756
0.891273260117
0.891400635242
0.891546308994
0.891711056232
0.891895294189
0.892099916935
0.892325401306
0.892572581768
0.892841935158
0.893134236336
0.893450140953
0.893790185452
0.894155204296
0.894545674324
0.894962370396
0.895405948162
0.89587700367
0.896376252174
0.896904349327
0.897461891174
0.898049533367
0.898668050766
0.899317979813
0.900000035763
0.900714695454
0.901461660862
0.90224057436
0.90305107832
0.903892576694
0.904764831066
0.905667245388
0.906599521637
0.90756124258
0.908551990986
0.909571290016
0.910618782043
0.911693930626
0.912796497345
0.913925945759
0.91508191824
0.916263878345
0.917471528053
0.91870445013
0.91996216774
0.921244263649
0.922550261021
0.923879921436
0.925232708454
0.926608145237
0.928005993366
0.929425656796
0.930866718292
0.932328879833
0.933811724186
0.935314714909
0.936837494373
0.938379704952
0.939940869808
0.941520512104
0.943118214607
0.944733679295
0.946366429329
0.948016047478
0.949682056904
0.951364099979
0.953061819077
0.954774618149
0.956502258778
0.958244204521
0.960000038147
0.961768686771
0.96354585886
0.965326845646
0.967106461525
0.96887999773
0.970642447472
0.972388982773
0.974114537239
0.975814342499
0.977483391762
0.979116797447
0.98070961237
0.982257068157
0.983754098415
0.985195875168
0.986577391624
0.987893760204
0.989140093327
0.990311563015
0.991403102875
0.99240988493
0.993326961994
0.994149446487
0.994872391224
0.995490908623
0.996000051498
0.996397078037
0.996687531471
0.996879279613
0.996979951859
0.996997416019
0.996939301491
0.996813476086
0.996627628803
0.996389448643
0.996106803417
0.995787382126
0.995438933372
0.995069265366
0.9946860075
0.994297027588
0.993910014629
0.993532776833
0.993172943592
0.992838382721
0.992536783218
0.992275953293
0.992063522339
0.991907417774
0.991815209389
0.991794764996
0.991853833199
0.992000043392
0.992239415646
0.992570459843
0.992989838123
0.993494272232
0.994080245495
0.99474465847
0.995484054089
0.996295154095
0.997174680233
0.998119175434
0.999125421047
1.00019001961
1.00130975246
1.00248122215
1.00370109081
1.00496602058
1.00627267361
1.00761783123
1.00899803638
1.01041018963
1.01185059547
1.01331627369
1.01480364799
1.01630961895
1.01783072948
1.01936364174
1.02090501785
1.02245163918
1.02400004864
1.02554738522
1.0270922184
1.0286334753
1.03017008305
1.03170096874
1.03322529793
1.03474164009
1.03624927998
1.03774702549
1.03923380375
1.04070866108
1.04217040539
1.04361820221
1.04505085945
1.04646718502
1.04786646366
1.04924738407
1.05060911179
1.05195021629
1.05327010155
1.05456745625
1.0558412075
1.05709040165
1.0583139658
1.05951094627
1.06068015099
1.06182062626
1.06293118
1.06401085854
1.06505870819
1.06607353687
1.06705439091
1.0680000782
1.06891036034
1.0697876215
1.07063496113
1.07145547867
1.07225239277
1.07302856445
1.07378745079
1.0745319128
1.07526504993
1.07599008083
1.07670998573
1.07742798328
1.07814729214
1.07887065411
1.07960164547
1.08034288883
1.08109784126
1.0818696022
1.08266091347
1.08347535133
1.08431589603
1.08518540859
1.08608722687
1.0870244503
1.08800005913
1.08901643753
1.09007203579
1.09116506577
1.09229302406
1.09345376492
1.09464514256
1.09586501122
1.09711122513
1.09838151932
1.09967362881
1.10098552704
1.10231494904
1.10365974903
1.10501778126
1.10638666153
1.10776436329
1.10914874077
1.11053740978
1.11192846298
1.11331951618
1.11470842361
1.11609303951
1.11747121811
1.11884057522
1.1201993227
1.12154471874
1.12287509441
1.12418794632
1.12548112869
1.12675261497
1.12800002098
1.12922179699
1.130417943
1.13158881664
1.13273513317
1.13385725021
1.13495576382
1.13603103161
1.13708364964
1.13811421394
1.13912308216
1.14011085033
1.14107787609
1.14202487469
1.14295220375
1.14386045933
1.14474987984
1.14562129974
1.14647519588
1.14731168747
1.14813172817
1.14893567562
1.14972388744
1.1504970789
1.15125572681
1.15200006962
1.15273094177
1.15344905853
1.15415537357
1.15485072136
1.15553605556
1.15621221066
1.1568800211
1.15754044056
1.15819442272
1.15884280205
1.159486413
1.16012620926
1.16076302528
1.16139781475
1.16203141212
1.16266477108
1.16329872608
1.1639341116
1.1645720005
1.16521310806
1.16585838795
1.16650867462
1.16716492176
1.16782808304
1.16849899292
1.16917836666
1.16986739635
1.17056667805
1.17127728462
1.17200005054
1.17273581028
1.17348492146
1.17424786091
1.17502474785
1.17581605911
1.17662215233
1.17744326591
1.17827987671
1.17913198471
1.18000042439
1.18088519573
1.18178665638
1.18270528316
1.18364131451
1.18459510803
1.18556690216
1.18655729294
1.18756639957
1.18859446049
1.18964207172
1.19070935249
1.19179677963
1.19290471077
1.19403338432
1.19518315792
1.19635438919
1.19754743576
1.19876253605
1.20000004768
1.20125973225
1.20253813267
1.20383143425
1.20513570309
1.20644676685
1.20776069164
1.20907366276
1.21038150787
1.2116805315
1.21296644211
1.2142355442
1.21548366547
1.2167069912
1.21790146828
1.21906304359
1.22018778324
1.22127187252
1.22231125832
1.2233017683
1.22423970699
1.22512090206
1.22594153881
1.22669768333
1.2273850441
1.22800004482
1.2285399437
1.22900855541
1.22941112518
1.22975254059
1.23003816605
1.23027312756
1.23046267033
1.23061203957
1.23072612286
1.23081040382
1.23086977005
1.23090958595
1.23093509674
1.23095118999
1.23096346855
1.23097658157
1.23099625111
1.23102724552
1.23107492924
1.23114430904
1.23124074936
1.23136949539
1.23153543472
1.23174381256
1.23200011253
1.23230803013
1.23266744614
1.23307693005
1.23353528976
1.23404109478
1.23459279537
1.23518919945
1.2358288765
1.236510396
1.23723256588
1.23799395561
1.23879301548
1.23962855339
1.24049937725
1.24140357971
1.24234044552
1.24330806732
1.24430537224
1.24533069134
1.24638307095
1.24746096134
1.24856305122
1.24968779087
1.25083386898
1.25200009346
1.25318467617
1.25438499451
1.25559830666
1.25682163239
1.25805222988
1.25928711891
1.26052367687
1.26175868511
1.26298952103
1.2642134428
1.26542723179
1.26662838459
1.26781368256
1.26898062229
1.27012610435
1.27124750614
1.272341609
1.27340590954
1.27443742752
1.27543318272
1.27639043331
1.27730631828
1.27817809582
1.27900266647
1.27977716923
1.28049898148
1.28116512299
1.28177261353
1.28231883049
1.28280067444
1.28321564198
1.28356051445
1.28383243084
1.28402876854
1.28414654732
1.28418290615
1.28413510323
1.2840000391
1.28377628326
1.28346705437
1.28307688236
1.28261005878
1.28207135201
1.28146517277
1.28079581261
1.28006803989
1.27928614616
1.27845489979
1.2775785923
1.27666151524
1.27570855618
1.27472400665
1.27371251583
1.27267825603
1.27162599564
1.27056026459
1.26948535442
1.26840591431
1.26732635498
1.2662512064
1.2651848793
1.26413202286
1.2630969286
1.26208436489
1.26109862328
1.2601442337
1.25922560692
1.25834751129
1.25751423836
1.25673019886
1.25600004196
1.25532710552
1.25471043587
1.25414776802
1.25363719463
1.25317621231
1.25276303291
1.25239539146
1.25207126141
1.25178837776
1.25154471397
1.25133812428
1.25116634369
1.25102734566
1.25091910362
1.25083959103
1.25078618526
1.2507570982
1.25075030327
1.2507635355
1.25079464912
1.25084149837
1.25090193748
1.2509739399
1.25105535984
1.25114405155
1.25123786926
1.25133466721
1.25143241882
1.25152885914
1.25162184238
1.25170946121
1.25178933144
1.25185954571
1.25191783905
1.2519620657
1.25199019909
1.25200009346
