-0.00219741021283
-0.00219741021283
-0.00640521617606
-0.010332503356
-0.0139792710543
-0.0173455104232
-0.0204312447459
-0.023236438632
-0.0257611237466
-0.0280052833259
-0.0299689546227
-0.0316520296037
-0.0330546870828
-0.0341767147183
-0.0350183397532
-0.035579316318
-0.0358598455787
-0.035859875381
-0.0355793721974
-0.0350182503462
-0.0341768004
-0.0330546163023
-0.0316520445049
-0.0299689695239
-0.0280053336173
-0.0257610213012
-0.023236438632
-0.0204313527793
-0.0173454172909
-0.013979267329
-0.0103324409574
-0.00640528695658
-0.00219739740714
0.00229093711823
0.00705971568823
0.0121091715991
0.0174390729517
0.0230494178832
0.0289402659982
0.0351118482649
0.0415638200939
0.0482961758971
0.055309381336
0.0626026242971
0.0701771602035
0.0780312642455
0.0861668512225
0.0945819765329
0.10327809304
0.112179718912
0.120985634625
0.12962077558
0.138085186481
0.146378815174
0.154501691461
0.162453845143
0.170235276222
0.177845925093
0.185285806656
0.192554891109
0.199653431773
0.206580847502
0.213337823749
0.219924136996
0.226339310408
0.232584297657
0.238657444715
0.244561105967
0.250293642282
0.255855023861
0.261245757341
0.266466289759
0.271514981985
0.276394188404
0.281102001667
0.285638958216
0.29000544548
0.294200599194
0.298226237297
0.302080065012
0.305763423443
0.309276372194
0.312617510557
0.315788656473
0.318788915873
0.321619182825
0.324277192354
0.326765686274
0.329084664583
0.331229507923
0.33321416378
0.335076808929
0.336822092533
0.33845564723
0.339972764254
0.341374397278
0.342662423849
0.343835890293
0.344893872738
0.345840096474
0.346668988466
0.347382366657
0.347984015942
0.34846830368
0.34884083271
0.349096000195
0.349238485098
0.349262714386
0.349178880453
0.348973989487
0.348657339811
0.348227083683
0.347681313753
0.34701821208
0.346245229244
0.345353007317
0.344349056482
0.343229591846
0.341996520758
0.340677767992
0.339409321547
0.338219076395
0.337103366852
0.336069583893
0.335112184286
0.334236741066
0.333437681198
0.33271497488
0.332074224949
0.331507980824
0.331023693085
0.330617636442
0.330289810896
0.330040216446
0.329866975546
0.329773843288
0.329762667418
0.329825997353
0.329967558384
0.330187350512
0.330487251282
0.330867230892
0.331321716309
0.331860005856
0.332470953465
0.33316385746
0.333934992552
0.33478063345
0.335711956024
0.336715936661
0.337803721428
0.338962286711
0.340176731348
0.341337144375
0.3424025774
0.34339722991
0.344295024872
0.345114588737
0.345844745636
0.346492946148
0.347059190273
0.347532302141
0.347927182913
0.348236382008
0.348456174135
0.348601460457
0.348649889231
0.348623812199
0.348504602909
0.348303437233
0.348024040461
0.34764778614
0.347197026014
0.346653133631
0.346031010151
0.345319479704
0.34452599287
0.34364682436
0.342704325914
0.34177300334
0.340878933668
0.340018391609
0.339195102453
0.33840534091
0.337645381689
0.336930125952
0.336244672537
0.335589021444
0.334974348545
0.334393203259
0.333849310875
0.333331495523
0.332858383656
0.33241134882
0.332005292177
0.331632763147
0.33129376173
0.330988287926
0.330720067024
0.330489099026
0.330284208059
0.330124020576
0.329989910126
0.329900503159
0.329833447933
0.329811096191
0.329818546772
0.329863250256
0.329941481352
0.330056965351
0.330202251673
0.330384790897
0.330600857735
0.330854177475
0.331137299538
0.331405520439
0.33166629076
0.3319196105
0.332146853209
0.332370370626
0.332582712173
0.332780152559
0.332955241203
0.333126604557
0.33328679204
0.333424627781
0.333555012941
0.333677947521
0.333778530359
0.333867937326
0.333946168423
0.334013223648
0.334057927132
0.334102630615
0.334124982357
0.334143608809
0.334136158228
0.334124982357
0.334098905325
0.334057927132
0.334005773067
0.333938717842
0.333860486746
0.333767354488
0.33366677165
0.33354383707
0.333406001329
0.333271890879
0.333115428686
0.332936614752
0.332765251398
0.332601338625
0.332467228174
0.332355469465
0.332280963659
0.332206457853
0.332176655531
0.33216175437
0.33216175437
0.332206457853
0.332273513079
0.332348018885
0.332467228174
0.332586437464
0.332757800817
0.332929164171
0.333137780428
0.333376199007
0.333629518747
0.333897739649
0.334210664034
0.33453848958
0.334888666868
0.335268646479
0.335670977831
0.336088210344
0.336550146341
0.337012082338
0.337474018335
0.337928503752
0.338375538588
0.338800221682
0.339224904776
0.339627236128
0.34002956748
0.340416997671
0.340796977282
0.34115460515
0.341512233019
0.341862410307
0.342182785273
0.342510610819
0.342830985785
0.343121558428
0.343412131071
0.343695253134
0.343956023455
0.344216793776
0.344455212355
0.344693630934
0.344917148352
0.34514066577
0.345334380865
0.34552064538
0.345714360476
0.345878273249
0.346027284861
0.346183747053
0.346317857504
0.346451967955
0.346556276083
0.346660584211
0.346757441759
0.346817046404
0.346861749887
0.346884101629
0.346869200468
0.346831947565
0.34676489234
0.346668034792
0.346563726664
0.346422165632
0.346250802279
0.346057087183
0.345841020346
0.345587700605
0.345319479704
0.34502145648
0.344701081514
0.344343453646
0.343970924616
0.343568593264
0.343129009008
0.342689424753
0.342205137014
0.341698497534
0.341162055731
0.340595811605
0.340022116899
0.339411169291
0.338762968779
0.338107317686
0.337414413691
0.336699157953
0.335969001055
0.33528354764
0.334642797709
0.334054201841
0.333510309458
0.333026021719
0.332593888044
0.332199007273
0.331871181726
0.331588059664
0.331349641085
0.33117082715
0.3310367167
0.330962210894
0.330932408571
0.330947309732
0.331029266119
0.331148475409
0.331327289343
0.331550806761
0.331819027662
0.332154303789
0.332526832819
0.332966417074
0.333443254232
0.333964794874
0.334553390741
0.335186690092
0.335872143507
0.336602300406
0.337384611368
0.338226526976
0.339113146067
0.34002956748
0.340916186571
0.341728299856
0.342480808496
0.343196064234
0.343821913004
0.344417959452
0.344932049513
0.345386534929
0.345796316862
0.34613904357
0.346422165632
0.34664568305
0.346802145243
0.346913903952
0.346958607435
0.346943706274
0.346861749887
0.346735090017
0.346541374922
0.346288055182
0.345975130796
0.345602601767
0.345170468092
0.344678729773
0.344134837389
0.343508988619
0.342853337526
0.342115730047
0.341340869665
0.340573459864
0.339820951223
0.339083343744
0.338368088007
0.337675184011
0.336997181177
0.336334079504
0.335693329573
0.335082381964
0.334471434355
0.333882838488
0.333324044943
0.332765251398
0.332236260176
0.331737071276
0.331237882376
0.330768495798
0.330306559801
0.329866975546
0.329457193613
0.329054862261
0.32867488265
0.328302353621
0.327974528074
0.327631801367
0.327333778143
0.32705065608
0.326752632856
0.326454609632
0.32617148757
0.325888365507
0.325590342283
0.325277417898
0.325024098158
0.32468137145
0.32442805171
0.324100226164
0.323817104101
0.323519080877
0.323221057653
0.322908133268
0.322610110044
0.322312086821
0.322014063597
0.321716040373
0.321388214827
0.321090191603
0.32080706954
0.320479243994
0.320166319609
0.319883197546
0.319540470839
0.319242447615
0.318944424391
0.318616598845
0.318318575621
0.317990750074
0.317692726851
0.31743940711
0.317230790854
0.317096680403
0.317007273436
0.317007273436
0.317022174597
0.317126482725
0.317275494337
0.317499011755
0.317752331495
0.318109959364
0.318467587233
0.318914622068
0.319451063871
0.319987505674
0.320598453283
0.321313709021
0.322014063597
0.322833627462
0.32368299365
0.324606865644
0.325575441122
0.326588720083
0.327706307173
0.328808993101
0.329881876707
0.330850452185
0.331759423018
0.332549184561
0.333264440298
0.333920091391
0.334456533194
0.334903568029
0.33529099822
0.335589021444
0.33578273654
0.335901945829
0.335916846991
0.335901945829
0.335738033056
0.3355294168
0.335201591253
0.334799259901
0.334337323904
0.333771079779
0.333100527525
0.332370370626
0.3315359056
0.330641835928
0.329643458128
0.328555673361
0.327408283949
0.326320499182
0.325307220221
0.324353545904
0.323489278555
0.32268461585
0.321984261274
0.321328610182
0.320747464895
0.320285528898
0.319853395224
0.319510668516
0.319242447615
0.319048732519
0.318914622068
0.318899720907
0.31892952323
0.319018930197
0.319197744131
0.319480866194
0.319793790579
0.320211023092
0.32068786025
0.321239203215
0.321879953146
0.322580307722
0.323384970427
0.324204534292
0.325143307447
0.326007574797
0.326812237501
0.327557295561
0.328242748976
0.328853696585
0.329449743032
0.329896777868
0.330373615026
0.330731242895
0.33104416728
0.331282585859
0.331476300955
0.331610411406
0.33167001605
0.331655114889
0.331610411406
0.331476300955
0.33129748702
0.331059068441
0.330731242895
0.330373615026
0.329926580191
0.329434841871
0.328868597746
0.328272551298
0.327557295561
0.326842039824
0.326022475958
0.325143307447
0.324219435453
0.323221057653
0.322163075209
0.32106038928
0.319868296385
0.318631500006
0.317320197821
0.315964192152
0.314533680677
0.31304359436
0.311478972435
0.309884548187
0.308200716972
0.306487083435
0.304833054543
0.30329823494
0.301852822304
0.300496816635
0.299230217934
0.298097729683
0.297024846077
0.296056270599
0.29519200325
0.294432044029
0.293761491776
0.293180346489
0.292703509331
0.292330980301
0.292032957077
0.291839241982
0.291764736176
0.291779637337
0.291869044304
0.292062759399
0.292375683784
0.292778015137
0.293239951134
0.293850898743
0.294536352158
0.29531121254
0.296205282211
0.297158956528
0.298246741295
0.299423933029
0.300690531731
0.302046537399
0.303521752357
0.305086374283
0.306710600853
0.308483839035
0.310301780701
0.312060117722
0.313699245453
0.315263837576
0.316753953695
0.318095058203
0.319361656904
0.320538848639
0.321626633406
0.322610110044
0.323474377394
0.324264138937
0.324979394674
0.3255456388
0.326037377119
0.326454609632
0.326752632856
0.326961249113
0.327065557241
0.327080458403
0.326991051435
0.326812237501
0.3265440166
0.32617148757
0.32567974925
0.325143307447
0.324457854033
0.323697894812
0.322848528624
0.321879953146
0.320851773024
0.319719284773
0.318676203489
0.317707628012
0.31681355834
0.316053599119
0.315353244543
0.314757198095
0.314235657454
0.313833326101
0.313505530357
0.313282012939
0.313118100166
0.313088297844
0.313103199005
0.313252210617
0.313460826874
0.313788622618
0.314176052809
0.314682692289
0.315278738737
0.315919488668
0.316739052534
0.3175586164
0.318542093039
0.319570273161
0.320702761412
0.321939557791
0.323250859976
0.324666470289
0.326156586409
0.327736109495
0.329434841871
0.331208080053
0.333085626364
0.335022777319
0.337079137564
0.339224904776
0.341445177794
0.34376975894
0.346183747053
0.348687142134
0.351279944181
0.353962153196
0.35674867034
0.35962459445
0.362575024366
0.365287035704
0.366404622793
0.365570157766
0.362798541784
0.358089774847
0.351414054632
0.342845886946
0.332280963659
0.319823592901
0.305399298668
0.289022922516
0.27072429657
0.250473618507
0.22830067575
0.204160794616
0.178083762527
0.150084495544
0.120118252933
0.0882446691394
0.0544041357934
0.0186115503311
-0.0191032886505
-0.0587701760232
-0.10035931319
-0.14391541481
-0.188395366073
-0.22992490232
-0.267416238785
-0.300973653793
-0.330522626638
-0.356093019247
-0.377669900656
-0.395268172026
-0.408917635679
-0.41854378581
-0.424191325903
-0.425875157118
-0.423550575972
-0.417277187109
-0.406980484724
-0.392720073462
-0.37448105216
-0.35226342082
-0.32605227828
-0.295877456665
-0.261664390564
-0.223532304168
-0.181391820312
-0.135257840157
-0.0851601287723
-0.0322014093399
0.018984079361
0.0673085451126
0.112757079303
0.155285000801
0.194966778159
0.231727942824
0.26561319828
0.296622514725
0.324755877256
0.349983543158
0.372320383787
0.391781300306
0.408381193876
0.422045558691
0.432848900557
0.440806120634
0.445812910795
0.447958678007
0.447228521109
0.443607538939
0.437095731497
0.427707999945
0.41541454196
0.400260061026
0.38221475482
0.361263722181
0.337451666594
0.311434268951
0.285968184471
0.261723995209
0.238761290908
0.217005595565
0.196501597762
0.1772492975
0.159233793616
0.142440199852
0.126898288727
0.112608067691
0.0995546504855
0.0877231284976
0.0771582126617
0.0678300857544
0.0597387515008
0.0528693161905
0.0472664795816
0.042915340513
0.0397562943399
0.037893652916
0.0372380018234
0.03781914711
0.0396668873727
0.0427514277399
0.046834345907
0.0510960780084
0.0552833043039
0.0594109259546
0.0634789466858
0.0674873590469
0.0714063644409
0.0753104686737
0.0790953561664
0.0828802511096
0.0865310356021
0.0901818200946
0.0937282964587
0.0972300693393
0.100657336414
0.104039900005
0.10734795779
0.11059641093
0.113770358264
0.116884700954
0.119969241321
0.12294947356
0.125885009766
0.128731131554
0.13156235218
0.134289264679
0.136986374855
0.139579176903
0.142157077789
0.144630670547
0.147089362144
0.149518251419
0.151976943016
0.154465436935
0.156953915954
0.159442409873
0.161990508437
0.164538607001
0.167086705565
0.169664606452
0.1722574085
0.174865111709
0.177487716079
0.18012522161
0.182792529464
0.185444936156
0.188156947494
0.19085405767
0.193580970168
0.196322783828
0.199064597487
0.20183621347
0.204637631774
0.207424148917
0.210270270705
0.213086590171
0.21594761312
0.21882353723
0.221699461341
0.224605187774
0.227525815368
0.230461344123
0.23329256475
0.235527738929
0.237032756209
0.237837418914
0.237882122397
0.237256273627
0.235870465636
0.23379920423
0.230967983603
0.227451309562
0.223204478621
0.218227490783
0.212535247207
0.206127747893
0.199004992843
0.191137179732
0.182569012046
0.173285588622
0.1632720083
0.152543187141
0.141084194183
0.128895044327
0.116035334766
0.102400772274
0.0880658552051
0.073030591011
0.0572353564203
0.0407546721399
0.0235587339848
0.00558793498203
-0.0130385151133
-0.0324249267578
-0.0522583685815
-0.0715702772141
-0.0900477096438
-0.107735387981
-0.124618403614
-0.140696763992
-0.156000256538
-0.170454367995
-0.18411873281
-0.197008237243
-0.209093078971
-0.220343455672
-0.23080407083
-0.240474924445
-0.249326214194
-0.257402658463
-0.264629721642
-0.271111726761
-0.276744365692
-0.28158724308
-0.285640358925
-0.288873910904
-0.291332602501
-0.292971730232
-0.293791294098
-0.29382109642
-0.293061137199
-0.291466712952
-0.289112329483
-0.285938382149
-0.281944870949
-0.277161598206
-0.271588563919
-0.265195965767
-0.25799870491
-0.25001168251
-0.241234883666
-0.231608733535
-0.221222624183
-0.21021066606
-0.199332818389
-0.188812598586
-0.178605303168
-0.168740734458
-0.159233793616
-0.150039792061
-0.141173601151
-0.132665038109
-0.124469392002
-0.116631381214
-0.109106294811
-0.101953737438
-0.0950843021274
-0.0885873958468
-0.0824183151126
-0.0765770673752
-0.0710785388947
-0.0659078359604
-0.0610798560083
-0.0565797053277
-0.0524371825159
-0.0485926829278
-0.0451207123697
-0.0419616661966
-0.0391453504562
-0.0366419553757
-0.0345259904861
-0.0326931476593
-0.0312328319997
-0.0300854425877
-0.0292807798833
-0.0287145357579
-0.0280886869878
-0.0272989254445
-0.0263154488057
-0.0252127628773
-0.0239163618535
-0.0224411468953
-0.0208318214864
-0.0190585851669
-0.0170767307281
-0.0149905672297
-0.012710689567
-0.0102668991312
-0.00765919638798
-0.00488758087158
-0.00195205199998
0.00114738941193
0.00439584255219
0.00783801078796
0.0114291897044
0.0151842823252
0.0191032886505
0.0231713037938
0.0274628382176
0.0318437814713
0.0364184379578
0.0411868058145
0.0460594855249
0.0511556826532
0.056371089071
0.0617951117456
0.067338347435
0.0730752944946
0.0789761468768
0.0850111171603
0.0912547037005
0.0976174995303
0.104174010456
0.110894434154
0.117763869464
0.124812118709
0.132024288177
0.139385461807
0.14691054821
0.154629349709
0.162482246757
0.17051397264
0.178664907813
0.18674133718
0.19472835958
0.202625975013
0.210374578834
0.21806357801
0.225603565574
0.233069047332
0.240430220962
0.247687086463
0.254824757576
0.261873006821
0.268787145615
0.275641679764
0.282362103462
0.288993120193
0.295490026474
0.301912426949
0.308230519295
0.314429372549
0.320523947477
0.326499313116
0.33241507411
0.338196724653
0.343859165907
0.349462002516
0.354915827513
0.360265344381
0.365540355444
0.370711058378
0.375747650862
0.380694836378
0.385552614927
0.390291184187
0.394910544157
0.399425595999
0.403866142035
0.408187478781
0.412404507399
0.416502326727
0.420510739088
0.424429744482
0.428199738264
0.431910127401
0.435486406088
0.438958376646
0.442162126303
0.444292992353
0.44524666667
0.444903939962
0.443384021521
0.440612405539
0.4366337955
0.43138858676
0.424951285124
0.417262285948
0.408351391554
0.398203700781
0.386863917112
0.374257534742
0.360444158316
0.345379084349
0.329092115164
0.311583280563
0.292867422104
0.272884964943
0.251695513725
0.229269251227
0.205621108413
0.180736169219
0.154629349709
0.127285718918
0.0992566272616
0.0726133584976
0.0479370318353
0.0251680593938
0.0043660402298
-0.0145286312327
-0.0314563512802
-0.0464618168771
-0.0595450364053
-0.0706613063812
-0.0798553153872
-0.0871121808887
-0.0924169942737
-0.0958144590259
-0.0972449705005
-0.0967532321811
-0.0943094417453
-0.0899583026767
-0.0836402103305
-0.0753998756409
-0.0652074813843
-0.0531077347696
-0.0390261411667
-0.0230520945042
-0.00511109782383
0.0147670498118
0.0365525484085
0.0598430596292
0.08276104182
0.104844562709
0.126108527184
0.146493315697
0.166103228927
0.184848889709
0.202774986625
0.219881519675
0.236123785377
0.251561403275
0.266149640083
0.279933214188
0.292867422104
0.304967164993
0.316232413054
0.326663225889
0.33628937602
0.345051258802
0.353038281202
0.360101431608
0.366419523954
0.371843546629
0.376492708921
0.380277603865
0.383228033781
0.385343998671
0.386655300856
0.387102335691
0.38683411479
0.38620826602
0.385314196348
0.384151905775
0.3827213943
0.381082266569
0.379085510969
0.376909941435
0.374436348677
0.371694535017
0.368714302778
0.365436047316
0.361949175596
0.358164280653
0.354081362486
0.349819630384
0.345230072737
0.340431898832
0.335276097059
0.329971283674
0.324338644743
0.31843778491
0.312298536301
0.305891036987
0.299245119095
0.292301177979
0.285118818283
0.277638435364
0.269919633865
0.261962413788
0.253707170486
0.245213493705
0.2364218086
0.227570518851
0.21931527555
0.211834892631
0.205129370093
0.199228510261
0.194042906165
0.189721569419
0.18611548841
0.183284267783
0.181257709861
0.179976209998
0.17949937284
0.179827198386
0.180840477347
0.18274782598
0.185310825706
0.18873809278
0.192940220237
0.197827801108
0.203609451652
0.210136160254
0.217378124595
0.225454553962
0.234305843711
0.24390219152
0.254094600677
0.263899564743
0.273257493973
0.281989574432
0.290185213089
0.297844409943
0.304967164993
0.311553478241
0.317573517561
0.323027342558
0.327974528074
0.332355469465
0.336199969053
0.339508026838
0.342220038176
0.344425410032
0.346094340086
0.347167223692
0.34776327014
0.34776327014
0.347226828337
0.346153944731
0.344544619322
0.342339247465
0.339686840773
0.336348980665
0.332593888044
0.328212946653
0.323295563459
0.317871540785
0.311851501465
0.305444002151
0.299036502838
0.292718410492
0.28657913208
0.280529260635
0.274628400803
0.268816947937
0.263154506683
0.257641077042
0.252217054367
0.246942028403
0.241756424308
0.236749634147
0.231832250953
0.227063879371
0.222355112433
0.217854961753
0.213474020362
0.209122881293
0.205010160804
0.200986847281
0.197052940726
0.193297848105
0.189661964774
0.186085686088
0.182718023658
0.179529175162
0.176578745246
0.173836931586
0.171333536506
0.169038757682
0.166952595115
0.165104851127
0.163495525718
0.162094816566
0.16090272367
0.159949049354
0.159203991294
0.158697351813
0.158399328589
0.158339723945
0.158488735557
0.158846363425
0.159472212195
0.1602768749
0.161319956183
0.162571653724
0.164061769843
0.165790304542
0.167727455497
0.169843420386
0.1722574085
0.174820408225
0.177651628852
0.180691465735
0.183939918876
0.187277778983
0.19073484838
0.194221720099
0.197827801108
0.201523289084
0.205278381705
0.209152683616
0.213026985526
0.217109903693
0.22119282186
0.225365146995
0.229656681418
0.234007820487
0.238448366523
0.242948517203
0.247597679496
0.252276659012
0.257015228271
0.261902809143
0.266820192337
0.271856784821
0.276982784271
0.282168388367
0.287443399429
0.292807817459
0.298261642456
0.303775072098
0.309377908707
0.314921110868
0.319600075483
0.323325365782
0.326067179441
0.327765911818
0.328481167555
0.328242748976
0.326961249113
0.324755877256
0.321477621794
0.317275494337
0.312030315399
0.305831432343
0.298619270325
0.290393829346
0.281184911728
0.271022319794
0.259846448898
0.247627481818
0.234484657645
0.220298752189
0.205159172416
0.189036116004
0.171840175986
0.153750181198
0.134974718094
0.117152921855
0.100642435253
0.0853538438678
0.0714063644409
0.0587403737009
0.0473856888711
0.0373423099518
0.0285208206624
0.0210702400655
0.0148415556177
0.00995397474617
0.00637769652531
0.00402331352234
0.0030696389731
0.00327825522982
0.00491738272831
0.00774860335514
0.0119209280238
0.0173449516296
0.024110076949
0.0321865081787
0.0414848290384
0.0520944558084
0.0640749931335
0.0769793987274
0.0898539945483
0.102370969951
0.11458992213
0.126451253891
0.13792514801
0.149101018906
0.159919247031
0.170379862189
0.180542454123
0.190347418189
0.199764952064
0.208884462714
0.217705950141
0.22605060041
0.234216436744
0.24190543592
0.249326214194
0.256329774857
0.263094902039
0.26947259903
0.275522470474
0.281184911728
0.286519527435
0.291556119919
0.296145677567
0.300079584122
0.303328037262
0.305831432343
0.307649374008
0.308722257614
0.309139490128
0.308752059937
0.307708978653
0.305980443954
0.303447246552
0.300288200378
0.296324491501
0.291734933853
0.286370515823
0.280350446701
0.273525714874
0.266075134277
0.257879495621
0.248938784003
0.239312633872
0.228971228004
0.21794436872
0.206142649055
0.193625673652
0.180453047156
0.166535362601
0.151872634888
0.13655424118
0.12046097964
0.103741876781
0.086218111217
0.0679790973663
0.0490844212472
0.0294446926564
0.00908970832825
-0.0119507303461
-0.0337660312653
-0.0559389553964
-0.0773072242737
-0.0975429937243
-0.11670588702
-0.13467669487
-0.151544809341
-0.167340025306
-0.181943163276
-0.19547341764
-0.207811579108
-0.219076856971
-0.229269251227
-0.238239750266
-0.246137365699
-0.25287270546
-0.258564949036
-0.263065099716
-0.266432762146
-0.26872754097
-0.269860029221
-0.269889831543
-0.268787145615
-0.266581773758
-0.263214111328
-0.258773565292
-0.253140926361
-0.246435388923
-0.238597378135
-0.229656681418
-0.219523891807
-0.208318218589
-0.196009859443
-0.182539209723
-0.168234094977
-0.154167413712
-0.14066696167
-0.127643346786
-0.115245573223
-0.103294841945
-0.0919103547931
-0.0810325071216
-0.070720911026
-0.0609159432352
-0.0516474209726
-0.0429451428354
-0.0347495079041
-0.0270605068654
-0.0198781471699
-0.0133514394984
-0.00727176619694
-0.00169873225968
0.0033080575522
0.00777840567753
0.011712311767
0.0151097765192
0.0180006027222
0.0203549843282
0.0221729259938
0.0234544258565
0.0241994839162
0.0244379024953
0.024110076949
0.0232458095998
0.0219047050923
0.0199675541371
0.0175535678864
0.0145733347163
0.0110566606745
0.00703334761783
0.00247359252535
