0.0
-1.19110582091e-05
-4.66305245936e-05
-0.000102637837699
-0.000178412446985
-0.000272433768259
-0.000383181293728
-0.000509134435561
-0.000648772518616
-0.000800575187895
-0.000963021710049
-0.00113459164277
-0.00131376436912
-0.00149901944678
-0.00168883590959
-0.0018816938391
-0.0020760721527
-0.0022704503499
-0.00246330816299
-0.00265312474221
-0.00283837947063
-0.00301755242981
-0.00318912230432
-0.00335156894289
-0.00350337149575
-0.00364300957881
-0.00376896257512
-0.00387970986776
-0.00397373177111
-0.00404950650409
-0.00410551391542
-0.00414023268968
-0.00415214383975
-0.0041397260502
-0.00410145847127
-0.00403582025319
-0.00394129194319
-0.00381635222584
-0.00365948094986
-0.00346915749833
-0.00324386078864
-0.00298207206652
-0.00268226792105
-0.00234292936511
-0.00196253578179
-0.00153956620488
-0.00107250048313
-0.000559817883186
0.0
0.000607980007771
0.00126315222587
0.00196405081078
0.00270921015181
0.00349716446362
0.00432644831017
0.00519559485838
0.006103140302
0.00704761734232
0.00802756007761
0.00904150307178
0.0100879827514
0.0111655294895
0.0122726811096
0.013407968916
0.0145699298009
0.0157570969313
0.0169680025429
0.0182011835277
0.0194551739842
0.0207285061479
0.0220197178423
0.0233273394406
0.0246499106288
0.0259859580547
0.0273340214044
0.0286926329136
0.0300603285432
0.0314356423914
0.0328171104193
0.0342032499611
0.035592623055
0.0369837470353
0.0383751541376
0.0397653914988
0.0411529876292
0.0425364635885
0.0439143776894
0.045285243541
0.0466476082802
0.0480000004172
0.0493412725627
0.0506715327501
0.0519912205637
0.0533007606864
0.0546005815268
0.0558911152184
0.0571728013456
0.0584460571408
0.0597113147378
0.0609690062702
0.0622195638716
0.0634634196758
0.0647009983659
0.0659327358007
0.0671590566635
0.0683803930879
0.0695971772075
0.0708098337054
0.072018802166
0.0732245072722
0.0744273811579
0.075627848506
0.0768263414502
0.0780232995749
0.0792191401124
0.0804143026471
0.0816092118621
0.0828043073416
0.0840000063181
0.0851966664195
0.0863943696022
0.0875930935144
0.0887928381562
0.089993596077
0.0911953598261
0.0923981294036
0.0936018899083
0.0948066264391
0.0960123613477
0.0972190648317
0.0984267368913
0.0996353700757
0.100844956934
0.102055490017
0.103266969323
0.104479387403
0.105692736804
0.106907002628
0.108122184873
0.109338276088
0.110555276275
0.111773170531
0.112991951406
0.1142116189
0.115432165563
0.116653583944
0.117875859141
0.119099006057
0.120322987437
0.121547825634
0.122773505747
0.124000005424
0.125227332115
0.126455411315
0.12768420577
0.128913640976
0.130143657327
0.131374180317
0.132605180144
0.133836567402
0.135068297386
0.136300295591
0.137532517314
0.138764888048
0.139997348189
0.141229853034
0.142462313175
0.143694698811
0.144926920533
0.14615893364
0.147390663624
0.148622065783
0.14985306561
0.151083603501
0.152313634753
0.153543099761
0.154771909118
0.156000003219
0.157227367163
0.15845400095
0.159679949284
0.160905256867
0.162129953504
0.163354054093
0.164577648044
0.165800735354
0.167023360729
0.168245568871
0.169467389584
0.170688867569
0.171910047531
0.173130959272
0.174351632595
0.175572112203
0.176792442799
0.178012654185
0.179232791066
0.180452883244
0.181672975421
0.182893112302
0.184113308787
0.185333624482
0.186554089189
0.18777474761
0.188995629549
0.190216779709
0.191438212991
0.192660018802
0.19388218224
0.195104748011
0.196327805519
0.197551324964
0.19877538085
0.20000000298
0.201225236058
0.202450975776
0.203677222133
0.204903900623
0.20613090694
0.207358211279
0.208585754037
0.209813445807
0.211041241884
0.212269082665
0.213496893644
0.214724630117
0.215952217579
0.217179581523
0.218406677246
0.219633415341
0.220859766006
0.222085639834
0.223311007023
0.224535763264
0.225759863853
0.226983249187
0.228205874562
0.229427620769
0.230648487806
0.231868371367
0.233087226748
0.234304994345
0.235521584749
0.23673696816
0.237951040268
0.239163801074
0.240375116467
0.241584971547
0.242793291807
0.244000017643
0.245205074549
0.246408492327
0.247610270977
0.248810440302
0.250008970499
0.251205950975
0.252401322126
0.253595143557
0.254787415266
0.255978167057
0.25716739893
0.258355110884
0.259541332722
0.260726094246
0.261909365654
0.263091206551
0.264271587133
0.265450567007
0.266628175974
0.267804354429
0.268979161978
0.270152628422
0.271324753761
0.272495537996
0.273664981127
0.274833142757
0.276000022888
0.277165591717
0.278329908848
0.279492944479
0.280654668808
0.281815111637
0.282974243164
0.284132093191
0.285288631916
0.286443829536
0.287597745657
0.288750290871
0.28990149498
0.291051417589
0.292199939489
0.293347150087
0.294492989779
0.295637458563
0.296780586243
0.297922343016
0.299062728882
0.300201743841
0.301339358091
0.302475601435
0.303610414267
0.304743856192
0.305875897408
0.307006508112
0.308135688305
0.309263467789
0.310389846563
0.311514765024
0.312638223171
0.313760280609
0.314880877733
0.316000014544
0.317117720842
0.318234145641
0.319349467754
0.320463895798
0.321577489376
0.322690576315
0.323803216219
0.324915617704
0.326027959585
0.327140450478
0.328253209591
0.329366475344
0.330480366945
0.33159506321
0.332710772753
0.333827644587
0.334945887327
0.336065620184
0.337187051773
0.338310390711
0.339435756207
0.340563297272
0.34169331193
0.342825859785
0.343961179256
0.345099419355
0.346240729094
0.347385317087
0.348533391953
0.349685072899
0.350840568542
0.352000027895
0.353163599968
0.354331195354
0.35550275445
0.356678217649
0.357857376337
0.359040230513
0.360226631165
0.361416488886
0.36260971427
0.363806217909
0.365005880594
0.366208612919
0.367414295673
0.368622869253
0.369834214449
0.371048241854
0.372264832258
0.373483866453
0.374705314636
0.375929027796
0.377154916525
0.378382921219
0.379612892866
0.38084474206
0.382078379393
0.383313715458
0.384550660849
0.385789036751
0.387028843164
0.38826996088
0.389512211084
0.390755623579
0.39200001955
0.393245309591
0.394491374493
0.395738124847
0.396985381842
0.398233085871
0.399481087923
0.400729328394
0.401977598667
0.403225839138
0.404473930597
0.405721724033
0.406969130039
0.408216029406
0.409462273121
0.410707771778
0.411952406168
0.413196057081
0.414438605309
0.415679961443
0.416919946671
0.418158471584
0.419395416975
0.420630663633
0.42186409235
0.423095613718
0.424325078726
0.425552397966
0.426777392626
0.428000032902
0.42922013998
0.430437713861
0.431652724743
0.432865202427
0.434075027704
0.435282289982
0.436486899853
0.437688887119
0.438888192177
0.440084815025
0.441278755665
0.442469984293
0.443658471107
0.444844186306
0.446027159691
0.447207331657
0.448384702206
0.449559211731
0.450730919838
0.451899766922
0.453065723181
0.454228788614
0.45538893342
0.456546127796
0.457700401545
0.458851695061
0.460000008345
0.461145401001
0.462288141251
0.463428676128
0.464567303658
0.465704500675
0.466840535402
0.467975914478
0.469110935926
0.470245987177
0.47138145566
0.472517758608
0.473655223846
0.47479429841
0.475935280323
0.477078646421
0.478224694729
0.479373842478
0.480526447296
0.481682926416
0.482843607664
0.484008938074
0.485179245472
0.486354976892
0.487536430359
0.488724052906
0.489918172359
0.491119235754
0.492327541113
0.493543505669
0.494767546654
0.496000021696
0.497241139412
0.498490422964
0.499747186899
0.501010894775
0.502280771732
0.503556311131
0.504836797714
0.506121575832
0.507410049438
0.508701503277
0.509995341301
0.511290967464
0.512587666512
0.513884842396
0.515181839466
0.516478002071
0.517772674561
0.519065201283
0.520354986191
0.521641433239
0.522923767567
0.524201512337
0.525473833084
0.526740252972
0.527999997139
0.529252707958
0.530498325825
0.531737148762
0.532969415188
0.534195303917
0.535414993763
0.536628723145
0.537836849689
0.539039433002
0.540236771107
0.541429042816
0.542616546154
0.54379940033
0.544977843761
0.546152174473
0.547322571278
0.54848921299
0.549652457237
0.55081230402
0.55196917057
0.553123116493
0.554274559021
0.555423557758
0.556570351124
0.557715237141
0.558858335018
0.560000002384
0.561140358448
0.562279582024
0.56341779232
0.564555227757
0.565691947937
0.566828072071
0.567963898182
0.569099485874
0.570235013962
0.571370661259
0.57250648737
0.573642730713
0.574779570103
0.575917005539
0.577055335045
0.57819467783
0.579335153103
0.580476939678
0.581620156765
0.582765042782
0.583911657333
0.585060119629
0.586210727692
0.587363541126
0.588518679142
0.589676439762
0.590836822987
0.592000007629
0.593166172504
0.594335258007
0.595507144928
0.596681892872
0.597859323025
0.599039435387
0.600222170353
0.601407408714
0.602595210075
0.603785336018
0.604977786541
0.606172561646
0.607369601727
0.60856872797
0.609770059586
0.61097329855
0.612178564072
0.613385796547
0.614594757557
0.615805566311
0.6170181036
0.618232250214
0.619448006153
0.620665311813
0.621884047985
0.623104214668
0.624325692654
0.625548422337
0.626772403717
0.62799757719
0.629223763943
0.630451023579
0.631679236889
0.632908284664
0.634138226509
0.635368943214
0.636600315571
0.637832343578
0.639064967632
0.640298128128
0.641531705856
0.642765700817
0.644000053406
0.645234584808
0.64646923542
0.647703588009
0.648937642574
0.650171041489
0.651403605938
0.652635157108
0.653865396976
0.655094146729
0.656321227551
0.657546281815
0.658769190311
0.659989774227
0.661207795143
0.662422955036
0.663635075092
0.664843976498
0.666049420834
0.667251110077
0.668448865414
0.669642627239
0.670831918716
0.672016620636
0.673196613789
0.674371540546
0.6755412817
0.676705539227
0.677864193916
0.679016888142
0.680163443089
0.681303679943
0.682437419891
0.68356436491
0.684684276581
0.685797035694
0.686902403831
0.688000023365
0.689089953899
0.690172314644
0.691247582436
0.692316174507
0.693378388882
0.694434583187
0.695485174656
0.696530520916
0.697571098804
0.69860714674
0.69963914156
0.700667381287
0.701692283154
0.702714204788
0.703733623028
0.704750776291
0.70576608181
0.706779956818
0.707792758942
0.708804905415
0.70981669426
0.710828542709
0.711840808392
0.712853908539
0.713868200779
0.714883983135
0.715901851654
0.716921985149
0.717944800854
0.718970656395
0.72000002861
0.721033155918
0.722070157528
0.72311103344
0.724155843258
0.725204706192
0.726257443428
0.72731423378
0.728375077248
0.729439973831
0.73050904274
0.731582224369
0.732659578323
0.733741164207
0.734826982021
0.73591709137
0.737011492252
0.738110184669
0.73921328783
0.74032086134
0.741432726383
0.74254912138
0.743670046329
0.744795382023
0.745925307274
0.747059881687
0.748198986053
0.749342858791
0.750491321087
0.751644492149
0.752802491188
0.753965198994
0.755132675171
0.756305038929
0.757482290268
0.758664429188
0.759851396084
0.761043429375
0.762240469456
0.763442456722
0.764649569988
0.765861749649
0.767078995705
0.768301486969
0.769529104233
0.770761966705
0.772000014782
0.773243308067
0.774491667747
0.775744795799
0.777002334595
0.778264224529
0.77953004837
0.780799686909
0.782072722912
0.78334903717
0.784628331661
0.785910308361
0.787194728851
0.788481414318
0.789770007133
0.791060268879
0.792352020741
0.793644964695
0.794938743114
0.796233296394
0.797528207302
0.798823297024
0.800118267536
0.801412880421
0.802706897259
0.804000020027
0.805292069912
0.806583046913
0.807872891426
0.80916172266
0.810449421406
0.811736047268
0.813021719456
0.814306259155
0.815589845181
0.816872417927
0.818153977394
0.819434583187
0.82071429491
0.82199293375
0.823270738125
0.824547588825
0.825823545456
0.827098548412
0.828372716904
0.82964605093
0.830918490887
0.832190096378
0.833460867405
0.834730863571
0.836000025272
0.837268292904
0.838534891605
0.839798867702
0.841059505939
0.842315852642
0.843566954136
0.844811975956
0.846050143242
0.847280442715
0.848501980305
0.849714040756
0.850915551186
0.852105796337
0.853283822536
0.854448735714
0.855599582195
0.856735706329
0.857855975628
0.858959674835
0.860045850277
0.861113727093
0.862162292004
0.863190710545
0.864198148251
0.865183651447
0.86614638567
0.867085516453
0.868000030518
0.868889451027
0.86975389719
0.870594024658
0.871410369873
0.872203469276
0.872973799706
0.873721897602
0.874448359013
0.875153660774
0.875838339329
0.876502990723
0.877148032188
0.877774178982
0.878381788731
0.878971517086
0.879543781281
0.88009929657
0.880638420582
0.881161749363
0.88166975975
0.882163167
0.882642328739
0.883107841015
0.883560240269
0.884000062943
0.884427905083
0.884844660759
0.88525134325
0.885648906231
0.886038303375
0.886420607567
0.886796712875
0.887167692184
0.887534379959
0.887897908688
0.88825917244
0.888619184494
0.888978838921
0.889339268208
0.889701426029
0.890066087246
0.890434503555
0.890807449818
0.891185998917
0.891571164131
0.891963899136
0.892365157604
0.892775893211
0.893197119236
0.893629848957
0.894075095654
0.894533753395
0.895006775856
0.89549523592
0.896000027657
0.896521985531
0.897061109543
0.897617101669
0.898189723492
0.898778736591
0.89938390255
0.900004982948
0.900641679764
0.901293933392
0.901961266994
0.902643620968
0.903340697289
0.904052138329
0.904777944088
0.90551763773
0.906271100044
0.907038152218
0.907818317413
0.908611595631
0.909417688847
0.910236299038
0.911067247391
0.911910176277
0.912765026093
0.91363132
0.914509057999
0.915397882462
0.916297614574
0.917207896709
0.918128550053
0.919059336185
0.920000016689
0.920949995518
0.921906769276
0.922867655754
0.923829853535
0.924790620804
0.925747036934
0.926696538925
0.927636086941
0.928563058376
0.929474592209
0.930368006229
0.931240439415
0.932089149952
0.932911276817
0.933704137802
0.934464871883
0.935190737247
0.935878932476
0.936526656151
0.937131226063
0.93768966198
0.938199400902
0.938657522202
0.939061284065
0.939407885075
0.939694523811
0.939918518066
0.940076947212
0.940167069435
0.940186202526
0.940131425858
0.94000005722
0.939790189266
0.939504146576
0.939144909382
0.938715696335
0.938219606876
0.937659800053
0.93703943491
0.936361610889
0.935629487038
0.934846222401
0.934014976025
0.933138906956
0.932221055031
0.931264579296
0.930272698402
0.929248511791
0.928195178509
0.927115738392
0.926013529301
0.924891531467
0.923752903938
0.922600865364
0.921438515186
0.920268952847
0.919095337391
0.917920827866
0.916748583317
0.915581762791
0.914423406124
0.913276791573
0.912144899368
0.911031007767
0.909938156605
0.908869564533
0.907828330994
0.906817674637
0.9058406353
0.904900372028
0.904000043869
0.903142094612
0.90232616663
0.901551127434
0.90081590414
0.900119423866
0.899460613728
0.898838341236
0.898251652718
0.89769923687
0.897180259228
0.896693468094
0.896237850189
0.895812273026
0.895415723324
0.895047128201
0.894705295563
0.894389212132
0.894097805023
0.89382994175
0.893584549427
0.893360614777
0.89315700531
0.892972648144
0.892806351185
0.892657220364
0.892524003983
0.892405748367
0.89230132103
0.892209589481
0.892129540443
0.892060041428
0.89200001955
0.891948640347
0.891905725002
0.891871392727
0.89184564352
0.891828596592
0.891820371151
0.891821026802
0.89183062315
0.891849160194
0.891876876354
0.891913712025
0.891959905624
0.892015278339
0.892080187798
0.89215451479
0.892238378525
0.892331898212
0.892435133457
0.892548203468
0.892671048641
0.892803907394
0.892946779728
0.893099725246
0.893262863159
0.893436253071
0.893619954586
0.893814086914
0.894018650055
0.894233822823
0.894459664822
0.894696176052
0.894943416119
0.895201563835
0.895470678806
0.895750820637
0.896042048931
0.896344482899
0.89665812254
0.896983087063
0.897319495678
0.897667348385
0.898026764393
0.898397862911
0.89878064394
0.899175226688
0.899581670761
0.900000035763
0.900430440903
0.900872826576
0.901327252388
0.901793599129
0.902271926403
0.902762174606
0.903264462948
0.903778553009
0.904304623604
0.904842495918
0.905392289162
0.905953943729
0.906527459621
0.907112777233
0.907709956169
0.90831887722
0.908939599991
0.909572124481
0.910216331482
0.910872340202
0.911540091038
0.912219464779
0.91291064024
0.913613379002
0.914327859879
0.915054023266
0.915791749954
0.916541099548
0.917302131653
0.918074607849
0.91885882616
0.919654548168
0.920461773872
0.921280562878
0.922110795975
0.922952651978
0.923805952072
0.924670696259
0.925546944141
0.926434636116
0.927333652973
0.928244173527
0.929166138172
0.9300994277
0.93104404211
0.932000041008
0.932967305183
0.933945715427
0.934934794903
0.9359344244
0.936944246292
0.937963962555
0.938993275166
0.940031945705
0.941079676151
0.942136228085
0.943201243877
0.944274425507
0.945355534554
0.94644421339
0.947540283203
0.948643445969
0.949753344059
0.950869679451
0.951992273331
0.95312076807
0.954254925251
0.955394387245
0.956538915634
0.957688271999
0.958842039108
0.960000038147
0.961161971092
0.962327539921
0.963496685028
0.964668989182
0.965844273567
0.967022359371
0.96820306778
0.96938598156
0.970571041107
0.971758008003
0.97294652462
0.974136531353
0.97532761097
0.97651976347
0.977712571621
0.978905856609
0.980099499226
0.981293141842
0.98248654604
0.983679592609
0.984871983528
0.986063539982
0.987253963947
0.988443017006
0.989630520344
0.990816354752
0.992000043392
0.993181526661
0.99436044693
0.995536446571
0.996709227562
0.997878432274
0.999043703079
1.00020480156
1.00136125088
1.00251281261
1.00365912914
1.00479984283
1.00593471527
1.00706326962
1.00818538666
1.00930047035
1.01040828228
1.01150870323
1.01260101795
1.01368522644
1.01476073265
1.01582741737
1.01688492298
1.01793277264
1.01897060871
1.019998312
1.02101552486
1.02202165127
1.02301669121
1.02400004864
1.02497172356
1.02593255043
1.02688360214
1.02782583237
1.02876031399
1.02968800068
1.03061020374
1.03152763844
1.03244149685
1.03335285187
1.03426265717
1.03517186642
1.03608179092
1.03699338436
1.03790736198
1.03882527351
1.03974783421
1.04067623615
1.04161131382
1.0425542593
1.04350614548
1.04446792603
1.04544067383
1.04642546177
1.04742324352
1.04843509197
1.04946219921
1.05050528049
1.05156576633
1.05264437199
1.05374228954
1.05486035347
1.05599999428
1.0571616888
1.05834412575
1.05954623222
1.0607663393
1.06200313568
1.06325495243
1.06452059746
1.06579852104
1.06708717346
1.06838536263
1.06969130039
1.07100391388
1.07232153416
1.07364273071
1.07496607304
1.07629024982
1.07761347294
1.07893466949
1.08025217056
1.08156466484
1.0828704834
1.08416855335
1.08545696735
1.08673465252
1.08800005913
1.08925199509
1.09049105644
1.09171760082
1.09293270111
1.09413683414
1.09533083439
1.09651553631
1.09769141674
1.09885942936
1.10002017021
1.10117435455
1.10232269764
1.10346603394
1.10460495949
1.10574030876
1.10687255859
1.10800290108
1.10913157463
1.11025953293
1.11138749123
1.11251616478
1.11364614964
1.11477839947
1.11591351032
1.11705219746
1.11819517612
1.11934316158
1.1204969883
1.1216571331
1.12282466888
1.12400007248
1.12518370152
1.1263743639
1.12757050991
1.12877047062
1.1299725771
1.13117527962
1.13237702847
1.13357615471
1.13477087021
1.13595998287
1.13714158535
1.13831400871
1.13947594166
1.14062559605
1.14176118374
1.14288139343
1.14398443699
1.14506876469
1.14613282681
1.14717495441
1.14819347858
1.1491869688
1.15015351772
1.15109169483
1.15200006962
1.15287721157
1.1537245512
1.15454351902
1.15533590317
1.15610325336
1.15684735775
1.15756964684
1.15827190876
1.15895581245
1.15962314606
1.16027534008
1.16091394424
1.16154098511
1.16215777397
1.16276621819
1.16336786747
1.16396415234
1.16455721855
1.165148139
1.16573905945
1.16633141041
1.16692686081
1.16752696037
1.16813349724
1.16874814034
1.16937243938
1.17000818253
1.17065691948
1.17132031918
1.17200005054
1.17269742489
1.17341303825
1.17414677143
1.17489886284
1.17566931248
1.17645847797
1.17726612091
1.17809271812
1.17893815041
1.17980265617
1.18068635464
1.18158912659
1.18251156807
1.18345332146
1.18441474438
1.18539583683
1.18639683723
1.18741774559
1.18845880032
1.18952012062
1.1906015873
1.19170367718
1.19282627106
1.19396948814
1.19513356686
1.19631850719
1.19752442837
1.198751688
1.20000004768
1.20126926899
1.20255577564
1.20385587215
1.20516574383
1.20648133755
1.20779883862
1.20911431313
1.21042382717
1.21172356606
1.21300959587
1.21427798271
1.21552479267
1.21674633026
1.21793830395
1.21909725666
1.22021889687
1.22129964828
1.22233533859
1.2233222723
1.2242565155
1.22513413429
1.22595107555
1.22670376301
1.22738802433
1.22800004482
1.2285374403
1.22900378704
1.22940444946
1.22974443436
1.23002886772
1.23026287556
1.23045170307
1.23060059547
1.23071455956
1.23079872131
1.23085832596
1.23089849949
1.23092448711
1.23094129562
1.23095417023
1.23096835613
1.23098874092
1.23102068901
1.23106944561
1.23113977909
1.23123729229
1.23136687279
1.23153376579
1.23174309731
1.23200011253
1.23230862617
1.23266875744
1.23307883739
1.23353755474
1.23404359818
1.23459565639
1.23519217968
1.23583197594
1.23651373386
1.23723578453
1.23799717426
1.23879623413
1.23963165283
1.24050211906
1.24140632153
1.24234271049
1.24331021309
1.24430716038
1.24533247948
1.24638450146
1.24746215343
1.24856376648
1.24968826771
1.2508341074
1.25200009346
1.25318443775
1.25438463688
1.25559771061
1.25682091713
1.25805127621
1.25928604603
1.26052248478
1.26175749302
1.26298820972
1.26421201229
1.26542580128
1.26662683487
1.26781225204
1.26897907257
1.27012467384
1.27124595642
1.27234017849
1.27340447903
1.27443599701
1.27543187141
1.27638924122
1.27730512619
1.27817678452
1.27900147438
1.27977621555
1.2804980278
1.28116428852
1.28177189827
1.28231823444
1.28280007839
1.28321504593
1.28356003761
1.28383207321
1.28402853012
1.28414642811
1.28418278694
1.28413498402
1.2840000391
1.28377628326
1.28346705437
1.28307700157
1.2826102972
1.28207159042
1.28146541119
1.28079605103
1.28006827831
1.27928650379
1.27845513821
1.27757883072
1.27666187286
1.2757089138
1.27472448349
1.27371287346
1.27267861366
1.27162635326
1.27056062222
1.26948571205
1.26840615273
1.2673265934
1.26625144482
1.26518511772
1.26413214207
1.26309728622
1.2620844841
1.26109874249
1.26014435291
1.25922572613
1.2583476305
1.25751423836
1.25673031807
1.25600004196
1.25532710552
1.25471043587
1.25414776802
1.25363707542
1.25317621231
1.25276303291
1.25239527225
1.25207126141
1.25178825855
1.25154459476
1.25133800507
1.25116622448
1.25102722645
1.25091910362
1.25083947182
1.25078606606
1.2507570982
1.25075030327
1.2507635355
1.25079452991
1.25084137917
1.25090193748
1.2509739399
1.25105535984
1.25114393234
1.25123786926
1.25133466721
1.25143229961
1.25152885914
1.25162184238
1.25170946121
1.25178933144
1.25185954571
1.25191783905
1.2519620657
1.25199019909
1.25200009346
