-0.800000011921
-0.800124049187
-0.800247967243
-0.80037176609
-0.800495386124
-0.800618946552
-0.800742447376
-0.800865888596
-0.800989151001
-0.801112353802
-0.801235377789
-0.80135846138
-0.801481366158
-0.801604151726
-0.801726818085
-0.801849424839
-0.801971971989
-0.80209428072
-0.802216589451
-0.802338778973
-0.802460968494
-0.802582919598
-0.802704870701
-0.802826702595
-0.802948415279
-0.803070008755
-0.803191423416
-0.803312897682
-0.803434252739
-0.803555428982
-0.80367654562
-0.803797543049
-0.803918480873
-0.804039239883
-0.804159939289
-0.80428057909
-0.804401040077
-0.804521501064
-0.804641783237
-0.804762005806
-0.804882109165
-0.805002093315
-0.80512213707
-0.805241882801
-0.805361628532
-0.805481255054
-0.805600762367
-0.805720150471
-0.805839538574
-0.805958628654
-0.806077778339
-0.806196808815
-0.806315720081
-0.806434631348
-0.806553244591
-0.806671917439
-0.806790471077
-0.806908845901
-0.807027161121
-0.807145416737
-0.807263493538
-0.807381510735
-0.807499408722
-0.807617247105
-0.807735025883
-0.807852566242
-0.807970106602
-0.808087587357
-0.808204889297
-0.808322072029
-0.808439254761
-0.808556318283
-0.808673143387
-0.808789968491
-0.808906793594
-0.80902338028
-0.809139788151
-0.809256255627
-0.809372603893
-0.809488832951
-0.809604883194
-0.809720993042
-0.809836924076
-0.809952676296
-0.810068368912
-0.810184001923
-0.810299575329
-0.810414969921
-0.810530304909
-0.810645520687
-0.810760676861
-0.810875654221
-0.81099063158
-0.811105370522
-0.811220109463
-0.811334729195
-0.811449229717
-0.811563611031
-0.811677992344
-0.811792254448
-0.811906278133
-0.812020301819
-0.812134325504
-0.812248110771
-0.812361717224
-0.812475383282
-0.81258893013
-0.812702298164
-0.812815606594
-0.812928855419
-0.81304192543
-0.813154935837
-0.813267886639
-0.813380658627
-0.813493430614
-0.813606023788
-0.813718557358
-0.813830971718
-0.813943266869
-0.81405544281
-0.814167499542
-0.814279556274
-0.814391374588
-0.814503192902
-0.814614892006
-0.81472659111
-0.814838051796
-0.814949512482
-0.815060734749
-0.815171897411
-0.815283000469
-0.815394103527
-0.815504908562
-0.815615773201
-0.815726459026
-0.815837085247
-0.815947532654
-0.816057920456
-0.816168248653
-0.816278338432
-0.816388487816
-0.816498458385
-0.816608309746
-0.816718161106
-0.816827774048
-0.81693738699
-0.817046940327
-0.81715631485
-0.817265570164
-0.817374646664
-0.817483782768
-0.817592799664
-0.81770169735
-0.817810475826
-0.817919135094
-0.818027615547
-0.818136155605
-0.81824451685
-0.818352818489
-0.818461000919
-0.818569004536
-0.818677067757
-0.818784832954
-0.818892598152
-0.819000303745
-0.819107830524
-0.819215238094
-0.819322645664
-0.81942987442
-0.819537043571
-0.819644093513
-0.819751024246
-0.819857954979
-0.819964647293
-0.820071339607
-0.820177912712
-0.820284366608
-0.820390641689
-0.820496857166
-0.820603072643
-0.820709049702
-0.820814967155
-0.820920825005
-0.82102650404
-0.82113224268
-0.821237683296
-0.821343183517
-0.821448504925
-0.821553766727
-0.821658849716
-0.821763813496
-0.82186883688
-0.821973562241
-0.822078287601
-0.822182893753
-0.822287380695
-0.822391867638
-0.822496116161
-0.822600364685
-0.822704493999
-0.822808504105
-0.822912395
-0.823016166687
-0.823119938374
-0.823223412037
-0.823326945305
-0.823430359364
-0.823533594608
-0.823636889458
-0.823739886284
-0.823842942715
-0.823945820332
-0.824048519135
-0.824151277542
-0.824253797531
-0.824356257915
-0.824458658695
-0.824560940266
-0.824663102627
-0.824765205383
-0.824867129326
-0.824969053268
-0.825070738792
-0.825172424316
-0.825273990631
-0.825375378132
-0.825476706028
-0.825578033924
-0.825679123402
-0.825780212879
-0.825881123543
-0.825981974602
-0.826082706451
-0.826183378696
-0.826283872128
-0.826384305954
-0.826484680176
-0.826584875584
-0.826684951782
-0.826785087585
-0.826884925365
-0.826984763145
-0.827084541321
-0.827184140682
-0.827283620834
-0.827382981777
-0.82748234272
-0.827581465244
-0.827680587769
-0.827779591084
-0.827878475189
-0.827977359295
-0.828075945377
-0.828174591064
-0.828273117542
-0.828371524811
-0.828469753265
-0.828567922115
-0.828665912151
-0.828763961792
-0.828861832619
-0.828959524632
-0.829057276249
-0.829154849052
-0.829252243042
-0.829349637032
-0.829446792603
-0.829544007778
-0.82964104414
-0.829737961292
-0.829834878445
-0.829931557178
-0.830028235912
-0.830124795437
-0.830221235752
-0.830317556858
-0.830413758755
-0.830509781837
-0.830605864525
-0.830701828003
-0.830797553062
-0.830893337727
-0.830988943577
-0.831084370613
-0.831179857254
-0.831275045872
-0.831370294094
-0.831465363503
-0.831560313702
-0.831655204296
-0.831750035286
-0.831844747066
-0.831939220428
-0.832033753395
-0.832128107548
-0.832222342491
-0.832316577435
-0.832410573959
-0.832504570484
-0.8325984478
-0.832692205906
-0.832785785198
-0.832879304886
-0.832972824574
-0.833066105843
-0.833159327507
-0.833252489567
-0.833345472813
-0.833438396454
-0.83353126049
-0.833623945713
-0.833716571331
-0.833809137344
-0.833901524544
-0.833993792534
-0.834086000919
-0.8341781497
-0.834270060062
-0.834361970425
-0.834453761578
-0.834545433521
-0.834636986256
-0.834728419781
-0.834819853306
-0.834911167622
-0.835002243519
-0.835093319416
-0.835184216499
-0.835275173187
-0.835365891457
-0.835456609726
-0.835547029972
-0.835637509823
-0.83572781086
-0.835818052292
-0.835908234119
-0.835998237133
-0.836088180542
-0.836178004742
-0.836267590523
-0.836357355118
-0.83644682169
-0.836536169052
-0.836625516415
-0.836714625359
-0.836803734303
-0.836892724037
-0.836981594563
-0.837070345879
-0.837159097195
-0.837247610092
-0.83733612299
-0.837424457073
-0.837512731552
-0.837600886822
-0.837688863277
-0.837776899338
-0.837864637375
-0.837952435017
-0.838040053844
-0.838127613068
-0.838214993477
-0.838302314281
-0.838389575481
-0.838476717472
-0.838563621044
-0.838650524616
-0.838737368584
-0.838824033737
-0.838910698891
-0.838997125626
-0.839083552361
-0.839169859886
-0.839256048203
-0.839342057705
-0.839428007603
-0.839513838291
-0.83959966898
-0.839685201645
-0.839770793915
-0.839856266975
-0.839941561222
-0.840026915073
-0.840111970901
-0.840196967125
-0.840281903744
-0.840366721153
-0.840451478958
-0.840536057949
-0.840620517731
-0.840704977512
-0.840789198875
-0.840873479843
-0.840957581997
-0.841041564941
-0.841125428677
-0.841209173203
-0.841292738914
-0.841376364231
-0.841459751129
-0.841543138027
-0.841626405716
-0.841709494591
-0.84179264307
-0.841875553131
-0.841958284378
-0.84204107523
-0.842123687267
-0.8422062397
-0.842288613319
-0.842370867729
-0.842453181744
-0.842535197735
-0.842617213726
-0.842699110508
-0.842780828476
-0.842862606049
-0.842944145203
-0.843025565147
-0.843106985092
-0.843188166618
-0.843269348145
-0.843350410461
-0.843431293964
-0.843512117863
-0.843592941761
-0.843673527241
-0.843754053116
-0.843834400177
-0.843914687634
-0.843994915485
-0.844075083733
-0.844155073166
-0.844234883785
-0.844314754009
-0.844394445419
-0.844473898411
-0.844553411007
-0.844632863998
-0.844712078571
-0.844791173935
-0.844870269299
-0.844949245453
-0.845027983189
-0.845106720924
-0.845185339451
-0.845263957977
-0.845342338085
-0.845420718193
-0.845498800278
-0.845576941967
-0.845654964447
-0.845732808113
-0.845810592175
-0.845888197422
-0.845965862274
-0.846043348312
-0.846120655537
-0.846197903156
-0.846275091171
-0.846352100372
-0.846429109573
-0.846505880356
-0.846582710743
-0.846659243107
-0.846735775471
-0.846812188625
-0.846888482571
-0.846964657307
-0.847040832043
-0.84711676836
-0.847192645073
-0.847268462181
-0.84734416008
-0.84741973877
-0.847495138645
-0.847570478916
-0.847645640373
-0.847720861435
-0.847795963287
-0.847870886326
-0.847945570946
-0.84802043438
-0.84809499979
-0.848169445992
-0.848243951797
-0.84831815958
-0.848392367363
-0.848466455936
-0.848540425301
-0.848614275455
-0.848688006401
-0.848761737347
-0.848835229874
-0.848908722401
-0.848982095718
-0.849055349827
-0.849128484726
-0.849201440811
-0.849274337292
-0.849347233772
-0.849419951439
-0.849492490292
-0.84956496954
-0.849637389183
-0.849709630013
-0.849781751633
-0.849853932858
-0.849925816059
-0.849997699261
-0.850069522858
-0.850141167641
-0.850212693214
-0.850284099579
-0.850355386734
-0.850426673889
-0.850497722626
-0.850568771362
-0.85063970089
-0.850710511208
-0.850781142712
-0.850851714611
-0.850922167301
-0.850992500782
-0.851062774658
-0.85113298893
-0.851203024387
-0.85127300024
-0.851342797279
-0.851412534714
-0.851482093334
-0.851551651955
-0.851621031761
-0.851690351963
-0.851759552956
-0.851828634739
-0.851897597313
-0.851966500282
-0.852035224438
-0.852103948593
-0.852172553539
-0.852240860462
-0.85230922699
-0.852377474308
-0.852445602417
-0.852513611317
-0.852581560612
-0.852649331093
-0.852717101574
-0.852784693241
-0.852852106094
-0.852919459343
-0.852986872196
-0.853053987026
-0.853120982647
-0.853188037872
-0.853254795074
-0.853321552277
-0.853388249874
-0.853454768658
-0.853521168232
-0.853587448597
-0.853653609753
-0.853719770908
-0.853785693645
-0.853851616383
-0.85391741991
-0.853983044624
-0.854048609734
-0.854114055634
-0.854179501534
-0.85424464941
-0.854309856892
-0.854374825954
-0.854439735413
-0.854504585266
-0.854569256306
-0.854633808136
-0.854698419571
-0.854762732983
-0.854827046394
-0.854891180992
-0.854955255985
-0.855019211769
-0.855083048344
-0.855146765709
-0.855210363865
-0.855273962021
-0.855337321758
-0.855400681496
-0.855463922024
-0.855527043343
-0.855589985847
-0.855652868748
-0.855715632439
-0.855778217316
-0.855840861797
-0.85590338707
-0.855965614319
-0.856027901173
-0.856090009212
-0.856151998043
-0.856213927269
-0.85627579689
-0.856337428093
-0.856399059296
-0.856460511684
-0.856521904469
-0.856583178043
-0.856644332409
-0.856705367565
-0.856766283512
-0.856827199459
-0.856887876987
-0.856948554516
-0.85700905323
-0.857069373131
-0.857129693031
-0.857189834118
-0.857250034809
-0.857309997082
-0.85736978054
-0.857429623604
-0.857489287853
-0.857548773289
-0.85760819912
-0.857667505741
-0.857726752758
-0.85778594017
-0.857844889164
-0.857903718948
-0.857962548733
-0.858021259308
-0.858079731464
-0.858138203621
-0.858196556568
-0.858254909515
-0.858313024044
-0.858371019363
-0.858429014683
-0.858486711979
-0.85854446888
-0.858602106571
-0.858659565449
-0.858716964722
-0.858774185181
-0.858831465244
-0.858888447285
-0.85894536972
-0.859002232552
-0.859058976173
-0.859115660191
-0.859172165394
-0.859228551388
-0.859284818172
-0.859340965748
-0.859397113323
-0.85945302248
-0.859508931637
-0.859564721584
-0.859620392323
-0.859675943851
-0.859731376171
-0.859786689281
-0.859841823578
-0.859897017479
-0.859951972961
-0.860006868839
-0.860061705112
-0.860116362572
-0.860170960426
-0.860225379467
-0.860279679298
-0.860333919525
-0.860388100147
-0.860442042351
-0.860495984554
-0.860549867153
-0.860603570938
-0.860657155514
-0.86071062088
-0.860763967037
-0.860817193985
-0.860870420933
-0.860923409462
-0.860976338387
-0.861029207706
-0.861081838608
-0.861134469509
-0.861186921597
-0.861239433289
-0.861291646957
-0.861343801022
-0.861395895481
-0.861447811127
-0.861499667168
-0.861551403999
-0.861603081226
-0.861654579639
-0.861705958843
-0.861757338047
-0.861808538437
-0.861859560013
-0.861910581589
-0.861961483955
-0.862012147903
-0.862062811852
-0.862113296986
-0.862163841724
-0.862214148045
-0.862264335155
-0.862314522266
-0.862364411354
-0.862414360046
-0.862464129925
-0.862513720989
-0.862563252449
-0.862612724304
-0.862662136555
-0.862711369991
-0.862760424614
-0.862809479237
-0.862858295441
-0.862907171249
-0.862955868244
-0.86300444603
-0.863052904606
-0.863101243973
-0.86314946413
-0.863197565079
-0.863245666027
-0.863293468952
-0.863341331482
-0.863389074802
-0.863436698914
-0.863484144211
-0.863531529903
-0.863578796387
-0.863625884056
-0.86367303133
-0.863719880581
-0.863766789436
-0.863813400269
-0.863860011101
-0.863906562328
-0.863952934742
-0.863999187946
-0.864045321941
-0.864091336727
-0.864137351513
-0.86418312788
-0.864228904247
-0.864274561405
-0.864319980145
-0.864365398884
-0.864410698414
-0.864455878735
-0.864500999451
-0.864545941353
-0.864590764046
-0.864635527134
-0.864680111408
-0.864724636078
-0.864769101143
-0.864813387394
-0.86485761404
-0.864901661873
-0.864945590496
-0.86498939991
-0.865033268929
-0.865076839924
-0.865120410919
-0.865163862705
-0.865207076073
-0.86525028944
-0.865293383598
-0.865336358547
-0.865379214287
-0.865422010422
-0.865464627743
-0.865507245064
-0.865549623966
-0.865591943264
-0.865634202957
-0.865676283836
-0.865718305111
-0.865760147572
-0.865801930428
-0.86584353447
-0.865885078907
-0.86592656374
-0.865967810154
-0.866009056568
-0.866050183773
-0.866091251373
-0.86613214016
-0.866172909737
-0.866213560104
-0.866254091263
-0.866294503212
-0.866334855556
-0.866375029087
-0.866415202618
-0.86645513773
-0.866495013237
-0.86653482914
-0.866574525833
-0.866614043713
-0.866653501987
-0.866692900658
-0.866732120514
-0.866771280766
-0.866810202599
-0.866849184036
-0.86688798666
-0.866926550865
-0.86696511507
-0.867003560066
-0.867041885853
-0.867080211639
-0.867118299007
-0.867156267166
-0.867194235325
-0.867231965065
-0.867269694805
-0.867307305336
-0.867344796658
-0.867382109165
-0.867419362068
-0.867456436157
-0.867493450642
-0.867530286312
-0.867567181587
-0.867603778839
-0.867640435696
-0.867676913738
-0.867713153362
-0.867749452591
-0.867785573006
-0.867821574211
-0.867857456207
-0.867893338203
-0.867928981781
-0.867964625359
-0.868000030518
-0.868035435677
-0.868070602417
-0.868105769157
-0.868140816689
-0.868175685406
-0.868210494518
-0.868245184422
-0.86827981472
-0.868314266205
-0.868348658085
-0.86838299036
-0.868417143822
-0.868451237679
-0.868485271931
-0.868519067764
-0.868552923203
-0.868586599827
-0.868620157242
-0.868653595448
-0.868687033653
-0.86872023344
-0.868753433228
-0.868786513805
-0.868819594383
-0.868852555752
-0.868885278702
-0.868918120861
-0.868950724602
-0.868983328342
-0.869015812874
-0.869048118591
-0.869080364704
-0.869112610817
-0.869144678116
-0.869176805019
-0.8692086339
-0.869240522385
-0.869272351265
-0.869304120541
-0.869335711002
-0.869367241859
-0.869398713112
-0.86943012476
-0.869461357594
-0.869492590427
-0.869523704052
-0.869554877281
-0.869585871696
-0.869616746902
-0.869647622108
-0.869678378105
-0.869709014893
-0.86973965168
-0.869770288467
-0.869800686836
-0.869831204414
-0.869861483574
-0.869891762733
-0.869922041893
-0.869952201843
-0.869982361794
-0.87001234293
-0.870042264462
-0.870072185993
-0.870101988316
-0.870131731033
-0.870161533356
-0.870191216469
-0.870220720768
-0.870250284672
-0.870279848576
-0.870309233665
-0.870338559151
-0.870367944241
-0.870397150517
-0.870426297188
-0.870455503464
-0.870484650135
-0.870513737202
-0.870542645454
-0.870571553707
-0.870600521564
-0.870629429817
-0.870658218861
-0.870686948299
-0.870715618134
-0.870744287968
-0.870773017406
-0.870801568031
-0.870830118656
-0.870858550072
-0.870886981487
-0.870915472507
-0.870943784714
-0.87097209692
-0.871000409126
-0.871028721333
-0.87105691433
-0.871085107327
-0.871113181114
-0.871141374111
-0.871169447899
-0.871197521687
-0.871225476265
-0.871253430843
-0.871281385422
-0.87130934
-0.871337294579
-0.871365129948
-0.871392965317
-0.871420800686
-0.871448516846
-0.871476352215
-0.871504068375
-0.871531784534
-0.871559500694
-0.871587216854
-0.871614813805
-0.871642351151
-0.87167006731
-0.871697664261
-0.871725142002
-0.871752738953
-0.871780335903
-0.87180775404
-0.871835231781
-0.871862828732
-0.871890306473
-0.871917784214
-0.871945202351
-0.871972560883
-0.872000038624
-0.872027516365
-0.872054874897
-0.872082173824
-0.872109532356
-0.872136771679
-0.872164011002
-0.87219107151
-0.872218072414
-0.872245013714
-0.872271776199
-0.872298359871
-0.872325003147
-0.8723513484
-0.872377455235
-0.872403502464
-0.87242937088
-0.872455000877
-0.872480392456
-0.872505545616
-0.872530579567
-0.872555196285
-0.87257963419
-0.872603774071
-0.872627735138
-0.872651278973
-0.872674584389
-0.872697532177
-0.872720122337
-0.872742474079
-0.872764348984
-0.872785925865
-0.872807025909
-0.87282794714
-0.872848212719
-0.872868180275
-0.872887730598
-0.872906804085
-0.872925460339
-0.872943639755
-0.872961342335
-0.872978448868
-0.872995138168
-0.873011410236
-0.873027026653
-0.873042166233
-0.873056828976
-0.873070716858
-0.873084247112
-0.873097062111
-0.873109281063
-0.873121023178
-0.873131990433
-0.873142361641
-0.873152136803
-0.873161315918
-0.873169720173
-0.873177528381
-0.873184502125
-0.873190939426
-0.873196601868
-0.873201429844
-0.873205602169
-0.873208999634
-0.873211681843
-0.873213529587
-0.873214662075
-0.873215019703
-0.873214423656
-0.87321305275
-0.873210966587
-0.87320792675
-0.873203992844
-0.873199284077
-0.873193621635
-0.873187065125
-0.873179614544
-0.873171329498
-0.873161911964
-0.873151779175
-0.873140573502
-0.873128354549
-0.873115301132
-0.873101115227
-0.873085975647
-0.873069763184
-0.873052656651
-0.873034358025
-0.87301504612
-0.87299478054
-0.872973322868
-0.872950851917
-0.872927308083
-0.87290251255
-0.872876763344
-0.87284976244
-0.872821688652
-0.872792422771
-0.872761905193
-0.872730255127
-0.872697412968
-0.872663497925
-0.872628211975
-0.872591733932
-0.872554004192
-0.872515082359
-0.872474789619
-0.872433245182
-0.872390449047
-0.87234634161
-0.872300922871
-0.872254192829
-0.872206091881
-0.87215667963
-0.872105777264
-0.872053623199
-0.872000038624
-0.871945083141
-0.871888697147
-0.871831119061
-0.871772110462
-0.871711850166
-0.871650338173
-0.871587574482
-0.871523618698
-0.871458530426
-0.871392250061
-0.871324896812
-0.871256530285
-0.871187031269
-0.871116518974
-0.871044933796
-0.870972573757
-0.870899200439
-0.870824873447
-0.870749652386
-0.870673596859
-0.870596826077
-0.870519220829
-0.870440721512
-0.870361626148
-0.870281755924
-0.870201349258
-0.870120167732
-0.87003839016
-0.869956076145
-0.86987310648
-0.869789719582
-0.869705736637
-0.869621396065
-0.869536519051
-0.869451224804
-0.869365632534
-0.869279563427
-0.869193255901
-0.869106590748
-0.869019687176
-0.868932664394
-0.868845283985
-0.868757724762
-0.868670105934
-0.868582308292
-0.868494451046
-0.868406414986
-0.868318378925
-0.86823040247
-0.868142485619
-0.868054509163
-0.867966711521
-0.867878973484
-0.867791295052
-0.867703914642
-0.867616593838
-0.867529690266
-0.867442905903
-0.867356359959
-0.867270290852
-0.867184340954
-0.867098927498
-0.867013931274
-0.866929233074
-0.86684513092
-0.866761386395
-0.866678237915
-0.866595625877
-0.866513609886
-0.866432189941
-0.866351246834
-0.866271138191
-0.8661916852
-0.866112828255
-0.866034805775
-0.865957677364
-0.86588126421
-0.865805566311
-0.865730881691
-0.865657031536
-0.865584135056
-0.865512132645
-0.865441203117
-0.865371108055
-0.865302145481
-0.865234315395
-0.865167498589
-0.865101873875
-0.865037381649
-0.864974021912
-0.864911913872
-0.864850997925
-0.86479139328
-0.864733099937
-0.864676058292
-0.864620387554
-0.864566206932
-0.864513337612
-0.864461958408
-0.864412009716
-0.86436355114
-0.864316701889
-0.864271402359
-0.864227592945
-0.864185452461
-0.864144921303
-0.864106118679
-0.864068984985
-0.864033639431
-0.864000022411
-0.863968193531
-0.86393815279
-0.863909840584
-0.863883316517
-0.863858580589
-0.863835632801
-0.863814234734
-0.863794744015
-0.863776922226
-0.863760769367
-0.863746404648
-0.863733589649
-0.86372256279
-0.863713204861
-0.863705456257
-0.863699376583
-0.863694965839
-0.86369228363
-0.863691091537
-0.863691568375
-0.863693773746
-0.86369740963
-0.863702654839
-0.863709628582
-0.863718032837
-0.863728046417
-0.863739669323
-0.863752841949
-0.863767504692
-0.863783717155
-0.863801419735
-0.86382073164
-0.863841474056
-0.863863706589
-0.863887488842
-0.863912761211
-0.863939344883
-0.863967597485
-0.863997220993
-0.864028215408
-0.86406069994
-0.864094674587
-0.864129900932
-0.864166676998
-0.864204883575
-0.864244401455
-0.864285290241
-0.864327549934
-0.864371240139
-0.86441630125
-0.864462554455
-0.864510297775
-0.864559352398
-0.864609658718
-0.86466127634
-0.86471426487
-0.864768445492
-0.864823997021
-0.864880919456
-0.864938855171
-0.864998221397
-0.865058898926
-0.865120649338
-0.865183770657
-0.865247964859
-0.865313529968
-0.865380167961
-0.865448057652
-0.865517139435
-0.865587294102
-0.865658760071
-0.865731358528
-0.865805089474
-0.865879952908
-0.86595594883
-0.866033136845
-0.866111397743
-0.866190731525
-0.866271138191
-0.866352677345
-0.866435348988
-0.866518974304
-0.866603791714
-0.866689622402
-0.866776406765
-0.866864323616
-0.866953194141
-0.86704313755
-0.867134094238
-0.867226004601
-0.867318987846
-0.867412865162
-0.867507755756
-0.86760365963
-0.867700457573
-0.867798268795
-0.867896914482
-0.867996513844
-0.868097066879
-0.868198513985
-0.868300914764
-0.868404090405
-0.868508338928
-0.868613302708
-0.868719160557
-0.86882597208
-0.868933498859
-0.869041919708
-0.869151294231
-0.869261264801
-0.86937224865
-0.869483947754
-0.869596481323
-0.869709730148
-0.869823753834
-0.869938611984
-0.870054244995
-0.870170593262
-0.870287656784
-0.870405435562
-0.87052410841
-0.870643377304
-0.870763361454
-0.87088394165
-0.871005296707
-0.87112736702
-0.871250152588
-0.871373474598
-0.871497452259
-0.871622204781
-0.871747493744
-0.871873438358
-0.872000038624
-0.872127234936
-0.872254908085
-0.872383356094
-0.872512102127
-0.872641503811
-0.872771382332
-0.872901797295
-0.873032510281
-0.873163759708
-0.87329518795
-0.873427152634
-0.873559474945
-0.873692154884
-0.873825132847
-0.873958289623
-0.874091744423
-0.874225378036
-0.874359309673
-0.874493300915
-0.87462747097
-0.874761879444
-0.874896287918
-0.875030815601
-0.875165462494
-0.875300109386
-0.87543463707
-0.875569283962
-0.87570387125
-0.875838398933
-0.875972807407
-0.876107215881
-0.876241385937
-0.876375436783
-0.876509189606
-0.876642882824
-0.876776278019
-0.8769094944
-0.877042412758
-0.877174973488
-0.877307295799
-0.877439141273
-0.877570748329
-0.877701818943
-0.877832531929
-0.877962827682
-0.878092706203
-0.878221988678
-0.878350734711
-0.878479063511
-0.87860673666
-0.878733932972
-0.878860414028
-0.878986239433
-0.879111468792
-0.879235982895
-0.879359781742
-0.879482805729
-0.879605174065
-0.879726707935
-0.879847466946
-0.879967331886
-0.880086481571
-0.880204617977
-0.880321919918
-0.880438268185
-0.880553603172
-0.880668103695
-0.880781531334
-0.880893945694
-0.88100528717
-0.881115615368
-0.881224870682
-0.881332933903
-0.881439983845
-0.881545722485
-0.881650328636
-0.88175368309
-0.881855905056
-0.88195681572
-0.882056415081
-0.88215482235
-0.882251739502
-0.882347345352
-0.882441699505
-0.882534444332
-0.882625877857
-0.882715880871
-0.882804334164
-0.88289141655
-0.882976830006
-0.883060693741
-0.883143126965
-0.883223772049
-0.883303046227
-0.883380532265
-0.883456349373
-0.883530437946
-0.883602797985
-0.883673489094
-0.883742451668
-0.883809626102
-0.883874893188
-0.883938372135
-0.884000062943
-0.884059846401
-0.884117722511
-0.884173750877
-0.884227931499
-0.884280443192
-0.88433110714
-0.884379923344
-0.884427070618
-0.884472548962
-0.884516298771
-0.884558260441
-0.88459867239
-0.884637475014
-0.884674727917
-0.884710252285
-0.884744167328
-0.884776651859
-0.884807527065
-0.88483697176
-0.884864926338
-0.884891271591
-0.884916305542
-0.884939849377
-0.8849619627
-0.884982705116
-0.88500213623
-0.885020196438
-0.885036885738
-0.885052263737
-0.885066449642
-0.88507938385
-0.885091006756
-0.885101377964
-0.885110616684
-0.885118544102
-0.885125517845
-0.885131120682
-0.885135769844
-0.885139346123
-0.885141789913
-0.885143101215
-0.885143458843
-0.885142743587
-0.885141015053
-0.885138452053
-0.88513481617
-0.885130286217
-0.885124802589
-0.885118424892
-0.885111272335
-0.885103166103
-0.885094285011
-0.885084629059
-0.885074138641
-0.885062932968
-0.885050833225
-0.885038137436
-0.885024726391
-0.885010540485
-0.884995758533
-0.884980380535
-0.884964287281
-0.884947657585
-0.884930312634
-0.884912610054
-0.884894192219
-0.884875416756
-0.884855985641
-0.88483607769
-0.884815812111
-0.884795069695
-0.88477396965
-0.884752333164
-0.884730517864
-0.884708166122
-0.884685575962
-0.884662628174
-0.884639322758
-0.884615898132
-0.884592056274
-0.884568154812
-0.884544014931
-0.884519577026
-0.884495019913
-0.884470283985
-0.884445488453
-0.884420573711
-0.884395539761
-0.8843703866
-0.88434523344
-0.884320139885
-0.884294986725
-0.884269833565
-0.884244680405
-0.884219646454
-0.884194612503
-0.884169697762
-0.884144961834
-0.884120285511
-0.884095847607
-0.884071588516
-0.88404750824
-0.884023606777
-0.884000062943
-0.883976697922
-0.883953630924
-0.883930802345
-0.88390827179
-0.883885920048
-0.883863806725
-0.883842110634
-0.883820474148
-0.883799254894
-0.883778214455
-0.883757352829
-0.883736848831
-0.883716583252
-0.883696556091
-0.883676826954
-0.88365727663
-0.883637964725
-0.883618950844
-0.883600115776
-0.883581578732
-0.883563280106
-0.883545219898
-0.883527398109
-0.883509814739
-0.883492469788
-0.883475363255
-0.883458554745
-0.88344180584
-0.883425474167
-0.883409202099
-0.883393228054
-0.883377611637
-0.883362114429
-0.88334685564
-0.883331716061
-0.883316934109
-0.883302271366
-0.883288025856
-0.883273839951
-0.883259952068
-0.883246123791
-0.883232712746
-0.88321942091
-0.883206367493
-0.883193552494
-0.883180856705
-0.883168518543
-0.883156299591
-0.883144199848
-0.883132517338
-0.883120894432
-0.883109509945
-0.883098304272
-0.883087456226
-0.88307672739
-0.883066058159
-0.883055686951
-0.883045554161
-0.88303565979
-0.883025944233
-0.88301628828
-0.883006989956
-0.882997870445
-0.882988810539
-0.882980048656
-0.882971465588
-0.882963061333
-0.882954895496
-0.882946848869
-0.882938981056
-0.882931411266
-0.882923841476
-0.882916688919
-0.882909595966
-0.882902622223
-0.882895886898
-0.882889330387
-0.88288295269
-0.882876753807
-0.882870793343
-0.882864892483
-0.882859289646
-0.882853806019
-0.882848441601
-0.882843315601
-0.882838308811
-0.88283342123
-0.882828772068
-0.882824242115
-0.882820010185
-0.88281583786
-0.882811784744
-0.882808029652
-0.882804334164
-0.88280081749
-0.882797539234
-0.882794260979
-0.882791161537
-0.882788360119
-0.882785558701
-0.882782995701
-0.88278055191
-0.882778346539
-0.882776141167
-0.882774233818
-0.882772386074
-0.882770657539
-0.882769227028
-0.882767736912
-0.882766544819
-0.882765412331
-0.882764458656
-0.882763564587
-0.882762849331
-0.882762372494
-0.882761895657
-0.882761657238
-0.882761418819
-0.882761418819
-0.882761538029
-0.882761776447
-0.882762134075
-0.882762610912
-0.882763206959
-0.882764101028
-0.882764935493
-0.882765889168
-0.882767021656
-0.882768213749
-0.882769584656
-0.882771134377
-0.882772743702
-0.882774472237
-0.882776260376
-0.882778227329
-0.882780313492
-0.882782518864
-0.882784724236
-0.882787168026
-0.882789611816
-0.882792294025
-0.882794976234
-0.882797777653
-0.88280069828
-0.882803738117
-0.882806897163
-0.882810235023
-0.882813513279
-0.882816910744
-0.882820487022
-0.882824122906
-0.882827818394
-0.882831692696
-0.882835626602
-0.882839620113
-0.882843673229
-0.882847964764
-0.882852196693
-0.882856607437
-0.882861018181
-0.882865667343
-0.882870137691
-0.882874906063
-0.882879674435
-0.882884562016
-0.882889568806
-0.882894575596
-0.882899701595
-0.882904946804
-0.882910192013
-0.882915556431
-0.882920920849
-0.882926404476
-0.882932066917
-0.882937669754
-0.8829433918
-0.882949113846
-0.882955014706
-0.882960855961
-0.882966816425
-0.882972836494
-0.882978916168
-0.882985174656
-0.882991373539
-0.882997572422
-0.883003950119
-0.883010268211
-0.883016765118
-0.883023262024
-0.883029818535
-0.88303643465
-0.883043110371
-0.883049845695
-0.88305658102
-0.88306337595
-0.883070230484
-0.883077204227
-0.883084177971
-0.88309109211
-0.883098065853
-0.883105158806
-0.883112370968
-0.883119404316
-0.883126616478
-0.88313382864
-0.883141160011
-0.883148491383
-0.883155822754
-0.883163154125
-0.883170545101
-0.883177995682
-0.883185446262
-0.883192896843
-0.883200466633
-0.883207917213
-0.883215487003
-0.883223056793
-0.883230745792
-0.883238315582
-0.883246004581
-0.883253693581
-0.88326138258
-0.883269071579
-0.883276760578
-0.883284568787
-0.883292257786
-0.883300065994
-0.883307754993
-0.883315622807
-0.883323431015
-0.883331239223
-0.883339047432
-0.88334685564
-0.883354663849
-0.883362472057
-0.883370280266
-0.883378088474
-0.883385896683
-0.883393704891
-0.883401632309
-0.883409440517
-0.883417248726
-0.883425116539
-0.883432924747
-0.883440732956
-0.883448421955
-0.883456230164
-0.883464038372
-0.883471727371
-0.88347953558
-0.883487224579
-0.883494913578
-0.883502602577
-0.883510291576
-0.883517980576
-0.883525669575
-0.883533239365
-0.883540928364
-0.883548498154
-0.883556067944
-0.883563518524
-0.883571088314
-0.883578538895
-0.883585989475
-0.883593440056
-0.883600771427
-0.883608102798
-0.883615374565
-0.883622705936
-0.883630037308
-0.88363724947
-0.883644461632
-0.883651554585
-0.883658587933
-0.883665680885
-0.883672773838
-0.883679747581
-0.883686542511
-0.883693516254
-0.883700370789
-0.883707165718
-0.883713901043
-0.883720636368
-0.883727192879
-0.883733808994
-0.88374042511
-0.883746862411
-0.883753240108
-0.88375967741
-0.883765935898
-0.88377225399
-0.883778333664
-0.883784592152
-0.883790552616
-0.883796691895
-0.88380253315
-0.883808493614
-0.883814275265
-0.883819997311
-0.883825719357
-0.883831322193
-0.88383680582
-0.883842349052
-0.88384771347
-0.883853077888
-0.883858323097
-0.883863449097
-0.883868575096
-0.883873581886
-0.883878469467
-0.883883357048
-0.88388812542
-0.883892714977
-0.88389736414
-0.883901894093
-0.883906304836
-0.88391071558
-0.88391494751
-0.883919119835
-0.883923113346
-0.883927166462
-0.883931100368
-0.883934855461
-0.883938491344
-0.883942186832
-0.883945703506
-0.883949160576
-0.883952438831
-0.883955597878
-0.883958637714
-0.883961737156
-0.883964657784
-0.883967459202
-0.883970141411
-0.883972704411
-0.883975148201
-0.883977472782
-0.883979797363
-0.883981823921
-0.883983910084
-0.883985877037
-0.883987605572
-0.883989274502
-0.883990883827
-0.883992373943
-0.883993566036
-0.883994817734
-0.883995890617
-0.883996844292
-0.883997738361
-0.883998453617
-0.883998930454
-0.883999407291
-0.883999824524
-0.883999943733
-0.884000062943
