-0.00297776446678
-0.00297776446678
-0.00867986585945
-0.014001827687
-0.018943650648
-0.0235053300858
-0.0276868809015
-0.0314882844687
-0.0349095202982
-0.0379506647587
-0.040611628443
-0.0428924821317
-0.0447931811213
-0.0463137663901
-0.0474541150033
-0.0482144802809
-0.0485945753753
-0.048594545573
-0.0482144504786
-0.0474541410804
-0.0463136807084
-0.0447932370007
-0.0428924672306
-0.0406116582453
-0.0379506349564
-0.0349095202982
-0.0314882472157
-0.0276868212968
-0.0235054753721
-0.018943682313
-0.0140018519014
-0.00867969356477
-0.00297778728418
0.00310444715433
0.00956689473242
0.0164095535874
0.0236320756376
0.0312349274755
0.0392178185284
0.0475808605552
0.0563241764903
0.0654471740127
0.074951030314
0.0848346352577
0.0950983911753
0.105742387474
0.116766422987
0.128170639277
0.139954462647
0.151994988322
0.163793042302
0.175224632025
0.186289831996
0.19698856771
0.207320958376
0.217286631465
0.226886346936
0.236119255424
0.244985669851
0.253485739231
0.261619895697
0.269386678934
0.276787877083
0.283821940422
0.290490210056
0.296791762114
0.302726387978
0.308295220137
0.31349760294
0.318333029747
0.322802901268
0.326905369759
0.330642789602
0.334011852741
0.337015807629
0.339652866125
0.341923892498
0.343828439713
0.345366984606
0.346534878016
0.34734326601
0.347780972719
0.347851753235
0.347559332848
0.34689900279
0.345868974924
0.344478517771
0.34271645546
0.340591162443
0.338098019361
0.335318028927
0.332565039396
0.329921931028
0.327385008335
0.324955195189
0.322633415461
0.320421516895
0.318313926458
0.31631436944
0.314422875643
0.312639385462
0.310963928699
0.309394657612
0.307934343815
0.306580215693
0.305334091187
0.304196029902
0.303164124489
0.302242100239
0.301426261663
0.300718456507
0.300116837025
0.299623221159
0.299239516258
0.298960119486
0.298790633678
0.298727303743
0.298773854971
0.298924744129
0.299165010452
0.299425780773
0.29968097806
0.299936145544
0.300189465284
0.300440937281
0.300692379475
0.300940126181
0.301184117794
0.301433712244
0.301675856113
0.301917999983
0.302158296108
0.302396714687
0.30263325572
0.302869826555
0.303104519844
0.303337335587
0.303566455841
0.303795546293
0.304022789001
0.30425003171
0.304473549128
0.304695218801
0.304916858673
0.305136650801
0.305354595184
0.305568784475
0.305786728859
0.305995345116
0.306209534407
0.30642002821
0.306624919176
0.306831657887
0.307019799948
0.307198613882
0.307358801365
0.307504087687
0.307630747557
0.307749956846
0.307846814394
0.307932496071
0.307999551296
0.308055430651
0.308092683554
0.308115035295
0.308126211166
0.308115035295
0.308096408844
0.308055430651
0.308003276587
0.307932496071
0.307850539684
0.307749956846
0.307634472847
0.307507812977
0.307366251945
0.307202339172
0.307023525238
0.306840986013
0.306658446789
0.306487083435
0.306326895952
0.30617415905
0.306025147438
0.305898487568
0.305771827698
0.305656343699
0.30555203557
0.305455178022
0.305369496346
0.30529499054
0.305227935314
0.305168330669
0.305119901896
0.305082648993
0.30505284667
0.305034220219
0.305023044348
0.305023044348
0.305034220219
0.30504912138
0.305078923702
0.305116176605
0.305164605379
0.305220484734
0.305287539959
0.305358320475
0.305451452732
0.305540859699
0.305641442537
0.305764377117
0.305879861116
0.306013971567
0.306155532598
0.306308269501
0.306434929371
0.306561589241
0.30666962266
0.306751579046
0.306826084852
0.306885689497
0.3069229424
0.306949019432
0.306960195303
0.306952744722
0.306934118271
0.306896865368
0.306840986013
0.306773930788
0.306684523821
0.306587666273
0.306468456984
0.306341797113
0.306189060211
0.306025147438
0.305846333504
0.305656343699
0.305436551571
0.305216759443
0.304970890284
0.304713845253
0.304441899061
0.304147601128
0.303845852613
0.303518027067
0.303190201521
0.302828848362
0.302463769913
0.302080065012
0.30168145895
0.301264226437
0.300854444504
0.300444662571
0.300042331219
0.299632549286
0.299245119095
0.298842787743
0.298455357552
0.298067927361
0.29768794775
0.29730796814
0.296927988529
0.296555459499
0.29619038105
0.29581785202
0.295460224152
0.295095145702
0.294744968414
0.294402241707
0.294044613838
0.293701887131
0.293366611004
0.293031334877
0.29269605875
0.292360782623
0.292040407658
0.291720032692
0.291392207146
0.291079282761
0.290758907795
0.290431082249
0.290110707283
0.289782881737
0.289462506771
0.289134681225
0.288799405098
0.288479030132
0.288136303425
0.287801027298
0.287480652332
0.287130475044
0.286802649498
0.286459922791
0.286117196083
0.285781919956
0.285439193249
0.285096466541
0.284753739834
0.284403562546
0.284060835838
0.28370320797
0.283360481262
0.283010303974
0.282652676105
0.282295048237
0.281944870949
0.281594693661
0.281229615211
0.280864536762
0.280514359474
0.280149281025
0.279784202576
0.279426574707
0.279106199741
0.278830528259
0.278607010841
0.278398394585
0.278271734715
0.278159976006
0.278100371361
0.2780854702
0.278122723103
0.278189778328
0.278316438198
0.278472900391
0.278674066067
0.278927385807
0.27921795845
0.279560685158
0.279933214188
0.280357897282
0.28083473444
0.28134137392
0.281885266304
0.282503664494
0.283136963844
0.28382986784
0.284560024738
0.28532743454
0.286146998405
0.287018716335
0.287920236588
0.288873910904
0.289864838123
0.290893018246
0.291898846626
0.292889773846
0.293865799904
0.294789671898
0.295713543892
0.296600162983
0.297464430332
0.29830634594
0.299125909805
0.299915671349
0.30068308115
0.301420688629
0.302143394947
0.302836298943
0.303506851196
0.304147601128
0.304758548737
0.305362045765
0.30592828989
0.306472182274
0.307001173496
0.307492911816
0.307962298393
0.308409333229
0.308834016323
0.309236347675
0.309593975544
0.309951603413
0.310279428959
0.310562551022
0.310853123665
0.311098992825
0.311322510242
0.311516225338
0.311687588692
0.311814248562
0.311926007271
0.312000513077
0.312060117722
0.312067568302
0.312060117722
0.312022864819
0.311948359013
0.311851501465
0.311724841595
0.311560928822
0.311374664307
0.311158597469
0.31091272831
0.310637056828
0.310339033604
0.309996306896
0.309631228447
0.309236347675
0.308811664581
0.308357179165
0.307880342007
0.307366251945
0.306829810143
0.306248664856
0.305660068989
0.305026769638
0.304393470287
0.303752720356
0.303119421005
0.302456319332
0.301815569401
0.301152467728
0.300496816635
0.299826264381
0.299155712128
0.298485159874
0.29780715704
0.297121703625
0.296428799629
0.295743346214
0.295042991638
0.294342637062
0.293627381325
0.292927026749
0.292211771011
0.291489064693
0.290766358376
0.290036201477
0.289298593998
0.288568437099
0.28782337904
0.28707832098
0.286348164082
0.285685062408
0.285133719444
0.284656882286
0.284299254417
0.284008681774
0.283844769001
0.283755362034
0.283762812614
0.283867120743
0.284075737
0.284366309643
0.284768640995
0.285245478153
0.285841524601
0.286512076855
0.287286937237
0.288151204586
0.289119780064
0.290170311928
0.291332602501
0.292576849461
0.293932855129
0.295363366604
0.296905636787
0.298529863358
0.300265848637
0.302076339722
0.303991138935
0.306010246277
0.308118760586
0.310279428959
0.312320888042
0.31419095397
0.315926939249
0.317469209433
0.318884819746
0.320121616125
0.321194499731
0.322118371725
0.322863429785
0.323459476233
0.323906511068
0.32417473197
0.324293941259
0.324249237776
0.324040621519
0.323668092489
0.323131650686
0.322446197271
0.321611732244
0.320583552122
0.31943616271
0.318080157042
0.316604942083
0.31493601203
0.313177704811
0.311404466629
0.309705734253
0.308066606522
0.306472182274
0.30492246151
0.30343234539
0.302031636238
0.300645828247
0.299334526062
0.298067927361
0.296875834465
0.295713543892
0.294610857964
0.293582677841
0.292599201202
0.291660428047
0.290811061859
0.289961695671
0.289216637611
0.288486480713
0.287860631943
0.287249684334
0.28669834137
0.286221504211
0.285774469376
0.285416841507
0.285089015961
0.284805893898
0.284552574158
0.284358859062
0.284180045128
0.284031033516
0.28395652771
0.283896923065
0.283882021904
0.283911824226
0.28395652771
0.284060835838
0.28420984745
0.284358859062
0.28458237648
0.28483569622
0.285118818283
0.285446643829
0.285804271698
0.286221504211
0.286653637886
0.287115573883
0.287652015686
0.28820335865
0.288784503937
0.289440155029
0.290095806122
0.290796160698
0.291541218758
0.292271375656
0.292971730232
0.29368698597
0.294357538223
0.295028090477
0.29568374157
0.29630959034
0.296950340271
0.297531485558
0.298112630844
0.298693776131
0.299260020256
0.299781560898
0.300332903862
0.30080974102
0.301316380501
0.30180811882
0.302240252495
0.302702188492
0.303134322166
0.303536653519
0.303938984871
0.304326415062
0.304684042931
0.305041670799
0.305369496346
0.305682420731
0.305995345116
0.30629336834
0.30654668808
0.306814908981
0.30705332756
0.307261943817
0.307485461235
0.307679176331
0.307843089104
0.308007001877
0.308156013489
0.30829012394
0.308394432068
0.308498740196
0.308588147163
0.308632850647
0.308662652969
0.308588147163
0.308513641357
0.308349728584
0.308141112328
0.307887792587
0.307559967041
0.307187438011
0.306770205498
0.306263566017
0.305727124214
0.305145978928
0.304505228996
0.303789973259
0.303030014038
0.302225351334
0.301361083984
0.300422310829
0.29943883419
0.29844045639
0.297322869301
0.296175479889
0.294998288155
0.293731689453
0.292435288429
0.291064381599
0.289663672447
0.288173556328
0.286638736725
0.285059213638
0.283434987068
0.281736254692
0.279977917671
0.278189778328
0.27634203434
0.274404883385
0.272482633591
0.270590186119
0.268816947937
0.267148017883
0.265553593636
0.264048576355
0.262647867203
0.261336565018
0.260144472122
0.259011983871
0.25799870491
0.257059931755
0.256225466728
0.255480408669
0.254854559898
0.254288315773
0.253826379776
0.253468751907
0.253200531006
0.253036618233
0.252947211266
0.252962112427
0.253066420555
0.253275036812
0.253573060036
0.253945589066
0.254467129707
0.255033373833
0.255703926086
0.256463885307
0.257343053818
0.258281826973
0.259250402451
0.260218977928
0.261202454567
0.262215733528
0.263184309006
0.264197587967
0.265210866928
0.266224145889
0.267267227173
0.268295407295
0.269338488579
0.270396471024
0.271454453468
0.272527337074
0.27360022068
0.274673104286
0.275775790215
0.276893377304
0.27796626091
0.279098749161
0.280231237411
0.28133392334
0.282481312752
0.283643603325
0.284776091576
0.285968184471
0.287115573883
0.288292765617
0.289499759674
0.290676951408
0.291869044304
0.293090939522
0.29431283474
0.295534729958
0.296741724014
0.298008322716
0.299260020256
0.300496816635
0.301778316498
0.303044915199
0.304311513901
0.305622816086
0.306904315948
0.308215618134
0.309512019157
0.310823321342
0.312089920044
0.313282012939
0.314384669065
0.315472453833
0.316455930471
0.317409604788
0.318258970976
0.319078534842
0.319823592901
0.320494145155
0.321105092764
0.321671336889
0.322148174047
0.322565406561
0.322937935591
0.323235958815
0.323444575071
0.323638290167
0.323727697134
0.323772400618
0.323742598295
0.323653191328
0.323504179716
0.323280662298
0.323012441397
0.322744220495
0.322461098433
0.322207778692
0.32192465663
0.321656435728
0.321418017149
0.321134895086
0.320896476507
0.320643156767
0.320389837027
0.320151418447
0.31992790103
0.319659680128
0.319451063871
0.319212645292
0.318989127874
0.318750709295
0.318542093039
0.318333476782
0.318109959364
0.317901343107
0.317692726851
0.317499011755
0.317290395498
0.31706687808
0.316649645567
0.315993994474
0.315159529448
0.314086645842
0.312775373459
0.311255455017
0.30954182148
0.307574868202
0.305384397507
0.303015112877
0.300377607346
0.29756128788
0.294506549835
0.291228294373
0.287711620331
0.284031033516
0.280067324638
0.275924801826
0.271543860435
0.266969203949
0.262141227722
0.257104635239
0.251859426498
0.246375784278
0.240683540702
0.234782680869
0.228628501296
0.222355112433
0.216111525893
0.210031852126
0.20408628881
0.198274835944
0.192582592368
0.187024459243
0.181615337729
0.176325425506
0.171169623733
0.166162833571
0.161260351539
0.156536698341
0.15190243721
0.147432088852
0.143066048622
0.138878822327
0.134781002998
0.130832195282
0.127002596855
0.123351804912
0.119790427387
0.116378061473
0.113099806011
0.109955660999
0.106960527599
0.104188911617
0.101670615375
0.0993907377124
0.0973492786288
0.0955760404468
0.0940263196826
0.0927448198199
0.091671936214
0.0908821746707
0.0903159305453
0.0900030061603
0.0899135991931
0.0901073142886
0.0905394479632
0.0911652967334
0.0921040698886
0.0932365581393
0.0946372672915
0.0962912961841
0.0981837436557
0.100314609706
0.102683894336
0.105306498706
0.108182422817
0.111311666667
0.114664427936
0.118255607784
0.122115008533
0.126197934151
0.130489468575
0.134781002998
0.138998031616
0.143155455589
0.147253274918
0.151291489601
0.15527009964
0.159174188972
0.163063392043
0.166833385825
0.170588478446
0.174269065261
0.177860245109
0.181451424956
0.184923395514
0.18836556375
0.191763028502
0.195041283965
0.198319539428
0.201523289084
0.204652532935
0.207737073302
0.210732206702
0.213712438941
0.21657346189
0.219434484839
0.222206100821
0.22493301332
0.227570518851
0.230163320899
0.232696518302
0.23517011106
0.237494692206
0.239193424582
0.240221604705
0.240549430251
0.240191802382
0.239104017615
0.237375482917
0.234886988997
0.231742843986
0.227883443236
0.223353490233
0.218108281493
0.212177619338
0.205531701446
0.198215231299
0.190183505416
0.181466326118
0.172048792243
0.161930903792
0.151142477989
0.139608979225
0.12743473053
0.114530317485
0.100940458477
0.0866502448916
0.0716596841812
0.0559985600412
0.039607282728
0.0225305538625
0.00478327274323
-0.0136941662058
-0.0328421592712
-0.0524669848382
-0.0715106725693
-0.0898092910647
-0.107303254306
-0.124022357166
-0.139951705933
-0.155091285706
-0.169455990195
-0.183030948043
-0.195816144347
-0.207811579108
-0.219017252326
-0.229462966323
-0.239118918777
-0.247970208526
-0.256046652794
-0.263333320618
-0.269860029221
-0.275552272797
-0.280499458313
-0.284656882286
-0.288009643555
-0.290587544441
-0.292390584946
-0.293403863907
-0.293627381325
-0.293061137199
-0.291705131531
-0.289589166641
-0.286653637886
-0.282973051071
-0.278472900391
-0.273212790489
-0.267148017883
-0.260308384895
-0.252664089203
-0.244259819388
-0.235065802932
-0.225082024932
-0.214487299323
-0.203981980681
-0.193759784102
-0.183805808425
-0.174120053649
-0.164702519774
-0.155568122864
-0.146672129631
-0.138103961945
-0.129744410515
-0.12169777602
-0.113904468715
-0.106394283473
-0.0991374179721
-0.0921487733722
-0.0854581519961
-0.0790208503604
-0.0728517770767
-0.0669658184052
-0.0613480769098
-0.05598365888
-0.0509023629129
-0.0460892878473
-0.0415742360055
-0.037282705307
-0.0333040952682
-0.0295639019459
-0.026106832549
-0.0229328852147
-0.0200122576207
-0.017374753952
-0.0150054683909
-0.0128448000178
-0.0107288351282
-0.00858306884766
-0.00643730117008
-0.00426173210144
-0.00205636024475
0.00016391275858
0.00239908695221
0.00463426113129
0.00692903948948
0.0092089176178
0.0115483989939
0.0138431778178
0.0162273645401
0.0185817480087
0.0209659319371
0.0233799200505
0.0258088093251
0.0282675009221
0.0307112913579
0.0332146883011
0.0357180833817
0.0382363796234
0.0407844744623
0.0433474741876
0.0459253750741
0.0485330782831
0.051140781492
0.0537931881845
0.0564604960382
0.0591278038919
0.0618100129068
0.0645369291306
0.0672787427902
0.0700354576111
0.0728070735931
0.0756084918976
0.078409910202
0.0812411233783
0.0841021463275
0.0869631692767
0.0898539945483
0.0927746221423
0.0956952497363
0.0986456796527
0.10161101073
0.104591242969
0.10760127753
0.11059641093
0.113606445491
0.11658667773
0.11958181113
0.122562043369
0.125572085381
0.128522515297
0.131517648697
0.134468078613
0.137448310852
0.14041364193
0.143378973007
0.146329402924
0.149294734001
0.152230262756
0.155180692673
0.158131107688
0.161051735282
0.164002165198
0.166937693954
0.169843420386
0.172793850303
0.175684675574
0.178620204329
0.181540831923
0.184431657195
0.187337383628
0.190258011222
0.193119034171
0.196054562926
0.198930487037
0.201806411147
0.204697236419
0.207558259368
0.210463985801
0.21332500875
0.216186031699
0.21906195581
0.221922978759
0.224754199386
0.227630123496
0.230491146445
0.233322367072
0.236153587699
0.238999709487
0.241816028953
0.244602546096
0.24726985395
0.249907359481
0.252455472946
0.254929065704
0.257328152657
0.259667634964
0.261932611465
0.264137983322
0.266253948212
0.268295407295
0.270277261734
0.272169709206
0.274017453194
0.275790691376
0.277474522591
0.279083848
0.280648469925
0.282123684883
0.283539295197
0.284865498543
0.286132097244
0.287339091301
0.288441777229
0.289499759674
0.290483236313
0.291392207146
0.292286276817
0.293076038361
0.29382109642
0.294521450996
0.295177102089
0.295728445053
0.296264886856
0.296741724014
0.297129154205
0.297501683235
0.297769904137
0.298038125038
0.298202037811
0.298321247101
0.298410654068
0.298410654068
0.298351049423
0.298261642456
0.298097729683
0.297889113426
0.297605991364
0.297263264656
0.296875834465
0.296458601952
0.295922160149
0.295370817184
0.294730067253
0.293999910355
0.29319524765
0.292301177979
0.29131770134
0.290274620056
0.289112329483
0.287890434265
0.28657913208
0.285178422928
0.283718109131
0.282138586044
0.280529260635
0.278770923615
0.276952981949
0.275105237961
0.273078680038
0.271052122116
0.268876552582
0.266671180725
0.264376401901
0.261962413788
0.259459018707
0.256925821304
0.254303216934
0.251531600952
0.248759970069
0.245839342475
0.242918714881
0.240206703544
0.237762913108
0.235557541251
0.233620390296
0.23192165792
0.23055075109
0.229358658195
0.228464588523
0.227838739753
0.227451309562
0.22730229795
0.227481111884
0.227898344398
0.228494390845
0.229477867484
0.230640158057
0.232100471854
0.233769401908
0.235736355186
0.237971529365
0.240445122123
0.243186935782
0.246196970344
0.249445423484
0.252962112427
0.256776809692
0.260770320892
0.265121459961
0.269651412964
0.274479389191
0.279515981674
0.284910202026
0.290423631668
0.295609235764
0.300526618958
0.305026769638
0.309199094772
0.312954187393
0.316411226988
0.319480866194
0.322163075209
0.324547261
0.326484411955
0.328153342009
0.329405039549
0.330299109221
0.330835551023
0.33104416728
0.330805748701
0.330299109221
0.329375237226
0.328123539686
0.326454609632
0.324517458677
0.322103470564
0.319421261549
0.316351622343
0.312983989716
0.309765338898
0.306636095047
0.303775072098
0.301033258438
0.298500061035
0.296175479889
0.293970108032
0.292003154755
0.290185213089
0.288546085358
0.287085771561
0.28583407402
0.284731388092
0.28383731842
0.283062458038
0.28258562088
0.282168388367
0.281989574432
0.281989574432
0.282168388367
0.282496213913
0.283062458038
0.283777713776
0.284671783447
0.285744667053
0.286996364594
0.288456678391
0.290036201477
0.291883945465
0.293850898743
0.295907258987
0.297665596008
0.299036502838
0.299990177155
0.300526618958
0.300675630569
0.30043721199
0.299781560898
0.298678874969
0.297278165817
0.295400619507
0.293105840683
0.290483236313
0.287413597107
0.283896923065
0.280052423477
0.275760889053
0.271081924438
0.266015529633
0.260531902313
0.25463104248
0.248372539878
0.241637215018
0.23454426229
0.227093681693
0.219285473228
0.211834892631
0.204741939902
0.19809602201
0.191837534308
0.186026081443
0.180572256446
0.175565466285
0.170975908637
0.166833385825
0.163048490882
0.15965102613
0.156760215759
0.154197216034
0.152111053467
0.150412321091
0.149071216583
0.148266553879
0.147730112076
0.147730112076
0.148087739944
0.148862600327
0.1500248909
0.151634216309
0.153660774231
0.156074762344
0.158935770392
0.162184223533
0.165849909186
0.169932827353
0.174343571067
0.178903326392
0.183433279395
0.188022837043
0.192612394691
0.197291359305
0.201910719275
0.206649288535
0.211358055472
0.216126427054
0.220924600959
0.225692972541
0.230610355735
0.235438331962
0.240355715156
0.24527309835
0.250250101089
0.255227088928
0.260263681412
0.265330076218
0.270366668701
0.275522470474
0.280648469925
0.285804271698
0.291019678116
0.296235084534
0.301480293274
0.306814908981
0.312089920044
0.317305296659
0.321626633406
0.325024098158
0.327467888594
0.328898400068
0.329375237226
0.328868597746
0.327378481627
0.324934691191
0.321507424116
0.317096680403
0.311702489853
0.305384397507
0.297993421555
0.289738178253
0.280410051346
0.270187854767
0.258922576904
0.246733412147
0.233560785651
0.219404682517
0.204235300422
0.188171848655
0.171065315604
0.153005123138
0.134348869324
0.11658667773
0.100165598094
0.0849962159991
0.071108341217
0.0585019551218
0.0472068749368
0.0372231006622
0.02849101834
0.0210404377431
0.0149011602625
0.0100433817133
0.00649690581486
0.00420212745667
0.00321865058504
0.00354647613131
0.00509619666263
0.0079870223999
0.0121891489252
0.0175833702087
0.0243782978505
0.0323951244354
0.0417232476175
0.0523328743875
0.0642538070679
0.0771284103394
0.0900328084826
0.102519981563
0.114679329097
0.126510858536
0.138014554977
0.149130821228
0.159949049354
0.170439466834
0.180512651801
0.190347418189
0.199764952064
0.208854660392
0.217616543174
0.22605060041
0.234097227454
0.241875633597
0.249236807227
0.256329774857
0.263005495071
0.269412994385
0.275403261185
0.281125307083
0.286459922791
0.291496515274
0.296086072922
0.300049781799
0.303268432617
0.30580163002
0.307589769363
0.308692455292
0.309109687805
0.308752059937
0.307679176331
0.305950641632
0.303447246552
0.300258398056
0.296354293823
0.291705131531
0.286400318146
0.280320644379
0.273555517197
0.266075134277
0.257879495621
0.248968586326
0.239342436194
0.228971228004
0.217914566398
0.206172451377
0.193685278296
0.180453047156
0.166565164924
0.15190243721
0.136584043503
0.12046097964
0.103741876781
0.0862479135394
0.0680088996887
0.0491142235696
0.0294744949788
0.00908970832825
-0.0119507303461
-0.0337362289429
-0.0559389553964
-0.0773072242737
-0.097513191402
-0.116676084697
-0.13467669487
-0.151544809341
-0.167340025306
-0.181943163276
-0.195443615317
-0.207841381431
-0.219076856971
-0.229239448905
-0.238239750266
-0.246107563376
-0.252902507782
-0.258564949036
-0.263065099716
-0.266432762146
-0.26872754097
-0.269889831543
-0.269889831543
-0.268787145615
-0.266581773758
-0.263243913651
-0.258713960648
-0.253200531006
-0.246435388923
-0.238597378135
-0.229656681418
-0.219523891807
-0.208348020911
-0.19598005712
-0.182569012046
-0.168234094977
-0.154167413712
-0.14066696167
-0.127673149109
-0.1152157709
-0.103294841945
-0.0919401571155
-0.0810027047992
-0.0707507133484
-0.0609159432352
-0.0516474209726
-0.0429451428354
-0.0347495079041
-0.027030704543
-0.0199079494923
-0.0133514394984
-0.00724196387455
-0.00169873225968
0.0033080575522
0.00774860335514
0.011712311767
0.0151395788416
0.0180006027222
0.0203549843282
0.0221431236714
0.0234842281789
0.0241994839162
0.0244081001729
0.0241398792714
0.0232458095998
0.0219047050923
0.0199675541371
0.0175535678864
0.0145733347163
0.0110566606745
0.00703334761783
0.00247359252535
