0.0
5.93473316712e-07
0.00173022423405
0.0011503668502
-1.24503021652e-05
-0.00348194432445
-0.00341727002524
-9.85244241747e-06
-0.00288201333024
0.00124840484932
0.00291119213216
0.00592118734494
0.00919489841908
0.0056513925083
0.00579272024333
0.00512766791508
0.00325938779861
0.000550709664822
0.00244320207275
0.00283194519579
0.00228806072846
0.000827030919027
-0.00302217924036
-0.00226920121349
-0.00437587173656
-0.00557126710191
-0.00121489737649
0.00125301908702
0.00265326746739
0.00601156428456
0.00559627590701
0.00530697032809
0.00475645577535
0.000226086078328
0.00155778648332
0.00262417318299
-7.25106219761e-05
0.00115840067156
-0.000795624218881
-0.000341179023962
0.000345633627148
-0.00233881059103
-0.000480052549392
-0.00189845974091
-0.00151643331628
0.00189945299644
0.00161182146985
-0.000666795007419
-0.000483696378069
0.00290737091564
0.00172910664696
2.12204831769e-05
-0.00110426463652
-0.00226312689483
-0.00234385812655
-0.00265667471103
-0.00511986110359
-0.0026005578693
0.00186238007154
-0.00149318005424
0.00171688571572
0.00295455544256
-0.00204353150912
0.00012306359713
-0.00254881428555
-0.00543686794117
-0.00100471812766
-0.00315022468567
-0.00514618027955
-0.00165875197854
-0.00154158298392
0.000817157910205
0.00278321420774
0.000503483286593
0.00511732976884
0.00852270051837
0.00338281458244
0.00299735157751
0.00553163280711
0.00408135028556
0.00246062898077
0.00177821121179
0.0013928047847
-2.96354646707e-05
0.00138793629594
-1.79234320967e-05
-0.0037614076864
-0.00332208233885
-0.00361531926319
-0.00537775550038
-0.00490031111985
-0.00145817745943
-0.00127728423104
-0.00230641243979
-0.000227366777835
0.00316019495949
0.00167679530568
-0.00281929248013
0.00233457749709
0.000937306904234
-0.0036332749296
-0.00228122062981
-0.00437837420031
-0.00360951642506
-0.0032638150733
-0.00438834400848
-0.00148604379501
-0.00161354104057
-0.00199567084201
0.000485118624056
-0.000504699302837
0.00174625427462
0.00211989833042
-0.00391786172986
0.00204351427965
0.0041459929198
0.00226596416906
0.00241771433502
0.000576368882321
0.00239212345332
-0.00286997156218
-0.013845670037
-0.0131752453744
-0.00809739343822
0.00767545215786
0.0164043474942
0.0126396287233
0.0123126134276
-0.00229831924662
-0.0136277219281
-0.0176560115069
-0.0116844922304
-0.0119728064165
-0.0133228013292
-0.00841275136918
-0.014814038761
-0.0170857571065
-0.0084226410836
-0.00122316624038
0.00272202072665
0.00282476143911
0.0035346087534
-0.00252948817797
-0.00872793421149
-0.0114266956225
0.00145323504694
-0.000893310585525
-0.00241942354478
-0.00453355442733
-0.0131679242477
-0.0205371435732
-0.0144527824596
0.00112455966882
-0.00413232110441
-0.00371219497174
-0.00455494038761
-0.0137026654556
-0.0114565026015
-0.00205608108081
2.89663585136e-05
-0.00114909640979
-0.000546545954421
-0.00496502965689
-0.00246243667789
0.00258323829621
0.000920169171877
0.00412187725306
0.00422959728166
0.00495774531737
0.00573533214629
0.00833347346634
0.00825085304677
0.00322286132723
0.00641334522516
0.00595404673368
-0.000646003580187
-0.00200269068591
0.0
0.0018455357058
0.0038031686563
0.00116325542331
0.00217354530469
-0.00536151928827
-0.00345221348107
-0.00738051300868
-0.00521400617436
-0.00283276988193
-0.000972084526438
-0.00178448902443
-0.00517695350572
-0.00555999670178
-0.00734222494066
-0.0144219156355
-0.0152241028845
-0.00234660389833
0.0284327343106
0.0530577935278
0.0508584566414
0.0273328833282
-0.00691819097847
-0.0278206765652
-0.0269278548658
-0.000336196506396
0.0273937191814
0.0205030608922
0.0121663967147
-0.0182029753923
-0.0250141397119
-0.00983737036586
-0.0155506161973
0.00124874012545
0.0113710481673
0.0129208099097
0.00911560282111
-0.0190664213151
-0.0108276307583
-0.00795915909111
-0.00719856424257
-0.00231742346659
-0.0104014212266
-0.00729355076328
0.00638945354149
7.98945111455e-05
-0.00480538746342
-0.00149056734517
-0.012922776863
-0.0251787863672
-0.0155743975192
0.0198673363775
0.0274519193918
0.0139946099371
0.010267608799
-0.0344257093966
-0.0568988248706
-0.0273728501052
0.00566753139719
0.0315471440554
0.0376246236265
-0.00757273845375
-0.0395681038499
-0.0147589370608
0.0208683758974
0.00484313862398
-0.00112925819121
0.0173721797764
0.000646459346171
-0.0294196922332
-0.0203414522111
-0.0152250388637
-0.00979827065021
0.00455404771492
0.013411404565
0.000677804520819
-0.0346893407404
-0.0426872782409
-0.00676291529089
0.00629665143788
0.00379386683926
0.0219819173217
-0.00309990509413
-0.0314322896302
-0.0229139421135
-0.00298869097605
-0.00561276683584
-0.0282443482429
-0.00824171397835
0.0290607158095
0.0485950112343
0.0339928679168
0.00367409782484
-0.00696036079898
-0.0192718729377
-0.0471754856408
-0.0529879964888
-0.0113108865917
0.0575157552958
0.0573128946126
0.0163740199059
0.00756625598297
0.00143121869769
0.0110266953707
-0.0179361309856
-0.0432420969009
-0.0117803039029
0.0161844827235
0.0098698604852
-0.0137084359303
0.0146066965535
0.0394628196955
-0.00285305082798
-0.017619477585
0.0231074728072
0.0128446165472
-0.0261641200632
-0.0335631072521
-0.0465181432664
-0.01016370859
0.0314406678081
0.0494689904153
0.0289982911199
0.000892648356967
0.00123644538689
-0.00832110270858
0.00345428683795
-0.00377993145958
-0.0226562451571
-0.0131425224245
0.0227603111416
0.0557899400592
0.0274654757231
0.0153886405751
0.0121037466452
0.0209477040917
0.0328502357006
0.0492218434811
0.0372827872634
-0.0188423711807
-0.0698335915804
-0.0789215862751
-0.0592617914081
-0.0726067647338
-0.0540639311075
-0.0154931619763
0.0417496301234
0.068864710629
0.0443309731781
0.0396033003926
0.0256583373994
0.0116226496175
-0.0153246186674
-0.0578489229083
-0.0791262090206
-0.0703762620687
-0.0245972964913
0.00695234118029
0.0198656935245
-0.00496903713793
-0.0142839970067
0.0216193497181
0.0427802316844
0.0452792420983
0.0521535277367
0.0549254082143
0.0309865362942
0.0482592880726
0.034221675247
-0.0743110924959
-0.114188455045
-0.055254060775
-0.0152667518705
-0.00568551803008
-0.00681885937229
0.000417345727328
0.0383665561676
0.0584966093302
0.0416840128601
0.0517554096878
0.0508669577539
0.0164393838495
0.00882749632001
-0.0161770265549
-0.00937395170331
0.0187399517745
0.034577626735
0.0150160053745
-0.0125906392932
0.00367720262147
0.012003839016
0.0136917317286
0.0301285050809
-0.00975610222667
-0.0430338345468
-0.0545127019286
-0.0621048919857
-0.0125493872911
-0.0295975562185
-0.0438040345907
-0.0090002194047
-0.0146485473961
0.00257911602966
7.97870452516e-05
-0.0161163173616
0.0028540934436
-0.00205590133555
-0.00506064062938
-0.00486025540158
-0.0117337005213
0.0096134962514
0.0326721332967
0.00974226836115
-0.00249634520151
-0.034297529608
-0.00955627858639
0.00647478038445
0.00280343415216
0.0161422044039
0.0272683557123
0.0684989020228
0.0773485973477
-0.0104896239936
-0.0591382272542
-0.0385658591986
-0.0207141116261
0.0251075867563
0.0436111539602
0.0457827597857
0.0339623354375
0.0231631882489
0.0239652022719
0.00418735248968
-0.0306720435619
-0.032752558589
-0.00445999996737
0.00811520125717
-0.0180294085294
-0.0133859524503
0.0168037358671
0.00410579890013
-0.0153321567923
-0.00457104854286
-0.00501689640805
0.012900993228
0.0172019042075
-0.00478888535872
-0.0155242970213
-0.0050718667917
0.0189891923219
0.0345122814178
0.00059327064082
-0.0212777890265
-0.0280136801302
-0.0201318468899
-0.00403458205983
-0.0105984508991
-0.0192915610969
-0.0298690199852
-0.0165698248893
0.0128152351826
0.0223410036415
0.034451149404
0.0305545963347
0.0117386123165
0.0167874880135
0.0185417626053
0.00141449109651
-0.0449915602803
-0.0583213120699
-0.0444146730006
-0.0126091083512
0.0047666518949
0.00247547752224
-0.0160787254572
0.00125119602308
0.0320029221475
0.0287737213075
0.041276935488
0.0132107287645
-0.0125620886683
-0.0119972918183
-0.0183066129684
-0.0138076683506
0.00331730814651
0.0120812943205
0.0130104720592
-0.000339740247
-0.00426290323958
-0.021144349128
-0.0283915083855
0.00809071864933
0.0167261455208
0.0135542731732
0.0127213438973
0.00258203083649
0.0144854094833
0.0266890060157
0.0175999347121
0.010897712782
-0.00951093900949
-0.0131987836212
-0.0047128489241
-0.00359846930951
0.00496734585613
0.00980046298355
0.0113991461694
0.0165946837515
0.00227231602184
-0.0120519725606
-0.01351352036
0.00115273776464
0.0181902498007
0.0133311832324
0.00323533802293
-0.0159221328795
-0.0285554043949
-0.0149212889373
-0.00720384996384
-0.0147971305996
-0.00282091787085
0.010077198036
-0.00650449329987
-0.0125810774043
-0.0161419790238
-0.00624019652605
0.00808860547841
0.0157131515443
0.024064084515
0.0145122325048
0.00851521734148
0.00477635813877
-0.0155166154727
-0.00161578832194
0.0160603635013
0.00437330361456
0.0116061298177
0.0106362886727
-0.001175739686
0.0104492045939
0.00236079120077
-0.00324743520468
0.00734404288232
0.00688726222143
0.0118224676698
-0.0127525338903
-0.00586919253692
0.0255357455462
0.0204268433154
0.00430695852265
0.00633045751601
0.0107462322339
-0.0153175797313
-0.0363028757274
-0.0232179276645
-0.00445999437943
-0.0114716449752
-0.00641045998782
-0.00761923426762
-0.0147842671722
-0.0030111335218
-0.000196551554836
-0.00819600373507
-0.00841514207423
-0.00381992780603
-0.00143439066596
-0.0114653669298
-0.000755056738853
0.0230801962316
-0.00193836749531
-0.00687341252342
-0.00106861512177
-0.00935984309763
-0.00579596403986
-0.00301342061721
0.0142754670233
0.00468754814938
-0.00859280768782
-0.00479038339108
-0.0254541095346
-0.0173158440739
0.00064057164127
-0.0015580188483
-0.00637663155794
0.0141358701512
0.0140800895169
-0.0119465403259
-0.0279601179063
-0.00874624960124
0.00136322074104
-0.00451765954494
0.0120473131537
-0.0106304688379
-0.0167928058654
-0.00746796093881
-0.0046214661561
0.010320989415
0.012542902492
-0.00180862564594
-0.0180484168231
-0.0357362814248
-0.0237738098949
-0.00820367317647
-0.0104306489229
-0.00967307202518
-0.011245992966
-0.00563121261075
0.015024498105
0.0182391256094
0.0126801151782
-0.00241678557359
-0.0189484190196
-0.0106303989887
0.00378753221594
-0.000725832709577
0.00256679137237
0.0105171333998
0.00766696128994
0.00793371535838
0.0133507587016
0.00985802058131
-0.00634922413155
0.0129895405844
0.0188942719251
-0.00634106760845
-0.00502942549065
0.00728044006974
0.00669589359313
0.0141274929047
0.00755256507546
0.0043341354467
0.00206503388472
0.00263654440641
0.00750516168773
0.00353121501394
0.00428377138451
0.00331787392497
-0.00944716949016
0.00616182386875
0.00539490394294
-0.0045473636128
0.00148558977526
4.05975879403e-06
-7.95195373939e-05
-0.00156428257469
0.00384619249962
0.00143881398253
-0.00638677692041
-0.0050576957874
0.00134299101774
-0.0057722479105
-0.00820419285446
-0.0100625883788
-0.0214674882591
-0.003210877534
0.0106883225963
0.00631512328982
0.00813400093466
-0.0038289076183
-0.00422165216878
-0.00783323869109
-0.00723208719864
0.00255898735486
-0.00461095105857
-0.00472065340728
0.00350467767566
-0.00045390354353
-0.000795186206233
-0.0109634175897
-0.0201304536313
-0.0123501932248
-0.00693911220878
0.013636784628
0.0147932758555
-0.00195173465181
-0.00467288075015
-0.0110623622313
0.000864467117935
0.0223850850016
0.0133632980287
0.000337419216521
-0.0139990290627
-0.0172003433108
-0.0153723917902
-0.00919426232576
0.00783601775765
0.00419018091634
-0.000580417981837
0.00547028705478
0.00949698593467
-0.00252534099855
-0.00297647179104
-0.0056661600247
-0.00192314514425
0.00871802028269
-0.00283238780685
-0.0180326793343
-0.0337818562984
-0.0170749668032
0.00415196828544
-0.00282767182216
-0.00465436698869
-0.0165535248816
-0.017099680379
-0.00329877715558
0.00310435146093
-0.00236143986695
-0.0091972835362
-0.0086016356945
-0.0122045138851
-0.00802007410675
0.00426415959373
0.0109898829833
0.00579064711928
-0.00289055588655
0.00123779778369
-0.000878341612406
-0.00176642229781
-0.00629572523758
-0.00516661163419
-0.000284028297756
0.00405164342374
0.017631329596
0.0126801151782
-0.00347846280783
-0.00808876659721
-0.0244055651128
-0.0778564438224
-0.146022558212
-0.225632935762
-0.236100032926
-0.0566647648811
0.219685405493
0.41818317771
0.436314642429
0.246945336461
-0.0234602298588
-0.172489970922
-0.2514770329
-0.174197971821
0.0475529916584
0.177716419101
0.140579476953
0.0707327276468
-0.0925360023975
-0.18665330112
-0.0908896774054
-0.105646267533
-0.100567102432
0.0419481098652
0.168328121305
0.27337449789
0.13504293561
-0.0971192121506
-0.0448716431856
-0.0128962593153
-0.131127998233
-0.265217512846
-0.23545448482
-0.0104822870344
0.18109177053
0.124334268272
-0.18189035356
-0.2100007236
-0.00120600429364
0.0215026605874
0.0164956413209
-0.00455239089206
0.144246727228
0.30643838644
0.15366140008
0.223837554455
0.157766073942
-0.337175786495
-0.455043375492
-0.207542464137
-0.0168154574931
0.0925626680255
0.292019873857
0.285637795925
-0.198268994689
-0.314733803272
0.162973612547
0.343097597361
0.0415133982897
-0.160883367062
0.00400989502668
0.17055593431
0.0202058423311
-0.249399527907
-0.221183791757
-0.0240300633013
-0.04190498963
0.035675380379
0.23656077683
0.194819569588
0.0473498217762
-0.141840010881
-0.378431648016
-0.275000929832
0.215133041143
0.362089633942
0.0614833943546
-0.0700272917747
-0.104502551258
-0.103153787553
-0.0254694446921
-0.153993651271
-0.131379216909
-0.0399492122233
-0.269217610359
-0.273319423199
0.183328986168
0.620014369488
0.667656004429
0.418416589499
0.119323395193
-0.0896980017424
-0.166831582785
-0.258428841829
-0.543994188309
-0.62828785181
-0.281328558922
0.193659946322
0.668113470078
0.570867300034
0.0564869791269
-0.0997135564685
-0.0380975715816
0.123489931226
0.0905418843031
-0.363415509462
-0.6115847826
-0.190631955862
0.289120942354
0.251545637846
0.128748103976
0.150032669306
0.226126894355
0.177812367678
-0.0868662968278
-0.105853252113
0.0426984280348
-0.0550927706063
-0.206066712737
-0.323401272297
-0.488210141659
-0.380822837353
0.102244511247
0.484141737223
0.542746722698
0.210925593972
-0.156304717064
-0.103887811303
-0.00698358286172
0.0334889851511
-0.0429965406656
-0.30562505126
-0.289609253407
0.0711568668485
0.357227981091
0.486540228128
0.470513701439
0.290229231119
0.199181303382
0.176070421934
0.204648017883
0.410384267569
0.605857491493
0.232431277633
-0.599771857262
-1.0557051897
-0.994567513466
-0.772015869617
-0.868480980396
-0.974062740803
-0.301412910223
0.545988321304
0.878734886646
1.00152254105
0.850742220879
0.395271271467
0.164258465171
0.107192613184
0.0158151965588
-0.250337719917
-0.799738287926
-1.17885875702
-1.09106624126
-0.699872016907
-0.366171181202
0.00839106552303
0.353621780872
0.268182069063
0.268093317747
0.380931526423
0.2169996351
0.171825647354
0.388940781355
0.626889467239
0.619566321373
0.298633128405
0.196786373854
0.583940267563
0.374391406775
-0.950141072273
-1.70755827427
-1.01302146912
-0.236840739846
-0.0770887285471
-0.130259200931
-0.239750370383
-0.108891010284
0.388125061989
0.824255883694
0.825185120106
0.563760459423
0.329059839249
0.37107282877
0.625077724457
0.56478780508
0.112900778651
-0.184700533748
-0.161791726947
0.00414722459391
0.174035578966
0.275154203176
0.365712076426
0.350708842278
0.170430585742
-0.0265968870372
-0.0977979376912
-0.0289346724749
0.116303771734
0.159978881478
-0.0125305112451
-0.248115032911
-0.400726556778
-0.579998970032
-0.750166356564
-0.686965823174
-0.495677232742
-0.469866722822
-0.52320587635
-0.405294746161
-0.166012957692
-0.115453243256
-0.233681544662
-0.190298467875
-0.0329377762973
-0.0396219156682
-0.0108153829351
0.154971048236
0.187965869904
0.0164093729109
-0.133104771376
-0.223358765244
-0.192963212729
0.0145426820964
0.285216569901
0.408982396126
0.313147246838
0.0680755153298
-0.234718665481
-0.395427286625
-0.244090721011
0.0426022261381
0.111030772328
0.0348659828305
0.101915083826
0.356142401695
0.636999964714
0.870059549809
0.975256800652
0.682431340218
-0.0600911676884
-0.659482777119
-0.664316892624
-0.372159481049
-0.120500408113
0.189047664404
0.484251916409
0.529762327671
0.396980673075
0.372644811869
0.448305904865
0.373358756304
0.179858922958
0.029299357906
-0.123738445342
-0.306944102049
-0.390201717615
-0.420862704515
-0.404041111469
-0.252966284752
-0.111277461052
-0.136229842901
-0.135740071535
0.0942697823048
0.315718412399
0.173488363624
-0.1128853634
-0.162933066487
-0.0885889455676
-0.0738708674908
0.0228141546249
0.189435124397
0.135001525283
-0.134511902928
-0.222712025046
-0.0180042348802
0.237829402089
0.352419286966
0.263033270836
0.0391616337001
-0.17097003758
-0.371422201395
-0.512349426746
-0.336074113846
0.0107174934819
0.101838886738
0.0232191979885
-0.0491336770356
-0.223036453128
-0.386522203684
-0.269851744175
0.0538383573294
0.303187429905
0.32005444169
0.289973944426
0.303734213114
0.211595609784
0.204841569066
0.285454243422
0.180117487907
-0.151359677315
-0.582044064999
-0.893080532551
-0.84152340889
-0.472622841597
-0.108176715672
0.0439455360174
0.0855396687984
0.101921848953
0.0897816196084
0.208645537496
0.380318850279
0.33111295104
0.284437686205
0.248343527317
-0.0681039243937
-0.23704867065
-0.105914011598
-0.0884397551417
-0.151799857616
-0.0609054639935
0.0499137043953
0.0314801298082
0.0525112487376
0.0718009024858
-0.0649972185493
-0.118671506643
-0.103334635496
-0.130139917135
0.0181530807167
0.110941953957
0.0444850288332
0.141176760197
0.17521750927
0.0952953025699
0.22411634028
0.343600064516
0.224809199572
0.0986725538969
0.0226158462465
-0.185561344028
-0.226290166378
-0.0599497891963
-0.0826527625322
-0.100437812507
0.00717739295214
0.0374664962292
0.0926329195499
0.232055529952
0.149453699589
-0.119402952492
-0.144384130836
-0.0428761951625
0.0270111486316
0.158286556602
0.20802514255
0.140369966626
0.00690815597773
-0.220616802573
-0.318408817053
-0.132308542728
-0.00583840394393
-0.0357985757291
0.0716382563114
0.176801711321
0.052298065275
-0.0924752578139
-0.215272754431
-0.299804180861
-0.13166244328
0.0889871716499
0.106921821833
0.0594932995737
0.039434581995
0.000500909343828
0.0494314096868
0.0958378016949
0.0136059867218
0.0207756217569
-0.0217446275055
-0.11501583457
0.0477777682245
0.137640163302
-0.00100841908716
-0.0739995911717
-0.0947289690375
-0.129122033715
-0.0487272068858
0.0663647949696
0.090953156352
0.0822244510055
-0.0351308248937
-0.0335987359285
0.257447630167
0.392057150602
0.218139111996
0.0750721469522
0.0608343966305
0.0213800370693
-0.102497421205
-0.317069411278
-0.295034438372
-0.0230547543615
0.0112918289378
-0.0817376971245
-0.0733307227492
-0.103168137372
-0.122821114957
-0.0567186065018
-0.0281205866486
-0.0434929281473
-0.14700448513
-0.178008466959
0.0587709806859
0.14263279736
0.0735718682408
0.157151639462
0.140469968319
-0.0410608425736
-0.169437021017
-0.169745534658
-0.036089476198
0.0669276341796
0.0553321391344
0.104797549546
0.0964500308037
-0.0905374959111
-0.136488348246
-0.0868092924356
-0.147662624717
-0.00366787496023
0.194108143449
0.0995545238256
0.0147685427219
0.118639878929
0.23330681026
0.148207917809
-0.0290917903185
-0.00805660802871
0.0844774618745
-0.0151301827282
-0.0661204084754
-0.00155210017692
-0.116823926568
-0.0863754227757
0.133520036936
0.130572512746
0.0560404881835
-0.00804398488253
-0.124189414084
-0.171863570809
-0.197922408581
-0.188780590892
-0.075630903244
-0.0172319766134
-0.0132852941751
-0.0179837811738
-0.110884815454
-0.108749255538
0.0421710386872
0.0841174274683
0.0834874734282
0.0118553489447
-0.161461383104
-0.158080101013
-0.0134749719873
0.0627356246114
0.0403598695993
0.0688484758139
0.102286636829
0.202943950891
0.220953822136
0.148297742009
0.068440258503
-0.0667772814631
0.0376671478152
0.150327250361
-0.0159259513021
-0.146340385079
-0.0538911223412
0.0894660130143
0.161860585213
0.19003161788
0.167606323957
0.0945225358009
0.0641010180116
0.0584518499672
0.0133362449706
-0.110981963575
-0.131988465786
-0.0819155648351
-0.141192853451
-0.0618931390345
0.0129789924249
-0.0817185267806
-0.0369777977467
0.0261441357434
0.00402248604223
0.00636177463457
-0.00953433569521
0.00226102722809
0.0411882996559
-0.0173181518912
-0.0520004220307
0.0223759226501
-0.0359052233398
-0.12299631536
-0.169966965914
-0.242916509509
-0.138955205679
0.030349496752
0.0995680317283
0.0675320550799
-0.0283015277237
-0.0272222664207
-0.0150170531124
-0.106398165226
-0.100142113864
-0.0371304266155
-0.0303386244923
0.0123371193185
-0.0183216072619
-0.0731915459037
-0.0313752889633
-0.00992243364453
-0.00669874530286
0.00882488489151
0.0188495423645
0.0487885400653
0.117131188512
0.0918947532773
0.0285823047161
0.0309327598661
0.0458481013775
0.198069885373
0.291598826647
0.154402926564
-0.0175524316728
-0.187579661608
-0.193960279226
-0.0768696516752
0.0125948162749
0.0844284817576
0.0771053284407
0.0278975255787
-0.00230547552928
0.0292134210467
0.102515764534
0.126684874296
0.0445743650198
-0.0379474386573
-0.0192303024232
0.0224722661078
0.0162947922945
-0.025347026065
-0.0959650501609
-0.12648037076
-0.0674381330609
-0.0268143601716
-0.0458756536245
-0.079578705132
-0.102073043585
-0.0804059877992
0.00277599296533
0.0316549874842
0.0293655768037
0.0395833514631
-0.0249152462929
-0.0472558140755
-0.0359162651002
-0.0267637446523
0.0922581404448
0.184939429164
0.1121006459
-0.000406510749599
-0.0357769578695
-0.0313382409513
-0.015714995563
-0.0622522085905
-0.178676113486
-0.189694866538
-0.139676913619
-0.0565831847489
0.133315771818
0.173241317272
0.0310517437756
-0.00790907070041
0.0243799500167
-0.0227218195796
-0.0515282042325
-0.0207635257393
-0.0199303254485
0.0355131588876
0.0827417746186
0.0486115254462
0.0638125613332
0.0741678252816
0.0603616349399
0.0655433759093
0.0706773474813
0.110522270203
0.12501052022
0.0471028536558
5.29590470251e-05
0.0293948128819
0.0273744948208
-0.0410971604288
-0.0912038385868
-0.0377837829292
-0.0219526141882
-0.0816268846393
-0.0957303568721
-0.0893550887704
-0.0950444191694
-0.112727046013
-0.0861591920257
0.00184173160233
0.10250146687
0.101555787027
0.00151702237781
-0.0756520181894
-0.137599110603
-0.115813873708
-0.0658792704344
-0.0716289803386
-0.0530724339187
-0.0469490662217
-0.0184098593891
0.0857823640108
0.0734875649214
0.0503084622324
0.188049033284
0.253192931414
0.158841282129
-0.030245596543
-0.132724672556
-0.0530290864408
0.00991278514266
-0.00310468859971
0.0373613014817
0.0488721467555
-0.0112868910655
-0.0239789225161
-0.0183463022113
-0.0355097465217
-0.0108533846214
-0.0373672433197
0.0210313685238
0.0663679912686
-0.0430635809898
-0.121158733964
-0.106441825628
0.0051027298905
0.119778618217
0.125603348017
0.0865892022848
0.0242345687002
-0.0332139059901
-0.0678988546133
-0.169889584184
-0.180295601487
-0.130337506533
-0.124324910343
-0.00104423996527
0.0818898081779
0.017367741093
-0.00564171699807
0.050812907517
0.0996554866433
0.125558406115
0.0549515150487
-0.025986418128
0.0261271242052
0.0545303560793
0.0253191757947
0.0158209428191
-0.0275227110833
-0.0590048246086
-0.0322398617864
-0.0184438042343
-0.00292992731556
0.0521437898278
0.0540509447455
0.0294985342771
0.0566728152335
0.0076751364395
-0.136662766337
-0.177390262485
-0.108363807201
-0.0429174229503
0.0335403159261
0.0922491773963
0.104023873806
0.0856528803706
-0.00773120019585
-0.0962458774447
-0.05075372383
0.0198519621044
0.0103266621009
-0.00440132105723
-0.00806187372655
-0.0304272901267
-0.0204911008477
0.00364747480489
-0.0373226329684
-0.0840818062425
-0.0213484894484
0.0782516226172
0.0909480825067
0.065316028893
0.0544731430709
0.0315391942859
0.0159635320306
0.0352822951972
0.0378958061337
0.00365411234088
-0.000125303631648
0.0362581349909
0.0247384961694
-0.041565336287
-0.0740566849709
-0.0610142052174
-0.0401142649353
0.000456154724816
0.0322826057673
-7.79749898356e-05
-0.0381275005639
-0.0217234063894
0.00833167508245
0.00328886182979
-0.00593061652035
0.000278227234958
-0.0175649318844
-0.0582132562995
-0.0824930518866
-0.109438076615
-0.111022673547
-0.0383857004344
0.0494961366057
0.0719994530082
0.0578285977244
0.0472888164222
0.0178694818169
-0.00257661845535
0.0314684286714
0.0601298287511
0.0505446083844
0.0204792935401
-0.0122511219233
-0.0261245630682
-0.0141944531351
0.00292381830513
0.0204819161445
0.0204825792462
0.0149010708556
0.0207510422915
0.0392851606011
0.0683343559504
0.0768038183451
0.0463933721185
0.0117697529495
-0.0146043095738
-0.0456716157496
-0.0625426918268
-0.0376941487193
0.0121430801228
0.0329699069262
0.0127058457583
-0.0142041603103
-0.0463444143534
-0.104364044964
-0.144055277109
-0.100158587098
-0.0445105023682
-0.0263150930405
0.0168405454606
0.065720051527
0.0564775764942
0.0318246558309
0.020792985335
0.00291723571718
0.0103608705103
0.0243107788265
-0.00875904969871
-0.061380263418
-0.0782415345311
-0.0729328244925
-0.0616714693606
