-0.784000039101
-0.784315466881
-0.784633219242
-0.784953296185
-0.785275697708
-0.785600483418
-0.785927534103
-0.786256968975
-0.786588668823
-0.786922633648
-0.787258803844
-0.787597298622
-0.787937998772
-0.788281023502
-0.788626253605
-0.788973689079
-0.789323270321
-0.789675235748
-0.790029227734
-0.790385425091
-0.790743708611
-0.791104257107
-0.791466832161
-0.791831731796
-0.79219853878
-0.792567551136
-0.792938649654
-0.793311953545
-0.793687164783
-0.794064462185
-0.794443905354
-0.79482537508
-0.795208752155
-0.795594274998
-0.795981824398
-0.796371281147
-0.796762883663
-0.797156274319
-0.797551810741
-0.797949135303
-0.798348546028
-0.798749804497
-0.799152970314
-0.799558162689
-0.799965143204
-0.800374090672
-0.800784945488
-0.801197528839
-0.801612079144
-0.802028477192
-0.802446842194
-0.802866876125
-0.803288757801
-0.803712427616
-0.804137825966
-0.80456507206
-0.804994165897
-0.80542498827
-0.805857598782
-0.806291759014
-0.806727826595
-0.807165563107
-0.807605028152
-0.808046162128
-0.808489024639
-0.808933615685
-0.809379816055
-0.809827685356
-0.810277163982
-0.810728192329
-0.811180949211
-0.811635315418
-0.812091231346
-0.812548875809
-0.813007950783
-0.813468694687
-0.813930928707
-0.814394712448
-0.81486004591
-0.815326929092
-0.815795302391
-0.816265165806
-0.816736459732
-0.817209362984
-0.817683756351
-0.818159461021
-0.818636775017
-0.819115400314
-0.819595515728
-0.820077061653
-0.820559978485
-0.821044206619
-0.82152992487
-0.822017014027
-0.822505533695
-0.822995305061
-0.823486506939
-0.823978900909
-0.824472665787
-0.824967801571
-0.825464129448
-0.825961828232
-0.826460838318
-0.826961100101
-0.827462553978
-0.827965259552
-0.828469276428
-0.828974425793
-0.82948076725
-0.82998842001
-0.830497205257
-0.831007122993
-0.831518352032
-0.832030534744
-0.832543969154
-0.833058655262
-0.833574235439
-0.834091126919
-0.834609031677
-0.835127949715
-0.83564811945
-0.836169242859
-0.836691439152
-0.837214767933
-0.837739050388
-0.838264465332
-0.83879083395
-0.839318156242
-0.839846491814
-0.840375900269
-0.840906143188
-0.841437399387
-0.841969668865
-0.842502832413
-0.84303689003
-0.843571960926
-0.844107925892
-0.844644665718
-0.845182418823
-0.845721006393
-0.846260547638
-0.846800804138
-0.847341954708
-0.847883939743
-0.848426818848
-0.848970353603
-0.849514782429
-0.850060105324
-0.850606024265
-0.851152896881
-0.851700365543
-0.852248549461
-0.852797627449
-0.853347301483
-0.853897750378
-0.854448914528
-0.855000793934
-0.855553269386
-0.856106460094
-0.856660306454
-0.857214868069
-0.857769966125
-0.858325719833
-0.858882129192
-0.859439134598
-0.85999673605
-0.860554873943
-0.861113548279
-0.861672878265
-0.862232804298
-0.862793147564
-0.863354027271
-0.86391556263
-0.864477455616
-0.865039944649
-0.865602970123
-0.866166293621
-0.86673027277
-0.867294609547
-0.867859303951
-0.868424594402
-0.868990182877
-0.869556188583
-0.870122730732
-0.870689511299
-0.871256768703
-0.871824383736
-0.872392237186
-0.872960627079
-0.873529195786
-0.874098181725
-0.874667406082
-0.875236988068
-0.875806808472
-0.876376986504
-0.876947402954
-0.877518117428
-0.878089010715
-0.878660202026
-0.879231631756
-0.87980312109
-0.880375027657
-0.880946934223
-0.881519198418
-0.882091581821
-0.882664084435
-0.883236765862
-0.883809626102
-0.884382486343
-0.884955585003
-0.885528743267
-0.886102080345
-0.886675477028
-0.887248814106
-0.887822329998
-0.888395905495
-0.888969540596
-0.889543116093
-0.890116751194
-0.8906904459
-0.891264200211
-0.891837835312
-0.892411410809
-0.89298504591
-0.893558621407
-0.894132137299
-0.894705593586
-0.895278990269
-0.895852208138
-0.896425306797
-0.896998465061
-0.897571444511
-0.898144185543
-0.898716986179
-0.899289488792
-0.899861872196
-0.900434136391
-0.901006162167
-0.901577949524
-0.902149558067
-0.902720987797
-0.903292179108
-0.903863072395
-0.904433786869
-0.90500420332
-0.905574381351
-0.906144201756
-0.906713783741
-0.907283127308
-0.907852113247
-0.908420681953
-0.908989071846
-0.909557044506
-0.910124659538
-0.910691916943
-0.91125869751
-0.911825239658
-0.91239130497
-0.912956953049
-0.9135222435
-0.914087057114
-0.91465139389
-0.915215373039
-0.915778756142
-0.916341722012
-0.916904211044
-0.91746622324
-0.918027758598
-0.918588638306
-0.91914910078
-0.919709026814
-0.9202683568
-0.920827209949
-0.921385407448
-0.9219430089
-0.922500014305
-0.923056423664
-0.923612236977
-0.924167513847
-0.924721956253
-0.925275921822
-0.925829172134
-0.926381766796
-0.926933646202
-0.927484810352
-0.928035318851
-0.928584992886
-0.929134070873
-0.929682433605
-0.930230021477
-0.930776894093
-0.931322932243
-0.931868195534
-0.932412624359
-0.932956337929
-0.933499217033
-0.934041321278
-0.934582412243
-0.935122847557
-0.935662388802
-0.936200976372
-0.936738789082
-0.937275707722
-0.937811672688
-0.938346743584
-0.93888092041
-0.939414203167
-0.939946472645
-0.940477848053
-0.941008210182
-0.941537618637
-0.942066073418
-0.942593574524
-0.943119943142
-0.943645298481
-0.944169700146
-0.944693028927
-0.945215404034
-0.945736646652
-0.946256756783
-0.946775794029
-0.947293877602
-0.947810709476
-0.948326468468
-0.948841094971
-0.94935464859
-0.949867129326
-0.950378239155
-0.950888335705
-0.951397240162
-0.951904833317
-0.952411413193
-0.952916681767
-0.953420698643
-0.953923523426
-0.954425096512
-0.954925358295
-0.955424368382
-0.955922186375
-0.95641875267
-0.956913888454
-0.957407772541
-0.957900285721
-0.958391547203
-0.958881378174
-0.959369897842
-0.959857225418
-0.960342943668
-0.960827410221
-0.961310446262
-0.961792051792
-0.962272286415
-0.962751030922
-0.963228344917
-0.963704288006
-0.964178740978
-0.96465164423
-0.96512311697
-0.965593039989
-0.966061592102
-0.966528594494
-0.966993927956
-0.967457950115
-0.967920362949
-0.968381166458
-0.968840360641
-0.969298005104
-0.969754099846
-0.970208525658
-0.970661401749
-0.97111260891
-0.971562206745
-0.972010195255
-0.972456455231
-0.972901165485
-0.973344027996
-0.973785459995
-0.974224925041
-0.974662899971
-0.975098907948
-0.975533366203
-0.975966095924
-0.976397037506
-0.976826131344
-0.977253496647
-0.977679133415
-0.97810292244
-0.978524923325
-0.978945195675
-0.979363560677
-0.979780077934
-0.980194747448
-0.980607509613
-0.981018483639
-0.981427550316
-0.981834709644
-0.982240021229
-0.98264336586
-0.983044803143
-0.983444273472
-0.983841836452
-0.98423743248
-0.984631001949
-0.98502266407
-0.985412359238
-0.985799968243
-0.986185610294
-0.986569285393
-0.986950874329
-0.987330377102
-0.987707793713
-0.988083302975
-0.988456606865
-0.988827884197
-0.989197075367
-0.989564061165
-0.989929020405
-0.990291774273
-0.990652501583
-0.991010963917
-0.991367340088
-0.991721510887
-0.992073476315
-0.99242323637
-0.992770850658
-0.993116259575
-0.993459403515
-0.993800282478
-0.99413895607
-0.99447530508
-0.994809448719
-0.995141267776
-0.995470881462
-0.995798110962
-0.996123015881
-0.996445596218
-0.996765911579
-0.99708378315
-0.997399330139
-0.997712552547
-0.99802339077
-0.998331844807
-0.998637855053
-0.998941481113
-0.999242663383
-0.999541401863
-0.999837756157
-1.00013160706
-1.00042307377
-1.00071191788
-1.0009983778
-1.00128221512
-1.00156366825
-1.00184261799
-1.00211894512
-1.00239276886
-1.0026640892
-1.00293278694
-1.00319898129
-1.00346255302
-1.00372350216
-1.00398182869
-1.00423765182
-1.00449073315
-1.00474119186
-1.00498902798
-1.00523412228
-1.00547671318
-1.00571644306
-1.00595355034
-1.00618803501
-1.00641977787
-1.00664865971
-1.00687491894
-1.00709843636
-1.00731909275
-1.00753712654
-1.00775229931
-1.00796473026
-1.00817430019
-1.0083810091
-1.0085849762
-1.00878620148
-1.00898444653
-1.00917983055
-1.00937247276
-1.00956213474
-1.0097489357
-1.00993275642
-1.01011383533
-1.01029193401
-1.01046705246
-1.01063919067
-1.01080846786
-1.01097476482
-1.01113808155
-1.01129841805
-1.01145577431
-1.01161003113
-1.01176142693
-1.01190960407
-1.01205480099
-1.01219701767
-1.01233613491
-1.01247227192
-1.01260519028
-1.0127351284
-1.01286184788
-1.01298546791
-1.01310610771
-1.01322352886
-1.01333773136
-1.01344883442
-1.01355683804
-1.01366150379
-1.01376307011
-1.01386141777
-1.01395654678
-1.01404845715
-1.01413714886
-1.01422262192
-1.01430487633
-1.01438367367
-1.01445937157
-1.01453173161
-1.01460087299
-1.01466655731
-1.01472902298
-1.01478815079
-1.01484382153
-1.01489627361
-1.01494526863
-1.01499092579
-1.01503324509
-1.01507210732
-1.01510763168
-1.01513969898
-1.01516830921
-1.01519358158
-1.01521527767
-1.01523351669
-1.01524829865
-1.01525974274
-1.01526761055
-1.01527190208
-1.01527273655
-1.01526999474
-1.01526367664
-1.01525390148
-1.01524055004
-1.01522362232
-1.01520311832
-1.01517915726
-1.01515138149
-1.01512014866
-1.01508522034
-1.01504671574
-1.01500439644
-1.01495850086
-1.01490914822
-1.01485586166
-1.01479899883
-1.01473844051
-1.0146740675
-1.0146061182
-1.014534235
-1.01445889473
-1.01437962055
-1.01429653168
-1.01420986652
-1.01411926746
-1.01402485371
-1.01392674446
-1.01382470131
-1.01371896267
-1.01360929012
-1.01349580288
-1.01337838173
-1.01325714588
-1.01313197613
-1.01300299168
-1.01287007332
-1.01273334026
-1.01259255409
-1.01244783401
-1.01229929924
-1.01214659214
-1.01199007034
-1.01182949543
-1.01166498661
-1.01149642467
-1.01132380962
-1.01114726067
-1.01096665859
-1.0107820034
-1.0105932951
-1.01040053368
-1.01020371914
-1.01000273228
-1.0097976923
-1.00958859921
-1.00937533379
-1.00915789604
-1.00893628597
-1.00871062279
-1.00848078728
-1.00824666023
-1.00800848007
-1.00776612759
-1.00751948357
-1.00726854801
-1.00701355934
-1.00675415993
-1.0064907074
-1.00622284412
-1.00595068932
-1.00567436218
-1.00539374352
-1.0051087141
-1.00481939316
-1.00452589989
-1.00422787666
-1.0039255619
-1.0036188364
-1.00330793858
-1.0029925108
-1.00267267227
-1.00234854221
-1.0020198822
-1.00168681145
-1.00134944916
-1.00100743771
-1.00066101551
-1.00031030178
-0.999954938889
-0.999595165253
-0.999230861664
-0.998862028122
-0.998488724232
-0.998110830784
-0.997728466988
-0.997341454029
-0.996949911118
-0.996553897858
-0.996153175831
-0.995747864246
-0.995338022709
-0.994923532009
-0.994504332542
-0.994080603123
-0.993652164936
-0.993219017982
-0.992781281471
-0.992338895798
-0.991891741753
-0.991439878941
-0.990983366966
-0.99052208662
-0.990056037903
-0.989585340023
-0.989109814167
-0.988629460335
-0.988144397736
-0.98765450716
-0.987159848213
-0.986660420895
-0.986156105995
-0.985646903515
-0.985132992268
-0.984614133835
-0.984090387821
-0.983561813831
-0.983028352261
-0.982490062714
-0.981946706772
-0.981398522854
-0.98084539175
-0.980287253857
-0.979724287987
-0.979156315327
-0.978583276272
-0.978005349636
-0.97742241621
-0.976834475994
-0.976241528988
-0.975643455982
-0.975040435791
-0.9744322896
-0.973819255829
-0.973200976849
-0.972577691078
-0.971949279308
-0.971315741539
-0.97067707777
-0.970033347607
-0.969384431839
-0.968730390072
-0.968071222305
-0.967406928539
-0.96673732996
-0.966062545776
-0.965382635593
-0.964697420597
-0.964007139206
-0.963311553001
-0.962610661983
-0.961904466152
-0.961193144321
-0.960476458073
-0.95975458622
-0.959027290344
-0.95829474926
-0.957556903362
-0.956813633442
-0.956065118313
-0.955311179161
-0.954551935196
-0.953787267208
-0.953017234802
-0.952241837978
-0.951460957527
-0.950674712658
-0.949883103371
-0.949086010456
-0.94828337431
-0.947475373745
-0.946661770344
-0.945842802525
-0.945018351078
-0.944188416004
-0.943352818489
-0.942511856556
-0.941665232182
-0.940813183784
-0.939955472946
-0.939092218876
-0.938223421574
-0.937349021435
-0.93646889925
-0.935583293438
-0.934692084789
-0.933795213699
-0.932892620564
-0.931984424591
-0.931070625782
-0.930151045322
-0.929225862026
-0.928294956684
-0.927358210087
-0.926415920258
-0.925467789173
-0.924513936043
-0.923554480076
-0.92258900404
-0.921617984772
-0.92064088583
-0.919658243656
-0.918669700623
-0.917675435543
-0.916675329208
-0.915669262409
-0.91465741396
-0.91363966465
-0.91261613369
-0.911586582661
-0.910551309586
-0.909509956837
-0.908462822437
-0.907409608364
-0.90635061264
-0.905285537243
-0.90421462059
-0.903137743473
-0.902054727077
-0.900965869427
-0.899870991707
-0.898770034313
-0.897663116455
-0.896550238132
-0.895431101322
-0.894305944443
-0.893174946308
-0.892037630081
-0.89089435339
-0.88974493742
-0.888589382172
-0.88742774725
-0.886259913445
-0.885086119175
-0.883905947208
-0.882719635963
-0.881527364254
-0.880328655243
-0.879123806953
-0.87791287899
-0.87669557333
-0.875472187996
-0.874242603779
-0.873006522655
-0.871764302254
-0.87051576376
-0.869261145592
-0.868000030518
-0.866734027863
-0.865469515324
-0.864214658737
-0.862977087498
-0.861764907837
-0.860585987568
-0.859448134899
-0.858359396458
-0.857327699661
-0.856360733509
-0.855466723442
-0.85465323925
-0.853928506374
-0.853300213814
-0.852776288986
-0.852364778519
-0.852073431015
-0.851910293102
-0.851883232594
-0.852000057697
-0.852265536785
-0.852670967579
-0.853204727173
-0.853854894638
-0.854609787464
-0.855457305908
-0.856385886669
-0.857383728027
-0.858438909054
-0.859539568424
-0.860673964024
-0.861830234528
-0.86299675703
-0.864161431789
-0.865312635899
-0.866438508034
-0.867527246475
-0.868566930294
-0.869545936584
-0.870452284813
-0.871274352074
-0.872000038624
-0.872620403767
-0.873136401176
-0.873551785946
-0.873870551586
-0.874096214771
-0.874232709408
-0.874283611774
-0.874252855778
-0.874144077301
-0.873960971832
-0.873707413673
-0.873387277126
-0.873003959656
-0.872561573982
-0.87206363678
-0.871513962746
-0.870916426182
-0.870274722576
-0.869592428207
-0.868873596191
-0.868121743202
-0.867340743542
-0.866534352303
-0.865706205368
-0.86486017704
-0.864000022411
-0.863129675388
-0.862254083157
-0.861378312111
-0.860507488251
-0.859646618366
-0.858800947666
-0.85797560215
-0.857175588608
-0.856406152248
-0.855672299862
-0.854979157448
-0.854331851006
-0.853735387325
-0.853195130825
-0.852715969086
-0.852303147316
-0.851961731911
-0.851696670055
-0.851513445377
-0.851416766644
-0.851411998272
-0.851504325867
-0.851698517799
-0.852000057697
-0.852411389351
-0.852926075459
-0.853534817696
-0.854228675365
-0.854998588562
-0.855835258961
-0.856729924679
-0.857673406601
-0.858656525612
-0.859670341015
-0.86070561409
-0.861753463745
-0.862804710865
-0.863850355148
-0.864881277084
-0.865888476372
-0.866862714291
-0.86779499054
-0.868676304817
-0.869497478008
-0.870249569416
-0.870923399925
-0.87150990963
-0.872000038624
-0.872387230396
-0.872674703598
-0.872868478298
-0.872974157333
-0.872997581959
-0.872944772243
-0.872821211815
-0.872632861137
-0.872385680676
-0.872085154057
-0.871737360954
-0.871348083019
-0.870922863483
-0.870467841625
-0.869988679886
-0.869491279125
-0.86898124218
-0.868464529514
-0.867946922779
-0.867434263229
-0.86693239212
-0.866446912289
-0.865983903408
-0.865548968315
-0.86514800787
-0.864786922932
-0.864471256733
-0.864207088947
-0.864000022411
-0.863854527473
-0.863768696785
-0.863739311695
-0.863763093948
-0.863836586475
-0.863956809044
-0.864120185375
-0.864323556423
-0.864563643932
-0.864837050438
-0.865140557289
-0.86547088623
-0.865824759007
-0.866198897362
-0.866589903831
-0.866994559765
-0.867409586906
-0.867831707001
-0.868257582188
-0.868683874607
-0.869107484818
-0.86952495575
-0.869933009148
-0.870328426361
-0.870707809925
-0.871068060398
-0.871405541897
-0.871717453003
-0.872000038624
-0.872251033783
-0.872471094131
-0.872661650181
-0.872824251652
-0.872960150242
-0.873071074486
-0.873158216476
-0.873223304749
-0.87326747179
-0.87329262495
-0.873299837112
-0.873290717602
-0.873266756535
-0.873229384422
-0.873179972172
-0.873120129108
-0.873051285744
-0.872974872589
-0.872892379761
-0.87280523777
-0.872714877129
-0.872622847557
-0.872530579567
-0.87243938446
-0.872350990772
-0.8722666502
-0.872188031673
-0.87211638689
-0.872053146362
-0.872000038624
-0.87195789814
-0.871926426888
-0.871904850006
-0.871892154217
-0.871887505054
-0.871890187263
-0.871899425983
-0.871914327145
-0.871933996677
-0.871957659721
-0.871984660625
-0.872013807297
-0.872044622898
-0.872076094151
-0.872107446194
-0.872137725353
-0.872166395187
-0.872192442417
-0.872214913368
-0.872233211994
-0.872246384621
-0.872253715992
-0.872254312038
-0.872247219086
-0.872231841087
-0.872207224369
-0.872172534466
-0.872126996517
-0.872069895267
-0.872000038624
-0.871917307377
-0.871822655201
-0.871717691422
-0.871603667736
-0.87148219347
-0.87135463953
-0.871222555637
-0.871087431908
-0.870950698853
-0.870813786983
-0.870678126812
-0.870545208454
-0.870416641235
-0.870293736458
-0.870178043842
-0.870070815086
-0.869973897934
-0.869888484478
-0.869816064835
-0.869758248329
-0.869716227055
-0.869691669941
-0.869686186314
-0.869700849056
-0.869737446308
-0.869797408581
-0.869881987572
-0.86999297142
-0.870131492615
-0.870299220085
-0.870497584343
-0.870728075504
-0.870992004871
-0.871291041374
-0.871626615524
-0.872000038624
-0.872411668301
-0.872856974602
-0.873330116272
-0.873825252056
-0.874336481094
-0.87485820055
-0.875384449959
-0.87590944767
-0.876427412033
-0.876932561398
-0.877419114113
-0.877881169319
-0.878312885761
-0.878708541393
-0.879062414169
-0.879368543625
-0.879621148109
-0.879814505577
-0.879942655563
-0.880000054836
-0.879982233047
-0.879891037941
-0.879729926586
-0.879502356052
-0.879211723804
-0.878861486912
-0.878454983234
-0.877995669842
-0.877486884594
-0.876932144165
-0.876334786415
-0.875698268414
-0.87502604723
-0.874321460724
-0.873587906361
-0.872828900814
-0.872047781944
-0.871247828007
-0.870432794094
-0.869605898857
-0.868770420551
-0.86792999506
-0.867087960243
-0.866247713566
-0.865412652493
-0.864586234093
-0.863771915436
-0.862972915173
-0.862192928791
-0.861435115337
-0.86070305109
-0.860000014305
-0.85932892561
-0.858689963818
-0.858082711697
-0.857506632805
-0.856961369514
-0.856446564198
-0.855961740017
-0.855506360531
-0.855080246925
-0.854682922363
-0.854313790798
-0.853972434998
-0.853658735752
-0.853371858597
-0.853111743927
-0.852877736092
-0.852669596672
-0.852486610413
-0.852328658104
-0.852195203304
-0.852085828781
-0.852000057697
-0.851937413216
-0.851897478104
-0.851879537106
-0.851882994175
-0.851907134056
-0.851951599121
-0.852015554905
-0.852098405361
-0.852199614048
-0.852318644524
-0.852454602718
-0.852607190609
-0.85277569294
-0.852959513664
-0.853157877922
-0.853370428085
-0.853596329689
-0.853835105896
-0.854086220264
-0.854348778725
-0.854622483253
-0.85490655899
-0.855200350285
-0.855503439903
-0.855814993382
-0.856134533882
-0.856461465359
-0.856795072556
-0.857134819031
-0.857480049133
-0.857830226421
-0.858184754848
-0.858542859554
-0.858904123306
-0.859267711639
-0.859633207321
-0.860000014305
-0.860367596149
-0.860736489296
-0.861107230186
-0.861480236053
-0.861856579781
-0.862236499786
-0.862620651722
-0.863009810448
-0.863404452801
-0.863805234432
-0.864212810993
-0.864627599716
-0.865050435066
-0.865481853485
-0.865922510624
-0.866372942924
-0.866833806038
-0.867305576801
-0.86778908968
-0.86828482151
-0.868793487549
-0.869315564632
-0.869851708412
-0.870402634144
-0.870968818665
-0.871550798416
-0.872149467468
-0.872765183449
-0.873398721218
-0.874050557613
-0.874721348286
-0.875411808491
-0.87612247467
-0.876853942871
-0.877606749535
-0.878381609917
-0.879179239273
-0.880000054836
-0.880843937397
-0.881707668304
-0.882587075233
-0.883478045464
-0.884376764297
-0.885278999805
-0.886180579662
-0.887077689171
-0.887965977192
-0.888841569424
-0.889700233936
-0.890538156033
-0.891350984573
-0.892134785652
-0.892885565758
-0.893599033356
-0.894271433353
-0.894898355007
-0.89547586441
-0.896000027657
-0.89646756649
-0.896879553795
-0.897237718105
-0.89754396677
-0.897800207138
-0.898008346558
-0.898170232773
-0.898287653923
-0.898362576962
-0.898396909237
-0.898392498493
-0.89835113287
-0.898274838924
-0.898165464401
-0.89802479744
-0.897854804993
-0.8976572752
-0.89743411541
-0.897187292576
-0.896918475628
-0.896629810333
-0.896323025227
-0.896000027657
-0.895662009716
-0.895307898521
-0.894935488701
-0.894543111324
-0.894128799438
-0.893690824509
-0.893227100372
-0.892735779285
-0.892214894295
-0.89166277647
-0.891077339649
-0.890456736088
-0.889799118042
-0.889102578163
-0.888365268707
-0.887585222721
-0.886760532856
-0.885889470577
-0.884969890118
-0.884000062943
-0.882979750633
-0.881915330887
-0.880814731121
-0.879686176777
-0.878537654877
-0.877376973629
-0.876212537289
-0.875052154064
-0.873903989792
-0.872776031494
-0.871676206589
-0.870612740517
-0.869593560696
-0.868626654148
-0.867720246315
-0.866882264614
-0.866120636463
-0.865443646908
-0.864859163761
-0.864375293255
-0.864000022411
-0.863738834858
-0.863586485386
-0.863535344601
-0.863577544689
-0.863705337048
-0.863910913467
-0.864186704159
-0.864524722099
-0.864917159081
-0.865356504917
-0.865834772587
-0.86634427309
-0.866877257824
-0.867425918579
-0.867982447147
-0.868539214134
-0.869088292122
-0.86962211132
-0.870132744312
-0.870612323284
-0.871053397655
-0.871447920799
-0.871788263321
-0.872066557407
-0.872275173664
-0.872406303883
-0.87245208025
-0.872404813766
-0.872256755829
-0.872000038624
-0.871629536152
-0.871150791645
-0.870571434498
-0.869899451733
-0.869143009186
-0.868309736252
-0.867407619953
-0.866444885731
-0.865428984165
-0.864368319511
-0.863270521164
-0.862143576145
-0.860995531082
-0.859834134579
-0.858667492867
-0.857503473759
-0.856350004673
-0.855214893818
-0.854106366634
-0.853032052517
-0.852000057697
-0.851016521454
-0.850081205368
-0.849192082882
-0.848346948624
-0.847544014454
-0.846781075001
-0.846055924892
-0.845366835594
-0.844711720943
-0.844088554382
-0.84349501133
-0.84292948246
-0.842389583588
-0.841873466969
-0.84137904644
-0.840904355049
-0.840447187424
-0.840005636215
-0.839577674866
-0.839161276817
-0.838754296303
-0.838354766369
-0.837960600853
-0.837569892406
-0.837180435658
-0.836790442467
-0.836397647858
-0.836000025272
-0.835596740246
-0.835190474987
-0.834785699844
-0.834386050701
-0.833995759487
-0.833618819714
-0.833259344101
-0.832921087742
-0.83260846138
-0.832325100899
-0.832075357437
-0.831863224506
-0.831692516804
-0.831567406654
-0.831492006779
-0.831470251083
-0.83150601387
-0.831603705883
-0.83176702261
-0.832000017166
-0.83230561018
-0.832680583
-0.833120763302
-0.83362197876
-0.834179699421
-0.834789931774
-0.835448265076
-0.836150288582
-0.836891889572
-0.837668716908
-0.838476479053
-0.839310824871
-0.84016764164
-0.841042399406
-0.841931045055
-0.842829167843
-0.843732595444
-0.84463685751
-0.845537781715
-0.846431076527
-0.847312569618
-0.848177671432
-0.849022388458
-0.849842309952
-0.850633084774
-0.851390659809
-0.852110505104
-0.852788388729
-0.853420078754
-0.854001402855
-0.854527771473
-0.854995131493
-0.85539919138
-0.855735659599
-0.856000065804
-0.856189608574
-0.856306314468
-0.85635381937
-0.85633534193
-0.856254458427
-0.856114566326
-0.855919003487
-0.855671405792
-0.855375051498
-0.855033636093
-0.854650199413
-0.854228556156
-0.853771865368
-0.853283703327
-0.852767646313
-0.852226853371
-0.851664960384
-0.851085364819
-0.850491344929
-0.849886655807
-0.849274456501
-0.848658382893
-0.848041772842
-0.847428143024
-0.84682071209
-0.846223175526
-0.845638930798
-0.845071315765
-0.844523966312
-0.844000041485
-0.843502342701
-0.843030571938
-0.842583417892
-0.842159807682
-0.841758489609
-0.841378331184
-0.841018199921
-0.840676903725
-0.840353190899
-0.840045928955
-0.83975404501
-0.83947634697
-0.839211463928
-0.83895856142
-0.838716089725
-0.838483214378
-0.838258564472
-0.838041067123
-0.837829530239
-0.837622702122
-0.837419569492
-0.837218761444
-0.837019324303
-0.836820006371
-0.83661955595
-0.836416780949
-0.836210727692
-0.836000025272
-0.835783958435
-0.835563004017
-0.835338413715
-0.835111021996
-0.834881603718
-0.834651529789
-0.83442145586
-0.834192574024
-0.833965718746
-0.8337418437
-0.83352214098
-0.833307564259
-0.833098769188
-0.832897126675
-0.832703411579
-0.832518577576
-0.832343816757
-0.832179844379
-0.832027852535
-0.831888735294
-0.831763327122
-0.831652879715
-0.831558167934
-0.831480264664
-0.831420183182
-0.831378817558
-0.831357240677
-0.831356346607
-0.831377089024
-0.831420600414
-0.831487715244
-0.831579506397
-0.831696927547
-0.831840872765
-0.832012474537
-0.832212567329
-0.832442164421
-0.832702457905
-0.832994043827
-0.833318173885
-0.833675801754
-0.834067761898
-0.834495306015
-0.834959149361
-0.835460484028
-0.836000025272
-0.836578547955
-0.837194740772
-0.837846934795
-0.838533580303
-0.839252829552
-0.840003192425
-0.840782880783
-0.841590344906
-0.842423856258
-0.843281805515
-0.844162523746
-0.845064342022
-0.845985531807
-0.846924602985
-0.847879707813
-0.84884929657
-0.849831581116
-0.850825130939
-0.851828157902
-0.852838933468
-0.853856027126
-0.854877471924
-0.855901777744
-0.856927275658
-0.857952415943
-0.858975410461
-0.859994530678
-0.861008226871
-0.862014830112
-0.863012611866
-0.864000022411
-0.864975631237
-0.865939259529
-0.866890907288
-0.867830634117
-0.868758440018
-0.869674503803
-0.870578765869
-0.871471345425
-0.872352361679
-0.873221695423
-0.874079525471
-0.874925971031
-0.875760912895
-0.876584529877
-0.87739688158
-0.878197908401
-0.878987848759
-0.879766643047
-0.880534350872
-0.881290912628
-0.882036685944
-0.8827714324
-0.883495271206
-0.884208440781
-0.884910821915
-0.885602593422
-0.886283636093
-0.886954009533
-0.887614071369
-0.888263583183
-0.88890260458
-0.889531433582
-0.890149831772
-0.890757977962
-0.891355991364
-0.891943871975
-0.892521619797
-0.893089532852
-0.893647253513
-0.894195258617
-0.894733309746
-0.895261526108
-0.895780086517
-0.896288990974
-0.89678812027
-0.897277891636
-0.897757947445
-0.898228704929
-0.898689866066
-0.899141788483
-0.899584412575
-0.900017857552
-0.900442063808
-0.90085709095
-0.90126311779
-0.901660084724
-0.902048110962
-0.902427315712
-0.902797520161
-0.903158962727
-0.903511762619
-0.903855860233
-0.904191315174
-0.904518127441
-0.904836475849
-0.905146420002
-0.905447900295
-0.905741155148
-0.90602594614
-0.906302511692
-0.906571090221
-0.9068313241
-0.907083690166
-0.907327950001
-0.907564222813
-0.907792627811
-0.908013224602
-0.908226013184
-0.908430933952
-0.908628344536
-0.90881806612
-0.909000277519
-0.909174978733
-0.909342110157
-0.909501969814
-0.909654438496
-0.909799575806
-0.909937560558
-0.910068273544
-0.910192072392
-0.910308659077
-0.910418152809
-0.910520792007
-0.910616636276
-0.910705506802
-0.910787642002
-0.910862982273
-0.910931706429
-0.910993814468
-0.911049365997
-0.91109842062
-0.911140918732
-0.911177158356
-0.911206960678
-0.911230504513
-0.911247968674
-0.911259055138
-0.911264181137
-0.911263108253
-0.91125613451
-0.911243200302
-0.91122430563
-0.911199629307
-0.911169230938
-0.911132991314
-0.911091089249
-0.911043643951
-0.910990655422
-0.910932064056
-0.910868108273
-0.910798728466
-0.910724043846
-0.910644114017
-0.910558879375
-0.910468578339
-0.910372972488
-0.910272479057
-0.910166919231
-0.91005641222
-0.909941077232
-0.909820854664
-0.909695863724
-0.909566223621
-0.909431815147
-0.90929287672
-0.909149348736
-0.909001290798
-0.908848822117
-0.908691942692
-0.908530831337
-0.908365249634
-0.908195614815
-0.908021748066
-0.907843768597
-0.907661795616
-0.90747576952
-0.907285809517
-0.907092094421
-0.90689432621
-0.906692922115
-0.906487822533
-0.906278967857
-0.906066596508
-0.90585064888
-0.905631124973
-0.905408263206
-0.90518194437
-0.904952287674
-0.904719412327
-0.904483318329
-0.904244065285
-0.904001772404
-0.903756260872
-0.903507947922
-0.903256654739
-0.903002381325
-0.902745306492
-0.902485489845
-0.902222931385
-0.901957809925
-0.901690006256
-0.901419699192
-0.901146888733
-0.900871634483
-0.900593936443
-0.900314033031
-0.900031805038
-0.899747371674
-0.899460732937
-0.899172067642
-0.89888125658
-0.89858853817
-0.898293852806
-0.897997379303
-0.897698879242
-0.89739882946
-0.897096991539
-0.896793484688
-0.896488428116
-0.896181821823
-0.895873725414
-0.895564138889
-0.895253241062
-0.894940972328
-0.894627332687
-0.894312679768
-0.89399677515
-0.893679857254
-0.893361866474
-0.893042743206
-0.892722964287
-0.892402112484
-0.892080485821
-0.891758084297
-0.891434967518
-0.891111254692
-0.890786886215
-0.890462100506
-0.890136778355
-0.889810979366
-0.889484763145
-0.889158248901
-0.888831555843
-0.888504683971
-0.888177514076
-0.887850403786
-0.887523233891
-0.887195944786
-0.886868953705
-0.886541903019
-0.886215150356
-0.885888457298
-0.885562300682
-0.885236382484
-0.884910821915
-0.884585857391
-0.884261250496
-0.883937299252
-0.883614063263
-0.883291423321
-0.882969498634
-0.882648468018
-0.882328271866
-0.882008969784
-0.881690621376
-0.881373226643
-0.881057024002
-0.880741834641
-0.880428016186
-0.880115270615
-0.87980389595
-0.879493951797
-0.879185318947
-0.878878235817
-0.878572523594
-0.878268480301
-0.877966105938
-0.87766546011
-0.877366483212
-0.877069234848
-0.876773953438
-0.876480638981
-0.876189231873
-0.875899851322
-0.87561249733
-0.875327289104
-0.875044345856
-0.874763607979
-0.874485254288
-0.874209165573
-0.873935461044
-0.873664319515
-0.873395681381
-0.873129665852
-0.872866272926
-0.872605502605
-0.872347593307
-0.872092306614
-0.871840000153
-0.871590614319
-0.871344268322
-0.871100842953
-0.870860636234
-0.870623469353
-0.870389461517
-0.870158731937
-0.869931340218
-0.869707345963
-0.869486749172
-0.869269549847
-0.8690559268
-0.868845999241
-0.868639588356
-0.868436932564
-0.86823797226
-0.868042886257
-0.867851614952
-0.867664337158
-0.867480993271
-0.867301702499
-0.867126405239
-0.866955339909
-0.866788506508
-0.866625785828
-0.8664675951
-0.866313636303
-0.866164088249
-0.866019070148
-0.865878582001
-0.865742623806
-0.865611374378
-0.865484774113
-0.865362942219
-0.865245997906
-0.865133821964
-0.865026652813
-0.864924490452
-0.864827334881
-0.864735245705
-0.864648222923
-0.86456656456
-0.864490032196
-0.864418983459
-0.864353179932
-0.864292740822
-0.864237964153
-0.864188611507
-0.864144802094
-0.864106714725
-0.864074409008
-0.864047765732
-0.864027023315
-0.864012002945
-0.864003121853
-0.864000022411
