0.0
0.0
0.0
0.0
0.0
0.0
0.0
0.0
0.0
0.0
0.0
0.0
0.0
0.0
0.0
0.0
0.0
0.0
0.0
0.0
0.0
0.0
0.0
0.0
0.0
0.0
0.0
0.0
0.0
0.0
0.0
0.0
0.0
0.0
0.0
0.0
0.0
0.0
0.0
0.0
0.0
0.0
0.0
0.0
0.0
0.0
0.0
0.0
0.0
0.0
0.0
0.0
0.0
0.0
0.0
0.0
0.0
0.0
0.0
0.0
0.0
0.0
0.0
0.0
0.0
0.0
0.0
0.0
0.0
0.0
0.0
0.0
0.0
0.0
0.0
0.0
0.0
0.0
0.0
0.0
0.0
0.0
0.0
0.0
0.0
0.0
0.0
0.0
0.0
0.0
0.0
0.0
0.0
0.0
0.0
0.0
0.0
0.0
0.0
0.0
0.0
0.0
0.0
0.0
0.0
0.0
0.0
0.0
0.0
0.0
0.0
0.0
0.0
0.0
0.0
0.0
0.0
0.0
0.0
0.0
0.0
0.0
0.0
0.0
0.0
0.0
0.0
0.0
0.0
0.0
0.0
0.0
0.0
0.0
0.0
0.0
0.0
0.0
0.0
0.0
0.0
0.0
0.0
0.0
0.0
0.0
0.0
0.0
0.0
0.0
0.0
0.0
0.0
0.0
0.0
0.0
0.0
0.0
0.0
0.0
0.0
0.0
0.0
0.0
0.0
0.0
0.0
0.0
0.0
0.0
0.0
0.0
0.0
0.0
0.0
0.0
0.0
0.0
0.0
0.0
0.0
0.0
0.0
0.0
0.0
0.0
0.0
0.0
0.0
0.0
0.0
0.0
0.0
0.0
0.0
0.0
0.0
0.0
0.0
0.0
0.0
0.0
0.0
0.0
0.0
0.0
0.0
0.000143114622915
-0.000593335716985
0.0016612537438
-0.00594443688169
-0.0214686263353
-0.0142069384456
-0.00139382760972
0.00468216883019
-0.00219891755842
0.00300586945377
-0.000891343224794
-0.011856819503
-0.00879908818752
0.000121272474644
0.000458165479358
0.000301299121929
-0.00109664490446
0.0028062844649
0.00633793976158
0.00139593414497
0.00586588634178
0.00582917267457
0.00384365627542
0.00740483775735
0.00499028386548
0.00533780967817
0.00621095299721
0.00341349421069
0.00110046111513
0.00363862747326
0.000477800494991
0.00157803739421
0.00314391520806
-0.000514224753715
0.00253802584484
0.000675453047734
-0.000611413444858
0.00196503754705
0.00168031803332
0.000978701515123
0.00202495092526
0.00202199048363
0.00378560996614
0.00585880689323
0.00397372618318
0.00734133366495
0.00265182135627
0.00449248403311
0.00489420490339
0.000918459554669
0.0118113048375
-0.0207008104771
-0.0585865788162
-0.0655314475298
-0.0393077917397
0.00522350519896
0.00457682320848
0.00199262029491
0.00238510989584
-0.00338580971584
-0.0050878371112
-0.00895194802433
0.00246514729224
0.00374492467381
0.00444958684966
0.00948829296976
0.00583459669724
0.00666235480458
0.00559675460681
0.00819821283221
0.00588422641158
0.00451290002093
0.00607155868784
0.000355004623998
0.0036901938729
0.00376820890233
0.00470445351675
0.00655248714611
0.00389110762626
0.0101664848626
0.0073311123997
0.00421718973666
0.0052196951583
9.0805318905e-05
0.000329137605149
-0.00243715406395
-0.00632098596543
-0.00680470652878
-0.00734351854771
-0.00327015202492
-0.00253143743612
-0.00207934272476
0.00355646386743
0.00854616984725
0.0129741830751
0.0105160884559
0.00986548233777
0.0102107860148
0.00651586707681
0.00784751959145
0.00319074466825
-0.00102345843334
0.000977199408226
-0.00269568129443
-0.00281651201658
-0.00170861557126
-0.00300649460405
0.00113071221858
0.00368993869051
0.00311470683664
0.00366615434177
0.001802178449
0.000153957473231
0.00428450107574
0.00304425624199
0.00430571334437
0.00781123666093
0.00626508612186
0.0109328543767
0.0109280189499
0.0125206969678
0.00897353515029
0.00918638147414
0.0107849799097
0.00173267279752
0.00612390646711
0.000527147669345
0.00074702053098
0.000485534459585
-0.00288215395994
0.00207492383197
-0.0035918247886
-0.00169419532176
-0.00569379329681
-0.00383010925725
-0.00464867055416
-0.0128818955272
-0.00682400772348
-0.00518127949908
-0.00488249352202
-0.00225593708456
0.000546330818906
0.0015129892854
0.00211231200956
0.00396556500345
0.003442308167
0.00318379327655
0.00226797605865
0.00290216854773
0.00446628918871
0.00308386539109
0.00755809806287
0.0109033100307
0.00959061365575
0.00728229898959
0.00772958435118
0.011874130927
0.0129000311717
0.0123409554362
0.00568384537473
0.0116347903386
0.0126744592562
0.00180046469904
0.00689655635506
0.0017525103176
0.000658315198962
2.16545595322e-05
-0.00222934503108
0.00885400827974
0.00447261193767
0.00536664482206
0.00819608476013
0.00483253737912
0.000273649406154
0.00172015011776
0.0032000199426
-0.00675958767533
-0.00112095603254
-0.00424779113382
-0.000359527854016
-0.0172547399998
-0.0583772212267
-0.0716506838799
-0.0577581673861
-0.00600766250864
0.00658655492589
-0.00116138916928
0.00679706828669
0.00467917975038
-0.00580803724006
-0.011857396923
0.00146122055594
0.00548169529065
0.00703597953543
0.00444488273934
0.0116449128836
-0.00633920822293
-0.0215521622449
0.00468758074567
0.00164721219335
-0.000899593986105
-0.000859434658196
-0.00382814509794
0.00430855760351
-0.00371459661983
-0.00877485703677
-0.00182399351615
0.00259534805082
-1.96493765543e-05
-4.3032296162e-06
4.30113250331e-05
-0.00266356044449
0.00301917036995
0.000682089012116
0.000835234648548
0.00455112662166
0.0054906453006
0.00935609824955
0.00673081120476
0.0118709504604
0.0128738982603
0.00966592971236
0.00849672593176
0.00718857208267
0.00829440448433
0.00193916202988
0.00157279951964
0.00268673920073
0.00252488185652
0.00251550413668
-0.000356722041033
0.00178281753324
0.00367222446948
0.00677773170173
0.00655996054411
0.0073101776652
0.0102602019906
0.00620182184502
0.00390296848491
0.0041815279983
0.00440331781283
0.00270600151271
0.00238028680906
0.0027009837795
0.00580952642485
-0.0062827388756
-0.0254525728524
-0.020080788061
-0.0119429770857
0.0025046968367
0.00786021910608
-0.00245774211362
6.94733025739e-05
-0.0106502715498
-0.0297279283404
-0.0297034680843
-0.00710329553112
0.00813247449696
0.00505393883213
0.0110711697489
0.00603607390076
-0.000190290185856
0.00563608715311
0.0023327099625
0.00013876905723
0.000689908745699
0.0030044557061
0.00311620952561
0.00130218674894
0.00479870615527
0.00589261902496
0.00423480756581
0.00122080510482
0.000598635524511
-3.51707285517e-07
-0.000911293551326
-0.00103272183333
-0.00155942188576
0.000635211123154
-0.000785939453635
0.0016279410338
0.00222316221334
0.000219842637307
0.00572870532051
0.00298352539539
0.00294212670997
0.00324806477875
0.00270858872682
0.00606318656355
0.00166780641302
0.00359140336514
0.00382060837001
0.0023045015987
0.0059710838832
0.00368593307212
0.00168659666087
0.00294733350165
-0.00123716716189
0.00142643542495
0.00461330171674
0.00150489958469
0.000272895762464
-0.011270660907
-0.016677422449
-0.0129527030513
-0.00313549046405
0.0036399369128
0.00107989786193
0.00397290056571
0.00550486147404
-0.00805900245905
-0.013611247763
0.00138485617936
0.00248241680674
0.00785421207547
0.00200788374059
0.00667139608413
0.00245484593324
-0.0525946766138
-0.0743309408426
-0.0501517429948
-0.00313366996124
0.00245407270268
-0.00603094790131
0.00605211127549
-0.00217139231972
-0.00106224406045
0.00169668975286
0.00661607179791
0.00824792403728
0.00735017377883
0.00957241654396
0.00564497150481
0.0029391949065
0.00346240377985
0.00404008477926
0.00190783350263
0.00507350778207
0.00339783821255
0.00470332847908
0.00421479996294
0.00130868691485
0.00433351751417
-0.00156171165872
0.00107527663931
0.00340112065896
-0.000511034450028
0.00151351944078
0.00155646924395
0.00330760143697
0.00257234578021
-0.000696625560522
-0.00172163289972
-0.00333310919814
-0.00182104087435
-0.000259625841863
-0.00216564722359
-0.00346310343593
-0.00236263056286
0.00021482212469
-0.000702669261955
-0.00319003779441
-0.00165191886481
0.00147517316509
0.00513032730669
0.00613832008094
0.00743486685678
0.0108399409801
0.0117482878268
0.0103976158425
0.00528703117743
0.00191525893752
-0.0010070115095
-0.00477469759062
-0.00370607478544
0.00023768589017
0.00280000665225
0.00140358950011
0.00694098975509
0.00727230776101
0.00741892773658
0.0108082508668
0.00585748348385
0.0177305359393
0.0149771273136
0.00656605232507
0.0141099626198
0.00967863108963
0.00922794360667
0.00512879481539
0.00178459298331
0.00304439850152
-0.00441616913304
-0.00456010503694
-0.00619542738423
-0.00813576765358
-0.00380520103499
-0.00309353042394
-0.00196213065647
-0.000978289172053
0.000750710489228
0.00369028211571
0.00139012024738
-0.000520462228451
0.00111429125536
0.00206115678884
-0.000560629821848
-0.00260424334556
-0.00156851729844
-0.00106598529965
0.00100678624585
0.000576413644012
0.00040586621617
0.00402676174417
0.00334592047147
0.000540466455277
0.00282731838524
0.0051326462999
0.00446083815768
0.00121679680888
0.00184612977318
0.00307232304476
0.00315719051287
0.00271901465021
0.00205324660055
0.00297052133828
0.00312582030892
0.00268202601001
-0.00103489961475
0.00304519571364
0.00372461276129
-0.00642423890531
-0.010394836776
-0.00951012875885
0.00152236106806
0.00555121339858
-0.00167555431835
0.00443478208035
-0.00459496118128
-0.047820661217
-0.06804433465
-0.0387713983655
-0.000326342851622
0.00843104720116
0.000191705534235
0.00633618421853
0.00253887590952
-0.00242684781551
0.00844250433147
0.00512394076213
0.00340242660604
0.0036831239704
-0.00125427660532
0.000585465750191
-0.00434876326472
-0.00313415401615
-0.000603908440098
-0.00617961212993
-0.00090989319142
0.00141506339423
-0.000393073336454
0.00320003274828
-0.000228768680245
-0.00204669125378
0.000737262598705
-0.000940561003517
9.55243158387e-05
0.00169787509367
0.002270513447
0.00280289445072
0.00233727600425
0.00449572131038
0.00261062639765
-0.000798587163445
-0.00142515928019
-0.00325874728151
-0.00337682641111
-0.00119356391951
-0.000897842808627
-0.00112611846998
0.00212017446756
0.00301520503126
0.00175735133234
0.00379176950082
0.00634568976238
0.0048715127632
0.00135429820511
-0.00752510270104
-0.0118267480284
-0.0123593043536
-0.00858406443149
-0.000853282806929
-0.00326307746582
0.00052692607278
-0.00392674934119
-0.00536524085328
-0.0122476574033
-0.0134264910594
0.00617862865329
-4.18247691414e-05
0.0026424434036
0.00814843736589
0.00796787906438
0.00768507272005
0.00344872102141
0.0115302354097
0.0100168008357
0.00642191478983
0.00353390933014
0.00495571922511
0.00655090343207
0.000860714178998
0.00043646080303
-0.00320780021138
-0.000889534072485
0.00148818898015
-0.00525203533471
-0.0031149641145
-4.58428075945e-06
-0.000514528364874
-0.000981020508334
-0.00413860473782
-0.00264737638645
-0.00449188984931
-0.00638176454231
-0.00183158845175
-0.000953453127295
-0.00116667780094
0.000885155750439
0.00115236558486
0.000843917194288
0.00309448759072
0.000196509965463
-0.00370008684695
-0.0012079422595
-0.00284490571357
-0.00231958832592
-0.00238782982342
-0.00257099373266
0.00146727601532
0.00252088950947
0.00367083400488
0.00238609639928
0.00658771954477
0.00937091745436
0.00891537871212
0.00589907635003
0.00758426636457
0.00815444532782
0.000970713619608
0.0113200750202
-0.0108137372881
-0.0495663359761
-0.0608931779861
-0.043310277164
-0.00133522518445
0.00807194132358
0.00366323557682
0.00404940312728
0.00218621594831
-0.000420922384365
-0.00638558203354
0.000988946645521
0.00220069568604
-0.000817505235318
0.00167966890149
0.000316632649628
-0.00432609999552
-0.0211831536144
-0.0304909031838
-0.0116376774386
0.00125846685842
-0.000112617082777
0.00325991935097
0.00277042388916
0.00267209555022
0.000689862004947
0.00115943315905
0.00696317991242
0.0002165507467
0.00241892389022
0.00622673984617
-0.000278348830761
0.00326464767568
0.00107661040965
5.69209223613e-05
-0.00281032919884
-0.0329833440483
-0.0775344446301
-0.130579203367
-0.200107842684
-0.253662884235
-0.189430698752
0.00846426747739
0.245258644223
0.439441412687
0.493446558714
0.339875310659
0.0828576311469
-0.054319459945
-0.128060802817
-0.243272826076
-0.222944051027
-0.115968964994
-0.0727931261063
-0.0462364554405
0.0315386541188
0.125958606601
0.141228377819
0.157911106944
0.121135190129
-0.0397010147572
-0.0552476607263
-0.0121273621917
-0.104665338993
-0.144479572773
-0.134962305427
-0.121539577842
0.00722153717652
0.165417850018
0.14352530241
0.00958650000393
-0.0709221214056
-0.0931417122483
-0.0308188535273
-0.0294716265053
-0.104701541364
-0.0856419056654
-0.119265682995
-0.125279515982
0.0175840388983
0.149691045284
0.276565521955
0.277955144644
0.112008854747
-0.0967063233256
-0.199043259025
-0.145833328366
-0.0936106219888
-0.034915972501
0.0455709397793
0.1490765661
0.17780469358
0.0314538292587
-0.0870230123401
-0.040144585073
0.0522790513933
0.0797182098031
0.0256688985974
-0.102339729667
-0.138282731175
-0.0315100960433
0.0793585628271
0.118649795651
0.0669763311744
0.0392972044647
0.00248088990338
-0.113877870142
-0.10489615798
-0.0124137569219
0.0169222149998
0.00445773731917
-0.0895542651415
-0.0841815844178
0.087416626513
0.149418413639
0.0387158803642
-0.0615423992276
-0.0596576929092
-0.0503273829818
-0.0420282632113
-0.035117495805
-0.0619292855263
0.004902693443
0.127078235149
0.145244792104
0.0254260692745
-0.0920147299767
-0.0283868405968
0.0768298208714
0.117615811527
0.0879962816834
-0.0541270151734
-0.0971617102623
0.00184227642603
0.0474705323577
0.0250074975193
-0.0238342881203
-0.0871207714081
-0.146959975362
-0.0747960880399
0.107593022287
0.144866481423
0.0921561717987
0.0103485062718
-0.134343966842
-0.168348714709
-0.117846675217
-0.105012409389
-0.00162460713182
0.174763739109
0.0921910330653
-0.0217642709613
0.117958001792
0.0538750328124
-0.0980727598071
-0.0319910235703
-0.0277085341513
-0.0541559159756
-0.0785351842642
-0.190011516213
-0.16342137754
0.03746278584
0.0779517069459
-0.0443784445524
-0.0310597810894
0.0729292556643
0.180185467005
0.214035257697
0.013009885326
-0.215001404285
-0.201844334602
-0.0320259220898
0.0967477932572
0.133269116282
0.117655649781
0.135652631521
0.257185727358
0.289503723383
0.179903253913
0.189764395356
0.248634323478
0.196760505438
0.124906368554
-0.092941313982
-0.465912222862
-0.701115727425
-0.863557219505
-0.825320541859
-0.221446380019
0.375607639551
0.328415840864
0.107045829296
0.132148250937
0.18241597712
0.219322308898
0.110117271543
-0.0740339159966
0.203412607312
0.490897983313
0.321595698595
0.0987670496106
-0.242110431194
-0.698702216148
-0.839768588543
-0.734607517719
-0.628919422626
-0.321021735668
0.117404021323
0.362861424685
0.685725331306
1.00572216511
0.725743114948
0.124880626798
-0.17568667233
-0.127768367529
0.219854205847
0.372912198305
-0.137878537178
-0.556249976158
-0.542349040508
-0.415532141924
-0.154515504837
-0.116050504148
-0.221276536584
-0.0196892023087
0.28569611907
0.425320386887
0.42201679945
0.434896558523
0.336694657803
0.025963537395
-0.20185418427
-0.359545201063
-0.467402726412
-0.284311830997
0.0434851795435
0.374735891819
0.749128699303
0.905845344067
0.6198746562
0.134949147701
-0.275472015142
-0.433882832527
-0.250183552504
-0.0218734871596
0.0850015580654
-0.0242056977004
-0.309465169907
-0.413350760937
-0.336293518543
-0.192974150181
-0.1026025787
-0.172443538904
-0.191278219223
-0.0799319446087
-0.0802342146635
-0.290914744139
-0.443048238754
-0.356111317873
-0.161616131663
0.185062542558
0.486052244902
0.320438742638
-0.0192243158817
-0.142541572452
-0.043479219079
0.111387275159
0.131251811981
0.102371655405
0.0305013433099
-0.158512741327
-0.267939388752
-0.149960935116
-0.020814102143
0.0205370187759
0.17591843009
0.335184752941
0.284806251526
0.116938754916
0.0327602997422
0.0727075785398
0.126085415483
0.238009259105
0.292723596096
0.150563165545
0.0563446171582
0.013660704717
-7.00368545949e-05
0.0912838727236
-0.0051488368772
-0.109578154981
-0.0357812643051
-0.223748505116
-0.499724000692
-0.480741024017
-0.281515359879
0.00627720775083
0.222134068608
0.181789651513
0.0664633959532
0.0556368604302
0.0363809987903
0.0119075244293
0.097446911037
0.157522216439
0.0241274405271
-0.123257040977
-0.121584013104
-0.0558110550046
-0.0437966026366
0.0229091290385
0.216252148151
0.232564121485
0.0322983786464
-0.169968917966
-0.203460156918
-0.0918417349458
-0.0795119926333
-0.0694643929601
-0.0849757343531
-0.188103795052
-0.101246312261
0.0649641007185
0.153545096517
0.283549934626
0.34443923831
0.267049819231
0.158655837178
0.0227718818933
-0.0605827309191
-0.0716361403465
-0.189305856824
-0.271655678749
-0.13578890264
-0.118229165673
-0.242910251021
-0.186937406659
-0.110769256949
-0.0239172168076
0.154787495732
0.147190839052
-0.0351926274598
-0.0719574689865
0.029463712126
0.0448570773005
0.128240540624
0.136490210891
-0.0125168208033
0.0436890721321
0.106648959219
0.00958711281419
-0.0754118710756
-0.0471465848386
0.0484610274434
0.0979632213712
-0.0332608968019
-0.253697603941
-0.214384078979
-0.0396661534905
0.0861120373011
0.148038759828
0.060977473855
-0.00883777625859
0.0603925138712
0.0845808833838
0.0142680453137
-0.0337101370096
0.0311020519584
0.188506454229
0.183887511492
0.0436801090837
-0.0130671178922
-0.032068695873
-0.0812758654356
-0.111907579005
-0.106116190553
-0.105112865567
-0.110019043088
-0.0487961508334
0.0327618047595
0.0524947457016
0.0519436337054
0.00989320408553
-0.0701700299978
-0.0958753824234
0.00419459305704
0.0921111106873
0.0753949955106
0.0388805530965
0.0442196987569
0.071083933115
-0.012098915875
-0.120980225503
-0.165074571967
-0.175019353628
-0.123085781932
0.0186529196799
0.0769694894552
-0.0134430993348
-0.0106637496501
-0.0121796978638
-0.0459063388407
0.0496518723667
0.0370613969862
-0.0542379952967
0.0390340536833
0.105845600367
-0.00423975568265
-0.0469375178218
-0.0264201220125
-0.0199799500406
0.10228908807
0.0962237641215
-0.121278598905
-0.108353458345
0.0435260646045
0.0505911782384
0.0635890215635
-0.00374639197253
-0.0973326265812
0.00506595242769
0.0446956604719
-0.00683077052236
0.0504532977939
0.122885651886
0.185370475054
0.198238700628
0.053940910846
-0.0740642249584
-0.0812990218401
-0.0973722487688
-0.106029897928
-0.151309385896
-0.214706242085
-0.137248694897
-0.0198283251375
-0.011873842217
-0.0259376950562
0.0370783135295
0.050763271749
0.0396715551615
0.0535855293274
-0.0165557265282
-0.0548529289663
0.00989583320916
0.0205383580178
-0.0501238778234
-0.0550381019711
0.00266446871683
0.0280953589827
0.0102140847594
0.0039264364168
0.0618473552167
0.0998476818204
0.0363386198878
0.000655102310702
0.00770832365379
-0.0367679819465
-0.0531747713685
-0.0270799156278
-0.0140143195167
0.00830063503236
0.101705491543
0.153782606125
0.0962254554033
0.0555601231754
0.0337332002819
0.0369191169739
0.000803212984465
-0.0625649988651
-5.62220666325e-05
0.121154487133
0.195611804724
0.149570569396
0.0189117565751
-0.0764656811953
-0.140881061554
-0.14997330308
-0.136493206024
-0.194178238511
-0.213318169117
-0.154330059886
-0.117862947285
-0.0655576065183
-0.0145665630698
0.0635242834687
0.172302916646
0.170632377267
0.123159654438
0.0318835116923
-0.109469123185
-0.100111886859
0.0599166303873
0.111847355962
-0.0127324117348
-0.0672333687544
-0.0430727638304
-0.0671050474048
-0.0776408389211
-0.0396716892719
-0.00932981073856
0.017096888274
0.0805276557803
0.0670129433274
0.0210638400167
0.0287377089262
-0.0168284345418
-0.0410752668977
0.00234563602135
0.0485806539655
0.0811110287905
0.0747027993202
0.0827624648809
0.101745449007
0.0626474842429
-0.0199379529804
-0.0459636412561
0.0485123470426
0.137974768877
0.0884221047163
-0.0846715718508
-0.18159712851
-0.0780577659607
0.0538765713573
0.0955991894007
0.0457985922694
-0.0138249378651
-0.0407993346453
-0.0828496590257
-0.0611406601965
-0.0239663366228
-0.062708966434
-0.0917711481452
-0.0381748490036
0.034149505198
0.0125707788393
-0.0268075987697
-0.0512299016118
-0.0928822606802
-0.0508481487632
0.00908234436065
0.0458790957928
0.107618167996
0.0967607200146
0.0463514961302
0.0188239049166
-0.0239711496979
-0.0612261630595
-0.0815911740065
-0.0797131508589
-0.0654328539968
-0.0465956069529
0.0108719626442
0.0493680946529
0.00639488920569
-0.0435954369605
-0.0454458333552
-0.0146448900923
0.0186473000795
0.0221791230142
0.00429332256317
-0.0277717914432
-0.0449657291174
-0.0205788314342
-0.00190669368021
0.00107969774399
-0.00825224909931
0.0208288319409
0.0806810632348
0.0446118488908
-0.00664852233604
-0.0332896448672
-0.0408070608974
0.0324992351234
0.101692117751
0.118046805263
0.113081283867
0.108854167163
0.0563579872251
0.00188932742458
-0.0218242630363
-0.0882420912385
-0.105928629637
-0.0288430079818
0.0193248372525
0.0451064258814
0.107717253268
0.110081426799
0.0622312277555
0.0286884028465
0.000422244309448
-0.0177585985512
-0.0196946300566
0.0366931557655
0.0912385955453
0.0828898102045
0.0447511225939
-0.0188531726599
-0.0302115567029
0.00397107424214
-0.00440514925867
-0.00834464095533
-0.0308464802802
-0.10007622093
-0.117288790643
-0.0693902075291
-0.0275776553899
-0.00911003723741
0.0142462486401
0.00707012228668
-0.0317744091153
-0.0317830704153
-0.0159547459334
-0.000917187717278
0.0111124133691
-0.00317669264041
-0.0158650018275
-0.0175761058927
-0.0239502023906
-0.0159773081541
0.0131874037907
0.0265565700829
0.00482468539849
-0.0359584502876
-0.0122489910573
0.050732139498
0.00693912757561
-0.0746877789497
-0.0413446687162
-0.00196731719188
-0.0212416630238
-0.0352886915207
-0.0497917868197
-0.0185617879033
0.0109526608139
-0.000413818110246
0.0243033841252
0.0720154196024
0.06730594486
-0.00361938262358
-0.0514656715095
-0.0212025661021
0.0325502082705
0.0558770373464
0.0536931864917
0.0335382781923
0.00132384046447
0.00877979211509
0.0504334792495
0.0313947275281
-0.0158117674291
0.0165114868432
0.0334133319557
-0.0438320674002
-0.0605336390436
0.0334891229868
0.0951812192798
0.0682433620095
0.0143224233761
-0.012610014528
-0.0109715918079
-0.015693526715
-0.0551986694336
-0.0975515320897
-0.0629294514656
-0.0017835177714
-0.0208260472864
-0.0539147667587
-0.0492835342884
-0.0273424070328
-0.00548678915948
-0.00747170718387
0.0163237843663
0.0470442175865
0.0339083112776
0.0137737775221
-0.0302536524832
-0.0659630671144
-0.0189536400139
0.0282501466572
0.0306743066758
0.0317708328366
0.0357401184738
0.0484461449087
0.0298516880721
0.0173547975719
0.0472532361746
0.0504353307188
0.0328008458018
-0.00885262805969
-0.0274618081748
0.0208503101021
0.0588099323213
0.0656883791089
0.0398943014443
-0.011562644504
-0.0121866744012
-0.00308818812482
-0.0574251115322
-0.0884849205613
-0.0764863193035
-0.0862377882004
-0.0773909911513
-0.0184179674834
0.0524541027844
0.0898611024022
0.067583501339
0.034941226244
0.0240217261016
-0.0272615235299
-0.0922074019909
-0.0764108076692
-0.0110511425883
0.0246402733028
0.0422984212637
0.056875500828
0.0573363527656
0.0723676085472
0.0703576803207
-0.00355344521813
-0.0828677117825
-0.0689583569765
-0.0276425611228
-0.068999774754
-0.0794060975313
-0.000876133912243
0.0477536655962
0.0599434264004
0.0399244986475
-0.00114423665218
0.00925128441304
0.0313629955053
0.00132101180498
-0.0337346456945
-0.00773687427863
0.0263158753514
0.0285414904356
0.02966985479
-0.017699515447
-0.0466726757586
-0.0100486790761
-0.0166967995465
-0.0152488909662
0.00912964530289
-0.00798364263028
-0.000812184473034
0.037441290915
0.04870473966
0.0611172020435
0.0795495212078
0.0302365366369
-0.0322982184589
-0.0503814034164
-0.076443336904
-0.0570368766785
0.011379443109
0.00992920063436
-0.0182781498879
0.00431032339111
-0.0207011178136
-0.0625292509794
0.00192259461619
0.0727313384414
0.0796298608184
0.0377875939012
-0.0327603816986
-0.0547968782485
-0.0354088023305
-0.015990877524
0.00392916239798
0.0350863523781
0.0561811439693
0.0278452821076
-0.0115533079952
-0.0354552045465
-0.0604291819036
-0.0499043613672
0.024916889146
0.115248277783
0.130583077669
0.0616021826863
-0.0149970967323
-0.0598939098418
-0.0782702714205
-0.0917817801237
-0.10625000298
-0.0738003775477
0.00186998036224
0.0367687866092
0.0430397503078
0.0543820783496
0.0684960559011
0.0928609371185
0.066918477416
-0.00356210209429
-0.00804793834686
0.00267935683951
-0.0259325560182
-0.00730402395129
0.00301978224888
-0.00428040232509
0.0451468974352
0.0673578754067
0.0262366421521
-0.0481969676912
-0.0659825950861
-0.00552285369486
0.0446405224502
0.0543533526361
0.0126478467137
0.00304326950572
0.0303161367774
0.0330595448613
0.0317581966519
-0.0072858678177
-0.0575241036713
-0.0383370108902
0.0132662337273
0.0111317550763
0.00395165244117
0.00521634984761
-0.0393732376397
-0.0553527213633
-0.0334300547838
-0.015786960721
0.0239785406739
0.0422070175409
0.000657775613945
-0.0228587519377
-0.0196238290519
-0.0172356888652
-0.00428525265306
-0.027679765597
-0.0394606031477
-0.0130563918501
-0.0191681664437
-0.0235101282597
-0.0205276738852
-0.012114954181
0.00719919847324
0.0111627290025
0.0177132673562
0.00756500475109
0.025612168014
0.0695534721017
0.0346240624785
0.00293417065404
0.0218631271273
0.018641250208
-0.00467388518155
-0.042236905545
-0.050638128072
-0.0176746156067
0.0303931571543
0.0858472883701
0.0629999637604
0.00265236175619
-0.00667056441307
-0.0181860290468
-0.0251756124198
-0.0310082919896
-0.028387485072
0.00903590675443
0.017111832276
0.0291116144508
0.0491513460875
0.0345256365836
0.0229886211455
0.0075451079756
-0.0118300076574
-0.027701118961
-0.0217641815543
0.00703654438257
0.0148582616821
0.0334029085934
0.0354865677655
-0.006960648112
-0.0226535946131
-0.0197510756552
-0.006581726484
0.0174914710224
0.0189128853381
0.0196296907961
0.0122389579192
-0.00188930565491
0.00198290660046
0.00174289208371
-0.000883369706571
0.00407337304205
0.0108370641246
0.00480102840811
-0.0155065841973
-0.0426204279065
-0.0510471314192
-0.0293119493872
-0.0148451635614
-0.0193218495697
-0.0216764993966
0.000754859298468
0.0222168918699
0.0184986237437
0.00935417972505
0.0308355055749
0.0440629683435
0.0270723477006
0.0457557290792
0.0459644310176
0.0416617020965
0.0542487800121
0.0205308180302
-0.00507639255375
-0.0109732076526
-0.0242945905775
-0.052654068917
-0.071534447372
-0.0590888373554
-0.0381269454956
-0.0163542926311
-0.0124535160139
-0.010926861316
0.00709540769458
0.0234001912177
0.029450327158
0.0579090490937
0.062432680279
-0.0164016932249
-0.0759890079498
-0.0631089508533
-0.0173504427075
0.0190464947373
-0.00811919011176
-0.0401498898864
-0.0164099223912
-0.0379417613149
-0.0716165527701
-0.0362663157284
-0.0207138210535
-0.0206753704697
0.0132165253162
0.0621034502983
0.0306970980018
-0.0203266460449
0.013378366828
0.00997054204345
-0.0151883326471
-0.0214173272252
-0.00394086679444
0.0468133166432
0.0400755517185
-0.0108568677679
-0.0413330346346
-0.0441040955484
-0.0448636338115
-0.0178353842348
0.0422079972923
0.0655444040895
0.0634653419256
0.0328876562417
-0.0462804436684
-0.0676084905863
-0.0146293984726
0.0123296957463
0.00702782766894
0.000633482530247
-0.000118941388791
7.73453793954e-05
-2.15624786506e-05
0.0
0.0
0.0
0.0
0.0
0.0
0.0
0.0
0.0
0.0
0.0
0.0
0.0
0.0
0.0
0.0
0.0
0.0
0.0
0.0
0.0
0.0
0.0
0.0
0.0
0.0
0.0
0.0
0.0
0.0
0.0
0.0
0.0
0.0
0.0
0.0
0.0
0.0
0.0
0.0
0.0
0.0
0.0
0.0
0.0
0.0
0.0
0.0
0.0
0.0
0.0
0.0
0.0
0.0
0.0
0.0
0.0
0.0
0.0
0.0
0.0
0.0
0.0
0.0
0.0
0.0
0.0
0.0
0.0
0.0
0.0
0.0
0.0
0.0
0.0
0.0
0.0
0.0
0.0
0.0
0.0
0.0
0.0
0.0
0.0
0.0
0.0
0.0
0.0
0.0
0.0
0.0
0.0
0.0
0.0
0.0
0.0
0.0
0.0
0.0
0.0
0.0
0.0
0.0
0.0
0.0
0.0
0.0
0.0
0.0
0.0
0.0
0.0
0.0
0.0
0.0
0.0
0.0
0.0
0.0
0.0
0.0
0.0
0.0
0.0
0.0
0.0
0.0
0.0
0.0
0.0
0.0
0.0
0.0
0.0
0.0
0.0
0.0
0.0
0.0
0.0
0.0
0.0
0.0
0.0
0.0
0.0
0.0
0.0
0.0
0.0
0.0
0.0
0.0
0.0
0.0
0.0
0.0
0.0
0.0
0.0
0.0
0.0
0.0
0.0
0.0
0.0
0.0
0.0
0.0
0.0
0.0
0.0
0.0
0.0
