0.0
-3.20745493809e-05
-0.000122188750538
-0.000261178443907
-0.000439879484475
-0.000649127759971
-0.000879759027157
-0.00112260924652
-0.00136851402931
-0.00160830945242
-0.0018328310689
-0.00203291513026
-0.0021993976552
-0.00232311361469
-0.00239489926025
-0.00240559084341
-0.00234602368437
-0.00220703403465
-0.00197945721447
-0.00165412924252
-0.00122188637033
-0.000673564849421
0.0
0.000805270858109
0.00173789984547
0.00279083754867
0.00395703501999
0.00522944238037
0.00660100951791
0.00806468911469
0.00961342919618
0.0112401833758
0.0129378996789
0.0146995270625
0.0165180210024
0.0183863304555
0.0202974043787
0.0222441926599
0.0242196507752
0.0262167230248
0.0282283648849
0.0302475243807
0.0322671532631
0.0342801995575
0.0362796150148
0.0382583513856
0.0402093678713
0.0421255975962
0.0440000034869
0.0458272993565
0.0476092807949
0.0493495166302
0.0510515682399
0.0527190007269
0.054355379194
0.0559642650187
0.0575492270291
0.0591138266027
0.0606616325676
0.0621961988509
0.0637211054564
0.0652398988605
0.0667561665177
0.068273447454
0.0697953253984
0.0713253542781
0.072867102921
0.0744241327047
0.0760000050068
0.0775974541903
0.0792158544064
0.0808537378907
0.0825096443295
0.0841821208596
0.0858696848154
0.0875708907843
0.0892842635512
0.0910083428025
0.0927416682243
0.0944827720523
0.0962302014232
0.097982481122
0.0997381582856
0.10149576515
0.10325383395
0.105010911822
0.106765531003
0.108516223729
0.110261544585
0.112000003457
0.113730452955
0.115452878177
0.117167584598
0.11887486279
0.120575003326
0.122268296778
0.12395504117
0.125635519624
0.127310052514
0.128978908062
0.13064236939
0.132300779223
0.133954361081
0.13560347259
0.137248381972
0.13888938725
0.140526756644
0.14216080308
0.143791824579
0.145420119166
0.147045969963
0.148669674993
0.150291517377
0.151911780238
0.153530806303
0.155148819089
0.156766176224
0.158383145928
0.160000011325
0.161617025733
0.163234248757
0.164851665497
0.166469305754
0.168087169528
0.169705241919
0.171323537827
0.172942072153
0.174560829997
0.17617982626
0.177799075842
0.179418578744
0.181038320065
0.182658329606
0.184278607368
0.185899138451
0.187519937754
0.189141020179
0.190762370825
0.192384034395
0.194005966187
0.1956281811
0.197250708938
0.1988735497
0.200496688485
0.202120125294
0.203743904829
0.205367997289
0.206992417574
0.208617150784
0.21024222672
0.211867660284
0.213493421674
0.21511952579
0.216746002436
0.218372806907
0.220000013709
0.221627578139
0.223255559802
0.224884048104
0.226513087749
0.228142723441
0.229773044586
0.231404110789
0.233035966754
0.234668686986
0.236302316189
0.237936928868
0.239572584629
0.241209343076
0.242847263813
0.244486436248
0.246126875281
0.247768655419
0.249411866069
0.251056522131
0.252702742815
0.254350543022
0.256000012159
0.257651180029
0.259303957224
0.260958373547
0.262614279985
0.264271646738
0.265930384398
0.267590433359
0.269251734018
0.270914196968
0.272577792406
0.274242401123
0.275908023119
0.277574539185
0.279241889715
0.280910015106
0.282578885555
0.284248322248
0.28591838479
0.287588953972
0.289259940386
0.290931284428
0.292602956295
0.294274836779
0.295946896076
0.297619044781
0.29929125309
0.300963401794
0.302635461092
0.304307311773
0.305978953838
0.30765029788
0.309321254492
0.310991764069
0.312661796808
0.314331233501
0.316000014544
0.317668110132
0.31933555007
0.321002393961
0.322668671608
0.324334472418
0.325999766588
0.327664643526
0.329329222441
0.33099347353
0.3326574862
0.334321260452
0.335984945297
0.337648481131
0.339311957359
0.340975493193
0.342639058828
0.344302713871
0.345966547728
0.347630560398
0.34929484129
0.350959420204
0.352624386549
0.354289740324
0.355955570936
0.357621908188
0.359288811684
0.360956311226
0.362624496222
0.364293426275
0.365963071585
0.367633551359
0.369304895401
0.370977163315
0.372650414705
0.374324649572
0.376000016928
0.377676457167
0.379353970289
0.381032526493
0.382712006569
0.384392380714
0.38607364893
0.387755692005
0.389438509941
0.391121953726
0.392806112766
0.394490808249
0.396176040173
0.397861748934
0.399547874928
0.401234358549
0.402921169996
0.404608219862
0.406295478344
0.407982885838
0.40967041254
0.411357969046
0.413045495749
0.414732962847
0.416420310736
0.418107479811
0.419794410467
0.421481072903
0.42316737771
0.42485332489
0.42653876543
0.428223788738
0.429908186197
0.43159198761
0.433275133371
0.434957563877
0.436639249325
0.438320070505
0.440000027418
0.441679030657
0.443357110023
0.445034235716
0.446710348129
0.448385447264
0.450059562922
0.451732635498
0.453404664993
0.455075591803
0.456745445728
0.458414196968
0.460081845522
0.461748331785
0.46341368556
0.465077877045
0.466740876436
0.468402653933
0.470063179731
0.471722513437
0.473380595446
0.475037395954
0.476692914963
0.478347122669
0.480000019073
0.481651633978
0.483302205801
0.484952121973
0.48660159111
0.488251030445
0.489900708199
0.491550952196
0.493202090263
0.494854420424
0.496508300304
0.498163998127
0.499821841717
0.501482188702
0.5031452775
0.504811525345
0.506481170654
0.508154571056
0.509832084179
0.511513888836
0.513200461864
0.514892041683
0.516588926315
0.518291532993
0.520000040531
0.521714627743
0.523434638977
0.525159239769
0.526887595654
0.528618752956
0.530351877213
0.532086133957
0.53382062912
0.535554528236
0.537286937237
0.539017021656
0.540743947029
0.542466759682
0.544184684753
0.545896828175
0.547602295876
0.549300312996
0.550989925861
0.552670300007
0.554340660572
0.556000053883
0.557647824287
0.559284865856
0.560912013054
0.562530219555
0.564140558243
0.565743863583
0.567341148853
0.568933427334
0.570521652699
0.572106719017
0.573689639568
0.575271427631
0.57685303688
0.578435480595
0.580019533634
0.581606328487
0.583196878433
0.584791958332
0.586392700672
0.587999999523
0.58961468935
0.591236710548
0.592865824699
0.594501852989
0.596144556999
0.59779381752
0.599449336529
0.601110816002
0.602778255939
0.604451239109
0.606129705906
0.607813417912
0.609502077103
0.61119556427
0.612893640995
0.614596009254
0.616302669048
0.618013143539
0.619727373123
0.621445178986
0.623166203499
0.624890387058
0.626617431641
0.628347218037
0.630079388618
0.631813824177
0.633550345898
0.635288596153
0.637028515339
0.638769805431
0.640512287617
0.642255783081
0.644000053406
0.645744860172
0.647490084171
0.649235546589
0.650981247425
0.652726888657
0.654472470284
0.656217813492
0.657962739468
0.659707129002
0.661450922489
0.663193881512
0.664935946465
0.666676998138
0.668416798115
0.670155286789
0.671892344952
0.673627853394
0.675361692905
0.677093565464
0.678823471069
0.680551290512
0.682276904583
0.684000015259
0.685720741749
0.68743878603
0.68915438652
0.690867304802
0.692577540874
0.694285094738
0.695989966393
0.697692036629
0.699391305447
0.701087772846
0.702781379223
0.704472064972
0.706159889698
0.707844674587
0.709526538849
0.711205303669
0.712881028652
0.714553594589
0.716223120689
0.717889428139
0.719552576542
0.72121244669
0.722869038582
0.724522352219
0.726172327995
0.727818906307
0.729462087154
0.731101870537
0.732738077641
0.734370827675
0.736000061035
0.737625718117
0.739247977734
0.74086689949
0.74248290062
0.744095861912
0.74570608139
0.747313797474
0.748919069767
0.750522077084
0.752122938633
0.753722012043
0.755319237709
0.756914973259
0.758509218693
0.760102212429
0.761694133282
0.763285160065
0.764875411987
0.766465067863
0.768054306507
0.769643306732
0.771232187748
0.772821128368
0.774410367012
0.776000022888
0.777590274811
0.779181361198
0.78077352047
0.782367050648
0.783962249756
0.785559296608
0.787158548832
0.788760185242
0.79036450386
0.791971743107
0.793582201004
0.795196115971
0.79681378603
0.7984354496
0.800061404705
0.801691830158
0.803327023983
0.804967284203
0.806612849236
0.808264017105
0.809920966625
0.811583995819
0.813253462315
0.814929544926
0.816612482071
0.818302512169
0.820000052452
0.821705043316
0.823416948318
0.825135171413
0.826858878136
0.828587293625
0.830319881439
0.832055747509
0.833794236183
0.835534572601
0.837276160717
0.839018106461
0.84075987339
0.842500567436
0.844239532948
0.845976114273
0.847709536552
0.849439024925
0.851163864136
0.852883398533
0.854596912861
0.856303632259
0.858002841473
0.859693825245
0.861375808716
0.863048195839
0.864710211754
0.866361021996
0.868000030518
0.869626879692
0.871242463589
0.872848331928
0.874445796013
0.876036286354
0.877621114254
0.879201829433
0.880779623985
0.88235604763
0.883932411671
0.885510087013
0.887090623379
0.88867521286
0.890265285969
0.891862332821
0.893467664719
0.895082771778
0.896708905697
0.898347496986
0.900000035763
0.901667416096
0.903348922729
0.905043542385
0.906750142574
0.908467650414
0.910194933414
0.911930978298
0.913674592972
0.915424704552
0.917180359364
0.918940246105
0.920703411102
0.922468721867
0.924235165119
0.926001489162
0.927766680717
0.929529726505
0.931289434433
0.933044731617
0.934794545174
0.936537742615
0.938273310661
0.94000005722
0.941717207432
0.943424761295
0.945123255253
0.946812987328
0.948494255543
0.950167477131
0.951832950115
0.953491091728
0.955142259598
0.956786811352
0.958425045013
0.96005743742
0.96168422699
0.963305830956
0.96492266655
0.966535031796
0.968143224716
0.969747722149
0.971348822117
0.972946882248
0.97454226017
0.97613543272
0.977726519108
0.979316174984
0.980904459953
0.982491910458
0.984078884125
0.985665738583
0.987252771854
0.988840401173
0.990428924561
0.992018759251
0.993610262871
0.995203793049
0.996799707413
0.998398303986
1.0
1.00160515308
1.00321388245
1.0048263073
1.00644266605
1.00806283951
1.00968718529
1.01131570339
1.01294863224
1.01458597183
1.01622796059
1.01787471771
1.01952624321
1.02118289471
1.02284455299
1.02451145649
1.0261837244
1.02786159515
1.02954494953
1.03123414516
1.03292930126
1.03463029861
1.03633761406
1.03805112839
1.03977096081
1.04149734974
1.0432305336
1.04497027397
1.04671704769
1.04847085476
1.05023169518
1.05200004578
1.05377542973
1.05555701256
1.05734336376
1.05913317204
1.06092524529
1.06271803379
1.06451058388
1.06630134583
1.06808900833
1.0698723793
1.07164990902
1.07342076302
1.07518315315
1.07693600655
1.07867789268
1.08040761948
1.08212387562
1.0838252306
1.08551049232
1.08717834949
1.08882761002
1.09045660496
1.09206426144
1.09364938736
1.09521043301
1.09674608707
1.09825539589
1.09973657131
1.10118877888
1.10261023045
1.10400009155
1.10535740852
1.1066839695
1.1079826355
1.10925579071
1.11050605774
1.11173593998
1.11294806004
1.11414480209
1.11532890797
1.11650276184
1.11766910553
1.11883032322
1.11998903751
1.12114787102
1.12230920792
1.12347579002
1.12465012074
1.12583458424
1.12703180313
1.12824440002
1.12947499752
1.1307259798
1.13200008869
1.13329935074
1.13462519646
1.13597822189
1.13735938072
1.13876974583
1.14020991325
1.14168083668
1.14318335056
1.14471852779
1.14628708363
1.14788985252
1.14952778816
1.15120172501
1.15291249752
1.15466094017
1.15644812584
1.15827476978
1.16014170647
1.16204988956
1.16400003433
1.16599142551
1.16801583767
1.1700630188
1.17212319374
1.17418622971
1.17624223232
1.1782810688
1.18029272556
1.18226730824
1.18419468403
1.18606483936
1.18786787987
1.18959367275
1.19123232365
1.19277369976
1.19420778751
1.19552469254
1.19671440125
1.19776678085
1.19867181778
1.19941961765
1.20000004768
1.2004070282
1.20064973831
1.20074117184
1.20069432259
1.20052242279
1.20023822784
1.19985508919
1.19938564301
1.19884335995
1.19824099541
1.19759178162
1.19690847397
1.1962043047
1.19549238682
1.19478559494
1.19409692287
1.19343960285
1.19282662868
1.19227075577
1.19178545475
1.19138360023
1.19107806683
1.19088196754
1.19080841541
1.19087040424
1.19108104706
1.19145321846
1.19200003147
1.19272983074
1.19363188744
1.19469058514
1.19589054585
1.19721627235
1.19865238667
1.20018327236
1.20179355145
1.2034676075
1.20518994331
1.20694541931
1.20871818066
1.21049296856
1.2122541666
1.213986516
1.21567428112
1.21730208397
1.21885442734
1.22031593323
1.22167098522
1.22290420532
1.22400009632
1.22494626045
1.22574317455
1.22639453411
1.22690391541
1.22727453709
1.22751057148
1.22761499882
1.22759199142
1.22744476795
1.22717690468
1.2267922163
1.22629415989
1.22568619251
1.22497224808
1.22415554523
1.22323977947
1.22222864628
1.22112584114
1.21993458271
1.21865880489
1.21730184555
1.21586740017
1.21435892582
1.21278035641
1.21113491058
1.20942640305
1.20765841007
1.20583426952
1.2039577961
1.20203268528
1.20006215572
1.19805014133
1.19600009918
1.19391596317
1.19180309772
1.18966758251
1.18751502037
1.18535137177
1.18318235874
1.18101382256
1.17885160446
1.17670154572
1.17456960678
1.1724613905
1.17038273811
1.16833949089
1.16633760929
1.16438269615
1.16248083115
1.16063773632
1.15885901451
1.15715098381
1.15551900864
1.15396904945
1.15250694752
1.15113842487
1.1498696804
1.14870607853
1.14765369892
1.14671826363
1.14590585232
1.14522182941
1.1446723938
1.14426314831
1.14400005341
1.143887043
1.14392089844
1.14409661293
1.14440882206
1.14485275745
1.1454231739
1.14611494541
1.14692318439
1.14784252644
1.14886808395
1.14999485016
1.15121746063
1.15253102779
1.15393042564
1.15541052818
1.15696632862
1.15859282017
1.16028475761
1.16203689575
1.16384458542
1.1657024622
1.16760540009
1.16954851151
1.17152655125
1.17353451252
1.17556715012
1.17761969566
1.17968678474
1.18176352978
1.18384468555
1.18592524529
1.18800008297
1.19006478786
1.19211685658
1.1941549778
1.19617712498
1.19818198681
1.20016765594
1.20213234425
1.20407474041
1.20599293709
1.20788514614
1.20975005627
1.21158564091
1.21339046955
1.21516263485
1.21690070629
1.21860277653
1.22026741505
1.22189259529
1.22347712517
1.22501897812
1.22651660442
1.22796833515
1.22937250137
1.23072731495
1.23203122616
1.23328256607
1.23447954655
1.23562049866
1.23670387268
1.2377281189
1.23869121075
1.23959159851
1.24042785168
1.24119794369
1.24190044403
1.24253356457
1.24309563637
1.2435849905
1.24400007725
1.24434030056
1.24461007118
1.24481511116
1.24496114254
1.24505376816
1.24509847164
1.24510109425
1.24506735802
1.24500262737
1.24491262436
1.24480330944
1.24468004704
1.24454843998
1.24441432953
1.24428331852
1.24416089058
1.24405300617
1.24396502972
1.24390280247
1.24387180805
1.24387788773
1.24392640591
1.24402332306
1.24417412281
1.24438452721
1.24466025829
1.24500668049
1.24542975426
1.24593484402
1.24652791023
1.24721443653
1.24800002575
1.24888825417
1.24987375736
1.25094878674
1.25210595131
1.2533377409
1.2546364069
1.25599455833
1.25740456581
1.25885891914
1.26034998894
1.26187038422
1.26341223717
1.26496827602
1.2665309906
1.26809251308
1.2696454525
1.27118229866
1.27269542217
1.27417731285
1.2756203413
1.27701699734
1.27835977077
1.27964103222
1.28085315228
1.28198885918
1.28304028511
1.2840000391
1.28486299515
1.28563380241
1.28631985188
1.2869284153
1.28746640682
1.28794121742
1.28836011887
1.28873038292
1.28905904293
1.28935348988
1.2896207571
1.28986823559
1.29010307789
1.29033255577
1.29056382179
1.29080414772
1.2910605669
1.29134058952
1.29165148735
1.29200005531
1.2923926115
1.29282987118
1.29331183434
1.29383778572
1.29440760612
1.29502105713
1.2956776619
1.29637730122
1.29711937904
1.29790365696
1.29872989655
1.29959774017
1.30050694942
1.30145704746
1.30244779587
1.30347895622
1.30454993248
1.30566072464
1.30681085587
1.30800008774
1.309227705
1.31049263477
1.31179320812
1.31312775612
1.31449496746
1.31589317322
1.31732070446
1.31877624989
1.32025837898
1.3217651844
1.32329547405
1.32484745979
1.3264195919
1.32801055908
1.32961857319
1.33124232292
1.33288013935
1.33453047276
1.33619189262
1.33786261082
1.33954131603
1.34122645855
1.34291648865
1.34460985661
1.34630477428
1.34800004959
1.3496941328
1.35138642788
1.35307633877
1.35476326942
1.3564466238
1.35812604427
1.35980081558
1.36147046089
1.36313438416
1.36479210854
1.36644303799
1.36808669567
1.36972248554
1.37134981155
1.37296819687
1.37457704544
1.37617588043
1.3777641058
1.37934112549
1.38090658188
1.3824596405
1.38400006294
1.38552725315
1.38704168797
1.38854396343
1.39003455639
1.3915143013
1.39298343658
1.39444279671
1.3958927393
1.39733409882
1.39876711369
1.40019273758
1.40161132812
1.40302336216
1.40442979336
1.40583074093
1.40722703934
1.40861916542
1.41000783443
1.41139364243
1.41277694702
1.41415834427
1.41553866863
1.41691815853
1.41829764843
1.41967773438
1.42105877399
1.42244148254
1.42382633686
1.4252140522
1.4266051054
1.42800009251
1.42939972878
1.4308052063
1.4322180748
1.43363952637
1.43507099152
1.43651390076
1.43796944618
1.43943917751
1.44092440605
1.44242656231
1.44394695759
1.44548690319
1.44704794884
1.44863128662
1.45023834705
1.45187056065
1.45352935791
1.45521593094
1.45693171024
1.45867812634
1.46045660973
1.46226835251
1.46411478519
1.46599733829
1.46791756153
1.46987640858
1.47187554836
1.47391629219
1.47600007057
1.47812628746
1.48028683662
1.48247182369
1.4846714735
1.48687553406
1.48907423019
1.49125778675
1.49341595173
1.49553906918
1.4976170063
1.49963986874
1.5015976429
1.50348055363
1.50527846813
1.50698161125
1.50857996941
1.51006376743
1.51142275333
1.51264715195
1.5137270689
1.51465237141
1.51541340351
1.51600003242
1.51640570164
1.51663708687
1.5167042017
1.5166169405
1.51638543606
1.51601970196
1.51552975178
1.51492547989
1.51421701908
1.51341438293
1.51252746582
1.51156640053
1.51054108143
1.5094615221
1.50833785534
1.50717997551
1.5059980154
1.50480186939
1.50360155106
1.50240719318
1.50122857094
1.50007593632
1.49895906448
1.49788808823
1.49687314034
1.49592411518
1.49505102634
1.4942637682
1.49357247353
1.49298715591
1.49251782894
1.49217438698
1.49196696281
1.49190545082
1.492000103
1.49225771427
1.49267411232
1.49324214458
1.49395430088
1.49480342865
1.49578237534
1.49688374996
1.49810039997
1.4994250536
1.50085031986
1.502368927
1.50397396088
1.5056579113
1.50741362572
1.50923371315
1.51111102104
1.51303827763
1.51500809193
1.5170135498
1.51904702187
1.52110159397
1.52316975594
1.5252443552
1.52731812
1.52938377857
1.53143417835
1.53346180916
1.53545975685
1.53742063046
1.53933703899
1.54120182991
1.54300773144
1.54474759102
1.54641413689
1.54800009727
1.54949963093
1.55091321468
1.55224275589
1.5534901619
1.55465757847
1.55574655533
1.55675923824
1.55769741535
1.55856335163
1.5593585968
1.56008529663
1.56074523926
1.56134033203
1.5618724823
1.56234395504
1.56275618076
1.56311154366
1.56341159344
1.56365835667
1.56385397911
1.5640001297
1.56409883499
1.56415212154
1.56416237354
1.56413161755
1.56406211853
1.56395578384
1.56381499767
1.56364178658
1.56343829632
1.56320691109
1.56294941902
1.56266832352
1.56236541271
1.56204319
1.56170368195
1.5613489151
1.56098127365
1.56060290337
1.56021559238
1.5598218441
1.55942380428
1.55902349949
1.55862319469
1.55822491646
1.55783092976
1.55744326115
1.55706429482
1.55669593811
1.55634057522
1.55600011349
1.55567634106
1.55536949635
1.55507910252
1.55480456352
1.55454564095
1.55430197716
1.55407321453
1.55385887623
1.55365848541
1.55347192287
1.55329835415
1.55313789845
1.55298984051
1.55285394192
1.55272972584
1.55261671543
1.55251467228
1.55242323875
1.55234181881
1.55227029324
1.55220806599
1.55215489864
1.55211019516
1.55207359791
1.55204486847
1.55202353001
1.55200922489
1.5520015955
1.55200004578
1.55200433731
1.55201387405
1.55202770233
1.5520452261
1.55206573009
1.55208849907
1.55211269855
1.55213785172
1.55216312408
1.55218780041
1.55221128464
1.55223250389
1.55225110054
1.55226624012
1.55227720737
1.55228328705
1.55228376389
1.55227792263
1.55226492882
1.55224430561
1.55221533775
1.55217707157
1.55212891102
1.55207014084
1.55200004578
1.55191767216
1.55182087421
1.55170714855
1.55157399178
1.55141913891
1.55124020576
1.55103445053
1.55079984665
1.55053365231
1.55023360252
1.54989731312
1.54952204227
1.54910564423
1.54864573479
1.54813969135
1.54758512974
1.54697966576
1.54632091522
1.54560625553
1.54483342171
1.54400002956
1.54310441017
1.54214859009
1.54113543034
1.54006767273
1.5389482975
1.53778004646
1.53656601906
1.53530883789
1.53401112556
1.53267633915
1.53130686283
1.52990567684
1.52847576141
1.52701973915
1.52554059029
1.52404117584
1.52252435684
1.5209928751
1.51944971085
1.5178976059
1.51633954048
1.51477825642
1.51321673393
1.51165771484
1.51010394096
1.50855851173
1.50702416897
1.50550377369
1.50400006771
1.50251543522
1.50104987621
1.49960267544
1.49817335606
1.49676120281
1.49536550045
1.49398589134
1.49262154102
1.49127197266
1.48993647099
1.48861432076
1.48730528355
1.48600828648
1.48472297192
1.48344862461
1.48218488693
1.480930686
1.4796859026
1.47844958305
1.47722113132
1.47600007057
1.47478628159
1.47358226776
1.47239089012
1.47121536732
1.47005844116
1.46892333031
1.46781277657
1.4667301178
1.46567821503
1.46465981007
1.46367835999
1.46273648739
1.46183753014
1.46098423004
1.46017956734
1.45942676067
1.45872855186
1.45808815956
1.45750844479
1.45699262619
1.4565435648
1.45616412163
1.45585751534
1.45562648773
1.45547437668
1.4554040432
1.45541834831
1.45552062988
1.4557133913
1.45600008965
1.45638227463
1.45685660839
1.45741868019
1.45806396008
1.45878779888
1.45958578587
1.46045327187
1.46138596535
1.46237909794
1.46342813969
1.46452867985
1.46567606926
1.46686577797
1.46809339523
1.4693543911
1.4706441164
1.47195804119
1.47329175472
1.47464060783
1.47600007057
1.47736656666
1.47873985767
1.48012042046
1.48150897026
1.48290634155
1.48431289196
1.48572945595
1.48715639114
1.48859477043
1.49004495144
1.49150753021
1.49298322201
1.49447274208
1.49597668648
1.49749553204
1.49903011322
1.50058090687
1.50214874744
1.50373411179
1.50533759594
1.50696003437
1.50860190392
1.51026391983
1.51194655895
1.51365065575
1.51537692547
1.51712572575
1.51889777184
1.52069377899
1.52251446247
1.52436029911
1.52623188496
1.52813005447
1.5300552845
1.53200829029
1.53398966789
1.53600001335
