0.0
6.15271073912e-06
2.34388990066e-05
5.01006434206e-05
8.43800371513e-05
0.000124519137898
0.000168760074303
0.000215344873141
0.000262515648501
0.000308514456265
0.000351583439624
0.000389964669012
0.000421900156653
0.000445632002084
0.000459402333945
0.000461453251773
0.000450026767794
0.000423365039751
0.000379710108973
0.000317304016789
0.000234388950048
0.000129206688143
0.0
-0.000153763539856
-0.000327710818965
-0.000516242755111
-0.00071376026608
-0.000914664356969
-0.00111335597467
-0.00130423600785
-0.0014817052288
-0.00164016475901
-0.00177401560359
-0.0018776585348
-0.00194549467415
-0.00197192467749
-0.00195134978276
-0.0018781706458
-0.00174678862095
-0.00155160424765
-0.00128701841459
-0.000947432068642
-0.000527247204445
-2.08629826375e-05
0.000577318831347
0.00127289735246
0.0020714700222
0.00297863944434
0.00400000018999
0.0051390263252
0.00639067217708
0.00774776190519
0.00920312479138
0.0107495840639
0.0123799685389
0.0140871014446
0.0158638115972
0.0177029240876
0.0195972640067
0.021539658308
0.0235229358077
0.0255399178714
0.0275834351778
0.0296463109553
0.0317213758826
0.0338014476001
0.0358793586493
0.0379479341209
0.0400000028312
0.0420298315585
0.0440375097096
0.0460245460272
0.0479924716055
0.0499428138137
0.0518770851195
0.0537968240678
0.0557035468519
0.0575987771153
0.0594840422273
0.0613608621061
0.0632307603955
0.0650952681899
0.0669559016824
0.0688141956925
0.0706716626883
0.0725298374891
0.074390232563
0.0762543678284
0.0781237930059
0.0800000056624
0.0818842053413
0.0837762281299
0.0856755822897
0.0875817537308
0.0894942656159
0.0914126113057
0.0933362916112
0.0952648073435
0.0971976667643
0.099134363234
0.101074412465
0.103017307818
0.104962550104
0.106909647584
0.10885810107
0.110807411373
0.112757079303
0.114706613123
0.116655506194
0.118603259325
0.12054939568
0.12249340117
0.124434776604
0.126373022795
0.128307655454
0.130238160491
0.132164046168
0.13408485055
0.136000007391
0.137909173965
0.139812394977
0.14170986414
0.143601715565
0.145488142967
0.147369295359
0.149245366454
0.151116520166
0.152982920408
0.154844716191
0.156702116132
0.15855525434
0.160404339433
0.16224950552
0.164090931416
0.165928795934
0.167763248086
0.169594496489
0.171422675252
0.17324796319
0.175070524216
0.176890537143
0.178708165884
0.180523604155
0.182336986065
0.184148490429
0.185958310962
0.187766581774
0.18957349658
0.191379204392
0.193183898926
0.194987729192
0.196790874004
0.198593512177
0.200395792723
0.202197909355
0.204000011086
0.205802276731
0.2076048702
0.20940798521
0.211211800575
0.213016480207
0.214822202921
0.21662914753
0.218437477946
0.220247402787
0.222059056163
0.223872661591
0.225688368082
0.22750633955
0.229326784611
0.231149852276
0.232975751162
0.234804615378
0.236636668444
0.238472044468
0.240310952067
0.242153540254
0.244000017643
0.245850473642
0.247704833746
0.249562934041
0.251424640417
0.253289818764
0.255158275366
0.257029861212
0.258904457092
0.260781913996
0.262662023306
0.264544725418
0.266429781914
0.268317133188
0.270206570625
0.272097915411
0.273991078138
0.275885879993
0.277782171965
0.279679864645
0.281578689814
0.283478558064
0.285379350185
0.287280857563
0.289182990789
0.291085541248
0.292988419533
0.294891387224
0.296794384718
0.2986972332
0.300599753857
0.302501827478
0.304403275251
0.306303977966
0.308203756809
0.310102492571
0.312000006437
0.313896238804
0.315791130066
0.317684829235
0.319577425718
0.321468949318
0.323359519243
0.325249165297
0.327137947083
0.329026043415
0.330913424492
0.332800239325
0.334686547518
0.336572378874
0.338457852602
0.340343028307
0.342228025198
0.344112843275
0.345997601748
0.347882390022
0.349767297506
0.3516523242
0.353537619114
0.355423241854
0.357309222221
0.359195709229
0.361082732677
0.362970381975
0.364858746529
0.366747885942
0.368637859821
0.370528787374
0.372420698404
0.37431371212
0.376207917929
0.378103286028
0.380000025034
0.381898075342
0.383797436953
0.385697931051
0.387599438429
0.389501869678
0.391405075788
0.39330893755
0.395213365555
0.397118210793
0.399023354053
0.400928676128
0.402834057808
0.404739409685
0.406644552946
0.408549398184
0.410453826189
0.41235768795
0.414260923862
0.416163355112
0.41806486249
0.419965386391
0.421864748001
0.423762798309
0.425659507513
0.427554696798
0.429448276758
0.431340068579
0.433230042458
0.435117989779
0.437003821135
0.438887447119
0.440768688917
0.442647486925
0.444523632526
0.446397125721
0.448267757893
0.450135439634
0.452000021935
0.453861445189
0.455719769001
0.457575082779
0.459427475929
0.461277008057
0.46312379837
0.464967936277
0.466809540987
0.468648642302
0.47048535943
0.47231978178
0.474152028561
0.475982129574
0.477810233831
0.479636400938
0.481460750103
0.483283311129
0.485104233027
0.486923605204
0.488741487265
0.490557938814
0.492373168468
0.494187146425
0.496000021696
0.49781191349
0.499623119831
0.501434028149
0.503244936466
0.505056202412
0.506868183613
0.508681178093
0.510495603085
0.512311816216
0.514130115509
0.515950858593
0.517774343491
0.519600987434
0.521431028843
0.523265063763
0.525103151798
0.526945829391
0.528793275356
0.530646026134
0.532504379749
0.534368574619
0.536238968372
0.538116037846
0.540000021458
0.541891157627
0.543788731098
0.54569196701
0.547600150108
0.549512267113
0.551427721977
0.553345620632
0.555265128613
0.557185471058
0.559105873108
0.561025440693
0.562943398952
0.564858973026
0.566771328449
0.568679690361
0.570583224297
0.572481095791
0.574372529984
0.57625669241
0.578132808208
0.580000042915
0.581857800484
0.583706438541
0.585546433926
0.587378203869
0.589202404022
0.591019511223
0.592830002308
0.594634413719
0.596433281898
0.598227083683
0.60001629591
0.601801514626
0.603583216667
0.605361938477
0.607138156891
0.608912467957
0.610685229301
0.612457036972
0.614228546619
0.616000056267
0.617772042751
0.619544923306
0.621318817139
0.62309384346
0.624870300293
0.626648426056
0.628428280354
0.630210161209
0.631994307041
0.633780777454
0.635569930077
0.637361824512
0.63915681839
0.640954971313
0.642756581306
0.644561827183
0.646370828152
0.648183941841
0.650001168251
0.651822924614
0.653649270535
0.655480504036
0.657316684723
0.659158110619
0.661005020142
0.662857592106
0.664715886116
0.666580379009
0.668450951576
0.670328080654
0.672211825848
0.674102365971
0.676000058651
0.677904784679
0.679815888405
0.681732714176
0.683654248714
0.685579895973
0.687508702278
0.689439833164
0.691372573376
0.693306148052
0.695239543915
0.697172164917
0.69910299778
0.701031386852
0.702956497669
0.70487755537
0.706793606281
0.708703935146
0.710607767105
0.712504208088
0.71439242363
0.716271698475
0.718141138554
0.72000002861
0.721847772598
0.723684847355
0.725512206554
0.727330565453
0.72914069891
0.730943500996
0.732739806175
0.734530389309
0.736315965652
0.73809748888
0.739875733852
0.74165147543
0.743425548077
0.745198786259
0.746971964836
0.748745858669
0.750521481037
0.752299368382
0.754080474377
0.755865633488
0.75765568018
0.759451270103
0.761253416538
0.76306271553
0.764880180359
0.766706526279
0.768542528152
0.770389080048
0.772246956825
0.774117052555
0.776000022888
0.777896463871
0.77980530262
0.781725108624
0.783654630184
0.785592496395
0.787537336349
0.78948777914
0.791442394257
0.79339993
0.79535895586
0.797318220139
0.799276173115
0.801231622696
0.803183078766
0.805129230022
0.807068765163
0.809000253677
0.810922384262
0.812833726406
0.814733028412
0.816618800163
0.818489789963
0.820344507694
0.822181761265
0.824000060558
0.825798809528
0.827580571175
0.829348444939
0.831105709076
0.832855582237
0.834601283073
0.836346030235
0.838093042374
0.839845478535
0.841606736183
0.843379855156
0.845168113708
0.846974790096
0.848803043365
0.850656032562
0.852537155151
0.85444945097
0.856396257877
0.858380794525
0.860406160355
0.862475693226
0.864592552185
0.866760075092
0.868981301785
0.871259570122
0.87359803915
0.87600004673
0.878466248512
0.880987524986
0.883552372456
0.886149168015
0.888766407967
0.891392469406
0.894015908241
0.896625041962
0.899208307266
0.901754140854
0.904251098633
0.906687438488
0.909051656723
0.911332309246
0.913517653942
0.915596306324
0.917556524277
0.919386804104
0.921075582504
0.922611415386
0.923982560635
0.925177514553
0.926184773445
0.926992714405
0.927589774132
0.927964389324
0.928104996681
0.928000032902
0.927644371986
0.927058637142
0.926269888878
0.925305068493
0.924191355705
0.922955691814
0.921625137329
0.920226871967
0.918787717819
0.917334794998
0.915895223618
0.914496004581
0.913164198399
0.911926805973
0.910810887814
0.909843504429
0.909051656723
0.908462464809
0.908102869987
0.908000051975
0.908173799515
0.908615589142
0.909309744835
0.910240471363
0.911392152309
0.912749052048
0.914295494556
0.916015803814
0.917894124985
0.919914901257
0.922062397003
0.924320876598
0.926674723625
0.929108142853
0.93160545826
0.934150993824
0.93672901392
0.939323782921
0.94191968441
0.944500982761
0.947051942348
0.949556827545
0.952000021935
0.954368948936
0.956663191319
0.958885729313
0.961039364338
0.963126838207
0.965151131153
0.967114984989
0.969021201134
0.970872700214
0.972672343254
0.974422872066
0.976127266884
0.977788150311
0.979408442974
0.980991005898
0.982538759708
0.984054386616
0.985540747643
0.987000763416
0.988437235355
0.989852964878
0.991250813007
0.992633581161
0.994004189968
0.995365381241
0.996720016003
0.998070955276
0.999421060085
1.00077307224
1.00212991238
1.0034943819
1.00486922264
1.00625753403
1.00766181946
1.00908517838
1.01053023338
1.01200008392
1.01349651814
1.01501917839
1.01656627655
1.01813662052
1.01972854137
1.02134084702
1.02297186852
1.02462029457
1.02628457546
1.02796328068
1.02965509892
1.03135859966
1.03307211399
1.03479421139
1.03652358055
1.03825879097
1.03999841213
1.04174101353
1.04348492622
1.04522895813
1.04697132111
1.04871106148
1.05044651031
1.05217599869
1.0538983345
1.05561196804
1.057315588
1.05900764465
1.0606867075
1.06235134602
1.06400001049
1.06563186646
1.06724750996
1.06884789467
1.07043433189
1.07200789452
1.07356965542
1.07512068748
1.0766620636
1.07819485664
1.07972037792
1.08123958111
1.08275353909
1.08426344395
1.08577048779
1.08727538586
1.08877968788
1.09028434753
1.09179031849
1.09329891205
1.09481096268
1.09632790089
1.09785068035
1.09938025475
1.10091805458
1.10246491432
1.10402202606
1.10559046268
1.10717141628
1.10876595974
1.11037516594
1.11200010777
1.11364150047
1.11529886723
1.11697101593
1.11865699291
1.12035596371
1.12206685543
1.12378847599
1.12552022934
1.12726056576
1.12900900841
1.13076424599
1.13252532482
1.13429129124
1.13606107235
1.1378339529
1.1396086216
1.14138412476
1.14315950871
1.14493393898
1.14670610428
1.14847517014
1.15024018288
1.15200006962
1.15375375748
1.15549993515
1.15723717213
1.15896391869
1.16067886353
1.16238045692
1.16406726837
1.16573798656
1.16739106178
1.16902506351
1.17063856125
1.17223012447
1.17379832268
1.17534172535
1.17685878277
1.17834818363
1.17980849743
1.18123817444
1.18263578415
1.18400001526
1.18532919884
1.18662047386
1.1878708601
1.18907773495
1.19023799896
1.19134867191
1.19240689278
1.19340980053
1.19435453415
1.19523799419
1.19605720043
1.19680941105
1.19749164581
1.1981010437
1.19863450527
1.1990891695
1.19946229458
1.19975078106
1.19995176792
1.20006215572
1.20007932186
1.20000004768
1.19982361794
1.1995575428
1.1992110014
1.19879353046
1.19831454754
1.19778347015
1.19720971584
1.19660270214
1.19597196579
1.19532680511
1.19467663765
1.19403088093
1.1933991909
1.19279074669
1.19221496582
1.19168162346
1.1911996603
1.1907787323
1.19042825699
1.1901576519
1.18997645378
1.18989384174
1.18991947174
1.19006276131
1.19033300877
1.19073963165
1.19129216671
1.19200003147
1.19286870956
1.19388771057
1.19504332542
1.19632077217
1.19770622253
1.1991853714
1.20074379444
1.20236778259
1.20404267311
1.2057543993
1.20748889446
1.20923185349
1.21096897125
1.21268606186
1.21436917782
1.2160037756
1.21757590771
1.21907114983
1.22047531605
1.22177433968
1.22295403481
1.22400009632
1.22490119934
1.22565793991
1.22627365589
1.22675168514
1.22709536552
1.22730839252
1.22739386559
1.22735524178
1.22719597816
1.22691953182
1.2265291214
1.22602820396
1.2254203558
1.22470867634
1.22389662266
1.22298789024
1.22198545933
1.2208930254
1.21971380711
1.21845126152
1.21710884571
1.21568977833
1.21419763565
1.21263563633
1.21100747585
1.20931625366
1.20756554604
1.20575857162
1.20389890671
1.20198965073
1.20003461838
1.1980369091
1.19600009918
1.19392776489
1.19182562828
1.18969929218
1.18755483627
1.18539822102
1.18323504925
1.18107151985
1.17891311646
1.17676603794
1.17463600636
1.17252898216
1.17045080662
1.16840744019
1.16640460491
1.16444826126
1.1625443697
1.16069865227
1.15891706944
1.15720546246
1.155569911
1.1540158987
1.15254962444
1.15117681026
1.14990353584
1.14873540401
1.14767837524
1.14673841
1.14592146873
1.1452331543
1.14467978477
1.14426660538
1.14400005341
1.14388394356
1.14391493797
1.14408814907
1.14439833164
1.14484035969
1.14540922642
1.14609980583
1.14690709114
1.14782559872
1.14885079861
1.14997708797
1.15119969845
1.15251338482
1.15391302109
1.15539360046
1.15694999695
1.15857708454
1.16026985645
1.16202294827
1.16383159161
1.16569054127
1.16759467125
1.16953885555
1.17151796818
1.17352712154
1.17556107044
1.17761480808
1.17968308926
1.18176078796
1.18384289742
1.18592441082
1.18800008297
1.19006538391
1.19211816788
1.19415676594
1.19617950916
1.1981844902
1.20017051697
1.20213544369
1.20407783985
1.20599603653
1.20788824558
1.2097530365
1.21158838272
1.21339297295
1.21516513824
1.21690273285
1.21860468388
1.22026884556
1.22189390659
1.22347795963
1.22501957417
1.22651672363
1.22796821594
1.22937202454
1.23072648048
1.23203003407
1.23328101635
1.23447787762
1.23561871052
1.23670196533
1.23772597313
1.23868906498
1.23958957195
1.24042570591
1.24119603634
1.24189865589
1.24253201485
1.24309456348
1.24358439445
1.24400007725
1.24434101582
1.24461150169
1.24481749535
1.24496436119
1.24505794048
1.24510371685
1.24510741234
1.24507451057
1.24501085281
1.24492192268
1.24481356144
1.24469125271
1.24456048012
1.24442720413
1.24429690838
1.24417519569
1.24406766891
1.2439801693
1.24391818047
1.24388730526
1.24389326572
1.24394154549
1.24403810501
1.24418830872
1.24439787865
1.24467241764
1.24501752853
1.24543905258
1.2459423542
1.24653315544
1.24721717834
1.24800002575
1.24888515472
1.24986720085
1.25093877316
1.25209224224
1.25332021713
1.25461518764
1.25596952438
1.25737595558
1.25882673264
1.26031446457
1.26183187962
1.26337099075
1.26492488384
1.26648557186
1.26804578304
1.2695980072
1.27113473415
1.27264845371
1.27413165569
1.27557694912
1.2769767046
1.27832341194
1.27960968018
1.28082811832
1.28197085857
1.28303074837
1.2840000391
1.28487384319
1.28565657139
1.28635501862
1.28697609901
1.28752684593
1.28801369667
1.28844404221
1.28882443905
1.28916180134
1.28946304321
1.28973507881
1.28998470306
1.29021883011
1.29044425488
1.2906678915
1.29089665413
1.29113733768
1.29139685631
1.29168224335
1.29200005531
1.29235637188
1.2927532196
1.29319155216
1.29367244244
1.29419696331
1.29476606846
1.29538083076
1.29604232311
1.29675149918
1.29750943184
1.29831731319
1.29917597771
1.30008649826
1.30104994774
1.30206739902
1.30313980579
1.30426824093
1.3054536581
1.30669736862
1.30800008774
1.30936205387
1.31077885628
1.31224584579
1.3137575388
1.31530892849
1.31689488888
1.31851029396
1.32015025616
1.32180929184
1.32348251343
1.32516479492
1.3268507719
1.328535676
1.3302141428
1.33188128471
1.33353185654
1.33516073227
1.33676278591
1.33833277225
1.33986592293
1.34135687351
1.34280049801
1.34419167042
1.34552550316
1.34679675102
1.34800004959
1.34913265705
1.35019898415
1.35120594501
1.35216033459
1.35306882858
1.35393798351
1.35477459431
1.35558569431
1.35637748241
1.35715699196
1.35793113708
1.35870611668
1.3594892025
1.36028683186
1.36110568047
1.36195266247
1.36283445358
1.36375761032
1.36472904682
1.3657554388
1.3668435812
1.36800003052
1.36923003197
1.3705316782
1.37190151215
1.37333607674
1.37483227253
1.37638616562
1.37799465656
1.37965428829
1.38136136532
1.38311266899
1.38490474224
1.38673400879
1.38859724998
1.39049077034
1.3924113512
1.3943554163
1.39631950855
1.39830040932
1.40029430389
1.40229809284
1.40430819988
1.40632116795
1.40833353996
1.41034197807
1.412342906
1.41433310509
1.41630887985
1.41826689243
1.42020380497
1.42211592197
1.4240000248
1.42585372925
1.42767858505
1.42947721481
1.43125259876
1.4330073595
1.43474423885
1.43646585941
1.438174963
1.43987429142
1.4415667057
1.44325470924
1.44494116306
1.44662857056
1.44832003117
1.45001792908
1.45172512531
1.45344424248
1.45517814159
1.45692956448
1.45870101452
1.46049547195
1.46231532097
1.464163661
1.46604287624
1.46795594692
1.46990549564
1.47189426422
1.47392487526
1.47600007057
1.47812056541
1.48027801514
1.48246252537
1.48466336727
1.48687076569
1.48907411098
1.49126338959
1.49342834949
1.49555838108
1.49764370918
1.49967372417
1.50163853168
1.50352740288
1.50533056259
1.5070374012
1.50863790512
1.51012170315
1.51147854328
1.51269817352
1.51377046108
1.51468503475
1.51543176174
1.51600003242
1.51638352871
1.51658892632
1.51662695408
1.51650774479
1.51624202728
1.51584017277
1.51531267166
1.51467001438
1.51392257214
1.51308071613
1.51215517521
1.51115632057
1.51009452343
1.5089802742
1.5078240633
1.50663638115
1.50542771816
1.50420832634
1.50298893452
1.5017799139
1.5005916357
1.49943459034
1.49831926823
1.49725627899
1.49625587463
1.49532854557
1.49448490143
1.49373531342
1.49309015274
1.49256002903
1.49215531349
1.49188637733
1.49176394939
1.49179840088
1.492000103
1.49237644672
1.49292218685
1.49362921715
1.49448919296
1.49549400806
1.49663519859
1.49790477753
1.4992941618
1.50079536438
1.50239992142
1.50409984589
1.50588667393
1.5077521801
1.50968801975
1.51168620586
1.51373839378
1.51583611965
1.51797139645
1.52013576031
1.522321105
1.52451908588
1.52672159672
1.52892029285
1.53110671043
1.53327286243
1.53541052341
1.53751122952
1.5395668745
1.54156911373
1.54350984097
1.54538059235
1.54717326164
1.54887962341
1.55049133301
1.55200004578
1.55339968204
1.55469226837
1.55588114262
1.55697059631
1.55796444416
1.55886626244
1.55968022346
1.56041014194
1.56105971336
1.56163287163
1.56213366985
1.5625654459
1.56293272972
1.56323897839
1.5634881258
1.56368398666
1.56383049488
1.56393146515
1.56399095058
1.56401240826
1.5640001297
1.56395721436
1.56388568878
1.56378698349
1.56366240978
1.56351351738
1.56334149837
1.56314790249
1.56293427944
1.56270182133
1.56245207787
1.56218636036
1.56190621853
1.56161296368
1.56130802631
1.56099295616
1.56066906452
1.56033754349
1.56000030041
1.55965840816
1.55931329727
1.55896639824
1.55861926079
1.55827319622
1.55792963505
1.55758988857
1.55725562572
1.5569280386
1.55660867691
1.55629885197
1.55600011349
1.55571341515
1.55543899536
1.55517673492
1.55492627621
1.5546875
1.55446028709
1.55424427986
1.55403959751
1.55384588242
1.55366289616
1.55349063873
1.55332863331
1.5531771183
1.55303561687
1.55290389061
1.55278205872
1.55266964436
1.55256664753
1.55247282982
1.55238807201
1.55231201649
1.55224466324
1.55218577385
1.55213522911
1.55209255219
1.5520581007
1.5520311594
1.55201196671
1.55200004578
1.5519952774
1.55199694633
1.5520042181
1.55201625824
1.5520324707
1.55205190182
1.55207395554
1.55209743977
1.55212211609
1.55214679241
1.55217087269
1.55219352245
1.55221390724
1.55223143101
1.55224490166
1.55225408077
1.55225777626
1.55225527287
1.55224597454
1.5522288084
1.55220317841
1.55216825008
1.55212330818
1.55206763744
1.55200004578
1.55191981792
1.55182492733
1.55171275139
1.55158090591
1.55142700672
1.55124843121
1.55104327202
1.55080866814
1.55054247379
1.55024218559
1.54990530014
1.54952967167
1.54911267757
1.54865181446
1.54814493656
1.54758942127
1.54698312283
1.54632341862
1.54560792446
1.54483425617
1.54400002956
1.54310369492
1.54214727879
1.5411336422
1.54006540775
1.5389456749
1.53777718544
1.53656280041
1.53530538082
1.5340077877
1.53267276287
1.53130328655
1.52990221977
1.52847218513
1.52701628208
1.52553737164
1.52403819561
1.52252137661
1.52099013329
1.51944732666
1.51789546013
1.51633775234
1.5147767067
1.51321530342
1.51165652275
1.5101031065
1.50855791569
1.50702381134
1.50550353527
1.50400006771
1.50251567364
1.50105023384
1.49960327148
1.4981739521
1.49676179886
1.49536621571
1.49398648739
1.49262225628
1.4912725687
1.48993706703
1.4886149168
1.48730576038
1.48600876331
1.48472344875
1.48344910145
1.48218512535
1.48093092442
1.47968614101
1.47844970226
1.47722113132
1.47600007057
1.47478628159
1.47358226776
1.47239077091
1.4712151289
1.47005832195
1.46892309189
1.46781265736
1.46672987938
1.46567797661
1.46465957165
1.46367800236
1.46273624897
1.46183717251
1.46098399162
1.46017920971
1.45942640305
1.45872831345
1.45808792114
1.45750832558
1.45699250698
1.45654344559
1.45616400242
1.45585739613
1.45562648773
1.45547425747
1.4554040432
1.45541834831
1.45552051067
1.4557133913
1.45600008965
1.45638227463
1.45685660839
1.4574187994
1.45806407928
1.45878791809
1.45958590508
1.46045339108
1.46138608456
1.46237909794
1.46342813969
1.46452867985
1.46567606926
1.46686577797
1.46809339523
1.4693543911
1.4706441164
1.47195804119
1.47329175472
1.47464060783
1.47600007057
1.47736656666
1.47873985767
1.48012030125
1.48150897026
1.48290634155
1.48431277275
1.48572945595
1.48715639114
1.48859477043
1.49004483223
1.49150753021
1.49298322201
1.49447274208
1.49597668648
1.49749553204
1.49903011322
1.50058090687
1.50214862823
1.50373411179
1.50533759594
1.50696003437
1.50860190392
1.51026391983
1.51194655895
1.51365065575
1.51537692547
1.51712572575
1.51889777184
1.52069377899
1.52251446247
1.52436029911
1.52623188496
1.52813005447
1.5300552845
1.53200829029
1.53398966789
1.53600001335
