0.0
-7.2843999078e-05
-0.000267094641458
-0.000546330003999
-0.000874127959833
-0.00121406652033
-0.00152972398791
-0.0017846779665
-0.00194250640925
-0.00196678750217
-0.00182109931484
-0.00146902003326
-0.000874127668794
0.0
0.00117767322809
0.00263475370593
0.00433499040082
0.00624213321134
0.0083199320361
0.0105321360752
0.0128424959257
0.0152147598565
0.0176126770675
0.0200000014156
0.0223470274359
0.0246502701193
0.0269127842039
0.0291376300156
0.0313278697431
0.0334865637124
0.0356167666614
0.0377215445042
0.0398039482534
0.0418670475483
0.0439138971269
0.0459475591779
0.0479710884392
0.0499875508249
0.0520000010729
0.0540109276772
0.0560204982758
0.0580283142626
0.0600339695811
0.0620370618999
0.0640371963382
0.0660339519382
0.0680269524455
0.0700157657266
0.0720000043511
0.0739797651768
0.0759571269155
0.0779346823692
0.079915009439
0.0819007009268
0.0838943347335
0.0858984962106
0.0879157707095
0.0899487510324
0.0920000076294
0.0940712764859
0.0961609184742
0.0982663929462
0.100385196507
0.102514825761
0.104652769864
0.106796503067
0.108943521976
0.111091315746
0.113237373531
0.115379162133
0.117514200509
0.119639962912
0.121753938496
0.123853616416
0.125936463475
0.12800000608
0.130042642355
0.132066488266
0.134074613452
0.136070072651
0.138055920601
0.140035197139
0.142010971904
0.143986299634
0.145964235067
0.147947847843
0.149940177798
0.15194426477
0.153963208199
0.156000003219
0.158056855202
0.160132318735
0.162224054337
0.164329722524
0.166446998715
0.168573543429
0.170707002282
0.172845080495
0.174985438585
0.177125707269
0.179263591766
0.181396722794
0.18352279067
0.185639455914
0.187744379044
0.189835235476
0.19190967083
0.193965390325
0.196000009775
0.198012545705
0.20000731945
0.201989904046
0.203965961933
0.205941110849
0.207920968533
0.209911167622
0.211917325854
0.213945060968
0.216000005603
0.218086078763
0.220200374722
0.222338274121
0.224495142698
0.226666390896
0.228847414255
0.231033563614
0.233220234513
0.235402822495
0.237576723099
0.239737287164
0.241879925132
0.244000017643
0.246094122529
0.248163610697
0.250211000443
0.252238869667
0.254249691963
0.256246030331
0.258230447769
0.260205447674
0.262173593044
0.264137417078
0.26609942317
0.268062144518
0.270028173923
0.272000014782
0.273979604244
0.275966495275
0.277959704399
0.279958069324
0.28196066618
0.283966422081
0.285974264145
0.287983179092
0.289992123842
0.292000025511
0.294006079435
0.296010285616
0.298012882471
0.300014108419
0.302014142275
0.304013222456
0.306011557579
0.308009386063
0.310006946325
0.312004417181
0.314002037048
0.316000014544
0.317998558283
0.319997608662
0.321997106075
0.323996990919
0.325997173786
0.327997565269
0.329998135567
0.331998765469
0.333999425173
0.336000025272
0.33800047636
0.340000808239
0.342001050711
0.344001173973
0.346001207829
0.348001211882
0.350001126528
0.352000981569
0.354000806808
0.356000632048
0.358000457287
0.360000282526
0.362000137568
0.364000022411
0.36599996686
0.367999911308
0.369999915361
0.371999919415
0.37399995327
0.376000016928
0.378000050783
0.380000054836
0.382000058889
0.384000003338
0.385999947786
0.38799983263
0.389999717474
0.391999602318
0.393999487162
0.395999401808
0.397999346256
0.399999350309
0.401999384165
0.403999507427
0.405999720097
0.408000022173
0.410000413656
0.412000894547
0.414001464844
0.416002005339
0.418002545834
0.420003086329
0.422003537416
0.424003899097
0.426004141569
0.428004235029
0.430004149675
0.432003825903
0.434003323317
0.436002522707
0.438001424074
0.440000027418
0.441998302937
0.443996429443
0.445994585752
0.447993040085
0.44999191165
0.451991409063
0.453991800547
0.455993205309
0.457995891571
0.460000008345
0.462005645037
0.464012116194
0.466018646955
0.468024432659
0.470028728247
0.472030758858
0.474029690027
0.476024717093
0.478015094995
0.480000019073
0.481979161501
0.483953922987
0.485926240683
0.487897962332
0.489871025085
0.491847276688
0.493828654289
0.495817035437
0.497814297676
0.499822318554
0.501843035221
0.503878235817
0.505930006504
0.508000016212
0.510089635849
0.512197494507
0.514321446419
0.516459524632
0.518609642982
0.520769774914
0.522937953472
0.52511203289
0.52728998661
0.529469847679
0.531649529934
0.533826887608
0.536000013351
0.538167178631
0.540327906609
0.542482197285
0.544629871845
0.546770870686
0.54890525341
0.551032662392
0.553153276443
0.555266857147
0.557373404503
0.559472739697
0.561564922333
0.563649713993
0.565727055073
0.567797005177
0.569859325886
0.5719140172
0.573960900307
0.576000034809
0.578031361103
0.58005541563
0.582072854042
0.584084391594
0.586090683937
0.588092327118
0.590089976788
0.592084407806
0.594076156616
0.596065938473
0.598054409027
0.60004222393
0.602029979229
0.604018449783
0.606008291245
0.608000040054
0.609994292259
0.611990749836
0.613989174366
0.615989089012
0.617990195751
0.619992017746
0.621994376183
0.623996675014
0.625998675823
0.628000020981
0.630000412464
0.631999909878
0.63399875164
0.635997116566
0.637995183468
0.639993309975
0.641991555691
0.64399009943
0.645989179611
0.647989034653
0.649989902973
0.651991844177
0.653995156288
0.65600001812
0.658006548882
0.660014390945
0.66202300787
0.664032042027
0.666040897369
0.668049275875
0.670056641102
0.672062456608
0.674066305161
0.676067829132
0.678066432476
0.68006169796
0.682053148746
0.684040307999
0.686022818089
0.688000023365
0.689972281456
0.691942036152
0.693912625313
0.69588726759
0.697869122028
0.69986140728
0.701867461205
0.703890442848
0.705933511257
0.708000004292
0.710091948509
0.712206661701
0.714340150356
0.716488599777
0.718648195267
0.720814943314
0.722985029221
0.725154578686
0.727319657803
0.729476451874
0.731621146202
0.733749687672
0.735858261585
0.737942993641
0.740000009537
0.742027342319
0.744029939175
0.746014893055
0.747989177704
0.74995970726
0.751933455467
0.753917396069
0.755918502808
0.757943689823
0.760000050068
0.762092232704
0.764216542244
0.766366958618
0.768537640572
0.77072250843
0.772915661335
0.775111198425
0.777303099632
0.779485464096
0.781652271748
0.783797562122
0.785915493965
0.788000047207
0.790047585964
0.792063593864
0.794055998325
0.796032607555
0.798001229763
0.799969851971
0.801946163177
0.803938090801
0.805953383446
0.808000028133
0.810083508492
0.812200248241
0.814344346523
0.816509962082
0.818691253662
0.820882320404
0.823077261448
0.825270235538
0.827455341816
0.82962679863
0.831778585911
0.833904981613
0.836000025272
0.838059902191
0.840089142323
0.842094242573
0.844081580639
0.846057832241
0.848029434681
0.850003004074
0.851984918118
0.853981792927
0.856000065804
0.858044683933
0.860114097595
0.862205207348
0.864314854145
0.866439938545
0.868577182293
0.870723664761
0.872876107693
0.875031411648
0.877186357975
0.879337966442
0.881483018398
0.883618354797
0.885740876198
0.887847363949
0.889934837818
0.89200001955
0.894041001797
0.896060407162
0.898062109947
0.900049865246
0.90202742815
0.903998732567
0.905967593193
0.907937705517
0.909913003445
0.911897242069
0.913894295692
0.915907800198
0.917941808701
0.920000016689
0.922084987164
0.924194037914
0.926323115826
0.928468346596
0.930625855923
0.932791531086
0.934961557388
0.937131822109
0.939298450947
0.941457509995
0.943604946136
0.945736944675
0.947849392891
0.949938416481
0.952000021935
0.954032063484
0.956039369106
0.958028495312
0.960006117821
0.961978793144
0.963953256607
0.965935945511
0.967933595181
0.969952762127
0.972000062466
0.974080204964
0.976190268993
0.978325545788
0.980481088161
0.982652068138
0.984833776951
0.987021327019
0.98920994997
0.991394758224
0.993571043015
0.995733857155
0.997878491879
1.0
1.00209498405
1.00416481495
1.00621199608
1.00823926926
1.01024925709
1.01224470139
1.01422822475
1.01620233059
1.01816987991
1.02013337612
1.02209544182
1.02405893803
1.02602612972
1.02799999714
1.02998244762
1.03197288513
1.03396987915
1.03597223759
1.03797841072
1.03998744488
1.04199790955
1.04400837421
1.04601764679
1.04802429676
1.05002725124
1.05202507973
1.0540163517
1.05599999428
1.05797529221
1.05994403362
1.06190884113
1.06387233734
1.06583714485
1.06780564785
1.06978058815
1.07176446915
1.07375979424
1.07576942444
1.07779562473
1.07984113693
1.08190834522
1.08400011063
1.08611702919
1.08825349808
1.09040176868
1.09255456924
1.09470438957
1.09684348106
1.09896457195
1.10106003284
1.10312223434
1.1051440239
1.10711753368
1.10903537273
1.11089003086
1.11267411709
1.11437988281
1.11600005627
1.11753046513
1.11898064613
1.12036371231
1.12169289589
1.12298095226
1.12424123287
1.12548673153
1.12673044205
1.12798535824
1.12926483154
1.13058161736
1.13194894791
1.1333796978
1.13488721848
1.13648438454
1.13818430901
1.1400001049
1.14193725586
1.14397215843
1.14607310295
1.14820873737
1.15034818649
1.15245962143
1.15451192856
1.15647351742
1.15831339359
1.16000008583
1.16151154041
1.16286408901
1.16408324242
1.1651943922
1.16622328758
1.16719543934
1.16813647747
1.16907203197
1.17002749443
1.17102861404
1.17210078239
1.17326974869
1.17456102371
1.17599999905
1.17760443687
1.1793589592
1.181240201
1.18322503567
1.18528985977
1.18741154671
1.18956685066
1.1917321682
1.19388437271
1.19600009918
1.19806075096
1.20006668568
1.20202326775
1.20393538475
1.20580840111
1.20764732361
1.20945727825
1.21124374866
1.21301150322
1.21476590633
1.2165119648
1.21825492382
1.22000002861
1.22175359726
1.22352743149
1.22533428669
1.22718727589
1.22909939289
1.23108351231
1.23315274715
1.23531985283
1.23759794235
1.24000000954
1.24252533913
1.24511837959
1.24770987034
1.25023078918
1.25261199474
1.25478410721
1.25667822361
1.25822508335
1.25935542583
1.26000010967
1.26011455059
1.2597527504
1.25899291039
1.25791347027
1.25659322739
1.25511002541
1.25354278088
1.2519698143
1.25046932697
1.24911987782
1.24800002575
1.24717342854
1.24664509296
1.24640536308
1.24644458294
1.246753335
1.2473218441
1.24814033508
1.2491992712
1.25048911572
1.25200009346
1.25371944904
1.25562179089
1.25767850876
1.25986099243
1.26214075089
1.26448917389
1.26687777042
1.26927781105
1.27166080475
1.27399814129
1.27626132965
1.27842152119
1.28045046329
1.28231954575
1.2840000391
1.28547525406
1.28677594662
1.28794467449
1.28902375698
1.29005587101
1.2910835743
1.29214918613
1.29329562187
1.29456496239
1.29600000381
1.29763185978
1.29944586754
1.30141580105
1.30351603031
1.30572021008
1.30800235271
1.31033658981
1.31269669533
1.31505680084
1.31739079952
1.31967270374
1.32187640667
1.32397603989
1.32594537735
1.32775843143
1.32938933372
1.33081185818
1.33200001717
1.332934618
1.33362329006
1.33408021927
1.33432006836
1.33435678482
1.33420503139
1.33387923241
1.33339345455
1.33276224136
1.33200001717
1.3311188221
1.33012127876
1.32900810242
1.32777988911
1.32643687725
1.3249796629
1.32340884209
1.32172501087
1.31992864609
1.31802010536
1.31600010395
1.31387639046
1.3116863966
1.30947506428
1.30728709698
1.30516719818
1.30316019058
1.30131113529
1.29966461658
1.29826545715
1.29715836048
1.29638838768
1.29600000381
1.29601931572
1.29639625549
1.29706156254
1.2979465723
1.29898190498
1.30009865761
1.30122792721
1.3023005724
1.30324757099
1.30400002003
1.3045027256
1.30475628376
1.30477523804
1.30457413197
1.30416750908
1.30357015133
1.30279624462
1.3018604517
1.3007774353
1.29956161976
1.2982275486
1.29678988457
1.29526305199
1.29366159439
1.29200005531
1.29029142857
1.28854215145
1.28675711155
1.28494107723
1.28309881687
1.28123533726
1.27935528755
1.27746367455
1.27556526661
1.27366471291
1.27176725864
1.26987743378
1.26800000668
1.26613712311
1.26427865028
1.26241135597
1.26052212715
1.25859832764
1.25662660599
1.25459396839
1.25248742104
1.25029373169
1.24800002575
1.24560260773
1.24313485622
1.24063944817
1.23815941811
1.23573720455
1.23341596127
1.23123824596
1.22924673557
1.22748446465
1.22599411011
1.22481834888
1.22400009632
1.22356665134
1.22348439693
1.22370398045
1.22417640686
1.22485244274
1.22568309307
1.2266190052
1.22761106491
1.22861003876
1.22956705093
1.23043274879
1.23115801811
1.23169374466
1.23199093342
1.23200011253
1.23168408871
1.23105299473
1.23012888432
1.22893345356
1.22748875618
1.22581672668
1.22393918037
1.22187829018
1.21965563297
1.21729338169
1.21481359005
1.21223771572
1.20958817005
1.20688676834
1.20415520668
1.201415658
1.1986900568
1.19600009918
1.19336414337
1.19078636169
1.18826651573
1.18580496311
1.18340194225
1.18105745316
1.17877173424
1.17654526234
1.17437779903
1.17226970196
1.17022120953
1.16823244095
1.16630375385
1.16443514824
1.16262674332
1.16087889671
1.15919172764
1.1575653553
1.15600001812
1.15449726582
1.15306317806
1.15170562267
1.15043199062
1.14924991131
1.14816701412
1.14719080925
1.1463290453
1.14558899403
1.14497852325
1.14450514317
1.14417660236
1.14400005341
1.1439756155
1.14407241344
1.1442514658
1.14447414875
1.14470171928
1.14489543438
1.14501655102
1.14502632618
1.14488589764
1.14455676079
1.14400005341
1.14319562912
1.14219784737
1.14107954502
1.13991355896
1.13877284527
1.13773036003
1.13685894012
1.13623154163
1.13592100143
1.13600003719
1.13651514053
1.13740622997
1.13858604431
1.1399679184
1.14146494865
1.14299023151
1.14445698261
1.14577817917
1.14686703682
1.14763653278
1.14800000191
1.14789307117
1.14734148979
1.14639353752
1.14509749413
1.14350175858
1.14165484905
1.13960468769
1.13739991188
1.13508868217
1.13271939754
1.13034045696
1.12800002098
1.12573719025
1.12355351448
1.12144112587
1.11939239502
1.11739945412
1.11545455456
1.11354994774
1.11167776585
1.1098304987
1.10800004005
1.10618042946
1.10437214375
1.10257709026
1.10079741478
1.09903526306
1.09729254246
1.09557139874
1.09387385845
1.09220206738
1.09055805206
1.08894371986
1.08736133575
1.0858130455
1.08430063725
1.08282625675
1.08139204979
1.08000004292
1.07865083218
1.07733929157
1.07605850697
1.07480192184
1.07356274128
1.07233452797
1.07111024857
1.06988346577
1.06864738464
1.06739532948
1.06612062454
1.06481647491
1.06347620487
1.0620932579
1.06066095829
1.05917239189
1.0576210022
1.05599999428
1.05430495739
1.05253958702
1.05070960522
1.04882097244
1.04687964916
1.04489135742
1.04286205769
1.04079759121
1.03870379925
1.03658652306
1.03445160389
1.03230500221
1.03015255928
1.02799999714
1.02585327625
1.02371716499
1.02159643173
1.01949608326
1.01742076874
1.01537549496
1.01336479187
1.01139354706
1.00946676731
1.00758898258
1.00576508045
1.00400006771
1.00229501724
1.00063717365
0.999010503292
0.997398614883
0.995785236359
0.994154214859
0.992489278316
0.990774214268
0.988992810249
0.987128674984
0.985165655613
0.983087599277
0.980878055096
0.978520989418
0.976000070572
0.973316848278
0.970544040203
0.967772185802
0.965091824532
0.962593495846
0.960367679596
0.958504855633
0.957095623016
0.956230521202
0.956000030041
0.95645815134
0.95751285553
0.959035634995
0.960897803307
0.962970852852
0.965126276016
0.967235445976
0.969169855118
0.970800876617
0.972000062466
0.972670018673
0.972838819027
0.972565591335
0.971909761429
0.970930576324
0.969687223434
0.968239068985
0.966645300388
0.964965283871
0.96325814724
0.961583375931
0.960000038147
0.958555936813
0.957252323627
0.95607894659
0.955025494099
0.954081773758
0.95323741436
0.952482223511
0.951805830002
0.951198041439
0.950648546219
0.950147032738
0.949683248997
0.949247002602
0.94882786274
0.948415637016
0.948000073433
0.947571456432
0.947122812271
0.946647763252
0.946139812469
0.945592701435
0.944999933243
0.944355130196
0.943651914597
0.942883908749
0.94204467535
0.941127836704
0.940127015114
0.939035832882
0.937847793102
0.936556637287
0.93515586853
0.933639168739
0.932000041008
0.930241167545
0.928401112556
0.926527440548
0.924667716026
0.922869503498
0.92118036747
0.919647812843
0.918319582939
0.91724306345
0.916465938091
0.91603577137
0.916000068188
0.91639059782
0.91717594862
0.918308794498
0.919741988182
0.921428203583
0.923320114613
0.925370514393
0.92753213644
0.929757714272
0.932000041008
0.93421882391
0.936402082443
0.938544988632
0.940642476082
0.942689776421
0.944681882858
0.946613848209
0.948480904102
0.950277864933
0.952000021935
0.953646421432
0.955231904984
0.956775546074
0.958296239376
0.959812939167
0.961344599724
0.962910175323
0.964528679848
0.966219007969
0.968000054359
0.969885587692
0.971868216991
0.973935365677
0.976074397564
0.978272616863
0.980517566204
0.982796490192
0.985096812248
0.987405955791
0.989711225033
0.992000043392
0.994261205196
0.996489048004
0.998679280281
1.00082778931
1.00293016434
1.00498223305
1.0069797039
1.00891840458
1.01079404354
1.01260232925
1.01433908939
1.01600003242
1.01758003235
1.01907014847
1.02046060562
1.02174174786
1.02290380001
1.02393686771
1.02483129501
1.02557730675
1.02616512775
1.02658486366
1.02682709694
1.02688169479
1.02673888206
1.02638924122
1.02582263947
1.02502942085
1.02400004864
1.02272963524
1.02123427391
1.01953518391
1.01765358448
1.01561057568
1.01342737675
1.01112520695
1.00872528553
1.00624871254
1.00371670723
1.00115048885
0.99857121706
0.996000051498
0.99346280098
0.99100369215
0.988671541214
0.986515104771
0.984583258629
0.982924640179
0.981588304043
0.980622828007
0.980077147484
0.980000019073
0.980420589447
0.981288850307
0.982535243034
0.984090209007
0.985884010792
0.987847149372
0.989909887314
0.992002725601
0.9940559268
0.996000051498
0.997780501842
0.999403715134
1.00089120865
1.00226449966
1.00354528427
1.00475490093
1.00591504574
1.00704729557
1.0081731081
1.00931406021
1.01049172878
1.01172757149
1.01304316521
1.01446020603
1.01600003242
1.01767742634
1.01947951317
1.02138626575
1.02337789536
1.02543461323
1.02753663063
1.02966403961
1.03179693222
1.03391551971
1.03600001335
1.03803133965
1.03999269009
1.04186880589
1.04364383221
1.04530191422
1.0468275547
1.04820489883
1.04941809177
1.05045187473
1.05129003525
1.05191719532
1.05231738091
1.0524750948
1.05237460136
1.05200004578
1.05134558678
1.05044484138
1.04934084415
1.04807698727
1.04669654369
1.04524290562
1.04375898838
1.04228842258
1.04087436199
1.03956007957
1.0383888483
1.03740394115
1.03664875031
1.03616631031
1.03600001335
1.03618001938
1.03668320179
1.03747344017
1.0385144949
1.03977012634
1.04120409489
1.04278028011
1.04446256161
1.04621458054
1.04800009727
1.04978883266
1.05157470703
1.05335700512
1.05513513088
1.05690896511
1.05867803097
1.0604416132
1.06219935417
1.06395101547
1.06569600105
1.06743371487
1.0691640377
1.0708861351
1.07259988785
1.07430458069
1.07600009441
1.0776848793
1.07935488224
1.08100521564
1.08263063431
1.08422648907
1.08578753471
1.08730888367
1.08878552914
1.09021258354
1.09158504009
1.09289777279
1.09414601326
1.09532463551
1.09642875195
1.09745335579
1.09839332104
1.09924399853
1.10000002384
1.100659132
1.10122799873
1.10171604156
1.10213243961
1.1024864912
1.10278761387
1.10304498672
1.10326778889
1.10346543789
1.10364711285
1.1038223505
1.10400009155
1.10418915749
1.1043959856
1.10462617874
1.10488557816
1.10517978668
1.10551464558
1.10589599609
1.10632944107
1.10682070255
1.107375741
1.10800004005
1.10869777203
1.10946655273
1.11030209064
1.11119997501
1.11215639114
1.1131670475
1.11422777176
1.11533415318
1.11648237705
1.11766791344
1.11888682842
1.12013483047
1.12140774727
1.12270152569
1.12401175499
1.12533438206
1.12666523457
1.12800002098
1.12933301926
1.13065123558
1.13194000721
1.13318490982
1.13437116146
1.13548433781
1.1365095377
1.13743245602
1.13823843002
1.13891279697
1.13944089413
1.13980817795
1.1400001049
1.14000463486
1.13982093334
1.13945066929
1.13889527321
1.13815689087
1.13723683357
1.13613700867
1.13485908508
1.13340473175
1.13177573681
1.12997353077
1.12800002098
1.12586975098
1.12364828587
1.12141382694
1.11924505234
1.11722028255
1.11541771889
1.11391615868
1.11279380322
1.11212897301
1.11200010777
1.1124612093
1.11346924305
1.11495661736
1.11685562134
1.11909866333
1.12161839008
1.12434697151
1.12721705437
1.13016092777
1.13311111927
1.13600003719
1.13877272606
1.14142477512
1.14396417141
1.14639949799
1.14873874187
1.15099012852
1.15316188335
1.15526235104
1.15729951859
1.15928173065
1.16121709347
1.16311383247
1.16498017311
1.16682434082
1.16865468025
1.17047917843
1.17230606079
1.17414355278
1.17599999905
1.17788219452
1.17979109287
1.18172645569
1.18368840218
1.1856764555
1.18769025803
1.18972980976
1.19179487228
1.19388496876
1.19600009918
1.19813323021
1.20025098324
1.20231330395
1.20428001881
1.20611095428
1.20776605606
1.2092051506
1.21038818359
1.21127521992
1.21182584763
1.2120000124
1.21177363396
1.2111852169
1.2102894783
1.20914101601
1.20779442787
1.20630431175
1.20472514629
1.20311176777
1.20151853561
1.20000004768
1.19860315323
1.19734334946
1.19622778893
1.19526445866
1.19446051121
1.19382369518
1.19336152077
1.19308149815
1.1929910183
1.19309782982
1.19340932369
1.19393324852
1.19467675686
1.19564771652
1.1968536377
1.19830191135
1.20000004768
1.2019392252
1.20404517651
1.20622706413
1.2083940506
1.21045541763
1.21232032776
1.21389806271
1.21509766579
1.21582865715
1.21600008011
1.21555495262
1.21457159519
1.21316218376
1.21143865585
1.20951330662
1.207498312
1.20550560951
1.20364713669
1.20203542709
1.20078241825
1.20000004768
1.19977045059
1.20005488396
1.20078420639
1.20188975334
1.20330226421
1.20495307446
1.20677316189
1.20869362354
1.21064543724
1.21255970001
1.2143676281
1.21600008011
1.21740376949
1.21858716011
1.21957480907
1.22039055824
1.22105884552
1.2216039896
1.22204995155
1.22242093086
1.22274136543
1.22303521633
1.22332680225
1.22364032269
1.22400009632
1.2244259119
1.22492134571
1.22548556328
1.22611761093
1.22681677341
1.22758245468
1.22841358185
1.22930955887
1.23026943207
1.23129236698
1.23237788677
1.23352468014
1.23473250866
1.23600006104
1.23732709885
1.23871350288
1.24016022682
1.24166703224
1.24323475361
1.24486386776
1.24655437469
1.24830710888
1.25012207031
1.25200009346
