-0.784000039101
-0.784314751625
-0.784630298615
-0.784946680069
-0.785263955593
-0.785582065582
-0.78590118885
-0.78622096777
-0.786541640759
-0.786863207817
-0.78718572855
-0.787508964539
-0.787832915783
-0.788157880306
-0.788483560085
-0.788810074329
-0.789137363434
-0.789465487003
-0.789794445038
-0.790124177933
-0.790454745293
-0.790786027908
-0.791118085384
-0.791450858116
-0.791784465313
-0.792118787766
-0.792454004288
-0.792789816856
-0.793126523495
-0.793463766575
-0.793801903725
-0.794140636921
-0.794480264187
-0.794820487499
-0.795161545277
-0.7955031991
-0.795845508575
-0.796188652515
-0.796532392502
-0.796876847744
-0.797221958637
-0.797567784786
-0.797914326191
-0.798261404037
-0.798609316349
-0.798957705498
-0.799306809902
-0.799656629562
-0.800006985664
-0.800358057022
-0.800709784031
-0.801061928272
-0.801414847374
-0.801768362522
-0.802122473717
-0.802477240562
-0.80283254385
-0.803188502789
-0.803544938564
-0.8039021492
-0.804259777069
-0.80461794138
-0.804976701736
-0.805336117744
-0.805696070194
-0.806056559086
-0.806417524815
-0.80677908659
-0.807141125202
-0.807503700256
-0.807866871357
-0.808230519295
-0.80859464407
-0.808959364891
-0.809324502945
-0.809690237045
-0.810056328773
-0.810423016548
-0.810790061951
-0.811157763004
-0.811525821686
-0.8118942976
-0.81226336956
-0.812632739544
-0.813002705574
-0.813372969627
-0.813743829727
-0.814115047455
-0.81448662281
-0.814858675003
-0.815231263638
-0.815604150295
-0.815977454185
-0.816351115704
-0.816725254059
-0.817099750042
-0.817474663258
-0.817849874496
-0.818225502968
-0.818601489067
-0.818977952003
-0.819354653358
-0.819731712341
-0.820109188557
-0.820486962795
-0.820865035057
-0.821243584156
-0.821622371674
-0.82200139761
-0.822380900383
-0.822760522366
-0.82314068079
-0.823520898819
-0.82390165329
-0.82428252697
-0.824663758278
-0.825045228004
-0.825427055359
-0.825809121132
-0.826191425323
-0.826574027538
-0.826956808567
-0.827339887619
-0.82772320509
-0.828106701374
-0.828490495682
-0.828874528408
-0.829258799553
-0.829643249512
-0.830027878284
-0.830412745476
-0.83079791069
-0.831183135509
-0.831568658352
-0.831954240799
-0.832340121269
-0.832726120949
-0.833112239838
-0.833498597145
-0.833885073662
-0.834271788597
-0.834658622742
-0.835045576096
-0.835432648659
-0.835819840431
-0.836207211018
-0.836594641209
-0.836982190609
-0.837369918823
-0.837757706642
-0.838145673275
-0.838533580303
-0.838921785355
-0.839309990406
-0.839698135853
-0.840086460114
-0.840474903584
-0.840863466263
-0.841251850128
-0.841640532017
-0.842029094696
-0.842417776585
-0.842806577682
-0.843195259571
-0.843584001064
-0.843972802162
-0.84436160326
-0.844750523567
-0.845139324665
-0.845528125763
-0.84591704607
-0.846305847168
-0.846694648266
-0.847083389759
-0.847472190857
-0.847860872746
-0.848249554634
-0.848638236523
-0.849026918411
-0.849415421486
-0.849803864956
-0.850192308426
-0.850580751896
-0.850969016552
-0.851357221603
-0.851745426655
-0.852133452892
-0.852521419525
-0.852909207344
-0.853297054768
-0.853684604168
-0.854072213173
-0.854459524155
-0.854846835136
-0.855234026909
-0.855621039867
-0.856007874012
-0.856394588947
-0.856781184673
-0.85716766119
-0.857553899288
-0.857939958572
-0.858325839043
-0.858711600304
-0.859097182751
-0.859482586384
-0.859867691994
-0.860252737999
-0.860637485981
-0.861021995544
-0.861406385899
-0.861790597439
-0.862174451351
-0.86255812645
-0.862941563129
-0.863324761391
-0.863707661629
-0.864090383053
-0.864472806454
-0.864855051041
-0.865236878395
-0.86561858654
-0.865999937057
-0.866381049156
-0.866761744022
-0.867142260075
-0.867522478104
-0.867902398109
-0.868281900883
-0.868661165237
-0.869040071964
-0.869418740273
-0.869797050953
-0.870174944401
-0.870552659035
-0.870929837227
-0.871306777
-0.871683418751
-0.872059464455
-0.872435331345
-0.872810840607
-0.873185813427
-0.873560607433
-0.873934864998
-0.874308764935
-0.874682307243
-0.87505531311
-0.875428140163
-0.875800311565
-0.876172184944
-0.87654364109
-0.876914620399
-0.877285182476
-0.87765532732
-0.878024935722
-0.878394186497
-0.878762960434
-0.879131257534
-0.879499197006
-0.879866480827
-0.880233466625
-0.880599796772
-0.880965769291
-0.881331086159
-0.881696105003
-0.882060468197
-0.882424354553
-0.882787764072
-0.883150577545
-0.883512973785
-0.883874773979
-0.884235978127
-0.884596705437
-0.88495695591
-0.885316550732
-0.885675728321
-0.886034250259
-0.886392116547
-0.886749446392
-0.887106239796
-0.887462437153
-0.887818157673
-0.888173162937
-0.88852751255
-0.888881385326
-0.889234542847
-0.88958722353
-0.889939129353
-0.890290439129
-0.890641152859
-0.890991270542
-0.891340732574
-0.891689479351
-0.892037630081
-0.892385184765
-0.892731964588
-0.893078029156
-0.893423616886
-0.893768370152
-0.894112467766
-0.894455850124
-0.894798636436
-0.895140647888
-0.895482003689
-0.895822525024
-0.896162509918
-0.896501600742
-0.896840155125
-0.897177755833
-0.897514820099
-0.897851109505
-0.898186564445
-0.898521304131
-0.898855268955
-0.899188518524
-0.899520933628
-0.899852573872
-0.900183498859
-0.900513589382
-0.900842964649
-0.901171445847
-0.901499211788
-0.90182608366
-0.902152240276
-0.902477562428
-0.902802050114
-0.90312564373
-0.903448522091
-0.903770446777
-0.904091596603
-0.904411911964
-0.90473139286
-0.905049979687
-0.905367612839
-0.90568447113
-0.906000435352
-0.906315565109
-0.906629800797
-0.906943023205
-0.907255530357
-0.907567083836
-0.907877624035
-0.908187448978
-0.908496141434
-0.908803999424
-0.909111022949
-0.909417033195
-0.909722089767
-0.910026192665
-0.910329401493
-0.910631656647
-0.910932898521
-0.911233186722
-0.911532521248
-0.911830961704
-0.912128329277
-0.912424743176
-0.912720143795
-0.91301459074
-0.913308024406
-0.913600385189
-0.913891792297
-0.914182186127
-0.914471626282
-0.914759933949
-0.915047168732
-0.91533356905
-0.91561871767
-0.915902853012
-0.916186094284
-0.916468083858
-0.916749060154
-0.917029082775
-0.917307913303
-0.917585730553
-0.917862355709
-0.918137967587
-0.91841250658
-0.918685853481
-0.918958187103
-0.919229388237
-0.919499456882
-0.919768452644
-0.920036315918
-0.920303046703
-0.920568525791
-0.920832931995
-0.921096205711
-0.921358346939
-0.921619296074
-0.921879053116
-0.922137737274
-0.922395169735
-0.922651410103
-0.922906517982
-0.923160433769
-0.923413157463
-0.923664569855
-0.923914849758
-0.924163997173
-0.924411773682
-0.924658477306
-0.924903869629
-0.925148129463
-0.925391018391
-0.925632715225
-0.925873219967
-0.926112353802
-0.926350414753
-0.926586985588
-0.926822423935
-0.92705655098
-0.927289485931
-0.927521049976
-0.927751243114
-0.92798024416
-0.928207933903
-0.928434371948
-0.928659319878
-0.928883075714
-0.929105520248
-0.929326713085
-0.929546415806
-0.929764807224
-0.92998200655
-0.930197656155
-0.930412054062
-0.930625021458
-0.930836737156
-0.931047022343
-0.931255877018
-0.9314635396
-0.931669712067
-0.931874454021
-0.932077825069
-0.932279706001
-0.932480275631
-0.932679474354
-0.932877242565
-0.93307352066
-0.933268368244
-0.933461844921
-0.933653831482
-0.933844387531
-0.934033513069
-0.934221208096
-0.934407413006
-0.934592068195
-0.934775412083
-0.934957206249
-0.9351375103
-0.935316324234
-0.935493707657
-0.935669481754
-0.93584394455
-0.936016619205
-0.936188042164
-0.936357855797
-0.936526179314
-0.936692893505
-0.936858057976
-0.937021791935
-0.937183856964
-0.937344551086
-0.937503576279
-0.93766105175
-0.937816917896
-0.937971353531
-0.938124060631
-0.938275337219
-0.938424825668
-0.938572943211
-0.938719272614
-0.938864171505
-0.939007341862
-0.939148962498
-0.939288973808
-0.939427316189
-0.939563989639
-0.939699113369
-0.939832568169
-0.939964413643
-0.940094530582
-0.940223038197
-0.940349876881
-0.940475165844
-0.940598666668
-0.940720498562
-0.940840601921
-0.94095915556
-0.941075980663
-0.941190958023
-0.941304385662
-0.941416084766
-0.941526055336
-0.941634297371
-0.941740870476
-0.941845655441
-0.941948771477
-0.942050099373
-0.942149579525
-0.942247509956
-0.942343533039
-0.942437887192
-0.942530453205
-0.942621231079
-0.942710220814
-0.942797422409
-0.942882835865
-0.942966580391
-0.943048357964
-0.943128466606
-0.943206727505
-0.943283259869
-0.943357825279
-0.943430602551
-0.943501651287
-0.94357073307
-0.94363796711
-0.94370341301
-0.943767011166
-0.943828761578
-0.94388872385
-0.94394671917
-0.944002866745
-0.944057166576
-0.944109559059
-0.944160103798
-0.944208681583
-0.944255411625
-0.944300234318
-0.944343209267
-0.944384217262
-0.944423258305
-0.944460511208
-0.944495677948
-0.944528996944
-0.944560348988
-0.944589793682
-0.944617211819
-0.944642722607
-0.944666326046
-0.944687902927
-0.944707453251
-0.94472515583
-0.944740772247
-0.944754421711
-0.944766163826
-0.944775819778
-0.944783508778
-0.944789230824
-0.944792866707
-0.944794476032
-0.944794118404
-0.944791793823
-0.94478726387
-0.944780826569
-0.9447722435
-0.944761753082
-0.944749057293
-0.94473439455
-0.94471758604
-0.944698750973
-0.944677889347
-0.944654941559
-0.944629907608
-0.94460272789
-0.944573521614
-0.944542169571
-0.944508612156
-0.944473087788
-0.944435358047
-0.944395542145
-0.944353580475
-0.944309473038
-0.944263339043
-0.944214880466
-0.944164454937
-0.944111764431
-0.944056928158
-0.943999946117
-0.94394081831
-0.943879425526
-0.943815946579
-0.943750143051
-0.943682312965
-0.943612217903
-0.943539977074
-0.943465352058
-0.943388700485
-0.943309724331
-0.943228542805
-0.943145215511
-0.943059623241
-0.94297170639
-0.942881643772
-0.942789256573
-0.942694604397
-0.942597687244
-0.94249856472
-0.942397117615
-0.942293524742
-0.942187547684
-0.942079246044
-0.941968679428
-0.94185590744
-0.941740751266
-0.941623210907
-0.941503465176
-0.941381394863
-0.941256999969
-0.941130280495
-0.941001117229
-0.940869808197
-0.94073599577
-0.940599918365
-0.940461456776
-0.940320611
-0.940177440643
-0.940031766891
-0.939883947372
-0.939733564854
-0.939580857754
-0.939425826073
-0.939268231392
-0.939108431339
-0.938946068287
-0.938781321049
-0.938614189625
-0.93844461441
-0.93827265501
-0.938098192215
-0.937921404839
-0.937742114067
-0.937560319901
-0.937376022339
-0.937189400196
-0.937000274658
-0.936808645725
-0.936614573002
-0.936417996883
-0.93621891737
-0.936017394066
-0.935813248158
-0.935606718063
-0.935397744179
-0.935186088085
-0.93497210741
-0.934755444527
-0.934536278248
-0.934314608574
-0.9340903759
-0.933863580227
-0.933634340763
-0.933402359486
-0.933167994022
-0.93293094635
-0.932691454887
-0.932449281216
-0.93220448494
-0.931957185268
-0.931707322598
-0.931454777718
-0.931199610233
-0.930941939354
-0.930681586266
-0.930418729782
-0.930153131485
-0.929884791374
-0.929614067078
-0.929340600967
-0.929064393044
-0.928785681725
-0.928504168987
-0.928220152855
-0.927933394909
-0.927643954754
-0.92735183239
-0.927057027817
-0.926759541035
-0.926459372044
-0.926156520844
-0.925850987434
-0.925542652607
-0.92523175478
-0.92491799593
-0.924601495266
-0.924282371998
-0.923960506916
-0.923635780811
-0.923308372498
-0.922978341579
-0.922645449638
-0.922309756279
-0.921971380711
-0.921630144119
-0.921286165714
-0.920939385891
-0.920589864254
-0.920237481594
-0.919882357121
-0.919524431229
-0.919163763523
-0.918800115585
-0.918433785439
-0.918064594269
-0.917692542076
-0.917317688465
-0.916939973831
-0.916559398174
-0.916176080704
-0.915789723396
-0.91540068388
-0.915008604527
-0.91461378336
-0.91421598196
-0.913815498352
-0.913411915302
-0.913005530834
-0.912596225739
-0.912184000015
-0.911768853664
-0.911350846291
-0.910929977894
-0.910506010056
-0.910079240799
-0.909649431705
-0.909216821194
-0.908781170845
-0.908342719078
-0.90790116787
-0.907456576824
-0.907009184361
-0.90655875206
-0.906105279922
-0.905648946762
-0.905189633369
-0.904727220535
-0.904261887074
-0.903793513775
-0.903322041035
-0.902847707272
-0.902370274067
-0.901889801025
-0.901406288147
-0.900919854641
-0.900430321693
-0.899937689304
-0.899442076683
-0.898943424225
-0.898441553116
-0.897936820984
-0.897428870201
-0.896917879581
-0.896403849125
-0.895886659622
-0.895366370678
-0.894843041897
-0.894316673279
-0.893787026405
-0.893254458904
-0.892718553543
-0.892179727554
-0.89163762331
-0.891092479229
-0.890544116497
-0.889992713928
-0.889438033104
-0.888880312443
-0.888319373131
-0.887755155563
-0.887188017368
-0.886617481709
-0.886043846607
-0.885467112064
-0.884886980057
-0.884303748608
-0.883717298508
-0.883127748966
-0.882534980774
-0.881938755512
-0.881339490414
-0.880737006664
-0.880131244659
-0.879522264004
-0.878909945488
-0.878294467926
-0.877675831318
-0.87705373764
-0.876428365707
-0.875799834728
-0.875168025494
-0.874532878399
-0.873894572258
-0.873252868652
-0.872607827187
-0.871959507465
-0.871307909489
-0.870652973652
-0.869994819164
-0.869333148003
-0.86866825819
-0.868000030518
-0.867329239845
-0.866659581661
-0.865995764732
-0.865342199802
-0.864703536034
-0.864084243774
-0.863488912582
-0.862922012806
-0.862388372421
-0.861892104149
-0.861438155174
-0.861030936241
-0.860674858093
-0.860374689102
-0.860134780407
-0.859959900379
-0.859854280949
-0.859822809696
-0.859869897366
-0.860000014305
-0.860215842724
-0.860512018204
-0.860881149769
-0.861315965652
-0.861809015274
-0.862353086472
-0.862940728664
-0.863564610481
-0.864217579365
-0.86489200592
-0.865580737591
-0.8662763834
-0.866971731186
-0.867659330368
-0.868331730366
-0.868981719017
-0.869601964951
-0.8701851964
-0.870723903179
-0.871210873127
-0.871638715267
-0.872000038624
-0.87228935957
-0.872507750988
-0.872658014297
-0.872743308544
-0.872766256332
-0.872730016708
-0.872637271881
-0.872491002083
-0.872294127941
-0.872049331665
-0.871759831905
-0.871428251266
-0.871057629585
-0.870650947094
-0.870210886002
-0.86974042654
-0.869242370129
-0.868719756603
-0.868175446987
-0.867612242699
-0.867033243179
-0.866441071033
-0.865838766098
-0.865229308605
-0.864615380764
-0.864000022411
-0.863386154175
-0.862776279449
-0.862173497677
-0.861580371857
-0.860999703407
-0.860434234142
-0.859886646271
-0.859359920025
-0.858856618404
-0.858379542828
-0.857931554317
-0.857515156269
-0.857133448124
-0.856788873672
-0.856484413147
-0.856222689152
-0.856006503105
-0.855838656425
-0.855721831322
-0.855658829212
-0.855652391911
-0.85570526123
-0.85582023859
-0.856000065804
-0.856246113777
-0.856554210186
-0.856919109821
-0.857335150242
-0.857797026634
-0.858299136162
-0.858835995197
-0.859402358532
-0.859992623329
-0.860601246357
-0.861222803593
-0.861851990223
-0.862483203411
-0.863111019135
-0.863729894161
-0.864334523678
-0.864919245243
-0.865478813648
-0.866007745266
-0.866500377655
-0.866951346397
-0.867355287075
-0.867706716061
-0.868000030518
-0.868231475353
-0.868403017521
-0.868518590927
-0.868581831455
-0.868596374989
-0.86856597662
-0.868494451046
-0.868385314941
-0.868242323399
-0.868069350719
-0.867870032787
-0.867647886276
-0.867406904697
-0.86715066433
-0.866882860661
-0.866607189178
-0.866327404976
-0.866047382355
-0.865770578384
-0.865500628948
-0.865241646767
-0.864996850491
-0.864770293236
-0.864565730095
-0.864386618137
-0.864236712456
-0.864119887352
-0.864039838314
-0.864000022411
-0.864003360271
-0.864048361778
-0.864132583141
-0.86425358057
-0.864408731461
-0.864595651627
-0.864811956882
-0.865055084229
-0.865322649479
-0.865612089634
-0.865921080112
-0.86624699831
-0.86658757925
-0.86694008112
-0.867302179337
-0.86767154932
-0.868045449257
-0.868421673775
-0.868797540665
-0.869170725346
-0.869538724422
-0.869899094105
-0.870249330997
-0.870586931705
-0.870909452438
-0.87121462822
-0.871499657631
-0.871762394905
-0.872000038624
-0.872210979462
-0.872395813465
-0.872555851936
-0.87269204855
-0.872805953026
-0.872898578644
-0.872971355915
-0.873025417328
-0.873062193394
-0.873082578182
-0.87308806181
-0.873079776764
-0.873058974743
-0.873027026653
-0.872985124588
-0.872934341431
-0.872876167297
-0.872811675072
-0.872742116451
-0.872668743134
-0.872592806816
-0.872515678406
-0.872438371181
-0.872362375259
-0.872288644314
-0.872218668461
-0.872153580189
-0.872094631195
-0.872043013573
-0.872000038624
-0.871966600418
-0.871942281723
-0.871926426888
-0.871918261051
-0.871916890144
-0.871921896935
-0.871932268143
-0.871947407722
-0.871966600418
-0.871989071369
-0.87201410532
-0.872040808201
-0.872068762779
-0.872096955776
-0.872124791145
-0.87215167284
-0.872176527977
-0.872198879719
-0.872217953205
-0.872232973576
-0.872243225574
-0.872247815132
-0.872246384621
-0.872237980366
-0.872221827507
-0.872197210789
-0.87216347456
-0.872119903564
-0.872065603733
-0.872000038624
-0.871922671795
-0.871834635735
-0.871737122536
-0.871631622314
-0.871519327164
-0.871401667595
-0.871279835701
-0.871155440807
-0.871029555798
-0.870903730392
-0.87077909708
-0.870657145977
-0.87053924799
-0.870426535606
-0.870320498943
-0.870222449303
-0.870133817196
-0.870055735111
-0.869989812374
-0.869937062263
-0.869898974895
-0.869876980782
-0.869872331619
-0.869886398315
-0.869920432568
-0.869975984097
-0.870054125786
-0.870156288147
-0.870283842087
-0.870438158512
-0.870620548725
-0.870832324028
-0.871074736118
-0.871349275112
-0.871657252312
-0.872000038624
-0.872377872467
-0.872786879539
-0.873222351074
-0.873679459095
-0.874153494835
-0.874639332294
-0.875132381916
-0.875627875328
-0.876120746136
-0.876606345177
-0.877079904079
-0.877536416054
-0.877971112728
-0.878379285336
-0.878756165504
-0.879096627235
-0.879396140575
-0.879649698734
-0.879852712154
-0.880000054836
-0.880088269711
-0.880118072033
-0.88009172678
-0.8800111413
-0.879878342152
-0.879695355892
-0.879464268684
-0.879187166691
-0.878865897655
-0.878502607346
-0.878099381924
-0.877658247948
-0.877181053162
-0.876670062542
-0.876127362251
-0.875554740429
-0.874954283237
-0.874328196049
-0.873678386211
-0.873006880283
-0.872315704823
-0.871606945992
-0.870882749557
-0.870144963264
-0.869395673275
-0.868636906147
-0.867870748043
-0.867099285126
-0.866324365139
-0.86554813385
-0.864772737026
-0.864000022411
-0.863232195377
-0.862471222878
-0.861719429493
-0.860978662968
-0.860251367092
-0.859539568424
-0.858845353127
-0.858170926571
-0.85751837492
-0.856889784336
-0.856287539005
-0.855713427067
-0.855169832706
-0.854658842087
-0.85418254137
-0.853743076324
-0.853342592716
-0.852983295918
-0.852667272091
-0.852396547794
-0.852173507214
-0.852000057697
-0.851877629757
-0.851804494858
-0.851777851582
-0.851795196533
-0.851854026318
-0.85195171833
-0.852085471153
-0.852252721786
-0.852451086044
-0.852677762508
-0.852930188179
-0.853205859661
-0.853501975536
-0.853816092014
-0.854145526886
-0.854487717152
-0.854839980602
-0.855199873447
-0.85556447506
-0.855931580067
-0.856298387051
-0.856662154198
-0.857020556927
-0.857370793819
-0.857710242271
-0.858036398888
-0.858346700668
-0.858638465405
-0.858909070492
-0.85915595293
-0.859376370907
-0.859567940235
-0.859727799892
-0.859853684902
-0.859942674637
-0.859992325306
-0.860000014305
-0.85996389389
-0.859884917736
-0.859765052795
-0.859606146812
-0.859409809113
-0.859178125858
-0.858912885189
-0.858615756035
-0.858288764954
-0.85793364048
-0.857552170753
-0.857146263123
-0.856717705727
-0.85626834631
-0.85580009222
-0.855314612389
-0.854813754559
-0.854299485683
-0.853773593903
-0.853237807751
-0.852694153786
-0.852144181728
-0.851589977741
-0.851033270359
-0.850475728512
-0.849919497967
-0.849366247654
-0.848817765713
-0.848275899887
-0.847742497921
-0.847219407558
-0.846708536148
-0.846211493015
-0.845730245113
-0.845266759396
-0.844822645187
-0.844399809837
-0.844000041485
-0.843624770641
-0.843273460865
-0.842945337296
-0.842639327049
-0.842354536057
-0.842090129852
-0.841845035553
-0.841618299484
-0.84140920639
-0.841216742992
-0.841039836407
-0.840877711773
-0.840729415417
-0.840593934059
-0.84047049284
-0.84035807848
-0.8402556777
-0.84016251564
-0.840077698231
-0.840000033379
-0.839928984642
-0.839864432812
-0.839806199074
-0.839754462242
-0.839709043503
-0.839670062065
-0.839637637138
-0.839611470699
-0.83959197998
-0.839578926563
-0.839572191238
-0.839572072029
-0.839578270912
-0.839591085911
-0.839610517025
-0.839636266232
-0.839668631554
-0.839707553387
-0.839752972126
-0.839804828167
-0.839863300323
-0.839928388596
-0.840000033379
-0.840078413486
-0.840164244175
-0.840258359909
-0.840361714363
-0.840475261211
-0.840599775314
-0.840736269951
-0.840885519981
-0.84104847908
-0.841225981712
-0.841419100761
-0.841628432274
-0.841855168343
-0.842100024223
-0.842363834381
-0.842647612095
-0.842952311039
-0.843278586864
-0.843627631664
-0.844000041485
-0.844396531582
-0.844816565514
-0.845259070396
-0.845723032951
-0.846207797527
-0.846712052822
-0.847235262394
-0.847776174545
-0.848333895206
-0.848907649517
-0.849496245384
-0.850099027157
-0.850714862347
-0.851342797279
-0.85198199749
-0.852631509304
-0.853290319443
-0.853957414627
-0.854632139206
-0.855313301086
-0.856000065804
-0.85669118166
-0.857384562492
-0.858077824116
-0.858768463135
-0.859454274178
-0.86013263464
-0.860801339149
-0.861457943916
-0.86210000515
-0.862725257874
-0.863331198692
-0.86391544342
-0.864475607872
-0.865009427071
-0.865514338017
-0.865987956524
-0.866428017616
-0.866831958294
-0.867197573185
-0.867522358894
-0.867803990841
-0.86803996563
-0.868228077888
-0.868365645409
-0.868450582027
-0.86848038435
-0.868452548981
-0.868364930153
-0.868214786053
-0.868000030518
-0.86771941185
-0.867376863956
-0.866977572441
-0.866526782513
-0.866029560566
-0.865491271019
-0.864916920662
-0.864311695099
-0.863680958748
-0.863029718399
-0.862363219261
-0.861686587334
-0.861005187035
-0.860324025154
-0.859648346901
-0.858983337879
-0.858334243298
-0.857706189156
-0.857104301453
-0.856533825397
-0.856000065804
-0.855506658554
-0.855052411556
-0.854634344578
-0.854249894619
-0.853896379471
-0.85357093811
-0.853270888329
-0.852993547916
-0.852736234665
-0.852496027946
-0.852270185947
-0.852056205273
-0.851851224899
-0.851652503014
-0.851457297802
-0.85126298666
-0.851066708565
-0.850865781307
-0.850657522678
-0.85043913126
-0.850207805634
-0.8499609828
-0.84969586134
-0.84940969944
-0.849099755287
-0.848763346672
-0.848397612572
-0.848000049591
-0.847569108009
-0.847108781338
-0.846624791622
-0.846122205257
-0.845606744289
-0.845083653927
-0.844558417797
-0.844036400318
-0.843522965908
-0.843023836613
-0.842544078827
-0.842089414597
-0.841664969921
-0.841276407242
-0.840928971767
-0.84062820673
-0.840379536152
-0.840188384056
-0.840060114861
-0.840000033379
-0.840012252331
-0.840094149113
-0.840241968632
-0.840451598167
-0.840719044209
-0.841040432453
-0.841411888599
-0.841829240322
-0.842288613319
-0.842786192894
-0.843317687511
-0.843879461288
-0.8444673419
-0.845077455044
-0.845705747604
-0.846348404884
-0.847001373768
-0.847660660744
-0.848322331905
-0.848982453346
-0.849637031555
-0.850282132626
-0.850913763046
-0.851527988911
-0.852120757103
-0.852688133717
-0.853226363659
-0.853731095791
-0.854198753834
-0.854625046253
-0.855006277561
-0.855338275433
-0.855617344379
-0.855839133263
-0.856000065804
-0.856097102165
-0.856131970882
-0.856107950211
-0.856027901173
-0.855894565582
-0.855711221695
-0.855480611324
-0.855205953121
-0.854890048504
-0.8545358181
-0.854146420956
-0.853724658489
-0.853273570538
-0.852796196938
-0.852295458317
-0.851774215698
-0.851235628128
-0.850682556629
-0.850117981434
-0.849544942379
-0.848966360092
-0.848385035992
-0.847804367542
-0.847226977348
-0.846655905247
-0.84609413147
-0.845544695854
-0.845010638237
-0.844494640827
-0.844000041485
-0.843528866768
-0.843080878258
-0.842654824257
-0.842249691486
-0.841864407063
-0.841497957706
-0.84114921093
-0.840817153454
-0.840500533581
-0.840198397636
-0.839909732342
-0.839633226395
-0.839367985725
-0.83911293745
-0.838866889477
-0.838628828526
-0.838397622108
-0.838172137737
-0.837951600552
-0.837734520435
-0.837520182133
-0.837307155132
-0.837094664574
-0.836881399155
-0.836666405201
-0.836448550224
-0.836226820946
-0.836000025272
-0.835767507553
-0.835529327393
-0.835286319256
-0.835038721561
-0.834787368774
-0.834532737732
-0.834275305271
-0.834015667439
-0.83375442028
-0.833492100239
-0.833229184151
-0.832966208458
-0.832703888416
-0.832442760468
-0.832183241844
-0.831925928593
-0.831671535969
-0.8314204216
-0.831173121929
-0.830930352211
-0.830692648888
-0.830460488796
-0.830234408379
-0.830014944077
-0.829802751541
-0.829598426819
-0.829402387142
-0.829215228558
-0.829037487507
-0.828869819641
-0.828712701797
-0.828566670418
-0.828432261944
-0.828310191631
-0.828200817108
-0.828104913235
-0.82802271843
-0.827955007553
-0.827902376652
-0.827865123749
-0.827844142914
-0.82783973217
-0.827852725983
-0.827883243561
-0.827932178974
-0.828000068665
-0.828087091446
-0.828192770481
-0.828316450119
-0.828457295895
-0.828614532948
-0.828787505627
-0.828975379467
-0.829177260399
-0.82939273119
-0.829620778561
-0.829860746861
-0.830111861229
-0.830373466015
-0.830644547939
-0.83092457056
-0.831212818623
-0.831508457661
-0.831810593605
-0.832118690014
-0.832431912422
-0.832749545574
-0.8330706954
-0.833394825459
-0.833720982075
-0.834048509598
-0.834376633167
-0.834704637527
-0.835031628609
-0.835357069969
-0.835680186749
-0.836000025272
-0.836316108704
-0.836628317833
-0.836936533451
-0.837240993977
-0.837541639805
-0.837838411331
-0.83813136816
-0.838420569897
-0.838705956936
-0.838987708092
-0.83926564455
-0.839539825916
-0.839810371399
-0.840077161789
-0.8403403759
-0.840599894524
-0.840855896473
-0.841108083725
-0.841356873512
-0.841601967812
-0.841843545437
-0.842081606388
-0.84231621027
-0.842547178268
-0.842774689198
-0.842998802662
-0.843219518661
-0.843436658382
-0.843650579453
-0.843860983849
-0.844068050385
-0.84427177906
-0.844472110271
-0.844669103622
-0.844862818718
-0.845053374767
-0.845240533352
-0.845424473286
-0.845605254173
-0.845782756805
-0.845957100391
-0.846128225327
-0.846296191216
-0.846461117268
-0.846622824669
-0.846781432629
-0.846936941147
-0.847089529037
-0.847238957882
-0.847385287285
-0.847528755665
-0.847669124603
-0.847806572914
-0.847941100597
-0.848072528839
-0.848201215267
-0.848326921463
-0.848449766636
-0.848569750786
-0.848686814308
-0.848801076412
-0.848912537098
-0.84902125597
-0.849127113819
-0.849230289459
-0.849330723286
-0.849428355694
-0.849523365498
-0.849615633488
-0.849705219269
-0.849792301655
-0.849876642227
-0.849958300591
-0.850037515163
-0.850114047527
-0.850188016891
-0.850259423256
-0.85032838583
-0.850394845009
-0.850458800793
-0.850520312786
-0.85057926178
-0.850635886192
-0.85069000721
-0.850741863251
-0.850791156292
-0.850838303566
-0.850882947445
-0.850925326347
-0.850965380669
-0.851003229618
-0.851038634777
-0.851071953773
-0.851102948189
-0.851131737232
-0.851158380508
-0.851182758808
-0.851204991341
-0.851225137711
-0.851243197918
-0.851259052753
-0.851272881031
-0.851284563541
-0.851294219494
-0.851301789284
-0.85130751133
-0.851311087608
-0.851312756538
-0.851312398911
-0.851310074329
-0.851305961609
-0.85129982233
-0.851291775703
-0.851282000542
-0.851270318031
-0.851256608963
-0.851241230965
-0.851224184036
-0.85120511055
-0.851184487343
-0.851161897182
-0.851137757301
-0.851111829281
-0.851084291935
-0.85105496645
-0.851023972034
-0.850991487503
-0.850957334042
-0.850921452045
-0.850884079933
-0.8508451581
-0.850804626942
-0.850762605667
-0.850719034672
-0.85067409277
-0.850627601147
-0.850579619408
-0.850530207157
-0.850479424
-0.850427150726
-0.850373566151
-0.850318670273
-0.850262224674
-0.850204646587
-0.850145697594
-0.850085377693
-0.8500238657
-0.849961102009
-0.849897027016
-0.849831700325
-0.849765300751
-0.849697649479
-0.849628806114
-0.849558889866
-0.84948772192
-0.849415540695
-0.849342226982
-0.849267840385
-0.84919244051
-0.849115908146
-0.849038362503
-0.848959863186
-0.848880290985
-0.848799824715
-0.84871840477
-0.848636031151
-0.848552763462
-0.848468661308
-0.84838360548
-0.848297655582
-0.84821087122
-0.848123311996
-0.848034977913
-0.847945690155
-0.847855746746
-0.847765028477
-0.847673594952
-0.847581446171
-0.847488701344
-0.847395062447
-0.847300946712
-0.847206115723
-0.847110629082
-0.847014546394
-0.846917867661
-0.84682059288
-0.846722841263
-0.846624553204
-0.846525669098
-0.846426308155
-0.846326470375
-0.846226215363
-0.846125543118
-0.846024334431
-0.845922768116
-0.845820724964
-0.845718443394
-0.845615744591
-0.845512747765
-0.845409333706
-0.845305681229
-0.845201849937
-0.845097601414
-0.844993054867
-0.844888448715
-0.844783604145
-0.844678521156
-0.844573259354
-0.844467818737
-0.844362318516
-0.844256639481
-0.844150900841
-0.844044983387
-0.843939125538
-0.843833148479
-0.843727111816
-0.843621134758
-0.84351503849
-0.843409121037
-0.843303143978
-0.843197286129
-0.843091487885
-0.842985749245
-0.842880189419
-0.842774689198
-0.842669487
-0.842564344406
-0.842459380627
-0.842354655266
-0.842250049114
-0.842145800591
-0.842041790485
-0.841938018799
-0.841834664345
-0.841731488705
-0.841628551483
-0.841526150703
-0.841424107552
-0.841322422028
-0.841221094131
-0.841120183468
-0.841019809246
-0.840919852257
-0.840820252895
-0.84072124958
-0.840622723103
-0.840524792671
-0.840427398682
-0.840330481529
-0.840234279633
-0.840138614178
-0.840043485165
-0.839949131012
-0.839855372906
-0.839762270451
-0.839669823647
-0.839578151703
-0.839487195015
-0.839397013187
-0.839307665825
-0.839218914509
-0.839131116867
-0.839044094086
-0.838957905769
-0.838872492313
-0.838788032532
-0.838704526424
-0.838621854782
-0.838540077209
-0.838459253311
-0.838379442692
-0.838300585747
-0.838222682476
-0.838145911694
-0.838070094585
-0.837995409966
-0.83792167902
-0.837849020958
-0.837777614594
-0.837707340717
-0.83763808012
-0.837570011616
-0.837503194809
-0.83743751049
-0.837373077869
-0.837309837341
-0.837247848511
-0.837187170982
-0.837127864361
-0.837069749832
-0.83701300621
-0.836957573891
-0.836903452873
-0.836850762367
-0.836799502373
-0.83674955368
-0.836701214314
-0.836654186249
-0.836608707905
-0.836564600468
-0.836522161961
-0.83648109436
-0.836441576481
-0.836403727531
-0.836367368698
-0.836332678795
-0.836299598217
-0.836268126965
-0.836238205433
-0.836210131645
-0.836183607578
-0.836158871651
-0.836135804653
-0.836114406586
-0.836094915867
-0.836077094078
-0.836061060429
-0.836046934128
-0.836034595966
-0.836024105549
-0.83601552248
-0.83600884676
-0.836003959179
-0.836001038551
-0.836000025272
