0.0
-8.57532540977e-06
0.00170698796865
0.00120344571769
0.000238492779317
-0.00296967872418
-0.0040754629299
-0.00026258896105
-0.00225760322064
-0.000755225832108
0.00254563754424
0.00389803177677
0.00817586202174
0.00793635193259
0.00526274368167
0.00575016671792
0.00466414308175
0.0016902674688
0.00119794183411
0.0029851323925
0.00240702228621
0.00162607128732
-0.00288184429519
-0.00227610673755
-0.00528272707015
-0.00352689716965
0.00104687944986
0.00293111032806
0.0062526059337
0.00509259616956
0.00442494498566
9.67688465607e-05
0.0029309943784
0.000130549800815
-7.44323260733e-05
-0.000125801991089
-0.00152172404341
-0.000485312979436
-0.00233229575679
0.00170683837496
0.000713360263035
-0.000819646695163
0.00301278708503
0.000226178046432
-0.00150525302161
-0.00242829648778
-0.00328762200661
-0.00395670440048
0.00172910664696
-0.000494767446071
0.00272914930247
-0.00191938015632
-0.0018509007059
-0.00436967145652
-0.00151998677757
-0.00486765429378
-0.00115151144564
0.000136117232614
0.00217898748815
0.00231738225557
0.00860313698649
0.00238555343822
0.00516945682466
0.00398707296699
0.00190273660701
0.00174991425592
5.07435870531e-05
0.00139691622462
-0.00345821329392
-0.00317445909604
-0.00461858743802
-0.00503010489047
-0.00094175915001
-0.0021874292288
-5.36203970114e-06
0.00367357605137
-0.00278870761395
0.00287650991231
-0.00230667414144
-0.00226929411292
-0.00455228192732
-0.00280801416375
-0.00445927213877
-0.00108186597936
-0.00230467878282
0.000452626583865
-0.000838059757371
0.00347550748847
-0.00383441150188
0.00403458205983
0.00254458351992
0.00254510832019
0.000657860422507
0.00172467483208
-0.0117651429027
-0.0131952855736
-0.00570007832721
0.0155434394255
0.0130123505369
0.0122349113226
-0.00601654220372
-0.017045436427
-0.0135455839336
-0.0116767743602
-0.0125428084284
-0.00935366749763
-0.018071167171
-0.0102657079697
-0.00132634595502
0.00253884540871
0.00356042897329
0.000621024053544
-0.0068178512156
-0.0119439205155
0.00234043761156
-0.00308441789821
-0.00168999121524
-0.0100070955232
-0.0190201736987
-0.0152943553403
0.00128582911566
-0.00536659825593
-0.00262055266649
-0.00971916876733
-0.0141422552988
-0.00251456396654
3.84869854315e-05
-0.00112096057273
-0.00103092531208
-0.00658245617524
0.00281717558391
0.000710700813215
0.0039572971873
0.00432306760922
0.0047038863413
0.00692152557895
0.00899669062346
0.00457479897887
0.00537255080417
0.00635784165934
-0.000972979236394
-0.00156936096027
0.000149101542775
0.00441239215434
0.000937942997552
0.00262492173351
-0.00527826556936
-0.00356978131458
-0.00745145557448
-0.00370013993233
-0.00189070415217
-0.00111508113332
-0.00503164855763
-0.00537660485134
-0.00967144407332
-0.0155619597062
-0.00953567400575
0.0217240061611
0.0527637824416
0.0483348295093
0.0165433790535
-0.0209740549326
-0.0295217577368
-0.00489545008168
0.0276267118752
0.0188112501055
0.0018029990606
-0.0288972649723
-0.0108825843781
-0.0155558288097
0.00529844686389
0.00981314759701
0.0152944223955
-0.0136734293774
-0.0117068588734
-0.00855979509652
-0.00439958227798
-0.00634005758911
-0.0102644180879
0.00563265196979
-0.000978290918283
-0.0033184683416
-0.00552525697276
-0.0221976153553
-0.0192935001105
0.0209074616432
0.0236097779125
0.0150033766404
-0.0131472079083
-0.0580310001969
-0.0283251758665
0.0100074252114
0.0386222563684
0.0174882821739
-0.0365090295672
-0.0188427772373
0.0216545220464
-0.00120224931743
0.00821231212467
0.0116657288745
-0.0259203035384
-0.0204708464444
-0.0156213231385
-0.00465505709872
0.00982320122421
0.00888692587614
-0.0313372686505
-0.0414912030101
0.000775378954131
0.00179185462184
0.0171155296266
0.00638532824814
-0.0307816416025
-0.0207492802292
7.75304215495e-05
-0.0176780726761
-0.0218166559935
0.0228784326464
0.0483635477722
0.0296982638538
-0.00140775111504
-0.0108212167397
-0.0367381460965
-0.0553861446679
-0.0122978677973
0.0638686493039
0.0416289940476
0.0101619223133
0.00235084304586
0.0103826643899
-0.017994331196
-0.0405557192862
0.000306072906824
0.0178768504411
-0.00910736713558
0.0073257368058
0.0392114333808
-0.0109521010891
-0.00481443060562
0.0275025852025
-0.018461605534
-0.0318844020367
-0.0462499298155
0.00143364537507
0.0404901504517
0.0435360632837
0.00425594067201
0.00184343219735
-0.00832583010197
0.00576368859038
-0.0139655843377
-0.0195805784315
0.0111364582554
0.0557526536286
0.0235286932439
0.0153471641243
0.0143273668364
0.0298671070486
0.0455618984997
0.0367112532258
-0.0301285739988
-0.0804767459631
-0.0637052953243
-0.0700787603855
-0.056860294193
-0.0107223447412
0.0565125532448
0.0581055097282
0.0397836230695
0.0291338544339
0.0113794505596
-0.0247770138085
-0.0690972730517
-0.0801995545626
-0.0350547507405
0.00615643942729
0.0188832376152
-0.014237921685
0.0032472263556
0.0388893261552
0.0454949401319
0.0534232668579
0.0482255220413
0.0334666222334
0.0518624559045
-0.0594557821751
-0.112362608314
-0.040922190994
-0.0093507161364
-0.00564252352342
-0.00340849813074
0.039181176573
0.0565136447549
0.0411284305155
0.0584610141814
0.0207836013287
0.00899958889931
-0.0190920159221
0.00213367841206
0.0305871833116
0.0230519361794
-0.012303958647
0.00716225849465
0.00978162884712
0.0255875792354
0.0054978504777
-0.0423555448651
-0.0573729686439
-0.0499885380268
-0.0089016566053
-0.0486496686935
-0.0115273771808
-0.0147220008075
0.00753062497824
-0.0116870878264
-0.00463478965685
0.000243642236455
-0.00507000740618
-0.00552415568382
-0.00948417279869
0.0279786791652
0.0157103352249
-0.000130238637212
-0.0351548083127
0.00199688086286
0.00116746185813
0.0121563682333
0.0237446986139
0.069420568645
0.0662977918983
-0.0438873581588
-0.0476372241974
-0.0275027565658
0.0235678590834
0.0443811044097
0.0438040345907
0.0260441992432
0.0242274478078
0.00730976136401
-0.0327955298126
-0.0260111670941
0.00717499572784
-0.00927177909762
-0.016822675243
0.0177269931883
-0.00396006647497
-0.0112956427038
-0.00502444570884
0.00925883930176
0.0170382708311
-0.00888282898813
-0.0134559608996
0.00679034739733
0.0356514714658
0.00343405408785
-0.0218850150704
-0.0288184434175
-0.0109202126041
-0.00680550187826
-0.0173346679658
-0.029629573226
-0.012652755715
0.0172920580953
0.0269153863192
0.0364505909383
0.0138560244814
0.0161296054721
0.0179799068719
-0.00909259542823
-0.0556813254952
-0.0521807707846
-0.0232664197683
0.00436150794849
0.00212688627653
-0.0175497177988
0.0172526035458
0.0288184434175
0.038329988718
0.0210889838636
-0.0123934159055
-0.0122306644917
-0.0194847658277
-0.00549843674526
0.00971317850053
0.0143020795658
0.000168244951055
-0.00466721691191
-0.0283633507788
-0.0131801916286
0.0181563068181
0.0131803993136
0.0129614984617
0.00251069013029
0.0208749119192
0.022904407233
0.0140555705875
-0.00656395731494
-0.0128132347018
-0.00458298157901
-0.000886209891178
0.00914441607893
0.0102200480178
0.016663486138
-0.000970593653619
-0.013506908901
-0.00794321391732
0.0158498194069
0.0139304175973
0.00132613664027
-0.0224783867598
-0.0235215015709
-0.00676955282688
-0.0146131264046
0.000454558408819
0.00639501074329
-0.0123824235052
-0.0155596388504
-0.0064854552038
0.00916267931461
0.0207196939737
0.0194619186223
0.00841423496604
0.00403350125998
-0.0166089683771
0.0116873588413
0.00768301216885
0.0100862877443
0.00922932196409
0.000910990231205
0.010667713359
-0.00562448240817
0.00697536813095
0.00749279558659
0.00677931169048
-0.0173614136875
0.0193334557116
0.0223006326705
0.00375474151224
0.00913383252919
0.00223158230074
-0.0314190089703
-0.0281945113093
-0.00457447301596
-0.0121380537748
-0.00426742294803
-0.0134987067431
-0.00708026532084
0.000468323385576
-0.00838340539485
-0.00760455243289
-0.00199212180451
-0.0055414349772
-0.00868732202798
0.0227797366679
-0.00362195586786
-0.00393739156425
-0.00506616383791
-0.00728236092255
-0.00461656460539
0.0128875784576
0.0027384320274
-0.00663911551237
-0.0133735844865
-0.0247838608921
-0.00171123177279
-0.000983793637715
-0.00515626324341
0.0181206017733
0.00293513643555
-0.024658318609
-0.0144546972588
0.00154830247629
-0.00207387842238
0.00834170728922
-0.0198988355696
-0.00784625578672
-0.00603031832725
0.0108018172905
0.0101605830714
-0.00808161962777
-0.0289125908166
-0.0301392674446
-0.00843461789191
-0.0105411540717
-0.0100370151922
-0.0102637698874
0.00702426116914
0.0193909928203
0.0126801151782
-0.00644654314965
-0.018187366426
-0.00198839581572
0.00186356587801
0.00135809998028
0.010484950617
0.00781130976975
0.0090142833069
0.0144378645346
-0.0050113061443
0.012063216418
0.0159516688436
-0.0101438425481
0.00298563227989
0.00644882116467
0.0135371331125
0.00731701310724
0.0046966727823
0.000504237250425
0.00628442224115
0.00510028889403
0.00363384908997
0.00235027377494
-0.00852366816252
0.0107392016798
-0.00301206414588
0.000576368882321
5.23046619492e-05
-0.000182947231224
-0.000804915558547
0.00461631221697
-0.00413222983479
-0.00588585343212
0.00109531497583
-0.00687776738778
-0.00697708502412
-0.0170076712966
-0.0131422532722
0.00991151016206
0.00645943079144
0.00767788896337
-0.00576198846102
-0.00283901160583
-0.0114826513454
0.00175592268351
-0.00354468007572
-0.00441009318456
0.00397434225306
-0.00221484480426
-0.0030460441485
-0.0197301022708
-0.0134793315083
-0.00738652376458
0.0157667435706
0.00979827065021
-0.00392418401316
-0.00842111743987
-0.00532637117431
0.0209176838398
0.0129648568109
-0.00171785801649
-0.0171624012291
-0.0146300364286
-0.0149460555986
0.00598753243685
0.00460902322084
-0.000467798323371
0.00866935029626
0.00383814610541
-0.00385409011506
-0.00464658625424
-0.00228352146223
0.00830679014325
-0.00838128756732
-0.0265129674226
-0.0262445285916
0.00392073672265
-0.00333967362531
-0.00814003590494
-0.0190989635885
-0.00683338195086
0.00312497327104
-0.00410966249183
-0.00927777122706
-0.0104073118418
-0.00946344900876
0.00508826412261
0.0113786756992
-0.00110458233394
0.00079775089398
-0.000970620953012
-0.00313142198138
-0.00681441370398
-0.000932754715905
0.00470820534974
0.0191960241646
0.00295457127504
-0.00749279558659
-0.0259728562087
-0.0978607684374
-0.186907216907
-0.248101726174
-0.0502604581416
0.286794066429
0.452855110168
0.310293912888
-0.0251526646316
-0.198826119304
-0.240427196026
-0.00633407523856
0.177999019623
0.123788259923
-0.00254693161696
-0.187356412411
-0.0886058062315
-0.120446629822
-0.0234008934349
0.146635770798
0.275536507368
0.0235532857478
-0.0841661319137
-0.00833507161587
-0.161507382989
-0.282590955496
-0.0622494257987
0.188858106732
0.0104846432805
-0.24739484489
0.00101455475669
0.0159175656736
-0.00539627904072
0.140151843429
0.272005796432
0.173931360245
0.15619596839
-0.450166910887
-0.286447674036
-0.00845221243799
0.174450710416
0.327150464058
-0.285841733217
-0.0483211986721
0.344593286514
-0.0789482071996
-0.0510354265571
0.167983293533
-0.153416782618
-0.225099086761
-0.00640283012763
-0.00494339922443
0.252315551043
0.103284746408
-0.140166282654
-0.398826897144
0.111202046275
0.318560391665
-0.0503648817539
-0.101780124009
-0.0546152256429
-0.115365825593
-0.112178437412
-0.134517297149
-0.307389646769
0.292546212673
0.697800517082
0.449567735195
0.059603150934
-0.146812111139
-0.236029550433
-0.593439817429
-0.486422538757
0.0951399430633
0.693926751614
0.363355100155
-0.0915012136102
-0.0405909717083
0.151976957917
-0.127434551716
-0.617423295975
-0.126568436623
0.324603557587
0.15380731225
0.146375313401
0.239112004638
0.0395485274494
-0.130452692509
0.0449747443199
-0.125170469284
-0.283575475216
-0.490769505501
-0.235079169273
0.392626047134
0.542201042175
0.0426314324141
-0.149317279458
-0.00530542712659
0.0363112390041
-0.265092432499
-0.226086765528
0.274975806475
0.489125549793
0.39899995923
0.20287618041
0.17098981142
0.333495736122
0.596451401711
-0.230818212032
-1.05121946335
-0.897622704506
-0.817737817764
-0.914180517197
0.218474701047
0.864558696747
1.00198543072
0.572788596153
0.172139286995
0.0923529192805
-0.0806617960334
-0.661752700806
-1.1769452095
-1.02619254589
-0.568634748459
-0.188652053475
0.273943215609
0.307020813227
0.250340640545
0.380870074034
0.214809894562
0.181226611137
0.423404037952
0.649129152298
0.566770732403
0.222452163696
0.29042071104
0.650353193283
-0.100062981248
-1.51801228523
-1.41947185993
-0.4271248281
-0.0812680125237
-0.1207209602
-0.241216093302
-0.0198139678687
0.608995676041
0.875823795795
0.608383953571
0.31885305047
0.455655574799
0.654901206493
0.150173917413
-0.204002067447
-0.0767630189657
0.158621266484
0.297791957855
0.37883707881
0.172897085547
-0.0701747834682
-0.0534121878445
0.140192508698
0.0682101920247
-0.263698518276
-0.485302597284
-0.750040471554
-0.591187059879
-0.467084825039
-0.497360378504
-0.176975756884
-0.171182572842
-0.196027457714
-0.0148280728608
-0.0111976824701
0.203886345029
0.00820413697511
-0.192196696997
-0.180903792381
0.189650654793
0.408262401819
0.165628507733
-0.277580797672
-0.326908320189
0.0738901793957
0.0585847645998
0.129108741879
0.53415375948
0.884708046913
0.887081086636
-0.0263351481408
-0.726485908031
-0.435391634703
-0.0737752169371
0.372749894857
0.537529706955
0.373664528131
0.422125518322
0.390417486429
0.145260319114
-0.0341782830656
-0.270095258951
-0.391756117344
-0.424938797951
-0.33696937561
-0.127933770418
-0.137624770403
-0.0989611148834
0.231648281217
0.252075374126
-0.0967857688665
-0.151972979307
-0.0798784717917
-0.035232052207
0.165424436331
0.128530263901
-0.18861065805
-0.147611945868
0.175769403577
0.351081758738
0.225409641862
-0.0545466579497
-0.298240870237
-0.508744299412
-0.29860162735
0.0790838748217
0.0589887499809
-0.0275641772896
-0.218153208494
-0.388208985329
-0.159680038691
0.224563643336
0.329450964928
0.289080351591
0.300139516592
0.192139774561
0.237683579326
0.265759676695
-0.01223542355
-0.467420965433
-0.861330628395
-0.863434493542
-0.485935628414
-0.103921152651
0.0469018295407
0.0879629775882
0.101067043841
0.0912421867251
0.208645537496
0.375987321138
0.344872623682
0.284252047539
0.283906131983
0.100818745792
-0.187806472182
-0.216193720698
-0.0925358831882
-0.0839774832129
-0.149128347635
-0.112877517939
-0.00300186080858
0.0560650527477
0.0294878147542
0.0427100509405
0.0849349573255
0.0133094545454
-0.104985252023
-0.111780077219
-0.102377168834
-0.136092096567
-0.046643357724
0.101615205407
0.0775928720832
0.0560329034925
0.161705598235
0.167634636164
0.0954385027289
0.216429457068
0.343353718519
0.241025447845
0.104322768748
0.0313217118382
-0.183446511626
-0.218835189939
-0.0490596070886
-0.100781515241
-0.0655762925744
0.0347669571638
0.055711351335
0.209339305758
0.162489637733
-0.13838416338
-0.113974273205
-0.0122212646529
0.110653594136
0.210064649582
0.13870818913
-0.0335310213268
-0.292062044144
-0.23406137526
-0.0162805300206
-0.0355464220047
0.0797944962978
0.168331131339
-0.00235876860097
-0.144420146942
-0.284422039986
-0.215447694063
0.0459099747241
0.116282261908
0.0637943595648
0.0442627258599
0.00345821329392
0.0328817218542
0.1016131863
0.0352188311517
0.0064523066394
0.0243643838912
-0.0781261175871
-0.0954486429691
0.064983651042
0.14238679409
0.0403627902269
-0.054558377713
-0.0789056867361
-0.0985095351934
-0.128281220794
-0.0967597588897
0.00398942967877
0.0729183703661
0.0905109643936
0.0920673832297
0.0578310079873
-0.042373098433
-0.0643949359655
0.098153218627
0.322228252888
0.393982589245
0.283780425787
0.135811150074
0.0669347643852
0.0610172823071
0.0425062850118
-0.0176077745855
-0.142794087529
-0.312057435513
-0.337115943432
-0.140694141388
0.0278381928802
-0.00885046925396
-0.0826878175139
-0.0755043253303
-0.0898839905858
-0.127914622426
-0.0890009924769
-0.0369327664375
-0.0303838569671
-0.060750875622
-0.178187966347
-0.147808879614
0.0915403217077
0.133835658431
0.0748069882393
0.160909831524
0.138905599713
-0.0381055660546
-0.166343793273
-0.174885839224
-0.0527059435844
0.0616967715323
0.0570397898555
0.0875767916441
0.122183308005
-0.0240950789303
-0.14904679358
-0.0965902507305
-0.111870609224
-0.137030407786
0.0471736304462
0.195612028241
0.115651622415
0.0164213422686
0.0571915544569
0.16829970479
0.235722616315
0.171573325992
0.0293225180358
-0.0492008216679
-0.00537452846766
0.0740203559399
0.0656811669469
-0.0201935060322
-0.0756482407451
-0.0391713939607
-0.000645181164145
-0.051356330514
-0.133408650756
-0.128780990839
-0.00687434710562
0.121631190181
0.160736635327
0.124478571117
0.0750910565257
0.0478390268981
0.0139034530148
-0.0473091900349
-0.114727467299
-0.158545434475
-0.172558099031
-0.185551822186
-0.203458219767
-0.200620308518
-0.152634784579
-0.0782567486167
-0.0282856188715
-0.0161359403282
-0.0155036365613
-0.00745473150164
-0.02438422665
-0.0873465761542
-0.13837480545
-0.0911103263497
0.0205590687692
0.083902336657
0.0795887261629
0.0837806239724
0.0382282473147
-0.101881802082
-0.191460803151
-0.122400335968
0.00288184429519
0.0627625957131
0.0406230166554
0.0634424760938
0.0893016159534
0.172824963927
0.237629964948
0.162669628859
0.105247557163
-0.0411334522069
-0.0129893133417
0.150874212384
0.0218346342444
-0.143864199519
-0.062650538981
0.0902603268623
0.164649277925
0.191582366824
0.152557596564
0.0798709988594
0.0634005740285
0.0484583191574
-0.0433499328792
-0.145038291812
-0.0892283245921
-0.121796220541
-0.105346687138
0.0179657973349
-0.0675145685673
-0.0515956506133
0.0262740030885
0.00417678803205
0.0064075216651
-0.0115887830034
0.0116769680753
0.0370476730168
-0.0462923794985
-0.0194044616073
0.0144001245499
-0.103104948997
-0.151882663369
-0.238729506731
-0.143880009651
0.042976859957
0.101994074881
0.0274749044329
-0.0438040345907
-0.00590439932421
-0.100283920765
-0.0912496894598
-0.0330280512571
-0.00963522493839
0.00141213415191
-0.0730958282948
-0.0265512652695
-0.00948397815228
0.000728679471649
0.0159435402602
0.0402696430683
0.116945177317
0.0815772041678
0.0263365581632
0.0286077540368
0.095581330359
0.277544736862
0.233956426382
0.0661725625396
-0.104987077415
-0.221325650811
-0.155695930123
-0.057355158031
0.0152735821903
0.0763122737408
0.0904716029763
0.0590150244534
0.0224548764527
-0.000902559491806
0.0063891117461
0.0441148541868
0.0951998904347
0.128872320056
0.11727502197
0.0604131706059
-0.00749946571887
-0.0410891659558
-0.02925497666
0.00296396855265
0.024147529155
0.0223672278225
0.00185149337631
-0.03147322312
-0.0812964960933
-0.12486448139
-0.116851389408
-0.0657587200403
-0.0288354400545
-0.0348463505507
-0.0612222701311
-0.0896193757653
-0.102593660355
-0.0671257376671
0.0143274795264
0.0301409810781
0.0338912308216
0.0258315112442
-0.0446384213865
-0.0378698259592
-0.0379608869553
0.07520044595
0.1850399822
0.0726599022746
-0.0280249621719
-0.0333867259324
-0.0152939949185
-0.104434534907
-0.202609583735
-0.141720503569
-0.0130711775273
0.191896036267
0.0454621762037
0.000662878272124
0.00719610461965
-0.0531541481614
-0.0190201122314
-0.00331929326057
0.0816267281771
0.0476824454963
0.0727679431438
0.0628242045641
0.0651170760393
0.0729262307286
0.124938413501
0.0887416526675
0.00229162862524
0.0272702202201
0.0229627955705
-0.062273465097
-0.0787631645799
-0.0134539986029
-0.0617627613246
-0.0971461385489
-0.0896222218871
-0.0935212746263
-0.112508460879
-0.0863685458899
0.00474990950897
0.105533085763
0.0980361551046
-0.00212072674185
-0.0765314847231
-0.136732205749
-0.120461091399
-0.0683129951358
-0.0710448920727
-0.0602297522128
-0.0460069142282
-0.0437014885247
0.0181666724384
0.0985826328397
0.0667836070061
0.0461850985885
0.15646019578
0.247215822339
0.228932291269
0.111069783568
-0.0467191748321
-0.131849721074
-0.0854698196054
-0.00497798761353
0.00583005044609
-0.00137795310002
0.0333952568471
0.0548051260412
0.0207682717592
-0.0240965206176
-0.0220752134919
-0.0165796373039
-0.0361362919211
-0.0198763310909
-0.0162604283541
-0.037835098803
0.0122681288049
0.0731597468257
0.0137889208272
-0.0847416967154
-0.125156447291
-0.102593660355
-0.00842921622097
0.101124286652
0.133812263608
0.107204690576
0.0685567334294
0.00585612282157
-0.0372287668288
-0.0698234736919
-0.16292771697
-0.188891619444
-0.13669835031
-0.133622050285
-0.0668525099754
0.0596071816981
0.0645151734352
-0.00323230167851
0.00567741505802
0.0616785995662
0.10447242856
0.12492518127
0.0562710575759
-0.0244055874646
0.0149883078411
0.0570383034647
0.0319424346089
0.0192250087857
-0.00541374599561
-0.0521666556597
-0.0503577701747
-0.0227216351777
-0.0179916657507
0.00914671085775
0.057932138443
0.0515787862241
0.0293948128819
0.0542735643685
0.030840286985
-0.092537343502
-0.179856687784
-0.150902986526
-0.0837749764323
-0.0273262839764
0.0419620536268
0.0919847935438
0.104237601161
0.0952077209949
0.0336354486644
-0.0667676776648
-0.0936033502221
-0.0210255105048
0.0233895070851
0.00704311113805
-0.00435899291188
-0.00723509863019
-0.0283992625773
-0.0259365998209
0.0018370031612
-0.01883642748
-0.0776300728321
-0.0560990609229
0.0467009320855
0.0970410108566
0.0735552385449
0.0588079206645
0.0422633513808
0.0172830037773
0.0271125510335
0.0424519106746
0.0133902011439
-0.00471993954852
0.0304725840688
0.0306314732879
-0.0370505154133
-0.0740554258227
-0.0599224120378
-0.0360035412014
0.0104823727161
0.0291974339634
-0.0185782965273
-0.0369891822338
-0.0023456835188
0.00856680143625
-0.0057689412497
-0.000222959264647
-0.0142933456227
-0.0582132562995
-0.084601983428
-0.113631360233
-0.0981650128961
-0.00073488149792
0.0690793544054
0.0633950680494
0.0515554994345
0.0254622995853
-0.00289680343121
0.0319163873792
0.0607715249062
0.0440566465259
0.00759361544624
-0.0236598718911
-0.0192527808249
-0.000794643303379
0.020091092214
0.0196901671588
0.0150868333876
0.0283188130707
0.0584039278328
0.0783148780465
0.0432844571769
0.0035854447633
-0.030760936439
-0.0618732646108
-0.0362705178559
0.0234614387155
0.0242074932903
-0.0111238695681
-0.0549373663962
-0.132623955607
-0.112281389534
-0.0400806851685
-0.0122716361657
0.0609408915043
0.0525427125394
0.0267521254718
0.00582447228953
0.012554875575
0.0175925251096
-0.0482237190008
-0.0782489776611
-0.0715112015605
-0.0461742915213
0.011024300009
0.0112101761624
-0.027354683727
-0.0134692071006
0.0217839684337
0.0360935106874
0.0383187793195
0.0329976677895
0.0219020172954
0.0111990747973
0.00784392748028
0.0168423615396
0.0312148910016
0.0361989066005
0.028199147433
0.0101442020386
-0.0122648803517
-0.0303115490824
-0.0364406444132
-0.0289233457297
-0.0199300628155
-0.0175974424928
-0.014078181237
0.00142813415732
0.0191190987825
0.0133623052388
-0.0069904611446
-0.0100373970345
0.0114418659359
0.0288184434175
0.0210331398994
0.009486310184
0.0346264615655
0.049608938396
0.0205088928342
-0.0145252337679
0.00140202022158
0.0337674729526
-0.0147536657751
-0.0343644171953
-0.00968436151743
-0.00341614964418
-0.0300759170204
-0.0327901132405
0.0142794549465
0.0375308059156
0.041855275631
-0.0274345893413
-0.0150608476251
0.0154352271929
0.0225158892572
-0.0278407577425
-0.0960123240948
-0.0500738061965
-0.0114971008152
0.0301323086023
0.0311030112207
0.0419730804861
0.0322766564786
0.00341232027858
-0.0270062498748
-0.00519861234352
-0.0117188608274
-0.0277833268046
0.0241345632821
0.0541199631989
0.0322132967412
-0.000577260623686
-0.0138602759689
0.000301038671751
4.89214653498e-06
0.0154962660745
0.0365558639169
0.0141000151634
-0.0157652068883
-0.0447703637183
-0.0268531776965
-0.0350051186979
-0.0165922157466
0.0403458215296
0.0337033569813
0.0168540682644
0.00917553156614
0.0195827707648
-0.000373718183255
0.00123327772599
-0.00480309827253
-0.0313870422542
-0.0216254312545
-0.025930352509
-0.0251907128841
-0.0150349223986
-0.000957180629484
0.0248661078513
0.0409756377339
0.00430910801515
-0.0387780591846
-0.00281622097827
0.0663956403732
0.0788258016109
0.0427771955729
0.0284539610147
0.0252788066864
0.00866554025561
-0.028023544699
-0.0240044761449
0.00823624711484
0.0321070626378
0.0421066619456
0.0374639779329
0.0186221729964
0.00564402947202
0.0174300447106
0.0280731469393
0.0150831863284
-0.0078722955659
-0.0173998139799
-0.0110078742728
-0.00458456389606
-0.0132209993899
-0.0348947308958
-0.062294665724
-0.0746602192521
-0.0567553043365
-0.026314040646
-0.00947955623269
-0.00877859722823
-0.02951028198
-0.0579175613821
-0.0564841516316
-0.0360871292651
-0.0223508458585
-0.00526865106076
0.00238608242944
0.00581437675282
0.0294856708497
0.0418043322861
0.0254611056298
0.0168313905597
0.00742775388062
-0.00812287442386
-0.00819119159132
-0.0148017993197
-0.0155879929662
0.00769316824153
0.0240729320794
0.0502371303737
0.0557821020484
0.0423267148435
0.0574643053114
0.0573646910489
0.0180056784302
-0.0148372566327
-0.0229841675609
-0.0283252354711
0.00904665142298
0.0255783312023
0.0186466593295
0.00167661742307
-0.0222047567368
0.000361133541446
-0.0103952940553
-0.0410600975156
-0.0227404087782
0.0158720500767
0.0385778769851
0.027089336887
