-0.0310093145818
-0.0309795122594
-0.030949709937
-0.0309050064534
-0.0308901052922
-0.030875204131
-0.0308603029698
-0.0308155994862
-0.030800698325
-0.0307559948415
-0.0307708960027
-0.0307261925191
-0.0306963901967
-0.0306665878743
-0.0306516867131
-0.0306367855519
-0.0305771809071
-0.0305771809071
-0.0305473785847
-0.0305473785847
-0.03048777394
-0.03048777394
-0.0304579716176
-0.0304281692952
-0.0303983669728
-0.0303536634892
-0.0303685646504
-0.030338762328
-0.0302940588444
-0.0302791576833
-0.0302493553609
-0.0302344541997
-0.0301897507161
-0.0301748495549
-0.0301599483937
-0.0301152449101
-0.0301152449101
-0.0300705414265
-0.0300556402653
-0.030025837943
-0.0299960356206
-0.0300109367818
-0.0299364309758
-0.0299364309758
-0.0299066286534
-0.029876826331
-0.0298470240086
-0.0298470240086
-0.0297725182027
-0.0297874193639
-0.0297576170415
-0.0297278147191
-0.0297278147191
-0.0296533089131
-0.0296682100743
-0.0296384077519
-0.0295937042683
-0.0295788031071
-0.0295639019459
-0.0295191984624
-0.0295042973012
-0.0294744949788
-0.0294595938176
-0.0294446926564
-0.0293850880116
-0.0293850880116
-0.0293701868504
-0.0293254833668
-0.0292956810445
-0.0292956810445
-0.0292658787221
-0.0292062740773
-0.0292062740773
-0.0292062740773
-0.0291466694325
-0.0291019659489
-0.0291168671101
-0.0290870647877
-0.0290572624654
-0.0290125589818
-0.029027460143
-0.0289827566594
-0.0289380531758
-0.0289231520146
-0.0289082508534
-0.0288933496922
-0.0288486462086
-0.0288337450475
-0.0288039427251
-0.0287890415639
-0.0287443380803
-0.0287443380803
-0.0286847334355
-0.0286847334355
-0.0286549311131
-0.0286251287907
-0.0285953264683
-0.0285953264683
-0.028565524146
-0.0285059195012
-0.0285059195012
-0.0285059195012
-0.0284463148564
-0.0284016113728
-0.028416512534
-0.0283867102116
-0.0283420067281
-0.0283271055669
-0.0283122044057
-0.0282675009221
-0.0282525997609
-0.0282376985997
-0.0281929951161
-0.0281929951161
-0.0281482916325
-0.0281333904713
-0.028103588149
-0.0280737858266
-0.0280439835042
-0.0280141811818
-0.0280141811818
-0.027954576537
-0.027954576537
-0.0279247742146
-0.0279247742146
-0.0278651695698
-0.0278651695698
-0.0278055649251
-0.0277906637639
-0.0277757626027
-0.0277757626027
-0.0277012567967
-0.0277161579579
-0.0276714544743
-0.0276565533131
-0.0276118498296
-0.0275969486684
-0.0275820475072
-0.0275224428624
-0.0275373440236
-0.02749264054
-0.0274628382176
-0.0274628382176
-0.0274032335728
-0.0274032335728
-0.0273883324116
-0.0273436289281
-0.0273138266057
-0.0272691231221
-0.0272840242833
-0.0272542219609
-0.0272244196385
-0.0271946173161
-0.0271648149937
-0.0271201115102
-0.0271350126714
-0.0270903091878
-0.0270754080266
-0.0270456057042
-0.0270009022206
-0.0270158033818
-0.0269412975758
-0.0269412975758
-0.0269263964146
-0.0268816929311
-0.0268518906087
-0.0268518906087
-0.0268071871251
-0.0267922859639
-0.0267624836415
-0.0267326813191
-0.0267326813191
-0.0266730766743
-0.0266730766743
-0.026643274352
-0.0266134720296
-0.026568768546
-0.0265538673848
-0.0265538673848
-0.02649426274
-0.0264793615788
-0.0264644604176
-0.026419756934
-0.0264346580952
-0.0263601522893
-0.0263750534505
-0.0263303499669
-0.0263154488057
-0.0262707453221
-0.0262409429997
-0.0262558441609
-0.0261813383549
-0.0261813383549
-0.0261515360326
-0.0261217337102
-0.0261217337102
-0.0260621290654
-0.0260621290654
-0.026032326743
-0.0260025244206
-0.0259727220982
-0.0259429197758
-0.0259429197758
-0.0258684139699
-0.0258833151311
-0.0258535128087
-0.0258088093251
-0.0258237104863
-0.0257492046803
-0.0257641058415
-0.0257194023579
-0.0256746988744
-0.0256896000355
-0.0256299953908
-0.0256150942296
-0.0256001930684
-0.025570390746
-0.0255405884236
-0.0255256872624
-0.0254809837788
-0.0254809837788
-0.0254213791341
-0.0254213791341
-0.0253915768117
-0.0253468733281
-0.0253319721669
-0.0253319721669
-0.0252723675221
-0.0252723675221
-0.0252276640385
-0.0252127628773
-0.025182960555
-0.0251680593938
-0.0251233559102
-0.025108454749
-0.0250935535878
-0.0250488501042
-0.0250190477818
-0.025033948943
-0.024959443137
-0.024959443137
-0.0249445419759
-0.0248998384923
-0.0248700361699
-0.0248402338475
-0.0248402338475
-0.0247806292027
-0.0247806292027
-0.0247508268803
-0.0247210245579
-0.0247210245579
-0.024646518752
-0.0246614199132
-0.0246316175908
-0.0246018152684
-0.0245571117848
-0.0245422106236
-0.02449750714
-0.0245124083012
-0.0244677048177
-0.0244230013341
-0.0244379024953
-0.0243931990117
-0.0243484955281
-0.0243484955281
-0.0242888908833
-0.0243037920445
-0.0242590885609
-0.0242292862386
-0.0242292862386
-0.0241696815938
-0.0241696815938
-0.0241398792714
-0.024110076949
-0.0240802746266
-0.0240504723042
-0.0240057688206
-0.0240206699818
-0.0239908676594
-0.0239312630147
-0.0239461641759
-0.0239014606923
-0.0238567572087
-0.0238716583699
-0.0237971525639
-0.0238120537251
-0.0237673502415
-0.0237375479192
-0.023722646758
-0.0237077455968
-0.0236779432744
-0.0236183386296
-0.0236332397908
-0.0235885363072
-0.0235587339848
-0.0235587339848
-0.0234991293401
-0.0234991293401
-0.0234693270177
-0.0234395246953
-0.0233948212117
-0.0233799200505
-0.0233799200505
-0.0233203154057
-0.0233054142445
-0.0232905130833
-0.0232458095998
-0.0232309084386
-0.0232160072774
-0.0231713037938
-0.0231564026326
-0.0231415014714
-0.0230967979878
-0.0230669956654
-0.0230520945042
-0.023037193343
-0.0229775886983
-0.0229775886983
-0.0229477863759
-0.0229179840535
-0.0228881817311
-0.0228583794087
-0.0228583794087
-0.0228285770863
-0.0227689724416
-0.0227689724416
-0.022724268958
-0.0227391701192
-0.0226795654744
-0.0226795654744
-0.0226050596684
-0.0226199608296
-0.022575257346
-0.0225603561848
-0.0225454550236
-0.0225007515401
-0.0224858503789
-0.0224560480565
-0.0223964434117
-0.0224411468953
-0.0223666410893
-0.0223368387669
-0.0223368387669
-0.0222772341222
-0.0222772341222
-0.0222474317998
-0.0222176294774
-0.022187827155
-0.022187827155
-0.0221282225102
-0.0221282225102
-0.0220835190266
-0.0220686178654
-0.0220388155431
-0.0219941120595
-0.0220090132207
-0.0219345074147
-0.0219494085759
-0.0219047050923
-0.0218898039311
-0.0218451004475
-0.0218301992863
-0.0218152981251
-0.0217854958028
-0.021725891158
-0.021725891158
-0.0217109899968
-0.0216662865132
-0.0216662865132
-0.0216066818684
-0.0216066818684
-0.021576879546
-0.0215470772237
-0.0215023737401
-0.0214874725789
-0.0214576702565
-0.0214576702565
-0.0213831644505
-0.0213980656117
-0.0213682632893
-0.0213235598058
-0.0213384609669
-0.021263955161
-0.0212490539998
-0.0212341528386
-0.0212043505162
-0.021189449355
-0.0211447458714
-0.021114943549
-0.021114943549
-0.0210553389043
-0.0210702400655
-0.0210255365819
-0.0209957342595
-0.0209659319371
-0.0209361296147
-0.0208914261311
-0.0209063272923
-0.0208467226475
-0.0208467226475
-0.0208169203252
-0.0207722168416
-0.0207871180028
-0.020727513358
-0.0206828098744
-0.0206977110356
-0.020653007552
-0.0206381063908
-0.0205934029073
-0.0205636005849
-0.0205785017461
-0.0205039959401
-0.0205039959401
-0.0204741936177
-0.0204294901341
-0.0204443912953
-0.0203847866505
-0.0203549843282
-0.0203549843282
-0.0202953796834
-0.0202953796834
-0.020265577361
-0.0202208738774
-0.0202059727162
-0.0202059727162
-0.0201463680714
-0.0201314669102
-0.0200867634267
-0.0200718622655
-0.0200569611043
-0.0200420599431
-0.0199973564595
-0.0199526529759
-0.0199675541371
-0.0199228506535
-0.0198632460088
-0.0198781471699
-0.0198632460088
-0.019803641364
-0.0197738390416
-0.0197738390416
-0.0197440367192
-0.0196844320744
-0.0196844320744
-0.019654629752
-0.019654629752
-0.0195950269699
-0.0195950269699
-0.0195205211639
-0.0195354223251
-0.0195056200027
-0.0194609165192
-0.019446015358
-0.0194013118744
-0.0194162130356
-0.019371509552
-0.0193268060684
-0.0193119049072
-0.019297003746
-0.0192523002625
-0.0192523002625
-0.0191926956177
-0.0192075967789
-0.0191330909729
-0.0191330909729
-0.0191032886505
-0.0190734863281
-0.0190436840057
-0.0190436840057
-0.018984079361
-0.0189691781998
-0.0189542770386
-0.0189244747162
-0.0188946723938
-0.0188499689102
-0.018835067749
-0.0187903642654
-0.0188052654266
-0.0187754631042
-0.0187307596207
-0.0186711549759
-0.0187158584595
-0.0186413526535
-0.0186115503311
-0.0186264514923
-0.0185519456863
-0.0185519456863
-0.018522143364
-0.0184923410416
-0.0184625387192
-0.0184327363968
-0.0184327363968
-0.018373131752
-0.018373131752
-0.0183433294296
-0.0183135271072
-0.0182837247849
-0.0182390213013
-0.0182241201401
-0.0182241201401
-0.0181794166565
-0.0181347131729
-0.0181198120117
-0.0181049108505
-0.0180602073669
-0.0180304050446
-0.0180453062057
-0.0179708003998
-0.0179708003998
-0.0179558992386
-0.017911195755
-0.0178813934326
-0.0178515911102
-0.0178217887878
-0.0178217887878
-0.0177621841431
-0.0177621841431
-0.0177323818207
-0.0177025794983
-0.0176578760147
-0.0176429748535
-0.0176131725311
-0.0175833702087
-0.0175684690475
-0.0175535678864
-0.0175088644028
-0.0174939632416
-0.017449259758
-0.0174343585968
-0.0173896551132
-0.0173896551132
-0.0173449516296
-0.0173300504684
-0.0173002481461
-0.0172704458237
-0.0172406435013
-0.0172257423401
-0.0171810388565
-0.0171810388565
-0.0171512365341
-0.0170767307281
-0.0170916318893
-0.017061829567
-0.0170320272446
-0.0170022249222
-0.016987323761
-0.0169426202774
-0.0169426202774
-0.0168979167938
-0.0168532133102
-0.016838312149
-0.0168532133102
-0.0167787075043
-0.0167489051819
-0.0167638063431
-0.0166893005371
-0.0166893005371
-0.0166743993759
-0.0166296958923
-0.0165998935699
-0.0165700912476
-0.0165402889252
-0.0165402889252
-0.0164806842804
-0.0164806842804
-0.016450881958
-0.0164061784744
-0.0163912773132
-0.0163614749908
-0.0163614749908
-0.0162869691849
-0.0163018703461
-0.0162422657013
-0.0162273645401
-0.0162124633789
-0.0161677598953
-0.0161379575729
-0.0161528587341
-0.0160783529282
-0.0160783529282
-0.0160336494446
-0.0160187482834
-0.015988945961
-0.0159591436386
-0.0159293413162
-0.0158995389938
-0.0158995389938
-0.0158399343491
-0.0158399343491
-0.0158101320267
-0.0157803297043
-0.0157356262207
-0.0157207250595
-0.0156909227371
-0.0156462192535
-0.0156611204147
-0.0156313180923
-0.0155568113551
-0.0155717125162
-0.0155270090327
-0.0154972067103
-0.0154823055491
-0.0154674043879
-0.0154077997431
-0.0154077997431
-0.0153630962595
-0.0153481950983
-0.015318392776
-0.0152885904536
-0.0152587881312
-0.0152289858088
-0.0152289858088
-0.015169381164
-0.015169381164
-0.0151246776804
-0.0150799741969
-0.0150799741969
-0.0150352707133
-0.0150501718745
-0.0149905672297
-0.0149458637461
-0.0149607649073
-0.0149160614237
-0.0148713579401
-0.0148564567789
-0.0148266544566
-0.0148117532954
-0.0147968521342
-0.0147372474894
-0.014707445167
-0.014707445167
-0.0146776428446
-0.0146180381998
-0.0146180381998
-0.0145882358775
-0.0145882358775
-0.0145286312327
-0.0144988289103
-0.0144988289103
-0.0144243231043
-0.0144392242655
-0.0144094219431
-0.0143647184595
-0.0143498172984
-0.0143051138148
-0.014320014976
-0.01424550917
-0.0142306080088
-0.0142157068476
-0.0141859045252
-0.014171003364
-0.0141262998804
-0.0140964975581
-0.0140666952357
-0.0140368929133
-0.0140368929133
-0.0139772882685
-0.0139772882685
-0.0139474859461
-0.0139176836237
-0.0138878813013
-0.013858078979
-0.0138282766566
-0.013783573173
-0.0137984743342
-0.0137388696894
-0.0137239685282
-0.013709067367
-0.0136643638834
-0.0136494627222
-0.0136047592387
-0.0135749569163
-0.0135600557551
-0.0135451545939
-0.0134855499491
-0.0134855499491
-0.0134706487879
-0.0134259453043
-0.0133961429819
-0.0133663406596
-0.0133365383372
-0.0133067360148
-0.0133067360148
-0.01324713137
-0.0132322302088
-0.0132173290476
-0.0131577244028
-0.0131577244028
-0.0131130209193
-0.0131279220805
-0.0130534162745
-0.0130385151133
-0.0130236139521
-0.0129789104685
-0.0129640093073
-0.0129342069849
-0.0129193058237
-0.0128746023402
-0.0128448000178
-0.0128448000178
-0.0128000965342
-0.0127553930506
-0.0127553930506
-0.0127255907282
-0.0126659860834
-0.0126659860834
-0.0126212825999
-0.0126361837611
-0.0125765791163
-0.0125467767939
-0.0125467767939
-0.0124722709879
-0.0124871721491
-0.0124424686655
-0.012397765182
-0.0123828640208
-0.0123679628596
-0.0123530616984
-0.0123083582148
-0.0122636547312
-0.0122636547312
-0.0122040500864
-0.0122189512476
-0.0121742477641
-0.0121444454417
-0.0121146431193
-0.0120848407969
-0.0120550384745
-0.0120252361521
-0.0120252361521
-0.0119507303461
-0.0119656315073
-0.0119358291849
-0.0119060268626
-0.011861323379
-0.0118464222178
-0.0118166198954
-0.0117719164118
-0.011786817573
-0.011712311767
-0.0117272129282
-0.0116527071223
-0.0116527071223
-0.0116378059611
-0.0115931024775
-0.0115633001551
-0.0115334978327
-0.0115036955103
-0.0115036955103
-0.0114440908656
-0.0114440908656
-0.0114142885432
-0.0113546838984
-0.0113546838984
-0.011324881576
-0.0112950792536
-0.0112801780924
-0.0112354746088
-0.0112056722865
-0.0111907711253
-0.0111460676417
-0.0111311664805
-0.0111162653193
-0.0110715618357
-0.0110566606745
-0.0110119571909
-0.0109821548685
-0.0109523525462
-0.0109672537073
-0.0108927479014
-0.0108927479014
-0.010862945579
-0.0108033409342
-0.0108033409342
-0.0107735386118
-0.0107437362894
-0.0107139339671
-0.0106990328059
-0.0106543293223
-0.0106543293223
-0.0105947246775
-0.0105798235163
-0.0105649223551
-0.0105202188715
-0.0105053177103
-0.0104606142268
-0.0104457130656
-0.010401009582
-0.0103861084208
-0.0103712072596
-0.0103116026148
-0.0103116026148
-0.0102818002924
-0.0102668991312
-0.0102221956477
-0.0101923933253
-0.0101625910029
-0.0101327886805
-0.0101029863581
-0.0100880851969
-0.0100433817133
-0.0100433817133
-0.00998377706856
-0.00996887590736
-0.00995397474617
-0.00992417242378
-0.0098794689402
-0.009864567779
-0.00984966661781
-0.00980496313423
-0.00979006290436
-0.00973045825958
-0.00974535942078
-0.00970065593719
-0.00964105129242
-0.00964105129242
-0.00961124897003
-0.00958144664764
-0.00958144664764
-0.00952184200287
-0.00949203968048
-0.00949203968048
-0.00943243503571
-0.00943243503571
-0.00940263271332
-0.00937283039093
-0.00932812690735
-0.00931322574615
-0.00926852226257
-0.00925362110138
-0.0092089176178
-0.00922381877899
-0.00914931297302
-0.00916421413422
-0.00911951065063
-0.00905990600586
-0.00907480716705
-0.00903010368347
-0.00900030136108
-0.0089704990387
-0.0089704990387
-0.00891089439392
-0.00891089439392
-0.00885128974915
-0.00885128974915
-0.00879168510437
-0.00879168510437
-0.00876188278198
-0.0087171792984
-0.00870227813721
-0.00867247581482
-0.00865757465363
-0.00861287117004
-0.00859797000885
-0.00858306884766
-0.00853836536407
-0.00852346420288
-0.00850856304169
-0.00844895839691
-0.00846385955811
-0.00841915607452
-0.00838935375214
-0.00835955142975
-0.00835955142975
-0.00829994678497
-0.00829994678497
-0.00827014446259
-0.00827014446259
-0.0082403421402
-0.00818073749542
-0.00821053981781
-0.00815093517303
-0.00815093517303
-0.00812113285065
-0.00807642936707
-0.00806152820587
-0.00806152820587
-0.00801682472229
-0.00803172588348
-0.00795722007751
-0.00797212123871
-0.00795722007751
-0.00794231891632
-0.00789761543274
-0.00788271427155
-0.00786781311035
-0.00785291194916
-0.00780820799991
-0.00780820799991
-0.00777840567753
-0.00779330683872
-0.00774860335514
-0.00771880103275
-0.00771880103275
-0.00768899871036
-0.00765919638798
-0.00765919638798
-0.00765919638798
-0.0075995917432
-0.00762939406559
-0.00756978942081
-0.00756978942081
-0.00756978942081
-0.00753998709843
-0.00753998709843
-0.00749528361484
-0.00748038245365
-0.00748038245365
-0.00745058013126
-0.00743567897007
-0.00745058013126
-0.00742077780887
-0.00737607432529
-0.00739097548649
-0.00739097548649
-0.00734627200291
-0.00733137084171
-0.00734627200291
-0.00730156851932
-0.00728666735813
-0.00730156851932
-0.00728666735813
-0.00727176619694
-0.00722706271335
-0.00722706271335
-0.00724196387455
-0.00722706271335
-0.00719726039097
-0.00718235922977
-0.00716745806858
-0.00716745806858
-0.00718235922977
-0.00713765574619
-0.00713765574619
-0.0071078534238
-0.0071078534238
-0.007122754585
-0.00707805110142
-0.00707805110142
-0.00707805110142
-0.00707805110142
-0.00704824877903
-0.00704824877903
-0.00701844645664
-0.00704824877903
-0.00701844645664
-0.00701844645664
-0.00698864413425
-0.00698864413425
-0.00698864413425
-0.00698864413425
-0.00698864413425
-0.00695884181187
-0.00695884181187
-0.00695884181187
-0.00692903948948
-0.00695884181187
-0.00692903948948
-0.00692903948948
-0.00692903948948
-0.00692903948948
-0.00689923716709
-0.0068843360059
-0.00692903948948
-0.00689923716709
-0.0068694348447
-0.00689923716709
-0.00689923716709
-0.00685453368351
-0.0068694348447
-0.00689923716709
-0.0068694348447
-0.0068694348447
-0.00685453368351
-0.00683963252231
-0.0068694348447
-0.0068694348447
-0.00683963252231
-0.00682473136112
-0.00683963252231
-0.00680983019993
-0.00680983019993
-0.00676512671635
-0.00675022555515
-0.00673532439396
-0.00669062091038
-0.00664591742679
-0.00666081858799
-0.00658631278202
-0.00652670813724
-0.00651180697605
-0.00646710349247
-0.00640749884769
-0.00634789420292
-0.00628828955814
-0.00625848723575
-0.0061541791074
-0.00610947562382
-0.00603496981785
-0.00599026633427
-0.00588595820591
-0.00582635356113
-0.00573694659397
-0.00564753962681
-0.00558793498203
-0.00546872569248
-0.00539421988651
-0.00527501059696
-0.00523030711338
-0.00506639434025
-0.00499188853428
-0.00488758087158
-0.00476837158203
-0.00466406345367
-0.00454485416412
-0.00442564487457
-0.00427663326263
-0.00417232513428
-0.00406801700592
-0.00390410399996
-0.00378489471041
-0.00366568542086
-0.00347197032534
-0.00338256335817
-0.00320374942385
-0.00305473781191
-0.00293552852236
-0.00274181342684
-0.0025928018149
-0.00244379043579
-0.00229477882385
-0.00210106372833
-0.00195205199998
-0.00174343574326
-0.00160932529252
-0.001415610197
-0.0012069940567
-0.00104308128357
-0.000849366129842
-0.000670552195515
-0.000461935967905
-0.000283122062683
-8.94069598871e-05
0.000149011611938
0.000342726678355
0.000521540641785
0.000759959162679
0.000983476638794
0.00117719173431
0.001415610197
0.00163912761491
0.00186264503282
0.00207126140594
0.00235438346863
0.00253319717012
0.00280141807161
0.00305473781191
0.00326335406862
0.00354647613131
0.00378489471041
0.00405311584473
0.00427663326263
0.00457465648651
0.00482797622681
0.00506639434025
0.00536441756412
0.00561773730442
0.00588595820591
0.00619888259098
0.00643730117008
0.00675022555515
0.00701844645664
0.00731646968052
0.00762939406559
0.00791251659393
0.00821053981781
0.0084787607193
0.00882148742676
0.00911951065063
0.00943243503571
0.00973045825958
0.0100731840357
0.0103861084208
0.0106990328059
0.0110268583521
0.0113546838984
0.0116825094447
0.0120252361521
0.0123530616984
0.0127255907282
0.0130385151133
0.0133961429819
0.0137388696894
0.0140964975581
0.0143945207819
0.0147521486506
0.0150650730357
0.0153779974207
0.0156909227371
0.015988945961
0.0162720680237
0.0165700912476
0.016838312149
0.0170916318893
0.017374753952
0.0176280736923
0.0178962945938
0.0180900096893
0.0183433294296
0.0185817480087
0.0188052654266
0.0190138816833
0.0191926956177
0.0194013118744
0.0196248274297
0.0197738390416
0.0199675541371
0.0201016645879
0.0202953796834
0.0204443912953
0.0205785017461
0.0207424145192
0.0208467226475
0.0209957342595
0.0210851412266
0.0212192516774
0.0213235598058
0.0213980656117
0.0215172749013
0.021576879546
0.0216662865132
0.021725891158
0.0217556934804
0.0218451004475
0.0218898039311
0.0219047050923
0.0219494085759
0.0219643097371
0.0220090132207
0.0220090132207
0.0219941120595
0.0219792108983
0.0219941120595
0.0219494085759
0.0219345074147
0.0219196062535
0.0218451004475
0.0218301992863
0.021725891158
0.0216960888356
0.0216364841908
0.0215172749013
0.0214874725789
0.0213533621281
0.0212490539998
0.0211745481938
0.0210255365819
0.0209361296147
0.0207871180028
0.020653007552
0.0205039959401
0.0203549843282
0.0202357750386
0.0200271587819
0.0198632460088
0.0197142343968
0.0195056200027
0.0192821025848
0.0191032886505
0.0189244747162
0.0186711549759
0.0184625387192
0.0182241201401
0.0180006027222
0.0177323818207
0.017523765564
0.0172406435013
0.0169575214386
0.0167042016983
0.0164061784744
0.0161230564117
0.0158399343491
0.0155270090327
0.0152289858088
0.0149011602625
0.0145733347163
0.0142604103312
0.0139176836237
0.0135451545939
0.0132173290476
0.0128448000178
0.0124871721491
0.0121146431193
0.011712311767
0.011324881576
0.0109523525462
0.0105351200327
0.0101327886805
0.00970065593719
0.00928342342377
0.00883638858795
0.00840425491333
0.00795722007751
0.00751018477604
0.00707805110142
0.0066310162656
0.00618398142979
0.00573694659397
0.00534951640293
0.00487267971039
0.00445544719696
0.00403821468353
0.00359117961489
0.00320374942385
0.00275671458803
0.00233948230743
0.00193715083878
0.00151991832536
0.00110268592834
0.000670552195515
0.000298023223877
-0.000119209282275
-0.000551342964172
-0.000908970774617
-0.00131130206864
-0.00174343574326
-0.00210106372833
-0.00250339484774
-0.00290572619997
-0.00329315639101
-0.00366568542086
-0.00405311584473
-0.00442564487457
-0.00482797622681
-0.0051856036298
-0.00555813265964
-0.00594556285068
-0.00631809188053
-0.00664591742679
-0.00706314994022
-0.00740587664768
-0.00774860335514
-0.00812113285065
-0.00849366188049
-0.00880658626556
-0.0091940164566
-0.00955164432526
-0.0098794689402
-0.0102221956477
-0.0105649223551
-0.0109225502238
-0.0112652769312
-0.0115633001551
-0.0119358291849
-0.0122636547312
-0.0125765791163
-0.0129044046625
-0.01324713137
-0.0135451545939
-0.0138878813013
-0.0142306080088
-0.0144839277491
-0.0148415556177
-0.015169381164
-0.0154376020655
-0.0157803297043
-0.0160485506058
-0.0163912773132
-0.0166594982147
-0.0169724225998
-0.0172704458237
-0.0175386667252
-0.0178664922714
-0.0181496143341
-0.0184327363968
-0.0187158584595
-0.0189989805222
-0.019297003746
-0.0195652246475
-0.0198334436864
-0.0201016645879
-0.0203847866505
-0.0206679087132
-0.0209063272923
-0.0212043505162
-0.0214576702565
-0.0216960888356
-0.0219792108983
-0.0222176294774
-0.0224858503789
-0.0227391701192
-0.0229775886983
-0.0232458095998
-0.0234693270177
-0.023722646758
-0.0239759664983
-0.0241994839162
-0.0244528036565
-0.0246614199132
-0.0248998384923
-0.0251382570714
-0.0253617744893
-0.0256001930684
-0.0257939081639
-0.0260621290654
-0.0262409429997
-0.0264644604176
-0.0267028789967
-0.0268816929311
-0.027105210349
-0.0273436289281
-0.02749264054
-0.0277459602803
-0.0279247742146
-0.0281333904713
-0.0283122044057
-0.0285059195012
-0.0287145357579
-0.0289082508534
-0.0290870647877
-0.0292658787221
-0.0294446926564
-0.0296682100743
-0.0298172216862
-0.0299960356206
-0.0301450472325
-0.030338762328
-0.0305175762624
-0.0306963901967
-0.0308305006474
-0.0309944134206
-0.0311881285161
-0.0313222408295
-0.0314861536026
-0.0316500663757
-0.0317990779877
-0.0319182872772
-0.0321120023727
-0.0321865081787
-0.0323504209518
-0.0324696302414
-0.0326037406921
-0.0326782464981
-0.0328123569489
-0.0328570604324
-0.0329911708832
-0.0330805778503
-0.0331699848175
-0.0332444906235
-0.0332891941071
-0.033363699913
-0.0334084033966
-0.0334829092026
-0.0334978103638
-0.0335425138474
-0.0336021184921
-0.0336021184921
-0.0336319208145
-0.0336617231369
-0.0336617231369
-0.0336319208145
-0.0336617231369
-0.0336468219757
-0.0336319208145
-0.0336021184921
-0.0336021184921
-0.0335425138474
-0.033512711525
-0.033438205719
-0.0334233045578
-0.0333487987518
-0.0333040952682
-0.0332295894623
-0.0331401824951
-0.0330805778503
-0.0329613685608
-0.032901763916
-0.0327676534653
-0.0326782464981
-0.0325739383698
-0.0324696302414
-0.0323206186295
-0.0321865081787
-0.0320822000504
-0.0319182872772
-0.0317990779877
-0.0316202640533
-0.0314563512802
-0.0313073396683
-0.0311285238713
-0.030949709937
-0.0307559948415
-0.0305920820683
-0.0303834658116
-0.0301897507161
-0.0299662332982
-0.0297874193639
-0.0295340996236
-0.0293254833668
-0.0290870647877
-0.0288337450475
-0.0286251287907
-0.0283569078892
-0.028103588149
-0.0278353672475
-0.0275820475072
-0.0273138266057
-0.0270158033818
-0.0267624836415
-0.0264346580952
-0.0261515360326
-0.0258386116475
-0.0255554895848
-0.0252276640385
-0.0248998384923
-0.0246018152684
-0.0242292862386
-0.0239014606923
-0.0235885363072
-0.023186204955
-0.0228583794087
-0.0225007515401
-0.022113321349
-0.0217705946416
-0.0213533621281
-0.0209659319371
-0.0206083040684
-0.0201612692326
-0.0198185425252
-0.019371509552
-0.0189542770386
-0.018522143364
-0.0180900096893
-0.0176727771759
-0.0172406435013
-0.0167936086655
-0.0163167715073
-0.0158697366714
-0.0154227009043
-0.0149458637461
-0.0144690265879
-0.0140070905909
-0.0135451545939
-0.0131279220805
-0.0126659860834
-0.0122040500864
-0.011786817573
-0.0113695850596
-0.010937451385
-0.0104904165491
-0.0101029863581
-0.00970065593719
-0.00931322574615
-0.00888109207153
-0.0084787607193
-0.00812113285065
-0.00771880103275
-0.0073611731641
-0.00698864413425
-0.00658631278202
-0.00625848723575
-0.00588595820591
-0.00552833033726
-0.0051856036298
-0.00485777854919
-0.00451505184174
-0.00417232513428
-0.00384449935518
-0.00354647613131
-0.00323355174623
-0.00290572619997
-0.0025928018149
-0.00230967998505
-0.00198185443878
-0.00174343574326
-0.00140070903581
-0.00116229057312
-0.000894069613423
-0.000610947608948
-0.000327825517161
-8.94069598871e-05
0.000178813919774
0.000432133645518
0.000640749873128
0.000908970774617
0.00113248825073
0.00137090671342
0.00159442413133
0.00178813922685
0.00202655792236
0.00222027301788
0.0024139881134
0.00262260413729
0.00280141807161
0.00302493548952
0.00317394710146
0.00335276103579
0.00354647613131
0.00369548774324
0.00384449935518
0.00402331352234
0.00415742397308
0.00433623790741
0.00442564487457
0.0046044588089
0.00469386577606
0.00485777854919
0.00497698737308
0.00506639434025
0.0051856036298
0.00527501059696
0.00540912104771
0.00545382453129
0.00558793498203
0.00564753962681
0.00573694659397
0.00582635356113
0.00585615588352
0.00596046401188
0.00597536517307
0.00603496981785
0.00610947562382
0.0061392779462
0.00618398142979
0.00619888259098
0.00622868491337
0.00625848723575
0.00628828955814
0.00628828955814
0.00627338839695
0.00628828955814
0.00628828955814
0.00628828955814
0.00625848723575
0.00625848723575
0.00622868491337
0.00618398142979
0.00616908026859
0.00610947562382
0.00606477214023
0.00602006865665
0.00597536517307
0.00588595820591
0.00584125472233
0.00576674891636
0.00570714427158
0.00563263846561
0.00558793498203
0.00552833033726
0.0054240222089
0.00540912104771
0.00530481291935
0.00526010943577
0.00521540595219
0.00512599898502
0.00506639434025
0.00500678969547
0.0049322838895
0.00488758087158
0.00482797622681
0.00475347042084
0.00470876693726
0.00463426113129
0.00457465648651
0.00451505184174
0.00445544719696
0.00439584255219
0.00433623790741
0.00427663326263
0.00420212745667
0.00418722629547
0.00408291816711
0.00406801700592
0.00399351119995
0.00390410399996
0.00387430167757
0.00381469703279
0.00378489471041
0.00369548774324
0.00366568542086
0.0035613772925
0.00354647613131
0.00347197032534
0.00345706916414
0.00335276103579
0.0033229587134
0.00326335406862
0.00320374942385
0.00317394710146
0.0030845401343
0.00305473781191
0.00302493548952
0.00292062736116
0.00290572619997
0.00284612155519
0.00280141807161
0.00271201110445
0.00268220878206
0.00266730762087
0.0025928018149
0.00253319717012
0.00247359252535
0.0024288892746
0.0024139881134
0.00232458114624
0.00227987766266
0.00226497650146
0.0021904706955
0.00214576721191
0.00210106372833
0.00204145908356
0.00201165676117
0.00196695327759
0.0018924473552
0.0018924473552
0.00178813922685
0.00177323806565
0.00174343574326
0.00168383109849
0.00163912761491
0.00159442413133
0.00154972064774
0.00149011600297
0.00147521484178
0.00140070903581
0.00137090671342
0.00134110439103
0.00128149974626
0.00125169742387
0.0012218952179
0.00116229057312
0.00113248825073
0.00105798244476
0.00104308128357
0.00101327896118
0.000938773097005
0.000923871935811
0.000879168452229
0.000819563807454
0.000819563807454
0.000774860323872
0.000700354517903
0.000700354517903
0.000640749873128
0.000610947608948
0.000551342964172
0.000551342964172
0.000476837129099
0.000461935967905
0.000432133645518
0.000357627839549
0.000372529000742
0.000298023223877
0.000283122062683
0.00023841856455
0.000223517403356
0.000178813919774
0.000119209282275
0.000119209282275
5.96046411374e-05
5.96046411374e-05
0.0
-2.98023205687e-05
-5.96046411374e-05
-8.94069598871e-05
-0.000119209282275
-0.000149011611938
-0.000223517403356
-0.000208616242162
-0.00023841856455
-0.000283122062683
-0.000298023223877
-0.000342726678355
-0.000387430161936
-0.00040233132313
-0.000432133645518
-0.000447034806712
-0.000491738319397
-0.000521540641785
-0.000551342964172
-0.000551342964172
-0.000610947608948
-0.000610947608948
-0.000670552195515
-0.000670552195515
-0.000700354517903
-0.000730156840291
-0.000759959162679
-0.000789761485066
-0.000834464968648
-0.000819563807454
-0.000849366129842
-0.000894069613423
-0.000908970774617
-0.000923871935811
-0.000968575419392
-0.000983476638794
-0.000998377799988
-0.00101327896118
-0.00107288360596
-0.00105798244476
-0.00110268592834
-0.00110268592834
-0.00116229057312
-0.00111758708954
-0.00119209289551
-0.00119209289551
-0.0012218952179
-0.00125169742387
-0.00125169742387
-0.00128149974626
-0.00131130206864
-0.00131130206864
-0.00134110439103
-0.00134110439103
-0.00137090671342
-0.001415610197
-0.00140070903581
-0.00143051135819
-0.00143051135819
-0.00147521484178
-0.00146031368058
-0.00149011600297
-0.00150501716416
-0.00151991832536
-0.00156462180894
-0.00154972064774
-0.00154972064774
-0.00159442413133
-0.00157952297013
-0.00162422645371
-0.00162422645371
-0.00163912761491
-0.0016540287761
-0.0016689299373
-0.00168383109849
-0.00168383109849
-0.00169873225968
-0.00171363342088
-0.00174343574326
-0.00174343574326
-0.00172853458207
-0.00174343574326
-0.00177323806565
-0.00180304038804
-0.00175833690446
-0.00180304038804
-0.00180304038804
-0.00183284271043
-0.00183284271043
-0.00183284271043
-0.00183284271043
-0.00184774387162
-0.00186264503282
-0.00186264503282
-0.00186264503282
-0.0018924473552
-0.00186264503282
-0.0018924473552
-0.0018924473552
-0.00192224967759
-0.0018924473552
-0.00192224967759
-0.00192224967759
-0.00192224967759
-0.00192224967759
-0.00192224967759
-0.00195205199998
-0.00192224967759
-0.00195205199998
-0.00192224967759
-0.00196695327759
-0.00195205199998
-0.00195205199998
-0.00195205199998
-0.00195205199998
-0.00195205199998
-0.00195205199998
-0.00195205199998
-0.00195205199998
-0.00195205199998
-0.00195205199998
-0.00198185443878
-0.00195205199998
-0.00195205199998
-0.00196695327759
-0.00195205199998
-0.00195205199998
-0.00192224967759
-0.00195205199998
-0.00195205199998
-0.00192224967759
-0.00195205199998
-0.00192224967759
-0.00192224967759
-0.00192224967759
-0.00192224967759
-0.00192224967759
-0.00192224967759
-0.0018924473552
-0.00192224967759
-0.0018924473552
-0.0018924473552
-0.00186264503282
-0.0018924473552
-0.00186264503282
-0.00186264503282
-0.00186264503282
-0.00183284271043
-0.00183284271043
-0.00181794154923
-0.00183284271043
-0.00183284271043
-0.00180304038804
-0.00180304038804
-0.00177323806565
-0.00175833690446
-0.00177323806565
-0.00177323806565
-0.00174343574326
-0.00169873225968
-0.00174343574326
-0.00171363342088
-0.00169873225968
-0.00168383109849
-0.00168383109849
-0.00163912761491
-0.0016540287761
-0.0016540287761
-0.00160932529252
-0.00159442413133
-0.00160932529252
-0.00156462180894
-0.00157952297013
-0.00151991832536
-0.00156462180894
-0.00149011600297
-0.00153481948655
-0.00146031368058
-0.00149011600297
-0.00144541251939
-0.00143051135819
-0.00143051135819
-0.00140070903581
-0.00137090671342
-0.00138580787461
-0.00134110439103
-0.00134110439103
-0.00131130206864
-0.00128149974626
-0.00128149974626
-0.00125169742387
-0.0012218952179
-0.0012218952179
-0.00119209289551
-0.00114738941193
-0.00116229057312
-0.00113248825073
-0.00110268592834
-0.00110268592834
-0.00105798244476
-0.00104308128357
-0.000998377799988
-0.00101327896118
-0.000983476638794
-0.000938773097005
-0.000908970774617
-0.000923871935811
-0.000879168452229
-0.000864267291036
-0.000819563807454
-0.000789761485066
-0.000759959162679
-0.000774860323872
-0.000730156840291
-0.000700354517903
-0.000670552195515
-0.000640749873128
-0.000610947608948
-0.00058114528656
-0.00058114528656
-0.000506639480591
-0.000521540641785
-0.000491738319397
-0.000432133645518
-0.000417232484324
-0.00040233132313
-0.000372529000742
-0.000298023223877
-0.000312924355967
-0.000268220901489
-0.00023841856455
-0.000223517403356
-0.000178813919774
-0.000119209282275
-0.000119209282275
-0.000104308121081
-2.98023205687e-05
-2.98023205687e-05
-2.98023205687e-05
