-0.00736684631556
-0.00736684631556
-0.0206973291934
-0.0319229997694
-0.0410438515246
-0.0480599105358
-0.0529711209238
-0.0557775460184
-0.056479152292
-0.055075969547
-0.0515679121017
-0.0459551215172
-0.0382374562323
-0.0284149423242
-0.0164877269417
-0.00245560635813
0.0136813027784
0.0319229997694
0.0522695183754
0.074720852077
0.0992770642042
0.125937998295
0.154703766108
0.184947699308
0.214163035154
0.241723164916
0.26762804389
0.291877776384
0.314472109079
0.335411041975
0.354695111513
0.372323662043
0.388297230005
0.402615606785
0.415278106928
0.426285415888
0.435638695955
0.443335592747
0.449377566576
0.453765004873
0.456495195627
0.457571804523
0.456992983818
0.454758733511
0.450870007277
0.445323973894
0.438123911619
0.42926889658
0.418759852648
0.407015889883
0.395731061697
0.385325372219
0.375801682472
0.36715900898
0.359395503998
0.352514892817
0.346511572599
0.341390252113
0.337150871754
0.333790659904
0.331310540438
0.329713314772
0.328994333744
0.329155445099
0.330201327801
0.332122653723
0.334925919771
0.338612109423
0.343177437782
0.348426371813
0.353572875261
0.358421325684
0.362968057394
0.367220461369
0.371167421341
0.374821931124
0.378172814846
0.381225705147
0.383982419968
0.386433660984
0.388592451811
0.390447646379
0.392008543015
0.393263965845
0.394225090742
0.394882619381
0.395249545574
0.395307302475
0.395072609186
0.394536167383
0.39375013113
0.392893314362
0.392019718885
0.39112752676
0.390212953091
0.389277905226
0.388329833746
0.387353807688
0.386362880468
0.385351449251
0.384319543839
0.383269011974
0.382198005915
0.381108343601
0.379998207092
0.378867596388
0.377720206976
0.376548588276
0.375363945961
0.374153226614
0.372927606106
0.371675908566
0.370413035154
0.369124084711
0.367816507816
0.36649402976
0.365145474672
0.363782018423
0.362396210432
0.361006677151
0.359669297934
0.358402699232
0.357199430466
0.356074392796
0.355012685061
0.354014307261
0.353097885847
0.352233618498
0.351447582245
0.350732326508
0.350076675415
0.349499255419
0.348977714777
0.348538130522
0.348165601492
0.347852677107
0.347614258528
0.347442895174
0.347346037626
0.347308784723
0.347338587046
0.347450345755
0.347617983818
0.347856402397
0.348169326782
0.348545581102
0.348988890648
0.349506705999
0.350091576576
0.350743502378
0.351462483406
0.352248519659
0.353112787008
0.354032933712
0.355027586222
0.356093019247
0.357199430466
0.358264863491
0.359266966581
0.360190838575
0.361047655344
0.361844867468
0.362571299076
0.363226950169
0.363819271326
0.364340811968
0.364795297384
0.365186452866
0.365503102541
0.365756422281
0.365938961506
0.366054445505
0.366102874279
0.366087973118
0.365998566151
0.365845829248
0.365622311831
0.365335464478
0.36498901248
0.364642560482
0.364307284355
0.363983184099
0.363673985004
0.3633685112
0.363077938557
0.362794816494
0.362530320883
0.362265825272
0.362023681402
0.361785262823
0.361561745405
0.361345678568
0.361144512892
0.360947072506
0.360771983862
0.360600620508
0.360436707735
0.360295146704
0.360153585672
0.360026925802
0.359907716513
0.359810858965
0.359714001417
0.359632045031
0.359557539225
0.35950538516
0.359453231096
0.359408527613
0.359386175871
0.359363824129
0.35937127471
0.359363824129
0.359386175871
0.359408527613
0.359453231096
0.359490483999
0.359542638063
0.359594792128
0.359654396772
0.359706550837
0.359781056643
0.359840661287
0.359922617674
0.360012024641
0.360079079866
0.360175937414
0.360272794962
0.360362201929
0.360473960638
0.360570818186
0.360690027475
0.360801786184
0.360928446054
0.361047655344
0.361181765795
0.361315876245
0.361457437277
0.361598998308
0.36174800992
0.361897021532
0.362060934305
0.362209945917
0.362388759851
0.362560123205
0.362731486559
0.362902849913
0.363104015589
0.363290280104
0.363476544619
0.363677710295
0.363886326551
0.364080041647
0.364303559065
0.364512175322
0.364720791578
0.364944308996
0.365175276995
0.365391343832
0.365622311831
0.365853279829
0.366099148989
0.366322666407
0.366575986147
0.366814404726
0.367075175047
0.367313593626
0.367574363947
0.367835134268
0.368095904589
0.368349224329
0.368632346392
0.368900567293
0.369168788195
0.369451910257
0.369727581739
0.370018154383
0.370301276445
0.370599299669
0.370882421732
0.371187895536
0.37148591876
0.371791392565
0.372096866369
0.372409790754
0.372722715139
0.373035639524
0.373363465071
0.373676389456
0.374004215002
0.374302238226
0.374563008547
0.374823778868
0.375010043383
0.375211209059
0.37535277009
0.375486880541
0.375576287508
0.375650793314
0.375680595636
0.375695496798
0.375680595636
0.375635892153
0.375546485186
0.375449627638
0.375315517187
0.375144153833
0.374957889318
0.374741822481
0.374488502741
0.374205380678
0.373914808035
0.373564630747
0.373221904039
0.372916430235
0.372670561075
0.372499197721
0.372394889593
0.372327834368
0.372335284948
0.372417241335
0.372551351786
0.372737616301
0.372998386621
0.373326212168
0.373706191778
0.374153226614
0.374659866095
0.37522611022
0.375874310732
0.376552313566
0.377312272787
0.378139287233
0.379018455744
0.379957228899
0.38097050786
0.382028490305
0.383131176233
0.384069949389
0.38483735919
0.385418504477
0.385813385248
0.386022001505
0.386044353247
0.385895341635
0.385560065508
0.385023623705
0.384330719709
0.383429199457
0.382356315851
0.38109716773
0.379651755095
0.378027528524
0.376217037439
0.374220281839
0.372037261724
0.369682878256
0.367134779692
0.364467471838
0.361897021532
0.359520286322
0.357307463884
0.355273455381
0.353403359652
0.351697176695
0.350177258253
0.348836153746
0.347658962011
0.34664568305
0.345811218023
0.345170468092
0.344663828611
0.344365805387
0.344216793776
0.344231694937
0.344455212355
0.344842642546
0.345364183187
0.346064537764
0.346839398146
0.347599357367
0.348433822393
0.349298089743
0.350177258253
0.351086229086
0.352039903402
0.353053182364
0.354051560163
0.355109542608
0.356182426214
0.357314914465
0.358477205038
0.359669297934
0.36087629199
0.362113088369
0.363424390554
0.364720791578
0.366091698408
0.367477506399
0.368893116713
0.37035343051
0.371828645468
0.37334856391
0.374913185835
0.37647780776
0.378116935492
0.379741162062
0.381454795599
0.383168429136
0.384896963835
0.386700004339
0.388473242521
0.390112370253
0.391527980566
0.392749875784
0.39382275939
0.394627422094
0.395297974348
0.395745009184
0.395983427763
0.396057933569
0.395938724279
0.395595997572
0.39507445693
0.394359201193
0.393435329199
0.39233264327
0.391036242247
0.389531224966
0.38783249259
0.385940045118
0.38383898139
0.38158890605
0.37910041213
0.37647780776
0.373929709196
0.37148591876
0.369161337614
0.366941064596
0.364854902029
0.362887948751
0.361010402441
0.35925206542
0.35762783885
0.356107920408
0.354692310095
0.353410810232
0.352248519659
0.351175636053
0.350221961737
0.349417299032
0.348687142134
0.348091095686
0.347614258528
0.347241729498
0.346988409758
0.346839398146
0.346839398146
0.346913903952
0.347122520208
0.347450345755
0.347882479429
0.348433822393
0.349104374647
0.349879235029
0.350773304701
0.35163757205
0.352516740561
0.35338100791
0.354200571775
0.355020135641
0.355839699507
0.356644362211
0.357404321432
0.358164280653
0.358939141035
0.359654396772
0.360384553671
0.361099809408
0.361770361662
0.362455815077
0.363126367331
0.363767117262
0.364392966032
0.365018814802
0.36561486125
0.366210907698
0.366777151823
0.367343395948
0.36786493659
0.368416279554
0.368893116713
0.369340151548
0.369727581739
0.370129913092
0.370442837477
0.370725959539
0.37097927928
0.371172994375
0.37135180831
0.371456116438
0.371545523405
0.37160512805
0.371590226889
0.371560424566
0.37148591876
0.371366709471
0.371202796698
0.371009081602
0.370755761862
0.37048754096
0.370174616575
0.369787186384
0.369399756193
0.368967622519
0.368475884199
0.367954343557
0.367403000593
0.366806954145
0.366196006536
0.365585058928
0.364944308996
0.364273756742
0.363588303328
0.36287304759
0.362157791853
0.361397832632
0.360667675734
0.359848111868
0.359043449163
0.358238786459
0.35737451911
0.35651025176
0.355616182089
0.354722112417
0.353768438101
0.352844566107
0.351875990629
0.35089251399
0.349864333868
0.348836153746
0.347793072462
0.346720188856
0.345632404089
0.344529718161
0.343441933393
0.342562764883
0.341936916113
0.341623991728
0.341519683599
0.341668695211
0.342115730047
0.342830985785
0.343739956617
0.344976752996
0.346451967955
0.348165601492
0.350162357092
0.352427333593
0.354930728674
0.357687443495
0.36074218154
0.364020437002
0.367596715689
0.371396511793
0.375360220671
0.379115313292
0.382542580366
0.385627120733
0.388368934393
0.39082762599
0.392913788557
0.3947019279
0.396147340536
0.397279828787
0.398054689169
0.398516625166
0.398665636778
0.398471921682
0.397950381041
0.397086113691
0.395923823118
0.394418805838
0.392585963011
0.390425294638
0.387921899557
0.385120481253
0.381976336241
0.378563970327
0.375255912542
0.372096866369
0.369086831808
0.366225808859
0.363543599844
0.360980600119
0.358596414328
0.356361240149
0.354275077581
0.352367728949
0.350579589605
0.348970264196
0.347495049238
0.346198648214
0.345066159964
0.344052881002
0.343203514814
0.342518061399
0.341996520758
0.341623991728
0.34140047431
0.341311067343
0.341415375471
0.341668695211
0.342056125402
0.342607468367
0.343307822943
0.344172090292
0.345185369253
0.346362560987
0.347703665495
0.349163979292
0.350803107023
0.352591246367
0.354543298483
0.356644362211
0.358819931746
0.360861390829
0.362634629011
0.364184349775
0.365480750799
0.366553634405
0.367403000593
0.367999047041
0.36835667491
0.368505686522
0.368371576071
0.368043750525
0.367462605238
0.366643041372
0.365585058928
0.364288657904
0.362768739462
0.36099550128
0.359013646841
0.356763571501
0.354289978743
0.351592868567
0.34864243865
0.345453590155
0.342041224241
0.338390439749
0.334486335516
0.330373615026
0.326022475958
0.321388214827
0.316575139761
0.311627984047
0.307098031044
0.303119421005
0.299677252769
0.296771526337
0.294417142868
0.292629003525
0.291347503662
0.290617346764
0.290468335152
0.290811061859
0.291734933853
0.293180346489
0.295206904411
0.297725200653
0.300824642181
0.304445624352
0.308617949486
0.313356518745
0.318601697683
0.32442805171
0.330775946379
0.33766028285
0.345110863447
0.353082984686
0.36162135005
0.370681256056
0.380307406187
0.390469998121
0.401169031858
0.41241940856
0.423818796873
0.433757871389
0.441864103079
0.448137491941
0.452533334494
0.455126136541
0.455841392279
0.454753607512
0.451773375273
0.44699010253
0.440359085798
0.431850522757
0.421524018049
0.409364670515
0.395342677832
0.379487842321
0.361785262823
0.342220038176
0.320851773024
0.297620892525
0.272527337074
0.245615825057
0.216841682792
0.186949953437
0.158637747169
0.13267993927
0.108987085521
0.0876486226916
0.0686049461365
0.0518560372293
0.0374615192413
0.0253617744893
0.0155866136774
0.00807642936707
0.00295042968355
8.94069598871e-05
-0.000447034806712
0.00131130206864
0.0054240222089
0.0118315210566
0.0205337982625
0.0315606594086
0.044912096113
0.0600814782083
0.0752210617065
0.0898241922259
0.103890888393
0.117391340435
0.130414962769
0.142902135849
0.154852867126
0.1662671417
0.177144989371
0.187516197562
0.197321161628
0.206619486213
0.215411171317
0.223636612296
0.231325611472
0.238507971168
0.24515388906
0.251293182373
0.25686621666
0.261902809143
0.266462564468
0.270426273346
0.273853540421
0.27671456337
0.279009342194
0.28070807457
0.281870365143
0.282436609268
0.282436609268
0.281900167465
0.280767679214
0.279039144516
0.276774168015
0.273913145065
0.270545482635
0.266522169113
0.26199221611
0.25686621666
0.251144170761
0.244915470481
0.238031134009
0.23066996038
0.222712740302
0.214129671454
0.205010160804
0.19535420835
0.185072407126
0.174313768744
0.162869676948
0.151127576828
0.140011310577
0.129640102386
0.120103351772
0.111430875957
0.103503458202
0.0964105054736
0.0901520177722
0.0846385881305
0.0800490304828
0.0761747360229
0.0731647014618
0.0708997249603
0.0695288181305
0.0689327716827
0.0691711902618
0.070184469223
0.0720620155334
0.0746548175812
0.0781714916229
0.0824630185962
0.0874996110797
0.0932216569781
0.0983774587512
0.102877609432
0.10672210902
0.109791748226
0.112235538661
0.113874666393
0.114917747676
0.1152157709
0.114798538387
0.113695852458
0.111907713115
0.109404318035
0.106185667217
0.102281562984
0.0976920053363
0.0923573896289
0.086367122829
0.0796616002917
0.0722706317902
0.0641345977783
0.0553429089487
0.0458061657846
0.0356137752533
0.0246763210744
0.0130832185969
0.000774860323872
-0.0122785558924
-0.025957820937
-0.04038214311
-0.055521722883
-0.0713169574738
-0.087827436626
-0.10472535342
-0.12069939822
-0.135362148285
-0.148802995682
-0.160992130637
-0.171869978309
-0.181555733085
-0.189870581031
-0.197023138404
-0.202864393592
-0.20745395124
-0.210791811347
-0.212818369269
-0.213623031974
-0.21320579946
-0.211417660117
-0.208437427878
-0.204205498099
-0.198662266135
-0.191897138953
-0.183820709586
-0.174552187324
-0.163912758231
-0.152140855789
-0.139027833939
-0.124633304775
-0.109046690166
-0.0921785756946
-0.0739693641663
-0.054597850889
-0.0338554382324
-0.0119805326685
0.0108182420954
0.0325441360474
0.0528991185129
0.0717639923096
0.0892281457782
0.1052319929
0.119805328548
0.132948160172
0.144600868225
0.154882669449
0.16364453733
0.171035513282
0.176966175437
0.181466326118
0.184506163001
0.186085686088
0.186294302344
0.184983000159
0.182300791144
0.178158268332
0.172525629401
0.16552208364
0.157088026404
0.147134065628
0.135779380798
0.122994177043
0.108778469265
0.0931024476886
0.0759959220886
0.0574588738382
0.0374317169189
0.0160336494446
-0.00643730117008
-0.0282525997609
-0.0490844212472
-0.0688433647156
-0.0875890180469
-0.105291597545
-0.121980898082
-0.137597322464
-0.152260065079
-0.165790304542
-0.178337082267
-0.189900383353
-0.200331196189
-0.209808334708
-0.218242391944
-0.225603565574
-0.232011064887
-0.237256273627
-0.241607412696
-0.244855865836
-0.247061237693
-0.248283132911
-0.248461946845
-0.247567877173
-0.245660528541
-0.242739900947
-0.238746389747
-0.23379920423
-0.227719530463
-0.220715984702
-0.21257995069
-0.20346044004
-0.193327650428
-0.18212197721
-0.169903025031
-0.15664100647
-0.142365694046
-0.127077102661
-0.110685817897
-0.0936984941363
-0.0775456428528
-0.0625550746918
-0.0488162003458
-0.0363290309906
-0.0250041466206
-0.0148713579401
-0.00602006865665
0.00163912761491
0.00813603401184
0.013321637176
0.0174045562744
0.0202059727162
0.0217854958028
0.0221729259938
0.0213682632893
0.0193119049072
0.016063451767
0.0115931024775
0.00593066168949
-0.000983476638794
-0.00908970832825
-0.018447637558
-0.0289678554982
-0.0406801663339
-0.0536739788949
-0.0678300857544
-0.0832676813006
-0.0998377725482
-0.117689363658
-0.13667345047
-0.156968817115
-0.178039059043
-0.198483452201
-0.217884764075
-0.236332401633
-0.253677368164
-0.270068645477
-0.285387039185
-0.299721956253
-0.31304359436
-0.325292319059
-0.336617201567
-0.346809595823
-0.356048315763
-0.364273756742
-0.371456116438
-0.37759539485
-0.382780998945
-0.386893719435
-0.389993160963
-0.39207932353
-0.393182009459
-0.393211811781
-0.392228335142
-0.390261381865
-0.387236446142
-0.38321313262
-0.378176540136
-0.372096866369
-0.365078419447
-0.357061594725
-0.348105996847
-0.338122218847
-0.327229470015
-0.315353244543
-0.302493572235
-0.288665294647
-0.273883342743
-0.2581179142
-0.241368994117
-0.22368131578
-0.205025061965
-0.185355529189
-0.16477702558
-0.143185257912
-0.120639793575
-0.0971257612109
-0.0726282596588
-0.0475794039667
-0.0235438328236
-0.000923871935811
0.0202804785222
0.040069218725
0.058442350477
0.0753998756409
0.0909268781543
0.105038277805
0.117748968303
0.129029154778
0.138893723488
0.147327780724
0.154376029968
0.159993752837
0.164180979133
0.166952595115
0.168323501945
0.1682638973
0.166788682342
0.164240583777
0.16190110147
0.160172566772
0.158980473876
0.158399328589
0.158339723945
0.158861264586
0.159993752837
0.16164778173
0.163912758231
0.166714176536
0.170111641288
0.174060449004
0.178605303168
0.183686599135
0.189349040389
0.19560752809
0.202417358756
0.209793433547
0.217750653625
0.226274117827
0.235363826156
0.24503467977
0.255271792412
0.266060233116
0.277444720268
0.288933515549
0.298529863358
0.305831432343
0.310808420181
0.313460826874
0.31381842494
0.311762094498
0.307500362396
0.300824642181
0.291854143143
0.280559062958
0.266939401627
0.250995159149
0.232756122947
0.212162718177
0.189214929938
0.164002165198
0.136435031891
0.106543295085
0.0743269920349
0.0398158989847
0.00295042968355
-0.035434961319
-0.0721514225006
-0.106364481151
-0.138074159622
-0.167340025306
-0.19410251081
-0.218361601233
-0.240176901221
-0.25948882103
-0.276327133179
-0.29069185257
-0.302523374557
-0.31191110611
-0.318795412779
-0.323235958815
-0.325143307447
-0.324606865644
-0.321537226439
-0.316053599119
-0.308007001877
-0.29756128788
-0.284552574158
-0.269129872322
-0.251173973083
-0.230744466186
-0.207841381431
-0.182449802756
-0.154584646225
-0.124216072261
-0.0913739129901
-0.056058164686
-0.0189393758774
0.0171959400177
0.0516623221338
0.0844150707126
0.115558497608
0.144973397255
0.172734245658
0.198826178908
0.223219379783
0.245943650603
0.267013907433
0.286400318146
0.304117798805
0.320106714964
0.334501236677
0.347167223692
0.358194082975
0.36749240756
0.375181406736
0.381141871214
0.38546320796
0.38808581233
0.389039486647
0.388324230909
0.385910242796
0.381857126951
0.376135081053
0.368684500456
0.359594792128
0.349104374647
0.338137120008
0.327110260725
0.315844982862
0.304520130157
0.292956829071
0.281304121017
0.269502401352
0.257521867752
0.245392307639
0.233113750815
0.220715984702
0.20807980001
0.195413812995
0.182509407401
0.169545397162
0.156313180923
0.142991542816
0.129550695419
0.115901224315
0.10210274905
0.0882446691394
0.0741183757782
0.0600218735635
0.0464320145547
0.0334084033966
0.0210404377431
0.00923871994019
-0.00193715083878
-0.0124573698267
-0.0224411468953
-0.0317990779877
-0.0405013523996
-0.048607584089
-0.0560879670084
-0.06303191185
-0.0692903995514
-0.0749528408051
-0.0800192281604
-0.0844895765185
-0.0883042737842
-0.091522924602
-0.0941455289721
-0.0961720868945
-0.097513191402
-0.0983476564288
-0.0984966680408
-0.0980496332049
-0.0970363542438
-0.0953376218677
-0.0930726453662
-0.0901818200946
-0.0866949483752
-0.0825822278857
-0.077873468399
-0.0725388526917
-0.0665783882141
-0.0600814782083
-0.0530481301248
-0.0464022122324
-0.0402033291757
-0.0344216823578
-0.0292062740773
-0.0244081001729
-0.020116565749
-0.0162720680237
-0.0129640093073
-0.0100433817133
-0.00768899871036
-0.00575184775516
-0.00429153442383
-0.00336766219698
-0.00286102271639
-0.00286102271639
-0.0033080575522
-0.00426173210144
-0.005662440788
-0.0075995917432
-0.00992417242378
-0.0128149976954
-0.0161230564117
-0.0199079494923
-0.0241994839162
-0.0289678554982
-0.0341832637787
-0.0399053059518
-0.0461041890085
-0.0527501069009
-0.0598728619516
-0.0675022602081
-0.0756084918976
-0.0841915532947
-0.0931918546557
-0.102549783885
-0.111281864345
-0.119358293712
-0.126600265503
-0.133126974106
-0.138938426971
-0.143945217133
-0.148206949234
-0.151783227921
-0.15452504158
-0.156581401825
-0.157922491431
-0.158369526267
-0.158220514655
-0.157237038016
-0.155538320541
-0.153064727783
-0.149875879288
-0.14591217041
-0.141203403473
-0.135749578476
-0.129729509354
-0.123679630458
-0.117868177593
-0.112175934017
-0.10672210902
-0.101387493312
-0.0962912961841
-0.0913143083453
-0.0865757390857
-0.0819563791156
-0.0775754451752
-0.0733435153961
-0.0692903995514
-0.0654458999634
-0.0617206059396
-0.0582039318979
-0.0548660717905
-0.0517666302621
-0.048756595701
-0.0459551773965
-0.0433623753488
-0.0408887825906
-0.0386536121368
-0.0365972518921
-0.0346899032593
-0.0329613685608
-0.0314116477966
-0.0300705414265
-0.028878448531
-0.0278651695698
-0.0269710998982
-0.0257790070027
-0.0242590885609
-0.0223517399281
-0.020116565749
-0.017523765564
-0.0145137300715
-0.0112354746088
-0.00753998709843
-0.00351667380892
0.000864267291036
0.00563263846561
0.0107288351282
0.0161826610565
0.0219941120595
0.0281631927937
0.0347197055817
0.0415742360055
0.0488460026681
0.0564157925546
0.0644028186798
0.0726878643036
0.0813603326678
0.0903904363513
0.0997781679034
0.109493725002
0.119626514614
0.1300573349
0.140875577927
0.151634216309
0.160843119025
0.168055281043
0.173270687461
0.176548942924
0.177830442786
0.177115187049
0.174432978034
0.169813618064
0.163137897849
0.154554843903
0.144004821777
0.131368637085
0.116884700954
0.100344412029
0.0818967744708
0.061362978071
0.0389516353607
0.0145137300715
-0.011861323379
-0.0402927361429
-0.0706315040588
-0.102967016399
-0.137269496918
-0.173538908362
-0.210791811347
-0.244855865836
-0.274747610092
-0.30043721199
-0.321894854307
-0.339180201292
-0.35226342082
-0.361144512892
-0.365853279829
-0.36635991931
-0.362664431334
-0.354737013578
-0.342667073011
-0.326365202665
-0.305891036987
-0.28121471405
-0.252336263657
-0.219255670905
-0.181972965598
-0.140517950058
-0.0948607847095
-0.0460892878473
0.00132620322984
0.0463128052652
0.0888407155871
0.128954648972
0.166594967246
0.201851114631
0.234603866935
0.264942646027
0.292837619781
0.318318575621
0.341355770826
0.361889570951
0.380039185286
0.395745009184
0.409007042646
0.419855087996
0.428199738264
0.434130400419
0.437676876783
0.438690155745
0.437289446592
0.433504551649
0.427246063948
0.418573588133
0.407367914915
0.393837660551
0.377774208784
0.359326571226
0.339090794325
0.319629877806
0.301718711853
0.28520822525
0.270187854767
0.256687402725
0.244617447257
0.234007820487
0.224918112159
0.217229112983
0.211089834571
0.206410869956
0.203132614493
0.201433882117
0.201135858893
0.202327951789
0.205010160804
0.209152683616
0.214755520225
0.221848472953
0.230401739478
0.239998087287
0.248819574714
0.256329774857
0.262677669525
0.267773866653
0.271588563919
0.274211168289
0.275582075119
0.275671482086
0.27459859848
0.272244215012
0.268697738647
0.263839960098
0.257790088654
0.250488519669
0.241935238242
0.232189878821
0.22119282186
0.208884462714
0.195443615317
0.180721268058
0.164717420936
0.147521495819
0.129103660583
0.109434120357
0.0885128900409
0.066339969635
0.0429451428354
0.018298625946
-0.00753998709843
-0.0340938568115
-0.0590681992471
-0.0819265767932
-0.102639190853
-0.121235840023
-0.137686729431
-0.1520216465
-0.164210781455
-0.174283966422
-0.1822411865
-0.188022837043
-0.191748127341
-0.193268045783
-0.192701801658
-0.18998979032
-0.185161814094
-0.178188070655
-0.169098362327
-0.157892689109
-0.144511461258
-0.129461288452
-0.114262096584
-0.09936093539
-0.0848174020648
-0.0704824924469
-0.0565350018442
-0.0427961312234
-0.0294446926564
-0.0163316726685
-0.00354647613131
0.00891089439392
0.0211596470326
0.0330209732056
0.0446438752115
0.055909153074
0.0669062137604
0.0776350498199
0.0880360528827
0.0981092378497
0.107944004238
0.117421142757
0.126600265503
0.135540962219
0.144153833389
0.152438879013
0.160485491157
0.168174490333
0.175565466285
0.182718023658
0.189512953162
0.196009859443
0.202208742499
0.208139404655
0.213801845908
0.219076856971
0.224083647132
0.228822216392
