-0.832000017166
-0.832053363323
-0.832106590271
-0.832159936428
-0.832213163376
-0.832266390324
-0.832319617271
-0.83237272501
-0.832425951958
-0.832479059696
-0.832532167435
-0.832585215569
-0.832638204098
-0.832691311836
-0.832744300365
-0.832797288895
-0.832850158215
-0.832903087139
-0.832955956459
-0.833008825779
-0.833061695099
-0.833114564419
-0.833167374134
-0.833220124245
-0.833272874355
-0.833325624466
-0.833378314972
-0.833430945873
-0.833483576775
-0.833536148071
-0.833588778973
-0.833641409874
-0.833693861961
-0.833746492863
-0.833799004555
-0.833851337433
-0.833903849125
-0.833956360817
-0.834008693695
-0.834061086178
-0.834113419056
-0.834165692329
-0.834218084812
-0.834270298481
-0.834322571754
-0.834374785423
-0.834426939487
-0.834479153156
-0.83453130722
-0.83458340168
-0.834635436535
-0.834687530994
-0.834739565849
-0.8347915411
-0.83484351635
-0.834895551205
-0.834947526455
-0.834999442101
-0.835051298141
-0.835103213787
-0.835155069828
-0.83520680666
-0.835258722305
-0.835310459137
-0.835362076759
-0.835413873196
-0.835465610027
-0.83551722765
-0.835568904877
-0.835620522499
-0.835672020912
-0.835723698139
-0.835775196552
-0.835826694965
-0.835878193378
-0.835929751396
-0.8359811306
-0.836032509804
-0.836083889008
-0.836135268211
-0.83618670702
-0.836237967014
-0.836289227009
-0.836340487003
-0.836391746998
-0.836443006992
-0.836494207382
-0.836545348167
-0.836596488953
-0.836647629738
-0.836698651314
-0.836749792099
-0.836800813675
-0.836851835251
-0.836902737617
-0.836953759193
-0.83700466156
-0.837055563927
-0.837106466293
-0.83715736866
-0.837208151817
-0.837259054184
-0.837309837341
-0.837360620499
-0.837411284447
-0.837462067604
-0.837512731552
-0.8375633955
-0.837614059448
-0.837664604187
-0.837715268135
-0.837765812874
-0.837816298008
-0.837866842747
-0.837917268276
-0.837967813015
-0.838018238544
-0.838068664074
-0.838119029999
-0.838169336319
-0.838219761848
-0.838270068169
-0.838320374489
-0.838370621204
-0.838420808315
-0.838470995426
-0.838521301746
-0.838571310043
-0.838621497154
-0.838671684265
-0.838721692562
-0.838771760464
-0.838821828365
-0.838871836662
-0.838921785355
-0.838971734047
-0.839021623135
-0.839071571827
-0.839121520519
-0.839171290398
-0.83922123909
-0.839271008968
-0.839320719242
-0.839370548725
-0.839420199394
-0.839470028877
-0.839519679546
-0.83956938982
-0.83961892128
-0.839668512344
-0.839718163013
-0.839767754078
-0.839817166328
-0.839866757393
-0.839916169643
-0.839965641499
-0.840015053749
-0.840064466
-0.840113937855
-0.840163230896
-0.840212583542
-0.840261876583
-0.840311169624
-0.840360403061
-0.840409576893
-0.840458929539
-0.840507984161
-0.840557157993
-0.84060639143
-0.840655446053
-0.840704500675
-0.840753555298
-0.840802550316
-0.840851604939
-0.840900540352
-0.840949475765
-0.840998470783
-0.841047286987
-0.841096222401
-0.841145038605
-0.841193914413
-0.841242730618
-0.841291427612
-0.841340243816
-0.841388940811
-0.841437637806
-0.841486394405
-0.841534972191
-0.841583549976
-0.841632246971
-0.841680824757
-0.841729283333
-0.841777861118
-0.841826319695
-0.841874778271
-0.841923236847
-0.841971695423
-0.84202003479
-0.842068374157
-0.842116832733
-0.842165052891
-0.842213392258
-0.842261612415
-0.842309951782
-0.84235817194
-0.842406392097
-0.842454493046
-0.842502713203
-0.842550814152
-0.8425989151
-0.842647016048
-0.842694997787
-0.842742979527
-0.842791080475
-0.842839002609
-0.842886865139
-0.842934846878
-0.842982709408
-0.843030571938
-0.843078434467
-0.843126237392
-0.843174099922
-0.843221843243
-0.843269586563
-0.843317329884
-0.843365013599
-0.843412637711
-0.843460261822
-0.843507826328
-0.843555450439
-0.843603074551
-0.843650579453
-0.843698143959
-0.843745648861
-0.843793034554
-0.843840479851
-0.843887865543
-0.843935370445
-0.843982696533
-0.844029963017
-0.844077289104
-0.844124555588
-0.84417194128
-0.844219148159
-0.844266295433
-0.844313502312
-0.844360649586
-0.844407737255
-0.844454884529
-0.844501972198
-0.844549000263
-0.844596087933
-0.844643115997
-0.844690084457
-0.844736993313
-0.844783961773
-0.844830870628
-0.844877719879
-0.844924628735
-0.844971477985
-0.845018208027
-0.845064997673
-0.845111727715
-0.845158457756
-0.845205247402
-0.845251858234
-0.845298528671
-0.845345139503
-0.845391750336
-0.845438420773
-0.845484912395
-0.845531404018
-0.845577895641
-0.845624446869
-0.845670938492
-0.845717310905
-0.845763683319
-0.845810115337
-0.845856487751
-0.845902740955
-0.84594899416
-0.845995426178
-0.846041560173
-0.846087813377
-0.846134066582
-0.846180200577
-0.846226334572
-0.846272528172
-0.846318542957
-0.846364676952
-0.846410691738
-0.846456706524
-0.84650272131
-0.846548616886
-0.846594631672
-0.846640527248
-0.846686422825
-0.846732318401
-0.846778094769
-0.846823990345
-0.846869766712
-0.846915543079
-0.846961200237
-0.847006976604
-0.847052633762
-0.84709829092
-0.847143948078
-0.847189605236
-0.847235262394
-0.847280800343
-0.847326338291
-0.84737187624
-0.847417294979
-0.847462832928
-0.847508192062
-0.847553610802
-0.847599029541
-0.84764444828
-0.84768974781
-0.84773504734
-0.847780287266
-0.847825586796
-0.847870886326
-0.847916066647
-0.847961246967
-0.848006367683
-0.848051548004
-0.848096609116
-0.848141789436
-0.848186790943
-0.848231852055
-0.848276793957
-0.848321795464
-0.848366737366
-0.848411679268
-0.848456561565
-0.848501503468
-0.84854632616
-0.848591208458
-0.848636031151
-0.84868067503
-0.848725497723
-0.848770320415
-0.848814964294
-0.848859667778
-0.848904311657
-0.848948895931
-0.848993599415
-0.849038124084
-0.849082708359
-0.849127113819
-0.849171698093
-0.849216103554
-0.849260509014
-0.849304974079
-0.849349379539
-0.849393844604
-0.849438130856
-0.849482476711
-0.849526762962
-0.849571108818
-0.84961527586
-0.849659442902
-0.849703669548
-0.84974783659
-0.849792003632
-0.849836111069
-0.849880278111
-0.849924385548
-0.849968314171
-0.850012362003
-0.850056290627
-0.850100398064
-0.850144326687
-0.850188136101
-0.850232124329
-0.850275933743
-0.850319743156
-0.85036355257
-0.850407361984
-0.850451231003
-0.850494921207
-0.850538611412
-0.850582301617
-0.850625991821
-0.850669622421
-0.850713193417
-0.850756764412
-0.850800335407
-0.850843906403
-0.850887358189
-0.850930929184
-0.85097438097
-0.851017713547
-0.851061224937
-0.851104557514
-0.8511480093
-0.851191341877
-0.851234555244
-0.851277887821
-0.851321101189
-0.851364314556
-0.851407527924
-0.851450741291
-0.851493954659
-0.851537048817
-0.851580142975
-0.851623237133
-0.851666271687
-0.851709246635
-0.851752221584
-0.851795315742
-0.851838171482
-0.851881146431
-0.851924002171
-0.851966977119
-0.852009832859
-0.852052628994
-0.852095365524
-0.852138221264
-0.852180957794
-0.852223694324
-0.85226637125
-0.852308988571
-0.852351605892
-0.852394342422
-0.85243678093
-0.852479398251
-0.852522015572
-0.852564513683
-0.85260695219
-0.852649450302
-0.852691948414
-0.852734267712
-0.852776646614
-0.852819144726
-0.852861344814
-0.852903723717
-0.852946102619
-0.852988302708
-0.853030562401
-0.853072822094
-0.853114902973
-0.853157162666
-0.853199243546
-0.853241384029
-0.853283345699
-0.853325486183
-0.853367447853
-0.853409588337
-0.853451430798
-0.853493452072
-0.853535413742
-0.853577315807
-0.853619158268
-0.853661060333
-0.853702902794
-0.85374468565
-0.853786408901
-0.853828191757
-0.853869915009
-0.85391163826
-0.853953301907
-0.853995025158
-0.854036688805
-0.854078173637
-0.854119777679
-0.854161322117
-0.854202926159
-0.854244291782
-0.85428583622
-0.854327321053
-0.854368686676
-0.854410052299
-0.854451477528
-0.854492843151
-0.854534089565
-0.854575455189
-0.854616761208
-0.854658007622
-0.854699134827
-0.854740381241
-0.854781508446
-0.854822695255
-0.85486382246
-0.854904830456
-0.854945957661
-0.854986965656
-0.855027973652
-0.855068981647
-0.855109930038
-0.855150938034
-0.85519182682
-0.855232715607
-0.855273604393
-0.85531437397
-0.855355262756
-0.855396032333
-0.85543680191
-0.855477452278
-0.855518221855
-0.855558872223
-0.855599522591
-0.855640172958
-0.855680823326
-0.855721354485
-0.855761885643
-0.855802416801
-0.85584294796
-0.855883479118
-0.855923891068
-0.855964303017
-0.856004655361
-0.85604506731
-0.856085479259
-0.856125771999
-0.856166064739
-0.856206357479
-0.856246650219
-0.856286764145
-0.856326937675
-0.856367230415
-0.856407284737
-0.856447398663
-0.856487572193
-0.856527626514
-0.856567680836
-0.856607735157
-0.856647610664
-0.856687664986
-0.856727600098
-0.856767475605
-0.856807410717
-0.85684722662
-0.856887102127
-0.85692691803
-0.856966733932
-0.857006371021
-0.857046186924
-0.857085883617
-0.857125520706
-0.8571652174
-0.857204854488
-0.857244551182
-0.857284069061
-0.857323646545
-0.85736322403
-0.8574026227
-0.857442200184
-0.857481598854
-0.857521057129
-0.857560455799
-0.857599794865
-0.857639193535
-0.8576785326
-0.857717812061
-0.857757091522
-0.857796311378
-0.857835590839
-0.857874810696
-0.857913970947
-0.857953071594
-0.857992231846
-0.858031272888
-0.858070373535
-0.858109414577
-0.85814845562
-0.858187437057
-0.8582264781
-0.858265399933
-0.858304262161
-0.858343183994
-0.858381986618
-0.858420968056
-0.858459770679
-0.858498454094
-0.858537256718
-0.858575940132
-0.858614683151
-0.858653366566
-0.85869204998
-0.858730733395
-0.858769357204
-0.85880792141
-0.858846485615
-0.85888504982
-0.858923494816
-0.858961939812
-0.859000384808
-0.859038829803
-0.859077334404
-0.859115660191
-0.859153985977
-0.859192311764
-0.85923063755
-0.859268963337
-0.859307169914
-0.859345376492
-0.859383583069
-0.859421789646
-0.859459996223
-0.859498083591
-0.859536170959
-0.859574258327
-0.859612345695
-0.859650313854
-0.859688282013
-0.859726250172
-0.85976421833
-0.859802186489
-0.859840035439
-0.859877824783
-0.859915673733
-0.859953522682
-0.859991371632
-0.860029101372
-0.860066831112
-0.860104560852
-0.860142230988
-0.860179960728
-0.860217571259
-0.860255181789
-0.86029279232
-0.860330343246
-0.860367834568
-0.86040532589
-0.86044293642
-0.860480248928
-0.86051774025
-0.860555112362
-0.860592544079
-0.860629916191
-0.860667288303
-0.860704481602
-0.860741734505
-0.860779106617
-0.860816299915
-0.860853433609
-0.860890686512
-0.860927760601
-0.860964894295
-0.861001968384
-0.861039102077
-0.861076235771
-0.861113190651
-0.861150205135
-0.861187160015
-0.86122405529
-0.86126101017
-0.861297905445
-0.861334741116
-0.861371636391
-0.861408352852
-0.861445248127
-0.861481964588
-0.861518740654
-0.861555457115
-0.861592054367
-0.861628830433
-0.861665427685
-0.861702084541
-0.861738562584
-0.861775159836
-0.861811697483
-0.861848175526
-0.861884713173
-0.861921191216
-0.861957550049
-0.861993908882
-0.86203032732
-0.862066686153
-0.862103044987
-0.862139344215
-0.862175583839
-0.862211823463
-0.862248063087
-0.862284362316
-0.862320482731
-0.862356603146
-0.86239272356
-0.86242890358
-0.862464904785
-0.8625010252
-0.862537026405
-0.862572908401
-0.862608909607
-0.862644910812
-0.862680852413
-0.862716734409
-0.862752616405
-0.862788379192
-0.862824261189
-0.862860023975
-0.862895786762
-0.86293143034
-0.862967193127
-0.863002836704
-0.863038480282
-0.863074123859
-0.863109767437
-0.863145411015
-0.863180935383
-0.863216459751
-0.863251984119
-0.863287389278
-0.863322913647
-0.863358318806
-0.863393723965
-0.863429129124
-0.863464415073
-0.863499820232
-0.863535046577
-0.863570332527
-0.863605618477
-0.863640785217
-0.863676071167
-0.863711237907
-0.863746404648
-0.863781392574
-0.863816559315
-0.863851606846
-0.863886654377
-0.863921642303
-0.863956689835
-0.863991618156
-0.864026546478
-0.864061415195
-0.864096343517
-0.864131271839
-0.864166080952
-0.86420083046
-0.864235639572
-0.864270448685
-0.864305078983
-0.864339888096
-0.864374577999
-0.864409208298
-0.864443778992
-0.86447840929
-0.864512979984
-0.864547550678
-0.864582061768
-0.864616632462
-0.864651024342
-0.864685475826
-0.864719867706
-0.864754319191
-0.864788711071
-0.864823043346
-0.864857316017
-0.864891648293
-0.864925920963
-0.864960134029
-0.8649944067
-0.865028619766
-0.865062773228
-0.865096867085
-0.865131020546
-0.865165054798
-0.865199148655
-0.865233182907
-0.865267157555
-0.865301191807
-0.86533510685
-0.865369081497
-0.86540299654
-0.865436792374
-0.865470767021
-0.865504562855
-0.865538358688
-0.865572035313
-0.865605890751
-0.865639567375
-0.865673243999
-0.865706920624
-0.865740656853
-0.865774214268
-0.865807890892
-0.865841448307
-0.865874946117
-0.865908503532
-0.865941941738
-0.865975499153
-0.86600881815
-0.866042256355
-0.866075754166
-0.866109073162
-0.866142392159
-0.866175711155
-0.866209030151
-0.866242229939
-0.866275548935
-0.866308748722
-0.8663418293
-0.866375029087
-0.866408228874
-0.866441309452
-0.86647439003
-0.866507470608
-0.866540431976
-0.866573512554
-0.866606473923
-0.866639435291
-0.866672277451
-0.866705238819
-0.866738080978
-0.866770923138
-0.866803765297
-0.866836607456
-0.866869330406
-0.866902112961
-0.866934835911
-0.866967439651
-0.867000162601
-0.867032766342
-0.867065489292
-0.867098093033
-0.86713051796
-0.8671631217
-0.867195606232
-0.867228090763
-0.86726051569
-0.867293000221
-0.867325484753
-0.867357850075
-0.867390155792
-0.867422521114
-0.867454767227
-0.867487072945
-0.867519319057
-0.86755156517
-0.867583751678
-0.867615878582
-0.867648124695
-0.867680191994
-0.867712318897
-0.867744445801
-0.86777639389
-0.867808520794
-0.867840468884
-0.867872476578
-0.867904365063
-0.867936313152
-0.867968201637
-0.868000030518
-0.868031919003
-0.868063628674
-0.868095517159
-0.86812722683
-0.868158996105
-0.868190705776
-0.868222355843
-0.868254065514
-0.868285655975
-0.868317306042
-0.868348896503
-0.868380427361
-0.868411898613
-0.868443548679
-0.868475019932
-0.868506371975
-0.868537902832
-0.868569254875
-0.868600606918
-0.868632018566
-0.868663370609
-0.868694603443
-0.868725895882
-0.868757247925
-0.868788361549
-0.868819594383
-0.868850886822
-0.868882000446
-0.868913114071
-0.868944227695
-0.868975400925
-0.86900639534
-0.869037389755
-0.869068384171
-0.869099378586
-0.869130432606
-0.869161307812
-0.869192302227
-0.869223177433
-0.869254052639
-0.869284927845
-0.869315743446
-0.869346499443
-0.869377374649
-0.869408011436
-0.869438767433
-0.86946952343
-0.869500160217
-0.869530797005
-0.869561433792
-0.86959207058
-0.869622707367
-0.869653224945
-0.869683742523
-0.869714260101
-0.869744777679
-0.869775295258
-0.869805693626
-0.869836211205
-0.869866609573
-0.869897007942
-0.869927406311
-0.869957685471
-0.869988083839
-0.870018362999
-0.870048642159
-0.870078921318
-0.870109021664
-0.870139300823
-0.870169460773
-0.870199620724
-0.870229780674
-0.870259940624
-0.870289981365
-0.870320081711
-0.870350122452
-0.870380163193
-0.870410203934
-0.870440125465
-0.870470106602
-0.870500028133
-0.870529949665
-0.870559871197
-0.870589792728
-0.870619654655
-0.870649456978
-0.8706792593
-0.870709121227
-0.87073880434
-0.870768606663
-0.870798408985
-0.870828032494
-0.870857715607
-0.87088739872
-0.870917022228
-0.870946705341
-0.870976388454
-0.871005892754
-0.871035456657
-0.871064960957
-0.87109452486
-0.871124088764
-0.871153473854
-0.871183037758
-0.871212422848
-0.871241867542
-0.871271252632
-0.871300697327
-0.871330022812
-0.871359407902
-0.871388733387
-0.871417999268
-0.871447324753
-0.871476590633
-0.871505796909
-0.87153506279
-0.871564269066
-0.871593415737
-0.871622622013
-0.871651768684
-0.871680855751
-0.871710002422
-0.871739029884
-0.871768116951
-0.871797144413
-0.87182623148
-0.871855258942
-0.871884167194
-0.871913254261
-0.871942162514
-0.871971130371
-0.872000038624
-0.872028946877
-0.872057795525
-0.872086584568
-0.872115373611
-0.87214410305
-0.872172772884
-0.8722012043
-0.872229635715
-0.872257947922
-0.872286200523
-0.872314155102
-0.87234210968
-0.872369766235
-0.872397243977
-0.872424602509
-0.872451722622
-0.872478663921
-0.872505307198
-0.87253177166
-0.872557997704
-0.872583925724
-0.872609555721
-0.8726349473
-0.872659981251
-0.872684597969
-0.872709035873
-0.872733056545
-0.872756898403
-0.872780203819
-0.872803151608
-0.872825741768
-0.872847795486
-0.872869551182
-0.872890889645
-0.872911810875
-0.872932314873
-0.872952163219
-0.872971713543
-0.87299066782
-0.873009204865
-0.873027145863
-0.873044610023
-0.873061537743
-0.87307792902
-0.873093664646
-0.873108923435
-0.873123466969
-0.87313747406
-0.87315094471
-0.873163759708
-0.873175799847
-0.873187303543
-0.873198151588
-0.873208284378
-0.873217821121
-0.873226583004
-0.873234689236
-0.873241961002
-0.873248577118
-0.873254299164
-0.873259425163
-0.873263716698
-0.873267233372
-0.873269915581
-0.873271882534
-0.873272895813
-0.873273134232
-0.87327247858
-0.873271048069
-0.873268723488
-0.873265445232
-0.873261272907
-0.873256266117
-0.873250305653
-0.873243331909
-0.873235523701
-0.873226583004
-0.873216867447
-0.873206079006
-0.873194277287
-0.873181462288
-0.87316763401
-0.873152732849
-0.873136878014
-0.87311989069
-0.873101830482
-0.873082816601
-0.873062551022
-0.873041152954
-0.873018741608
-0.872995138168
-0.872970402241
-0.87294447422
-0.872917413712
-0.872889220715
-0.87285977602
-0.872829020023
-0.872797131538
-0.872764050961
-0.872729659081
-0.872694015503
-0.872657120228
-0.872618913651
-0.87257951498
-0.872538745403
-0.872496604919
-0.872453153133
-0.872408390045
-0.872362196445
-0.872314631939
-0.872265815735
-0.872215509415
-0.872163712978
-0.872110664845
-0.87205606699
-0.872000038624
-0.871942520142
-0.871883690357
-0.871823430061
-0.871761739254
-0.871698796749
-0.871634542942
-0.871569037437
-0.871502220631
-0.871434271336
-0.871365010738
-0.871294856071
-0.871223449707
-0.871150910854
-0.871077418327
-0.871002852917
-0.870927393436
-0.870850861073
-0.870773494244
-0.870695233345
-0.870616137981
-0.870536148548
-0.870455503464
-0.870374083519
-0.870291769505
-0.870208919048
-0.870125293732
-0.870041191578
-0.869956314564
-0.869871020317
-0.869785070419
-0.869698643684
-0.869611859322
-0.869524478912
-0.86943680048
-0.86934864521
-0.869260311127
-0.869171559811
-0.869082450867
-0.868993222713
-0.868903756142
-0.868813991547
-0.868724286556
-0.868634343147
-0.868544220924
-0.868454158306
-0.868364036083
-0.868273854256
-0.868183851242
-0.868093788624
-0.868003964424
-0.86791408062
-0.867824494839
-0.867735147476
-0.867645919323
-0.867557048798
-0.867468416691
-0.867380023003
-0.867292165756
-0.867204606533
-0.867117464542
-0.867030799389
-0.866944611073
-0.866858899593
-0.866773724556
-0.866689264774
-0.86660528183
-0.866522014141
-0.866439342499
-0.866357445717
-0.866276264191
-0.866195857525
-0.866116225719
-0.866037368774
-0.865959525108
-0.865882515907
-0.865806460381
-0.865731358528
-0.865657150745
-0.865584015846
-0.865512013435
-0.865441083908
-0.865371227264
-0.865302503109
-0.865235030651
-0.865168750286
-0.865103781223
-0.865039944649
-0.86497759819
-0.864916443825
-0.864856719971
-0.864798367023
-0.864741504192
-0.864686071873
-0.864632248878
-0.864579856396
-0.864528954029
-0.864479780197
-0.864432275295
-0.864386260509
-0.864342093468
-0.864299595356
-0.864258825779
-0.864219903946
-0.864182770252
-0.864147484303
-0.864114165306
-0.864082694054
-0.86405313015
-0.864025533199
-0.864000022411
-0.863976478577
-0.863955140114
-0.86393558979
-0.863918125629
-0.863902628422
-0.863889098167
-0.863877475262
-0.863867819309
-0.863860011101
-0.863854169846
-0.86385011673
-0.863847970963
-0.863847672939
-0.863849163055
-0.863852441311
-0.863857448101
-0.863864302635
-0.863872945309
-0.863883197308
-0.86389529705
-0.863909006119
-0.863924384117
-0.863941431046
-0.863960146904
-0.863980531693
-0.864002466202
-0.864026069641
-0.864051043987
-0.864077806473
-0.86410599947
-0.864135682583
-0.864166915417
-0.864199638367
-0.864233911037
-0.864269554615
-0.864306569099
-0.864345133305
-0.864385068417
-0.864426314831
-0.864468932152
-0.864512979984
-0.864558279514
-0.864604890347
-0.864652872086
-0.864702045918
-0.864752590656
-0.864804267883
-0.864857196808
-0.864911437035
-0.86496669054
-0.865023255348
-0.865080952644
-0.865139782429
-0.865199744701
-0.865260779858
-0.865322887897
-0.865386128426
-0.865450382233
-0.865515649319
-0.865582048893
-0.865649342537
-0.865717709064
-0.865786910057
-0.865857124329
-0.865928292274
-0.866000413895
-0.866073310375
-0.86614716053
-0.86622184515
-0.86629742384
-0.866373836994
-0.866450965405
-0.866528987885
-0.86660772562
-0.866687178612
-0.866767525673
-0.866848409176
-0.866930067539
-0.867012500763
-0.867095470428
-0.867179095745
-0.867263495922
-0.867348432541
-0.867434024811
-0.867520034313
-0.867606878281
-0.867694020271
-0.867781758308
-0.867870151997
-0.867958903313
-0.868048131466
-0.868137836456
-0.868228077888
-0.868318617344
-0.868409693241
-0.868501007557
-0.86859279871
-0.868685007095
-0.868777513504
-0.868870258331
-0.868963301182
-0.869056820869
-0.869150459766
-0.869244277477
-0.869338393211
-0.869432926178
-0.86952739954
-0.86962223053
-0.86971706152
-0.869812190533
-0.86990737915
-0.870002746582
-0.870098054409
-0.870193660259
-0.870289087296
-0.870384812355
-0.870480358601
-0.87057608366
-0.87067168951
-0.870767235756
-0.870862841606
-0.870958268642
-0.871053755283
-0.87114906311
-0.871244311333
-0.871339380741
-0.871434390545
-0.871529221535
-0.871623814106
-0.871718168259
-0.871812403202
-0.871906280518
-0.872000038624
-0.872093439102
-0.872186660767
-0.872279584408
-0.872372210026
-0.872464537621
-0.872556567192
-0.872648477554
-0.872739911079
-0.872831225395
-0.872922182083
-0.873012840748
-0.873103201389
-0.873193264008
-0.873283147812
-0.873372733593
-0.873461961746
-0.873550832272
-0.873639583588
-0.873727917671
-0.873815953732
-0.873903751373
-0.873991250992
-0.874078392982
-0.874165177345
-0.874251723289
-0.874338030815
-0.874423980713
-0.874509572983
-0.874594867229
-0.874679982662
-0.874764680862
-0.874849021435
-0.874933123589
-0.875016868114
-0.875100255013
-0.875183403492
-0.875266134739
-0.875348687172
-0.875430822372
-0.875512599945
-0.875594139099
-0.875675320625
-0.875756144524
-0.875836610794
-0.875916779041
-0.875996649265
-0.876076102257
-0.87615519762
-0.876234054565
-0.876312553883
-0.876390695572
-0.876468420029
-0.876545846462
-0.876622855663
-0.876699626446
-0.8767760396
-0.876852095127
-0.876927793026
-0.877003073692
-0.877078056335
-0.877152621746
-0.877226829529
-0.877300679684
-0.87737429142
-0.877447426319
-0.87752020359
-0.877592563629
-0.877664685249
-0.877736389637
-0.877807676792
-0.877878606319
-0.877949118614
-0.878019332886
-0.878089129925
-0.878158628941
-0.878227591515
-0.87829631567
-0.878364562988
-0.878432393074
-0.878499925137
-0.878567039967
-0.878633856773
-0.878700137138
-0.878766059875
-0.87883156538
-0.878896772861
-0.87896156311
-0.879025936127
-0.879089891911
-0.879153370857
-0.879216611385
-0.879279315472
-0.879341602325
-0.879403591156
-0.879465103149
-0.879526138306
-0.879586815834
-0.879647135735
-0.879707098007
-0.879766523838
-0.879825472832
-0.879884064198
-0.879942297935
-0.880000054836
-0.880057394505
-0.88011431694
-0.880170822144
-0.88022685051
-0.880282521248
-0.880337834358
-0.880392611027
-0.880446970463
-0.880501031876
-0.880554616451
-0.88060772419
-0.88066059351
-0.880712926388
-0.880764842033
-0.880816459656
-0.880867600441
-0.880918383598
-0.880968689919
-0.881018698215
-0.88106828928
-0.881117463112
-0.881166279316
-0.881214618683
-0.881262719631
-0.881310343742
-0.881357610226
-0.881404459476
-0.881450951099
-0.881497085094
-0.881542861462
-0.881588160992
-0.881633222103
-0.881677746773
-0.881722092628
-0.881765902042
-0.881809473038
-0.881852567196
-0.881895422935
-0.881937801838
-0.881979882717
-0.882021665573
-0.882062911987
-0.882103919983
-0.882144570351
-0.882184863091
-0.882224917412
-0.882264435291
-0.882303655148
-0.882342576981
-0.882381141186
-0.882419347763
-0.882457196712
-0.882494807243
-0.882532000542
-0.882568895817
-0.882605373859
-0.882641673088
-0.882677555084
-0.882713079453
-0.882748186588
-0.88278311491
-0.882817685604
-0.882851958275
-0.882885932922
-0.882919490337
-0.882952809334
-0.882985770702
-0.883018493652
-0.88305079937
-0.883082926273
-0.883114695549
-0.883146047592
-0.883177161217
-0.883208036423
-0.883238554001
-0.883268713951
-0.883298635483
-0.883328318596
-0.883357584476
-0.883386611938
-0.883415460587
-0.883443892002
-0.883472084999
-0.883499920368
-0.883527517319
-0.883554875851
-0.88358181715
-0.883608698845
-0.883635163307
-0.883661270142
-0.883687317371
-0.883712947369
-0.883738338947
-0.883763372898
-0.883788228035
-0.883812785149
-0.883837103844
-0.883861124516
-0.883884906769
-0.883908510208
-0.883931815624
-0.883954763412
-0.883977591991
-0.884000062943
-0.88402223587
-0.884044349194
-0.884066104889
-0.884087562561
-0.884108781815
-0.884129822254
-0.884150564671
-0.884171068668
-0.884191453457
-0.884211480618
-0.88423126936
-0.884250760078
-0.884270071983
-0.884289205074
-0.884308040142
-0.884326696396
-0.884344995022
-0.884363174438
-0.884380996227
-0.884398698807
-0.884416162968
-0.88443338871
-0.884450376034
-0.884467184544
-0.88448369503
-0.884500026703
-0.884516179562
-0.884532034397
-0.884547650814
-0.884563028812
-0.884578287601
-0.884593188763
-0.884607970715
-0.884622573853
-0.884636878967
-0.884651064873
-0.884664952755
-0.884678602219
-0.884692072868
-0.884705364704
-0.884718418121
-0.88473123312
-0.884743928909
-0.88475638628
-0.884768605232
-0.884780704975
-0.884792506695
-0.884804129601
-0.884815573692
-0.88482683897
-0.884837806225
-0.88484865427
-0.884859323502
-0.88486969471
-0.884879946709
-0.884890079498
-0.884899973869
-0.884909570217
-0.884918987751
-0.884928405285
-0.884937405586
-0.884946346283
-0.884955108166
-0.884963691235
-0.88497197628
-0.884980142117
-0.884988188744
-0.884995996952
-0.885003685951
-0.885011136532
-0.885018348694
-0.885025560856
-0.88503241539
-0.88503921032
-0.885045826435
-0.885052144527
-0.885058403015
-0.885064482689
-0.885070502758
-0.885076224804
-0.885081708431
-0.885087192059
-0.885092318058
-0.885097444057
-0.885102331638
-0.88510710001
-0.885111749172
-0.885116159916
-0.885120391846
-0.885124564171
-0.885128438473
-0.885132372379
-0.885135889053
-0.885139465332
-0.885142862797
-0.885146021843
-0.88514906168
-0.885151922703
-0.885154724121
-0.885157287121
-0.885159730911
-0.885162055492
-0.88516420126
-0.885166287422
-0.885168135166
-0.88516998291
-0.885171532631
-0.885173022747
-0.885174334049
-0.885175585747
-0.885176539421
-0.8851775527
-0.885178267956
-0.885178983212
-0.885179460049
-0.885179877281
-0.885180234909
-0.885180354118
-0.885180354118
-0.885180234909
-0.88517999649
-0.885179758072
-0.88517922163
-0.885178625584
-0.885177910328
-0.885177016258
-0.885176062584
-0.8851749897
-0.885173857212
-0.88517254591
-0.885171175003
-0.885169625282
-0.885168015957
-0.885166168213
-0.885164320469
-0.88516241312
-0.885160326958
-0.885158121586
-0.885155797005
-0.885153472424
-0.885150909424
-0.885148346424
-0.885145664215
-0.885142862797
-0.885139942169
-0.885137021542
-0.885133981705
-0.885130763054
-0.885127484798
-0.885124087334
-0.885120630264
-0.88511711359
-0.885113418102
-0.88510966301
-0.885105848312
-0.88510197401
-0.885097920895
-0.885093808174
-0.885089635849
-0.885085463524
-0.885081112385
-0.885076701641
-0.885072171688
-0.885067641735
-0.885063052177
-0.885058283806
-0.885053396225
-0.885048627853
-0.885043621063
-0.885038614273
-0.885033488274
-0.885028362274
-0.885023117065
-0.885017752647
-0.885012507439
-0.885007023811
-0.885001480579
-0.884995877743
-0.884990274906
-0.88498467207
-0.884978950024
-0.884973049164
-0.884967207909
-0.884961247444
-0.884955227375
-0.884949266911
-0.884943127632
-0.884937047958
-0.884930849075
-0.884924590588
-0.884918272495
-0.884911894798
-0.884905576706
-0.8848990798
-0.884892642498
-0.884886026382
-0.884879529476
-0.884872853756
-0.88486623764
-0.88485956192
-0.884852826595
-0.884845972061
-0.884839177132
-0.884832322598
-0.884825468063
-0.88481849432
-0.884811580181
-0.884804606438
-0.884797513485
-0.884790420532
-0.884783387184
-0.884776294231
-0.884769201279
-0.884761989117
-0.884754776955
-0.884747624397
-0.884740412235
-0.884733200073
-0.884725868702
-0.884718537331
-0.884711205959
-0.884703874588
-0.884696602821
-0.88468927145
-0.884681940079
-0.884674489498
-0.884667038918
-0.884659707546
-0.884652256966
-0.884644806385
-0.884637355804
-0.884629905224
-0.884622454643
-0.884615004063
-0.884607613087
-0.884600162506
-0.884592711926
-0.884585261345
-0.884577810764
-0.884570360184
-0.884562909603
-0.884555459023
-0.884548008442
-0.884540557861
-0.884533107281
-0.8845256567
-0.88451820612
-0.884510755539
-0.884503483772
-0.884496033192
-0.88448870182
-0.884481370449
-0.884474039078
-0.884466707706
-0.884459376335
-0.884452044964
-0.884444892406
-0.884437561035
-0.884430348873
-0.884423136711
-0.884415924549
-0.884408831596
-0.884401798248
-0.884394586086
-0.884387493134
-0.88438051939
-0.884373426437
-0.884366512299
-0.884359538555
-0.884352684021
-0.884345769882
-0.884338915348
-0.884332180023
-0.884325385094
-0.884318649769
-0.884311914444
-0.884305357933
-0.884298741817
-0.884292185307
-0.8842856884
-0.884279191494
-0.884272754192
-0.884266376495
-0.884260058403
-0.884253680706
-0.884247481823
-0.884241402149
-0.884235143661
-0.884229183197
-0.884223043919
-0.884217202663
-0.884211242199
-0.884205341339
-0.884199619293
-0.884193897247
-0.884188175201
-0.884182631969
-0.884177029133
-0.884171545506
-0.884166181087
-0.884160816669
-0.884155571461
-0.884150326252
-0.884145200253
-0.884140193462
-0.884135186672
-0.884130179882
-0.88412541151
-0.88412052393
-0.884115874767
-0.884111225605
-0.884106755257
-0.884102225304
-0.88409781456
-0.884093523026
-0.884089291096
-0.884085118771
-0.884081125259
-0.884077191353
-0.884073257446
-0.884069502354
-0.884065687656
-0.884062170982
-0.884058654308
-0.884055197239
-0.884051799774
-0.884048640728
-0.884045481682
-0.88404238224
-0.884039461613
-0.884036540985
-0.884033858776
-0.884031176567
-0.884028613567
-0.884026169777
-0.884023725986
-0.884021520615
-0.884019315243
-0.884017348289
-0.884015440941
-0.884013593197
-0.884011864662
-0.884010314941
-0.884008824825
-0.884007394314
-0.884006142616
-0.884005069733
-0.884003937244
-0.884003102779
-0.884002268314
-0.884001612663
-0.884001016617
-0.884000658989
-0.884000301361
-0.884000182152
-0.884000062943
