0.0
-2.87720490633e-06
0.00172248808667
0.00116838142276
8.17999243736e-05
-0.00330087356269
-0.00371065782383
-2.81058601104e-06
-0.00278070452623
0.000449261744507
0.00272767967544
0.00481292884797
0.00902722030878
0.00677858898416
0.00545368436724
0.00556464865804
0.00441709440202
0.0014016708592
0.00119794183411
0.00295243808068
0.00254880730063
0.00219754409045
-0.000655868963804
-0.00305007398129
-0.00240304949693
-0.0050878431648
-0.00499213067815
-0.000492818537168
0.00135138886981
0.00311916950159
0.0061765415594
0.00544543098658
0.00543031888083
0.00428395951167
2.67618397629e-05
0.00197515077889
0.00219062762335
2.99954772345e-05
0.000961498881225
-0.00107035541441
0.000299509440083
-0.000800347479526
-0.00170547841117
-0.000813596416265
-0.00229847314768
0.000806845840998
0.00207452243194
-0.000353205541614
-0.000576368882321
0.00302106584422
0.00118996866513
-0.000406101811677
-0.0018053004751
-0.00244662119076
-0.00247965799645
-0.00517949927598
-0.000908625021111
0.000634350057226
1.42415137816e-05
0.00316946301609
-0.00232547242194
0.000445952580776
-0.00561732938513
-0.00130698981229
-0.00414722366259
-0.00350492750295
-0.00128282606602
0.000829358177725
0.00200915685855
0.0021730682347
0.00877605564892
0.00275873742066
0.00458523118868
0.00449870573357
0.00231872056611
0.00193545932416
7.45899451431e-05
0.0014214675175
-0.00156364659779
-0.00368568743579
-0.00359981227666
-0.00571717787534
-0.00262559950352
-0.0012117625447
-0.00212484248914
0.00188397732563
0.00223747431301
-0.00215432210825
0.0029398703482
-0.00345821329392
-0.00244385143742
-0.00447363499552
-0.00288615585305
-0.00427377643064
-0.0010574713815
-0.00230467878282
0.000351070193574
-0.000829477328807
0.00351922330447
-0.0031045738142
0.00235210335813
0.00317961513065
0.00255051348358
0.000730325060431
0.00242646690458
-0.00665613031015
-0.0147519493476
-0.00953577645123
0.00736768404022
0.0155209945515
0.0129852211103
0.00421518692747
-0.0121214613318
-0.0175645444542
-0.0106446594
-0.0137587180361
-0.00978865101933
-0.0127802761272
-0.0172910671681
-0.00739946495742
0.000975097122137
0.00230322242714
0.00386344501749
-0.00103226664942
-0.0082532055676
-0.0105129508302
0.00298625044525
-0.00353831518441
-0.00186087901238
-0.0104123223573
-0.019161876291
-0.0154425557703
0.00127976888325
-0.0052206791006
-0.00266200653277
-0.00868073571473
-0.0149767976254
-0.00333015527576
-6.16319448454e-05
-0.0011509093456
-0.000629583082628
-0.00642384542152
0.00162990484387
0.000971671310253
0.00315007637255
0.00402700155973
0.00505772745237
0.00590340746567
0.00862694066018
0.00654598139226
0.00387613615021
0.00749279558659
0.000844479480293
-0.00216148630716
1.34881511258e-05
0.00277469446883
0.00214638141915
0.00241696671583
-0.00250832503662
-0.00394196482375
-0.00720007717609
-0.00489659095183
-0.00257222866639
-0.000548185023945
-0.00382927316241
-0.00590519886464
-0.0065835500136
-0.0146310571581
-0.0141068790108
0.00809107534587
0.0447005741298
0.0541911683977
0.0309084616601
-0.00847250595689
-0.0292621161789
-0.0200721472502
0.0194803029299
0.0230547543615
0.0138830542564
-0.0197529587895
-0.0208799019456
-0.0115215973929
-0.00921588763595
0.0116709517315
0.0117772286758
0.00813954882324
-0.0209491886199
-0.00696760974824
-0.00931262411177
-0.00212474213913
-0.0094256317243
-0.0069986032322
0.00697730667889
-0.00359212141484
-0.00196378235705
-0.00814372021705
-0.0239950343966
-0.015735078603
0.024109153077
0.0218681022525
0.0151348561049
-0.0150069780648
-0.0580458305776
-0.029031759128
0.00873920321465
0.0373917743564
0.0224023163319
-0.0333193056285
-0.0247465707362
0.0193064790219
0.00327745685354
0.00300748925656
0.0164327453822
-0.0178674347699
-0.0265629198402
-0.0146499481052
-0.0098649347201
0.00621189642698
0.0138392401859
-0.0164083521813
-0.0451588816941
-0.0161753352731
0.00698706461117
0.00503885932267
0.0206157937646
-0.0175292361528
-0.030606020242
-0.00874854624271
-0.00216672592796
-0.0279958583415
-0.00314962863922
0.0361373350024
0.0472682081163
0.0153764076531
-0.00515081128106
-0.0165690872818
-0.0474858880043
-0.0496405810118
0.0109079554677
0.0694850310683
0.0288701988757
0.00884813256562
0.00139621901326
0.0109510086477
-0.0263446401805
-0.0363806672394
0.00462347222492
0.0168518275023
-0.0109647475183
0.0103746401146
0.0385064706206
-0.0115265259519
-0.00526123167947
0.0279504861683
-0.0162590108812
-0.0310890953988
-0.0467676110566
-0.00617475807667
0.0367108769715
0.0473745428026
0.00991675723344
0.00229407497682
-0.00745570706204
0.00267645972781
-0.0060447640717
-0.0227231364697
-0.00380239775404
0.0479845143855
0.0393826924264
0.015120617114
0.0121087888256
0.0230413042009
0.0357520096004
0.0530842058361
0.00452789431438
-0.0595551095903
-0.0806916430593
-0.0596409291029
-0.0724460110068
-0.0399373061955
0.0134769966826
0.068429030478
0.0472599975765
0.039570260793
0.0219211187214
0.00662804720923
-0.0378168821335
-0.0742700248957
-0.0757446065545
-0.0251394156367
0.00995099823922
0.0164159536362
-0.0166137181222
0.0080608073622
0.0403296276927
0.0453244745731
0.0540097989142
0.0476131178439
0.0334128439426
0.052649948746
-0.0535915941
-0.114724621177
-0.0463564284146
-0.0106005435809
-0.00524052325636
-0.00606809277087
0.0311810914427
0.0585326217115
0.0404405631125
0.0574011169374
0.0311326906085
0.0126801151782
-0.0123784104362
-0.00931110419333
0.0226944237947
0.0326019972563
-0.00331560522318
-0.00468251947314
0.0128098875284
0.0138658257201
0.0276036690921
-0.0271000638604
-0.0452280715108
-0.0669472813606
-0.0195261482149
-0.0298578888178
-0.0379766225815
-0.00826695933938
-0.0102239651605
0.00785455107689
-0.0166295301169
0.00262407772243
-0.00336433923803
-0.00488350214437
-0.00764662306756
-0.00355696375482
0.0322222560644
0.0108447531238
-0.00532051781192
-0.0349902883172
0.00551551533863
0.000756581663154
0.0129286460578
0.0242074932903
0.0690502971411
0.0690910071135
-0.0384083986282
-0.0506535805762
-0.0305897649378
0.0152384294197
0.0429722368717
0.0456061698496
0.0305062606931
0.0232611559331
0.0186393558979
-0.020084945485
-0.0358023867011
-0.00662535009906
0.00705414963886
-0.0217240825295
-0.00138254917692
0.0169454198331
-0.0130379209295
-0.00645389128476
-0.00525765027851
0.0145528689027
0.0132529418916
-0.0118257030845
-0.0119701018557
0.00961428787559
0.0357696972787
0.00173811416607
-0.0219584330916
-0.0288276262581
-0.0116115938872
-0.00625711632892
-0.0167146977037
-0.0289591960609
-0.0158287175
0.0158485863358
0.0254812408239
0.0371161438525
0.0158796291798
0.0148448841646
0.0187859535217
-0.00304950075224
-0.0530496202409
-0.0540589764714
-0.0280147753656
0.00368435517885
0.00354424654506
-0.0167270544916
0.0116854356602
0.0297992825508
0.0364271514118
0.0260818339884
-0.0112290680408
-0.0120085598901
-0.0191992800683
-0.00792012456805
0.00867052283138
0.0145606696606
0.00206354702823
-0.00419800309464
-0.0244036577642
-0.0201729107648
0.017179088667
0.0133525077254
0.0143453702331
0.00299477297813
0.0156351067126
0.0257123671472
0.0155210513622
0.00109975319356
-0.0155081870034
-0.00521143339574
-0.00371503387578
0.00615444220603
0.00963796209544
0.0146315600723
0.010827803053
-0.0100524472073
-0.0139411715791
0.00195233011618
0.0185320544988
0.0104791251943
-0.00514224730432
-0.0269515216351
-0.0188562180847
-0.00696489401162
-0.0149035789073
0.00248182192445
0.00576368859038
-0.0123189790174
-0.0151704689488
-0.00893293693662
0.00806423183531
0.0175519455224
0.022771216929
0.00986535847187
0.00888565462083
-0.0115833375603
-0.00481224292889
0.0157844722271
0.00386611162685
0.014681128785
0.00237541901879
0.00588203873485
0.00640592770651
-0.00389074999839
0.00751724466681
0.00866281799972
0.00440098810941
-0.0169834401459
0.0194503311068
0.0228122640401
0.00449023582041
0.00778693240136
0.00605894997716
-0.027243712917
-0.0327910780907
-0.00722505059093
-0.010369239375
-0.00634005758911
-0.00944231729954
-0.0122818406671
0.000431737629697
-0.00499900756404
-0.00927190948278
-0.00449943216518
-0.00149837869685
-0.0129547407851
0.0098062986508
0.0158455260098
-0.0102899158373
-0.000272134377155
-0.00916050188243
-0.00573366647586
-0.000993184628896
0.0160682499409
-0.00559754343703
-0.00340784806758
-0.021648587659
-0.0191858876497
0.0010194714414
-0.00363184814341
-0.000672090915032
0.0190874617547
-0.00288184429519
-0.0268791504204
-0.00974458176643
0.000106847735879
0.000310291623464
0.0062298537232
-0.0201581791043
-0.00763151189312
-0.0057823555544
0.0108484253287
0.0103990696371
-0.00740966945887
-0.0276154819876
-0.0321250706911
-0.00905602239072
-0.0103813456371
-0.00975133385509
-0.010937330313
0.00194246508181
0.0202730223536
0.0142444390804
0.00031996940379
-0.0190127119422
-0.00798390712589
0.00458993948996
-0.0019108747365
0.00897788070142
0.00806916411966
0.00796220079064
0.0135505180806
0.00670953188092
-0.00415140809491
0.021373860538
0.00410791346803
-0.00893576256931
0.0065593579784
0.0066182599403
0.0142023684457
0.0055889938958
0.00476110400632
0.000453340471722
0.00668004108593
0.00487824808806
0.00360256247222
0.00300465221517
-0.00919217802584
0.0101217702031
-0.0010051705176
-0.000990309752524
0.000444840086857
1.43599663716e-05
-0.00160766206682
0.00414384482428
-0.000379808392609
-0.00676185032353
-0.00230547552928
-0.00106354255695
-0.00920166820288
-0.00845151860267
-0.0214674882591
7.23389093764e-05
0.00996172521263
0.00714638829231
0.00230512395501
-0.00593389384449
-0.00565992901102
-0.0078072831966
0.00243441970088
-0.00622745184228
-0.00127357186284
0.00318635394797
-0.00194030115381
-0.00729294447228
-0.0203169416636
-0.0120448637754
-0.0037263375707
0.0186430793256
0.00549099920318
-0.00411001686007
-0.00994191970676
-0.00137411721516
0.0227473117411
0.0100223552436
-0.00379756162874
-0.0178721901029
-0.014389754273
-0.0136852106079
0.00690886285156
0.00400835229084
-0.000396612274926
0.00884430482984
0.0040117460303
-0.00392940593883
-0.00423824321479
-0.00365674053319
0.00871826056391
-0.00490301381797
-0.0219541992992
-0.0334293954074
-0.00105963111855
-0.00022844474006
-0.00377821945585
-0.0160059574991
-0.0163500569761
-0.000462791242171
0.00185669178609
-0.00646476168185
-0.00898247305304
-0.0109628895298
-0.00927236583084
0.00460724625736
0.0115560255945
0.00157467077952
-0.00119077158161
7.61268238421e-05
-0.0012272852473
-0.00604477245361
-0.00469974288717
0.000410776148783
0.00915539916605
0.0182941630483
0.000253726902883
-0.00774234859273
-0.026419473812
-0.0937074422836
-0.176275998354
-0.250762552023
-0.114400602877
0.206288248301
0.432709366083
0.397246927023
0.0944558084011
-0.140429735184
-0.249203026295
-0.146910235286
0.112968303263
0.168978199363
0.0898456647992
-0.0957416817546
-0.17054361105
-0.080747410655
-0.120627060533
0.0375418812037
0.196007922292
0.253612101078
-0.0608185566962
-0.0463478267193
-0.0363888256252
-0.205455675721
-0.262302160263
0.00819540396333
0.197681561112
-0.0722021311522
-0.221464678645
0.0233157034963
0.0163477435708
-0.00778132956475
0.175951749086
0.250600874424
0.186819672585
0.133143261075
-0.455341309309
-0.288910955191
-0.0131763722748
0.156478896737
0.346985340118
-0.21325647831
-0.168425053358
0.357324510813
0.0241237059236
-0.128637388349
0.153205648065
-0.00374972610734
-0.281593799591
-0.0557378977537
-0.0476801283658
0.14344842732
0.219588503242
0.0216909255832
-0.283289283514
-0.312895953655
0.312384366989
0.189619019628
-0.0694117471576
-0.128383487463
-0.0262828096747
-0.154952138662
-0.0691365897655
-0.196813389659
-0.25602850318
0.39785861969
0.692983686924
0.38524261117
0.0092375734821
-0.15897628665
-0.291220396757
-0.640817821026
-0.358504772186
0.281522154808
0.711906194687
0.131195604801
-0.0975286513567
0.0382791496813
0.129852086306
-0.437262892723
-0.475735843182
0.237361148
0.227608069777
0.123297981918
0.211156874895
0.147462263703
-0.143524095416
0.0282420758158
-0.0782525464892
-0.255654096603
-0.461279094219
-0.332540780306
0.310566097498
0.558460950851
0.175034880638
-0.176358312368
-0.0223187189549
0.0295247361064
-0.0863892436028
-0.356037408113
-0.0738372653723
0.32301980257
0.486713647842
0.450510889292
0.248250693083
0.192083820701
0.171573877335
0.273588985205
0.53415119648
0.537275075912
-0.0422438308597
-0.758756518364
-1.06570601463
-1.02382290363
-0.83781093359
-0.759938299656
-0.877069532871
-1.0072966814
-0.836645901203
-0.351894676685
0.210598990321
0.619229853153
0.82077306509
0.923916697502
0.99179148674
0.989864647388
0.849496126175
0.581649839878
0.321713030338
0.185642659664
0.132534921169
0.0976978763938
0.0365823730826
-0.103983104229
-0.439935654402
-0.906537353992
-1.18923902512
-1.09106624126
-0.707165360451
-0.360548526049
0.0555795393884
0.368379533291
0.230907008052
0.363758325577
0.233375176787
0.207247450948
0.543548464775
0.627859532833
0.197897568345
0.507658183575
0.0913028419018
-1.6779178381
-0.756354510784
-0.0807024389505
-0.172726437449
-0.148042082787
0.618561387062
0.825185120106
0.410104691982
0.400323837996
0.644119799137
0.00876544974744
-0.18551954627
0.0636316537857
0.260300219059
0.380403459072
0.214729055762
-0.0570222511888
-0.0650054216385
0.125538825989
0.101846598089
-0.212390676141
-0.425543069839
-0.684457242489
-0.715222001076
-0.478936225176
-0.500769913197
-0.46030113101
-0.168551430106
-0.144108593464
-0.241241753101
-0.0615253821015
-0.0400374568999
0.0268780961633
0.202791258693
0.0685565322638
-0.129364132881
-0.230610251427
-0.120042063296
0.211026415229
0.408069163561
0.272496640682
-0.0760001018643
-0.380468785763
-0.239867329597
0.0917327329516
0.0657119899988
0.0805912017822
0.404819339514
0.751695275307
0.975391805172
0.641502380371
-0.347173839808
-0.717167139053
-0.370863288641
-0.0335021615028
0.398076534271
0.533671438694
0.371838122606
0.423722356558
0.386606365442
0.137730672956
-0.0455987565219
-0.289161592722
-0.399032831192
-0.4245480299
-0.284577429295
-0.105385892093
-0.158998325467
0.027930110693
0.319308370352
0.0484002307057
-0.175628826022
-0.0877819135785
-0.0582125782967
0.138204932213
0.146917834878
-0.186310574412
-0.134243920445
0.206509232521
0.353576034307
0.165540263057
-0.124258473516
-0.384331792593
-0.490810841322
-0.0956831127405
0.103621795774
0.00596060696989
-0.130181923509
-0.378179073334
-0.226042792201
0.197214916348
0.329128801823
0.291162520647
0.280494868755
0.18599011004
0.284110277891
0.108660019934
-0.392139315605
-0.869816601276
-0.794226944447
-0.278171777725
0.0253602303565
0.0886814445257
0.0927253887057
0.153151720762
0.379840135574
0.304702371359
0.286919206381
-0.0254509747028
-0.225659802556
-0.0682157129049
-0.147621899843
-0.0601178854704
0.0562048591673
0.0253888014704
0.0833945944905
-0.0669214725494
-0.107054322958
-0.129048332572
-0.0471087545156
0.115508191288
0.0450625680387
0.165327176452
0.137930139899
0.135695293546
0.326331406832
0.270437687635
0.110598757863
0.0362110063434
-0.178050428629
-0.226351484656
-0.0582537762821
-0.083987981081
-0.100864551961
0.00251895328984
0.0376065894961
0.0703325644135
0.198361843824
0.225487202406
0.0235410965979
-0.159028753638
-0.131781563163
-0.0475248992443
0.00588505435735
0.0943537950516
0.190073683858
0.205603450537
0.155002862215
0.0732059329748
-0.0629867389798
-0.234916463494
-0.324661135674
-0.243863105774
-0.0849616974592
-0.00674027204514
-0.028002763167
-0.0197861772031
0.0792913585901
0.171412184834
0.142701253295
0.0279610678554
-0.0737916305661
-0.155804306269
-0.249286979437
-0.30067384243
-0.211475819349
-0.0302903056145
0.101615659893
0.114199094474
0.0737840160728
0.0540363900363
0.0362338013947
0.00345821329392
0.0173420179635
0.0871421769261
0.0824302211404
0.0132391760126
0.013588915579
0.0170884002
-0.0895602554083
-0.0864225924015
0.0794468969107
0.136791303754
0.0172337405384
-0.0660791099072
-0.0833519920707
-0.1168820858
-0.11675029248
-0.00953956320882
0.0754209235311
0.0910822898149
0.0833786353469
-0.0185176804662
-0.0626098588109
0.16575910151
0.388414561749
0.312672406435
0.127890840173
0.0613591447473
0.0552911125124
-0.00175539229531
-0.144670531154
-0.335962325335
-0.279877573252
-0.0230547543615
0.0175050999969
-0.0753496140242
-0.0772631168365
-0.0890943780541
-0.128208830953
-0.083646312356
-0.0341585874557
-0.0317388065159
-0.0709384903312
-0.189680233598
-0.126054167747
0.109617143869
0.126737445593
0.0764963179827
0.163836568594
0.137185052037
-0.0367488004267
-0.164565160871
-0.17712752521
-0.0598490200937
0.0592401027679
0.0577148385346
0.0859687551856
0.12190682441
-0.0330995135009
-0.14969432354
-0.0881006866693
-0.13137537241
-0.0882088020444
0.155753284693
0.154124811292
0.0202563609928
0.071929231286
0.210755586624
0.196545690298
0.00761691248044
-0.0332819074392
0.0795253068209
0.00817883387208
-0.0722202733159
-0.000693234091159
-0.117226280272
-0.0712004303932
0.148911342025
0.109741926193
0.0433600656688
-0.0553314127028
-0.159782260656
-0.185172483325
-0.202884167433
-0.0941638872027
-0.017536021769
-0.0116653451696
-0.0341375432909
-0.137003928423
-0.0264944192022
0.086158208549
0.0819506272674
0.00689872214571
-0.181639507413
-0.105034343898
0.0470054708421
0.0430155210197
0.0676155239344
0.114252187312
0.233316883445
0.170630007982
0.095405690372
-0.0674154013395
0.0854340195656
0.0967575237155
-0.132444024086
-0.063196182251
0.108427524567
0.176025599241
0.184218212962
0.0986081510782
0.0637317821383
0.0470107495785
-0.0766469314694
-0.132832884789
-0.0933001413941
-0.123762100935
0.018347773701
-0.0862730294466
0.00261548557319
0.0108468430117
0.00625399220735
-0.0130285834894
0.0298045258969
-0.00349275302142
-0.042172472924
0.0184438042343
-0.112778820097
-0.177317216992
-0.22638310492
-0.00966091826558
0.100250452757
0.0334493890405
-0.0419376567006
-0.0128911305219
-0.120922476053
-0.0581833608449
-0.0327213034034
0.014988114126
-0.0496380738914
-0.0491395406425
-0.0104227457196
-0.00521687604487
0.0129948537797
0.0293278712779
0.103547349572
0.0972107723355
0.0271764453501
0.0295070707798
0.0818431451917
0.271221369505
0.235413685441
0.0593659952283
-0.121999934316
-0.2219145298
-0.126372873783
-0.0273323692381
0.0504547692835
0.0934678837657
0.062939979136
0.0188130959868
-0.00232717511244
0.0274432338774
0.0914343819022
0.130823791027
0.0896511077881
-0.00108466937672
-0.0417733192444
-0.01135027688
0.0228238049895
0.0193028021604
-0.0131267178804
-0.0691037848592
-0.12547904253
-0.10625372082
-0.0437444932759
-0.028696063906
-0.0548273921013
-0.0871987789869
-0.102593660355
-0.0610794238746
0.0214857701212
0.0284045096487
0.0389706082642
0.00727262301371
-0.0491851009429
-0.0356379784644
-0.0267359446734
0.117486789823
0.175292298198
0.0400444157422
-0.0336251817644
-0.0309818852693
-0.016312841326
-0.125977844
-0.199036091566
-0.137239649892
0.00207790429704
0.192468702793
0.0421530418098
0.000684048805851
0.00830466300249
-0.0532085672021
-0.0193573702127
-0.00618457701057
0.0803967192769
0.0483125820756
0.0722290128469
0.0628242045641
0.0652464926243
0.0749330148101
0.12853191793
0.0708346366882
0.000106056686491
0.0359375886619
-0.00294632813893
-0.0896096155047
-0.0353665389121
-0.0374222584069
-0.0959524586797
-0.0898829773068
-0.094347730279
-0.112646467984
-0.0591006986797
0.0644229203463
0.114872716367
0.00526235159487
-0.0856954231858
-0.142458289862
-0.0836837217212
-0.0699629485607
-0.05731651932
-0.0468267127872
-0.00908721424639
0.0989754721522
0.0473822876811
0.111334264278
0.246809899807
0.199172824621
0.00323382439092
-0.132086724043
-0.0524495691061
0.00955521594733
-0.000588507566135
0.0468178354204
0.0351579897106
-0.0251062195748
-0.0169608015567
-0.0308817829937
-0.0197854135185
-0.0246887560934
-0.0186088718474
0.072017967701
-0.0040555940941
-0.111073002219
-0.116892695427
-0.0142093664035
0.114866800606
0.125784307718
0.0835527256131
0.0128716034815
-0.040083874017
-0.097218349576
-0.194661185145
-0.144420608878
-0.133335217834
-0.0247838608921
0.0818524435163
0.00518105644733
0.0112739857286
0.0804622173309
0.124617606401
0.0556379705667
-0.0245467685163
0.0528627671301
0.0315904319286
0.015494318679
-0.0432677343488
-0.0457218959928
-0.0185331311077
0.0092284725979
0.0631869509816
0.0293495170772
0.0572664700449
-0.0874671489
-0.176519423723
-0.0796066001058
0.0176282860339
0.0980401262641
0.098944991827
-0.00989778991789
-0.09311773628
0.0148960305378
0.00315474183299
-0.00433478318155
-0.0319437161088
-0.0024336958304
-0.0363112390041
-0.0721662417054
0.0660838410258
0.0835217833519
0.0581738762558
0.0289103873074
0.0235605258495
0.039605807513
-0.00422972813249
0.0272847302258
0.0174353476614
-0.067272849381
-0.0622914284468
-0.0297342222184
0.0285315550864
-0.00433397758752
-0.0369618572295
0.00530183920637
0.000135825190227
-0.0018674575258
-0.0144974477589
-0.0660934075713
-0.098406329751
-0.112658716738
-0.0102888680995
0.0714697390795
0.058560308069
0.0419261567295
0.00066739867907
0.0260603297502
0.0608436614275
0.0367865115404
-0.00629098340869
-0.025617800653
-0.00784902554005
0.0165030248463
0.0204825792462
0.015075978823
0.0304105244577
0.0650759115815
0.0734224319458
0.0284817218781
-0.00858084205538
-0.0478779450059
-0.058627076447
-0.0035523250699
0.0330274701118
0.00442337756976
-0.030706981197
-0.0982946678996
-0.141042336822
-0.0651960298419
-0.0283960532397
0.0293464567512
0.0662981793284
0.0340057648718
0.0171464383602
0.00296709546819
0.0244199801236
-0.0251187887043
-0.0767697021365
-0.0727591812611
-0.0489317663014
0.0143930949271
-7.82539136708e-05
-0.0282420758158
0.0139092206955
0.0363464020193
0.0367942601442
0.0232236478478
0.00820978358388
0.0193957854062
0.0362188257277
0.0122953895479
-0.028531530872
-0.030444400385
-0.0177401285619
-0.00481538800523
0.0201667379588
-0.00867784582078
0.00257772137411
0.0292171016335
0.0130295194685
0.0249041430652
0.0501440912485
0.0170870907605
-0.0169822722673
0.01571762003
0.0238787103444
-0.0348687432706
-0.0203508678824
-0.00673082098365
-0.00689903274179
-0.044618498534
-0.0141064040363
0.0191806554794
0.0445329509676
0.0351019203663
-0.0286288671196
-0.0182865299284
0.0126756550744
0.0223811492324
0.0045705428347
-0.0684966295958
-0.0913269743323
-0.041032422334
-0.0109206130728
0.0256950072944
0.031774289906
0.0368876084685
0.0414448678493
0.0292749498039
0.00290282000788
-0.0268236175179
-0.013819030486
-0.00189085141756
-0.0197398923337
-0.0257911030203
0.0192902889103
0.0535024628043
0.0449867025018
0.019046228379
-0.00603325758129
-0.0136624323204
-0.00150148198009
0.00189658917952
0.00165084621403
0.0297948289663
0.0331437624991
0.0126507282257
-0.0123234223574
-0.0427023656666
-0.0339721776545
-0.0270196851343
-0.0368876084685
-0.00106377631892
0.0434847101569
0.0331721976399
0.0178197417408
0.00946280360222
0.0179042816162
0.00883851479739
-0.00422321632504
0.00459136813879
-0.0172720439732
-0.0316642411053
-0.0189528670162
-0.0287251360714
-0.0226770453155
-0.0147373955697
0.00247139204293
0.0266569200903
0.0406153984368
-0.00253632850945
-0.038070756942
0.0087318290025
0.0768193528056
0.0682667121291
0.0348317287862
0.0259365998209
0.0179607830942
-0.022796921432
-0.0234975945204
0.0154526494443
0.0387082770467
0.0395387262106
0.0150494715199
0.0102239903063
0.0280439313501
0.00253069144674
-0.0173631701618
-0.00571877649054
-0.0167674981058
-0.0569089390337
-0.0708196908236
-0.0270724389702
-0.00732414983213
-0.0314479917288
-0.0611930675805
-0.0363519713283
-0.0166392903775
0.00222722045146
0.00640860199928
0.0374735146761
0.0333641394973
0.0177560392767
0.0084804482758
-0.00865417253226
-0.00797499436885
-0.0182070620358
-0.00870037544519
0.0144420852885
0.0312581956387
0.0571614429355
0.0512617938221
0.0429027527571
0.0587452612817
0.0587896257639
0.0288628842682
-0.00599946035072
-0.018324540928
-0.0245147049427
-0.0291886944324
-0.00845051277429
0.0212215129286
0.0252653136849
0.0197187550366
0.0163813252002
-0.000754912791308
-0.0211361609399
-0.0164871327579
-1.58111215569e-05
0.000989243504591
-0.0186578650028
-0.0383651442826
-0.0401243939996
-0.0212511122227
0.00375926122069
0.022362973541
0.0361756198108
0.0389425083995
0.0263004414737
0.00825389660895
-0.00249990029261
-0.0150577202439
-0.034888278693
-0.0460812486708
-0.0452830418944
-0.0458442531526
-0.0554249472916
-0.0576368868351
-0.0352012515068
-0.00145459512714
0.0110913952813
0.00652604876086
0.010565225035
0.0318974815309
0.0615774951875
0.0646548047662
0.0191678367555
-0.0213019456714
-0.0260525047779
-0.0175851713866
-0.0076392213814
-0.00190441287123
-0.00839460920542
0.00307240150869
0.0415866747499
0.0518654286861
0.0349727272987
0.0246685668826
0.0287965461612
0.0505228899419
0.0625075548887
0.037995763123
-0.00933381635696
-0.0354274064302
-0.0250632781535
-0.00646518869326
0.0096147749573
0.0142853939906
0.00913572963327
0.0144168278202
-0.00227616424672
-0.0353160835803
-0.0358496084809
-0.0253676176071
-0.0311239194125
