0.0
-2.87720490633e-06
0.00172173185274
0.00117082381621
9.48099477682e-05
-0.00327567686327
-0.00374569650739
-1.29984255182e-05
-0.00274852034636
0.000330368085997
0.00270814774558
0.00468209106475
0.00894200988114
0.0069684702903
0.00540376221761
0.00561940530315
0.00451870076358
0.00161082111299
0.00103604409378
0.00290914811194
0.00260436860844
0.00223387824371
-0.000215681284317
-0.00310183269903
-0.0023096895311
-0.00477308500558
-0.00533952889964
-0.000937564647757
0.00128140870947
0.00271965423599
0.00602146796882
0.00560225872323
0.00529756909236
0.00478293607011
0.000225000025239
0.00160554540344
0.00253109470941
-6.01520659984e-05
0.00109280075412
-0.000988634652458
9.93518697214e-05
-0.000480070943013
-0.00189375004265
-0.000698638090398
-0.00232399441302
0.000643861247227
0.0021184864454
-0.000318194623105
-0.000576368882321
0.00303429551423
0.00111527834088
-0.000466237135697
-0.0018969810335
-0.00241835112683
-0.00270021148026
-0.0051556834951
5.74659425183e-05
-0.000284475740045
0.00129730673507
0.00215978128836
-0.00204955902882
-0.000639282166958
-0.0055098044686
-0.000511414953507
-0.00541498837993
-0.00217368244193
-0.00159736745991
0.00250072428025
0.000859730702359
0.00508319865912
0.00725728599355
0.00224174070172
0.00548603758216
0.00371352210641
0.00180920516141
0.00166508089751
6.21286453679e-05
0.00144550402183
-0.00317202880979
-0.00327382283285
-0.00418686680496
-0.00562137411907
-0.00160199741367
-0.00160974776372
-0.00169633515179
0.00256613199599
0.00125794298947
-0.00159412273206
0.00280369445682
-0.00345821329392
-0.00235753855668
-0.00454513914883
-0.00281300069764
-0.0046088420786
-0.0014879811788
-0.0019494619919
-0.00105808232911
0.000451823405456
0.000636878190562
0.00225709588267
-0.00396292237565
0.00427792407572
0.00271933944896
0.00258170254529
0.000763641786762
0.00230924692005
-0.00363397737965
-0.0146212792024
-0.0116726085544
-0.00326834223233
0.0158229228109
0.0133396312594
0.0131604773924
-9.56436560955e-05
-0.0133491046727
-0.0174678564072
-0.0109185222536
-0.0131129091606
-0.0115273771808
-0.0095855826512
-0.0178881976753
-0.0123454593122
-0.0039555169642
0.00263896584511
0.00247985008173
0.00379417813383
-0.00203843880445
-0.00868196040392
-0.0108662517741
0.00242444267496
-0.00245400541462
-0.00168045295868
-0.00715464353561
-0.0158912744373
-0.0216931495816
-0.0042024939321
-0.000702735560481
-0.00524042826146
-0.00298404693604
-0.0112038627267
-0.0136939724907
-0.00270946626551
-2.58935251622e-05
-0.00113941985182
-0.000556107610464
-0.00561580760404
-0.000593128323089
0.00182744534686
0.0017444920959
0.00421807263047
0.00498210592195
0.00461095105857
0.00752524333075
0.00902144052088
0.00415722373873
0.0054276259616
0.00663465587422
-0.00039546636981
-0.00195317389444
6.0497852246e-05
0.00295035471208
0.00230840104632
0.00219147233292
-0.00102384400088
-0.00490428227931
-0.0059361057356
-0.00622982671484
-0.00301871262491
-0.00115088105667
-0.00183585076593
-0.00543748959899
-0.0052502383478
-0.00981608591974
-0.0155110759661
-0.0113956294954
0.0146147841588
0.0477839149535
0.0536023043096
0.0311668198556
-0.00577157363296
-0.0282996091992
-0.0247004237026
0.00904267374426
0.0267505627126
0.0177291017026
-0.0010601215763
-0.0289045087993
-0.0120355365798
-0.0150968739763
-0.00155419670045
0.0114836273715
0.013485324569
0.00525746541098
-0.0210067518055
-0.00720571167767
-0.009302620776
-0.00306419795379
-0.00702808052301
-0.0104826204479
0.00421102950349
0.00196572835557
-0.00503222970292
-0.00158981408458
-0.0145651679486
-0.0257420744747
-0.00668648676947
0.0282187592238
0.0193738378584
0.015172149986
-0.0142507785931
-0.0576103888452
-0.0349211171269
0.00209208158776
0.0305475499481
0.0365817323327
-0.0143035193905
-0.0383153967559
-0.00185916700866
0.0202850867063
-0.00376372900791
0.0103802755475
0.0116759920493
-0.0234441384673
-0.0243881754577
-0.0147918760777
-0.0102929845452
0.00505927717313
0.0138974711299
-0.0067619625479
-0.0413166545331
-0.0323397554457
0.00531066628173
0.000963596452493
0.0175909046084
0.00892609823495
-0.028360966593
-0.0258207712322
-0.00409796042368
-0.00577558297664
-0.0287313573062
-0.00123194069602
0.0355286151171
0.0482389181852
0.0206994172186
-0.00330743729137
-0.0118650356308
-0.0366476103663
-0.0560025535524
-0.02371000126
0.0512968301773
0.0589143447578
0.0154945822433
0.00677538057789
0.00248958007433
0.00821798946708
-0.033669359982
-0.0326519235969
0.00614328030497
0.0169869437814
-0.00941149797291
0.00393394241109
0.0405753478408
0.000183732860023
-0.0171176437289
0.0258053187281
0.00417536357418
-0.0289810094982
-0.0399864129722
-0.0377898290753
0.0160305947065
0.0449158512056
0.0399535894394
0.00345498300157
0.00203619222157
-0.00818041153252
0.00375190097839
-0.00634005758911
-0.022884266451
-0.00704719219357
0.0409002862871
0.0479883700609
0.0158941764385
0.0137180313468
0.0168966725469
0.0311206616461
0.0465618669987
0.0389162525535
-0.0218578781933
-0.074643611908
-0.0729337632656
-0.062885299325
-0.0704549401999
-0.0356734320521
0.0160088427365
0.068006426096
0.0497390329838
0.0397662036121
0.0271457545459
0.0114292837679
-0.0201050657779
-0.0640296936035
-0.0813314467669
-0.0544251315296
-0.00678239297122
0.0169140193611
0.00748931989074
-0.0177740957588
0.0149982273579
0.0416398234665
0.0452877730131
0.0532384514809
0.0512968301773
0.0302972588688
0.0553347319365
-0.00862184353173
-0.112836264074
-0.0812750980258
-0.0225466024131
-0.00683477753773
-0.00639418978244
-0.000604054075666
0.0401129089296
0.0575290732086
0.0403147786856
0.0571093820035
0.0355981215835
0.0134345516562
-0.00478448113427
-0.0180157180876
0.0119334179908
0.0335944071412
0.018758924678
-0.0124549912289
0.00515357125551
0.011036128737
0.0183173008263
0.0241429563612
-0.0289651472121
-0.0448879301548
-0.0663934797049
-0.0312769599259
-0.0160876680166
-0.0480650477111
-0.0115273771808
-0.0144386766478
0.0030924344901
-0.00279186409898
-0.0140676908195
0.0045606023632
-0.00449640862644
-0.00481770606712
-0.00777195813134
-0.0054615912959
0.0298698507249
0.0164634175599
0.00269856420346
-0.0314486883581
-0.0135004995391
0.00662925140932
0.00353527301922
0.0172205623239
0.0333781987429
0.0784834995866
0.0563818439841
-0.0449171476066
-0.0501971393824
-0.031523950398
0.00845702551305
0.0407607294619
0.0460420176387
0.037079565227
0.0234931763262
0.0241096299142
0.00333400745876
-0.0325449518859
-0.0294990800321
0.00172910664696
0.00250149331987
-0.0227179396898
0.000508196651936
0.017329659313
-0.0112266018987
-0.00891350023448
-0.00516829127446
0.00743959005922
0.0191031582654
-0.00179717887659
-0.015569393523
-0.005035512615
0.0210379902273
0.0321456231177
-0.00661189621314
-0.0227189678699
-0.0287343692034
-0.0119671672583
-0.00534974876791
-0.0152228735387
-0.0262192245573
-0.0250431764871
0.00681927008554
0.021112293005
0.0329464115202
0.031472530216
0.0115986736491
0.0176781211048
0.0172910671681
-0.00941238366067
-0.0543335191905
-0.0543381683528
-0.0314928069711
0.00189636391588
0.00517017301172
-0.0115095777437
-0.00714782206342
0.0315739437938
0.0285223796964
0.0412141829729
0.00763847306371
-0.0133578069508
-0.0129079353064
-0.0194605644792
-0.00525787007064
0.00923763215542
0.0145606696606
0.00305639090948
-0.00408509932458
-0.0187045317143
-0.0283540543169
0.010811262764
0.0154534913599
0.0143034858629
0.00857177749276
0.00461095105857
0.0242031197995
0.0213430263102
0.0137265315279
-0.00572068523616
-0.0141260484233
-0.00471552880481
-0.00313551002182
0.00664029223844
0.009641116485
0.0141385653988
0.0128191970289
-0.00791184976697
-0.0141337662935
-0.00451326370239
0.0168753378093
0.0140791730955
0.00322329462506
-0.0178398247808
-0.0277721490711
-0.0105193844065
-0.00990790780634
-0.0129089197144
0.00757014658302
0.00140018458478
-0.0126008177176
-0.0156198786572
-0.00845997687429
0.00780067499727
0.0162011086941
0.0237836278975
0.0121037466452
0.00907801277936
-0.00272407196462
-0.0152766341344
0.0127282403409
0.00884556211531
0.00729845929891
0.0137999011204
-0.000903118168935
0.00929977931082
0.00304292910732
-0.00273683061823
0.00753508927301
0.00820153299719
0.00748306605965
-0.0175138730556
0.0104818306863
0.0262256395072
0.010348405689
0.00316539732739
0.0123591860756
-0.00913907121867
-0.0354434885085
-0.0239731986076
-0.00427650054917
-0.0121037466452
-0.00470298947766
-0.0113916629925
-0.0110136708245
0.000596576486714
-0.00494933500886
-0.00940117426217
-0.00508103705943
-0.00117509847041
-0.0109341228381
0.000921913713682
0.0221888814121
-0.00764921447262
-0.00270086410455
-0.00546886539087
-0.00747148506343
-0.00496272137389
0.0093343751505
0.00899076089263
-0.00885164178908
-0.00494465557858
-0.0264323651791
-0.0126765379682
0.001711263787
-0.00537074264139
0.00205029314384
0.0189783219248
-0.00288184429519
-0.0262283422053
-0.0134784895927
0.00197944464162
-0.00439452612773
0.0116686513647
-0.0151603203267
-0.0125631084666
-0.00808980781585
0.00127998064272
0.0144348787144
0.0048416540958
-0.0124242212623
-0.0320946201682
-0.0284242406487
-0.00856575276703
-0.0103938048705
-0.00969128496945
-0.0111834853888
-0.00244940305129
0.0190605279058
0.0159937869757
0.00820839218795
-0.0133346300572
-0.0161521490663
-0.000123299847473
0.00168557313737
0.000469667284051
0.0103746401146
0.00768366176635
0.00794174522161
0.0141323599964
0.0061308904551
-0.00460269907489
0.0202844850719
0.0083712534979
-0.0103055657819
0.00412492547184
0.00646741176024
0.0128022823483
0.00927842501551
0.00414216006175
0.00220325565897
0.00302175362594
0.00741345994174
0.00255260267295
0.00601952476427
-0.00222826306708
-0.00577795831487
0.01063357573
-0.00312348734587
5.54210782866e-05
0.000278967170743
7.43078817322e-06
-0.00161099655088
0.00377891678363
0.000880802981555
-0.00669749034569
-0.003978531342
0.00128680700436
-0.00876416824758
-0.00658378517255
-0.0181405954063
-0.0135023742914
0.00903352629393
0.00724975764751
0.0084689669311
-0.00230015744455
-0.00459406431764
-0.0079365009442
-0.00608618045226
0.00230547552928
-0.00609854189679
-0.00221300078556
0.00385225680657
-0.00229792064056
-0.00271903839894
-0.0188183970749
-0.0152340112254
-0.00998604949564
0.00765213603154
0.0176950972527
-0.000452195643447
-0.00446185935289
-0.0110288755968
0.00215193326585
0.0231287311763
0.0101080797613
-0.00267139170319
-0.0170613303781
-0.0150340935215
-0.0162136200815
0.00166979129426
0.00762838544324
-0.00010172212933
0.00249924650416
0.0108141880482
-0.00135847914498
-0.00310389092192
-0.00571794761345
-0.000769214355387
0.00823748484254
-0.00687719043344
-0.0229876637459
-0.0333085171878
-0.00201385212131
0.000703276251443
-0.00355835957453
-0.0138328531757
-0.0181988440454
-0.00416135927662
0.00303210341372
-0.003479270963
-0.00943398289382
-0.00905944686383
-0.0131287677214
0.000206559619983
0.00873235147446
0.0085014263168
-0.00268042064272
0.00123471149709
-0.000988345127553
-0.00268832058646
-0.00704221334308
-0.00250257039443
0.00151968072169
0.0144349308684
0.0147288646549
-0.00356781831942
-0.00869753211737
-0.0353588275611
-0.107093639672
-0.189919754863
-0.249693572521
-0.0899549797177
0.224802076817
0.435933232307
0.397039175034
0.104476258159
-0.130835741758
-0.243966326118
-0.177290812135
0.0782276988029
0.178979128599
0.109720729291
-0.031491715461
-0.188787132502
-0.08829459548
-0.117553979158
-0.0463527664542
0.118529647589
0.261310726404
0.136127799749
-0.106126956642
-0.00710340449587
-0.0790145918727
-0.245066151023
-0.231169313192
0.0496347919106
0.195524379611
-0.0866039544344
-0.224699109793
0.0157710518688
0.0158363040537
-0.00394962215796
0.107966512442
0.301174908876
0.143581330776
0.250976651907
-0.262729555368
-0.439093023539
-0.11861114949
0.0436876863241
0.269027888775
0.228027567267
-0.345264315605
0.0150700276718
0.343756526709
-0.050105728209
-0.0984467118979
0.163774237037
-0.0210554115474
-0.281580835581
-0.0654958114028
-0.0428783409297
0.105475507677
0.244189307094
0.0601854771376
-0.195345982909
-0.391592502594
0.113051503897
0.342968285084
-0.0245335008949
-0.0803004130721
-0.107375711203
-0.0460695922375
-0.183148086071
-0.0297124907374
-0.289335608482
-0.142275035381
0.498278230429
0.680250823498
0.368932276964
0.0178278367966
-0.152525484562
-0.239444985986
-0.579332530499
-0.536764442921
-0.015929704532
0.601673603058
0.568299710751
-0.0127125419676
-0.0887963250279
0.0540023259819
0.139935389161
-0.331662327051
-0.59588009119
-0.0213611070067
0.322757691145
0.160217374563
0.135252922773
0.220989391208
0.157783791423
-0.12798435986
-0.0298504754901
0.0131517583504
-0.17509777844
-0.310684651136
-0.496780008078
-0.270582437515
0.311532884836
0.558491528034
0.290482103825
-0.161406710744
-0.0648455023766
0.00576368859038
0.0127972224727
-0.289963960648
-0.242522776127
0.215929120779
0.455479413271
0.47916123271
0.261295288801
0.190671503544
0.18060579896
0.396188616753
0.588019430637
-0.138086497784
-0.983722090721
-1.00828886032
-0.759508192539
-0.967413246632
-0.646651923656
0.424402654171
0.880219221115
1.0049456358
0.699275195599
0.240590423346
0.126109823585
0.049022115767
-0.18637599051
-0.754339456558
-1.17422246933
-1.09106624126
-0.698532998562
-0.371613115072
-0.0185496620834
0.332189321518
0.303483754396
0.234866708517
0.350706636906
0.346640348434
0.176925316453
0.176632225513
0.343760162592
0.552276194096
0.665186822414
0.589672803879
0.342968940735
0.166854172945
0.29042071104
0.587560415268
0.572307169437
-0.0599914677441
-1.04026985168
-1.66958832741
-1.54692208767
-0.958071112633
-0.39481267333
-0.125758036971
-0.0771061554551
-0.101273104548
-0.170017108321
-0.238305330276
-0.207746148109
0.000244803028181
0.352376550436
0.695422112942
0.872411966324
0.829056024551
0.656721293926
0.453351050615
0.315808832645
0.34586763382
0.53157389164
0.669597923756
0.488852262497
0.104512616992
-0.163573265076
-0.191966786981
-0.0656179189682
0.101107560098
0.226890131831
0.318189650774
0.381542891264
0.276074826717
0.046539131552
-0.0902431681752
-0.048991356045
0.118645057082
0.134750694036
-0.138810291886
-0.375011265278
-0.609117567539
-0.751538693905
-0.511514365673
-0.492287546396
-0.45194748044
-0.127838641405
-0.208061501384
-0.148623898625
-0.0269373711199
0.0404505394399
0.196993023157
-0.0628154277802
-0.22570116818
-0.0783551633358
0.332854628563
0.342500984669
-0.0615192987025
-0.395578086376
-0.0613685250282
0.100929968059
0.0626378878951
0.441501796246
0.833953678608
0.932854235172
0.0734929591417
-0.720972895622
-0.444313704967
-0.0737752169371
0.377595961094
0.535991489887
0.372837513685
0.42131832242
0.396493554115
0.159774035215
-0.0147424135357
-0.234377890825
-0.377418786287
-0.4196203053
-0.395636051893
-0.207814916968
-0.10462667048
-0.159354582429
-0.0229850169271
0.27732616663
0.234492301941
-0.0813487172127
-0.167289406061
-0.0885442346334
-0.0717728957534
0.0457098856568
0.203733041883
0.0731569156051
-0.199463427067
-0.167031347752
0.111419968307
0.32195353508
0.321269452572
0.102914050221
-0.137906432152
-0.359077811241
-0.512193024158
-0.26538965106
0.0810547545552
0.0634752959013
-0.019533328712
-0.185543403029
-0.386916607618
-0.217160314322
0.17475900054
0.332707941532
0.289381057024
0.304825425148
0.1972476542
0.236097604036
0.259411722422
-0.0618887729943
-0.567896962166
-0.912678301334
-0.731865882874
-0.249266475439
0.021465761587
0.0823379233479
0.100319258869
0.104839630425
0.299703925848
0.370416849852
0.284617245197
0.26538798213
-0.0727756768465
-0.229014471173
-0.0794978067279
-0.119650483131
-0.130567282438
0.0063154976815
0.0511606298387
0.0276127327234
0.0849257707596
-0.00709347426891
-0.123342938721
-0.0948481112719
-0.133243724704
-0.0743507519364
0.0921498984098
0.0814638286829
0.0547265596688
0.159307718277
0.172358304262
0.0959272310138
0.179314106703
0.325213879347
0.310958892107
0.173808723688
0.091351531446
0.0282581597567
-0.140649497509
-0.250500619411
-0.154551953077
-0.0451504476368
-0.0867439582944
-0.108606316149
-0.0273546725512
0.0348779559135
0.0408463925123
0.111142762005
0.228678330779
0.194559559226
-0.0295618213713
-0.168264746666
-0.110628187656
-0.0303977336735
0.0311239194125
0.147991389036
0.209984734654
0.167837351561
0.0723310187459
-0.104741677642
-0.299230307341
-0.272717744112
-0.070773370564
-0.00996725726873
-0.0294765476137
0.0998606830835
0.171993896365
0.0326993688941
-0.103981457651
-0.228175148368
-0.295698225498
-0.104816049337
0.101984910667
0.0990758538246
0.0563895776868
0.0309353843331
0.00125897233374
0.0778325721622
0.0695193782449
0.00307055306621
0.025608856231
-0.098034620285
-0.0317919366062
0.143555834889
0.0288745630533
-0.0712857320905
-0.0943553969264
-0.128190249205
-0.0193748828024
0.0812484398484
0.0921446532011
0.0299774054438
-0.0721218064427
0.198994070292
0.394634455442
0.199182108045
0.0648247748613
0.0541288368404
-0.0293860752136
-0.255517780781
-0.325220525265
-0.0230547543615
-0.00593542074785
-0.0866395607591
-0.0790663957596
-0.128220722079
-0.0665293782949
-0.0281162057072
-0.0537590421736
-0.19195382297
-0.058906070888
0.1539375633
0.0734178125858
0.168013438582
0.0891852304339
-0.121143899858
-0.185036450624
-0.0527059435844
0.0685955956578
0.0600774474442
0.127603664994
-0.0296597592533
-0.143613412976
-0.0899645760655
-0.138737633824
0.123348914087
0.148613616824
0.0133291240782
0.131790101528
0.233039364219
0.0503434948623
-0.0385944098234
0.083242058754
-0.0281424392015
-0.0410838872194
-0.0437284037471
-0.13492372632
0.116978116333
0.122906155884
0.0447648577392
-0.0639563947916
-0.16543532908
-0.193199113011
-0.185446441174
-0.0519900918007
-0.0165016427636
-0.00752159906551
-0.0887608081102
-0.11288048327
0.0580749958754
0.0793410614133
0.0719545260072
-0.110539101064
-0.17480494082
-0.0123145598918
0.0614132471383
0.0461609661579
0.0801984667778
0.167009264231
0.231692403555
0.147850811481
0.0419232137501
-0.0654436200857
0.127985611558
0.0568365566432
-0.141737669706
-0.0538215003908
0.106857247651
0.173161953688
0.189375206828
0.117136247456
0.0650867298245
0.0583888702095
-0.0051873200573
-0.13901014626
-0.0933841317892
-0.125279217958
-0.082327157259
0.0106960199773
-0.0892283469439
0.00300040235743
0.0139329740778
0.00471568200737
-0.00718821492046
0.00488963024691
0.0385087579489
-0.0482283942401
-0.0105995582417
0.000360541162081
-0.115944415331
-0.168628454208
-0.242303833365
-0.0906397104263
0.0697401165962
0.0972647666931
0.00321573321708
-0.0389627180994
-0.00856552831829
-0.102572709322
-0.0969177559018
-0.0345821343362
-0.0242367312312
0.0158337280154
-0.0452280342579
-0.0627163797617
-0.0171128567308
-0.00937754288316
0.000352425035089
0.0143499728292
0.0274002067745
0.0837745368481
0.12092860043
0.0573633499444
0.0271009784192
0.0286592300981
0.0742654725909
0.236515268683
0.283412396908
0.151243373752
-0.000959002180025
-0.155322164297
-0.22044660151
-0.135984256864
-0.045739620924
0.0238114427775
0.0816080719233
0.0875662490726
0.0529731586576
0.0165018998086
-0.00230547552928
0.0141713023186
0.0600873269141
0.110968053341
0.130526900291
0.0967912077904
0.0272453073412
-0.0299928076565
-0.0396741107106
-0.0135971251875
0.0156235657632
0.026480961591
0.0154046518728
-0.00879772286862
-0.0446234308183
-0.0930374860764
-0.127152264118
-0.116417065263
-0.0719070658088
-0.033684220165
-0.0285195745528
-0.0460552684963
-0.0701344534755
-0.0924991071224
-0.102733202279
-0.0822342336178
-0.0173514671624
0.0295107122511
0.0282330140471
0.0343996994197
0.0347448699176
-0.0281992536038
-0.0473574325442
-0.0357348695397
-0.028624555096
0.0921204909682
0.185169398785
0.0941193699837
-0.0159127302468
-0.0358131639659
-0.0231061168015
-0.0318350568414
-0.160518541932
-0.190443247557
-0.132867977023
0.00153534521814
0.190086871386
0.076285623014
-0.0119928298518
0.0243532285094
-0.0321185700595
-0.0438395962119
-0.0192217156291
-0.00159776257351
0.0751286447048
0.0605030022562
0.0532452501357
0.0765509232879
0.0628242045641
0.0634091049433
0.0662221610546
0.0788067504764
0.117866426706
0.12610219419
0.0696512237191
0.00990745518357
0.00366513011977
0.0289107486606
0.0360647439957
0.00862447079271
-0.0440599434078
-0.0866584703326
-0.0825381875038
-0.041402451694
-0.013055305928
-0.0310214720666
-0.0696843191981
-0.093660518527
-0.0961586833
-0.090856410563
-0.0893261656165
-0.0913430899382
-0.100407406688
-0.111826218665
-0.108899205923
-0.0833406224847
-0.0347568243742
0.0294569805264
0.0922787413001
0.121037460864
0.0907816663384
0.0239070933312
-0.0375448316336
-0.0835182592273
-0.128524437547
-0.140164673328
-0.104274407029
-0.0679977685213
-0.0691284313798
-0.0691498145461
-0.0528703518212
-0.0460350960493
-0.0443054996431
-0.00182716478594
0.0781084448099
0.095805041492
0.0478217825294
0.0585380755365
0.162113144994
0.243339270353
0.242651805282
0.160217553377
0.0261097308248
-0.0961885228753
-0.130835741758
-0.0728030130267
-0.00481165153906
0.00793830025941
-0.00355050037615
0.0156294964254
0.0478908754885
0.0510697551072
0.0144530115649
-0.0230573005974
-0.0250652171671
-0.0150966793299
-0.0254305712879
-0.0364227555692
-0.0167003497481
-0.0150491371751
-0.0362040214241
-0.0193600337952
0.047831799835
0.0698223114014
0.00884745642543
-0.073819771409
-0.11957693845
-0.122604161501
-0.0805925130844
0.00602895906195
0.0957012400031
0.133808925748
0.121785752475
0.0937452539802
0.0570605173707
0.00363861443475
-0.0337554514408
-0.0555490478873
-0.116352923214
-0.189049452543
-0.178066194057
-0.134242936969
-0.133605226874
-0.0920168310404
0.0221100226045
0.082083016634
0.0369211100042
-0.0102886492386
0.0120891043916
0.0617544054985
0.100083187222
0.125426828861
0.0907286629081
0.00151280697901
-0.0210566762835
0.038442119956
0.0541381128132
0.0283138379455
0.0189549103379
-0.00383284548298
-0.0482548736036
-0.0552576109767
-0.0282163340598
-0.0184438042343
-0.00837035663426
0.0383482761681
0.0630696192384
0.0375231727958
0.0358955599368
0.0579752363265
-0.00354744517244
-0.132963120937
-0.181270718575
-0.128525227308
-0.06519728899
-0.00359307345934
0.0650267079473
0.101187668741
0.102927513421
0.0743936300278
-0.0218588449061
-0.0975351035595
-0.0512460283935
0.0181878060102
0.0130356224254
-0.00432739267126
-0.00563482847065
-0.0272978115827
-0.0259365998209
0.00264831050299
-0.0256442110986
-0.0825936496258
-0.0354372225702
0.0711794793606
0.0924547314644
0.0655121356249
0.0538749434054
0.0286230053753
0.0174842234701
0.0399306863546
0.0287031959742
-0.00512193515897
0.0169425737113
0.0396606512368
-0.0178533364087
-0.0721973478794
-0.0637627691031
-0.0419341102242
0.00194150407333
0.0317860841751
-0.0113326590508
-0.0387608148158
-0.00683597009629
0.00979827065021
-0.00487349601462
-0.00100686098449
-0.00963437370956
-0.0525077842176
-0.0807426050305
-0.109368935227
-0.108354777098
-0.0236607380211
0.0607410408556
0.0681334137917
0.0544573739171
0.0370983034372
0.00221792119555
0.0119432099164
0.0545134916902
0.056327611208
0.0278718322515
-0.00769231468439
-0.0262852367014
-0.014318597503
0.00422767689452
0.0216799974442
0.0190983843058
0.0150790596381
0.0265129674226
0.0520014613867
0.0786236971617
0.0599878281355
0.0200404357165
-0.00977269373834
-0.0431136228144
-0.0625125542283
-0.0324579514563
0.0206081550568
0.0298244506121
0.000711129745468
-0.0284136999398
-0.0805253088474
-0.141061097383
-0.110520340502
-0.0460429862142
-0.0250659119338
0.0282883737236
0.0680614411831
0.0450205691159
0.0263442359865
0.0087404800579
0.00551861710846
0.0242725610733
-0.00727184908465
-0.0645395442843
-0.0777077823877
-0.0710032880306
-0.0482847653329
0.00462919939309
0.0182931590825
-0.0204083584249
-0.0232123937458
0.0129544939846
0.0335501506925
0.0386373512447
0.0341390669346
0.0219020172954
0.00968172680587
0.0105637488887
0.0286358017474
0.0357136502862
0.018385630101
-0.0134996045381
-0.0354446992278
-0.0289485547692
-0.0182793792337
-0.0152873899788
0.00534487655386
0.0200819969177
-0.00137249485124
-0.0113527532667
0.0104688126594
0.0288689285517
0.0209422353655
0.00928296893835
0.0306201949716
0.0501797497272
0.0346488021314
0.00100058875978
-0.0170660167933
0.00756453676149
0.033942066133
0.00291974958964
-0.0376282483339
-0.0245259273797
-0.00908647943288
-0.00387870543636
-0.0127472421154
-0.0448140129447
-0.0242074932903
0.0124913798645
0.0277242548764
0.0511186160147
0.0257705524564
-0.0289513431489
-0.0228278357536
0.00843139365315
0.0202033109963
0.0192621275783
-0.0308483336121
-0.0928950458765
-0.0704292729497
-0.0266101192683
0.00393690681085
0.0341851599514
0.0318283364177
0.0420737564564
0.0333434641361
0.00981933344156
-0.0267070308328
-0.0101436395198
-0.00627871742472
-0.0286183468997
0.011303213425
0.0542384460568
0.03504377231
-0.000157665883307
-0.0134270330891
0.00186542375013
-0.000618421530817
0.0307147111744
0.0259371008724
-0.00360858347267
-0.0430360510945
-0.027945432812
-0.035741135478
-0.0051873200573
