3.58152537956e-05
2.11893402593e-05
1.11416220534e-05
4.45664863946e-06
0.0
-3.42351654581e-06
-7.00909322404e-06
-1.1911407455e-05
-1.93256510101e-05
-3.04267578031e-05
-4.63694086648e-05
-6.83690450387e-05
-9.75803559413e-05
-0.000134347705171
-0.000175693247002
-0.000217788328882
-0.000256824510871
-0.000289155490464
-0.000311762851197
-0.000321871339111
-0.000316665187711
-0.000293166493066
-0.000247951742494
-0.000177496171091
-7.82344504842e-05
5.04614181409e-05
0.000197611865588
0.000349279725924
0.000491548096761
0.000611310417298
0.000698782328982
0.000744989607483
0.000740998948459
0.000682900368702
0.000587102724239
0.000475038250443
0.000368200242519
0.000283766974462
0.00022186008573
0.000178367248736
0.00014911541075
0.000129841253511
0.000115723363706
0.000101704325061
8.2841143012e-05
5.6930075516e-05
3.32127820002e-05
2.3721891921e-05
4.05110804422e-05
8.93645046744e-05
0.000150906605995
0.000199613394216
0.000209858582821
0.000161859177751
5.89463052165e-05
-8.98250436876e-05
-0.00027531865635
-0.000484786811285
-0.000690633314662
-0.000861641892698
-0.000966514169704
-0.000982412253506
-0.000919862999581
-0.000797765562311
-0.000635021075141
-0.000449393759482
-0.000254028796917
-6.09187554801e-05
0.000117903604405
0.000271237106062
0.000391000357922
0.00046994900913
0.000500727910548
0.000478208618006
0.000405699742259
0.000288610084681
0.000132368295453
-5.20493777003e-05
-0.000231404192164
-0.000366883876268
-0.000419714458985
-0.000361099460861
-0.000202251569135
3.57213029929e-05
0.000331669987645
0.000659446581267
0.000972991401795
0.00122121640015
0.00135305104777
0.00133110047318
0.00117234152276
0.000907321693376
0.00056659016991
0.000183972864761
-0.000192158782738
-0.000510601850692
-0.000719960895367
-0.00078072748147
-0.000700856151525
-0.0005001181853
-0.000198284775252
0.000176771936822
0.000564588233829
0.000896716839634
0.00110462389421
0.00113678944763
0.00100923387799
0.000754773034714
0.000406205159379
-4.15382146457e-07
-0.000416600698372
-0.000790011254139
-0.00106893631164
-0.0012201849604
-0.00128476927057
-0.00132211972959
-0.00139171897899
-0.00153578247409
-0.00172783131711
-0.00192439579405
-0.00208195857704
-0.00216063321568
-0.00213497853838
-0.00198317901231
-0.00168335461058
-0.0012289743172
-0.000674081558827
-8.87718633749e-05
0.000457750546047
0.000912003277335
0.00128411408514
0.00159994757269
0.00188537896611
0.00215644133277
0.00238984520547
0.00255257426761
0.00261162430979
0.00254240585491
0.0023539357353
0.00206351350062
0.00168826372828
0.00125329068396
0.000812669459265
0.000427875696914
0.000160438619787
5.04169001943e-05
5.29915123479e-05
0.000102312798845
0.00013249355834
9.31271788431e-05
-4.92999379276e-06
-0.000135589376441
-0.000272775418125
-0.000390769506339
-0.000464836426545
-0.000470736151328
-0.000384134589694
-0.000196712542675
3.6649285903e-05
0.00024542256142
0.000359019904863
0.000324918044498
0.000161821910297
-9.3930750154e-05
-0.000405992817832
-0.000737915863283
-0.00105151056778
-0.00130879995413
-0.00147163576912
-0.00151241233107
-0.00144488748629
-0.00129308202304
-0.00108102895319
-0.000822872272693
-0.00049357971875
-5.85195557505e-05
0.000517292355653
0.00124404963572
0.00203842972405
0.00279358914122
0.00340269459412
0.00377900549211
0.0039153015241
0.00382387801073
0.00351713364944
0.00302400393412
0.00243912753649
0.00187300040852
0.00143707159441
0.00120955414604
0.00114197889343
0.00115450809244
0.00116732355673
0.00112116732635
0.00103789975401
0.000959343160503
0.000927282031626
0.000973946764134
0.0010933149606
0.00127003237139
0.00148876023013
0.00173354172148
0.00198605726473
0.00222741044126
0.00243871565908
0.0026118461974
0.00278100557625
0.00299087795429
0.00328594120219
0.00368221360259
0.0040828678757
0.00436352798715
0.0043996591121
0.004100702703
0.00350913498551
0.00270013441332
0.00174887874164
0.000721062067896
-0.000351132679498
-0.00144573068246
-0.00254025566392
-0.00360921095125
-0.00461520580575
-0.00551793258637
-0.00627709692344
-0.0068545746617
-0.00722080236301
-0.0073479260318
-0.00720855453983
-0.00680712470785
-0.00627339119092
-0.00576769048348
-0.00545051088557
-0.00543579179794
-0.00565566308796
-0.00599776254967
-0.00634975917637
-0.00661236932501
-0.0067395218648
-0.00669783726335
-0.00645392807201
-0.00599141232669
-0.00536021031439
-0.0046264603734
-0.00385594298132
-0.00309417583048
-0.00230137491599
-0.00141776516102
-0.00038342847256
0.000833243655507
0.00215367879719
0.00347246020101
0.00468410318717
0.00569309573621
0.00643987255171
0.00687549635768
0.00695045990869
0.0066507384181
0.00610051117837
0.00545756425709
0.00487983226776
0.00448906933889
0.00426765531301
0.00416311854497
0.00412328541279
0.00409705284983
0.00403776858002
0.00389984669164
0.00363771081902
0.00322820525616
0.00273549929261
0.00224580499344
0.0018446308095
0.00158526143059
0.00139494799078
0.00117039424367
0.000808198878076
0.000230526027735
-0.000541553657968
-0.00146168028004
-0.00248457910493
-0.00356271583587
-0.00464116455987
-0.00566319702193
-0.00657206214964
-0.00732496520504
-0.00793356448412
-0.00842177122831
-0.00881449040025
-0.00911930669099
-0.00927822012454
-0.00921734329313
-0.00886271335185
-0.00817015208304
-0.00720997015014
-0.00608200253919
-0.00488460389897
-0.00370523938909
-0.00258769933134
-0.00156514008995
-0.000670761568472
7.34681816539e-05
0.000689037085976
0.00120700034313
0.00165944569744
0.00205742684193
0.00233222334646
0.00239594350569
0.00216056616046
0.00157834996935
0.000759394373745
-0.000149231462274
-0.00100018235389
-0.00166176725179
-0.0020629260689
-0.00214713672176
-0.00185786408838
-0.00117337598931
-0.000208773330087
0.000889139075298
0.00197318918072
0.00292362947948
0.00372612546198
0.00439169770107
0.00493164965883
0.00535492552444
0.00566520914435
0.00586445443332
0.005954567343
0.00594981340691
0.00591198494658
0.00591419544071
0.00602979259565
0.0063047260046
0.00668048998341
0.00707359425724
0.00740044238046
0.00758531270549
0.00758244842291
0.00735320616513
0.0068592778407
0.00610510073602
0.00526037346572
0.0045341742225
0.00413586199284
0.00421418389305
0.00468603521585
0.00541206542403
0.00625343061984
0.00704883411527
0.00755184935406
0.00749564170837
0.00661316467449
0.00473075918853
0.00203027576208
-0.00121678551659
-0.00474269967526
-0.00827382411808
-0.01151809562
-0.0141791123897
-0.0159602481872
-0.0166526529938
-0.0163818448782
-0.015354372561
-0.0137763675302
-0.0118511822075
-0.00977129489183
-0.00772666092962
-0.00590640306473
-0.00445804139599
-0.00335629144683
-0.00253662490286
-0.00193438795395
-0.00149214093108
-0.00117997825146
-0.000974451482762
-0.000852391531225
-0.000793890154455
-0.000792830716819
-0.000846319599077
-0.000951555732172
-0.00108855415601
-0.00117220287211
-0.00110184482764
-0.000776875473093
-0.000125820719404
0.000811935577076
0.00197074678726
0.00328491535038
0.00468009710312
0.0060444525443
0.0072598233819
0.00820733327419
0.00879400689155
0.0090254470706
0.00893048103899
0.00853768829256
0.00790552608669
0.00720228860155
0.00662241177633
0.00636062351987
0.00654758000746
0.00707177724689
0.00776479300112
0.00845702458173
0.0089907348156
0.00924926158041
0.00912567786872
0.00851286947727
0.00737362541258
0.00593892997131
0.00450084498152
0.00335227651522
0.00269745592959
0.00240575266071
0.00226785195991
0.00207381509244
0.00165933941025
0.00103033368941
0.000232789418078
-0.000687190389726
-0.00166227004956
-0.00254535675049
-0.00317078456283
-0.00337177049369
-0.00304082618095
-0.0022889629472
-0.00127852766309
-0.00017218721041
0.000896737852599
0.00190537655726
0.00285515212454
0.00374920922332
0.0045758029446
0.0052695479244
0.00575245730579
0.00594651140273
0.00579148298129
0.00529529480264
0.00448155310005
0.00337384594604
0.0020267884247
0.000611434748862
-0.000674522249028
-0.00163116387557
-0.0021083233878
-0.00213331985287
-0.00177516636904
-0.00110296392813
-0.000205144591746
0.00075794319855
0.00160748395137
0.00216597504914
0.00231832452118
0.00218474096619
0.00194018846378
0.00176002143417
0.0017879055813
0.00204889918678
0.00254044192843
0.00326004275121
0.00415583420545
0.00499175908044
0.0054890322499
0.00536766462028
0.00444199517369
0.00287372944877
0.00090549007291
-0.00121981999837
-0.00327903428115
-0.0051237391308
-0.00661993585527
-0.00763631239533
-0.00811698287725
-0.0082898940891
-0.00844886433333
-0.00888839457184
-0.00979153718799
-0.0109237311408
-0.011955187656
-0.0125551261008
-0.0124653177336
-0.0116970650852
-0.0103232022375
-0.00841896142811
-0.00612950697541
-0.00386768532917
-0.00210800394416
-0.00132589926943
-0.00182312447578
-0.00325864134356
-0.00514001958072
-0.0069760652259
-0.00834964774549
-0.00911999493837
-0.00921016652137
-0.00854312628508
-0.00713176466525
-0.0053274021484
-0.00355672184378
-0.0022478569299
-0.00170194380917
-0.00175101554487
-0.00211913953535
-0.00252914591692
-0.00274648168124
-0.00269190547988
-0.00232190173119
-0.0015929241199
-0.00052641768707
0.000616683275439
0.00151846674271
0.00186216738075
0.00144309049938
0.000471649633255
-0.00074633944314
-0.00190447014757
-0.00274655316025
-0.00319953542203
-0.00323397549801
-0.0028199669905
-0.00198058900423
-0.000934172072448
5.66654780414e-05
0.000727206177544
0.000894388358574
0.000668437744025
0.000226926349569
-0.000252193101915
-0.000625884975307
-0.000879950006492
-0.00102923670784
-0.00108913204167
-0.00107882893644
-0.00103182089515
-0.000984995625913
-0.000975195493083
-0.00103412754834
-0.00117411185056
-0.00140304944944
-0.00172900734469
-0.00212322222069
-0.0024221513886
-0.00243151630275
-0.00195617019199
-0.000879356695805
0.000632179609966
0.00234689726494
0.00403289310634
0.00547545496374
0.00652358867228
0.00703923869878
0.00688575673848
0.00601633638144
0.00471446989104
0.00333878560923
0.00224885740317
0.00167724641506
0.00139437720645
0.00106452836189
0.000351355993189
-0.000964512408245
-0.00267577846535
-0.00447821198031
-0.00606767879799
-0.00717477640137
-0.00766841741279
-0.00744734751061
-0.0064100897871
-0.00456561241299
-0.00232499232516
-0.000189599988516
0.0013347506756
0.00190289807506
0.00174003245775
0.00120068306569
0.000640419486444
0.000343920837622
0.000338120560627
0.000591588497628
0.0010725382017
0.00173404905945
0.00247399020009
0.0031777296681
0.00373028079048
0.00407587457448
0.0043724142015
0.00482667097822
0.00564575009048
0.00697648106143
0.00874715019017
0.0108366403729
0.0131249120459
0.0154540259391
0.0175448507071
0.0190890729427
0.0197779908776
0.0193570237607
0.0177679546177
0.0149951335043
0.0110271740705
0.00598189001903
0.000459377304651
-0.00483199395239
-0.00918237585574
-0.0120616927743
-0.0135898804292
-0.0140312081203
-0.0136532997712
-0.0127204004675
-0.0114885494113
-0.0102119250223
-0.00914521235973
-0.00843770802021
-0.00785853806883
-0.00709231710061
-0.00582174537703
-0.0038463298697
-0.00138496735599
0.0012493635295
0.00374279753305
0.00584626197815
0.00753716100007
0.00884774886072
0.0098093226552
0.0104613583535
0.0108725531027
0.0111181791872
0.0112737650052
0.0113874012604
0.0114093869925
0.01126803644
0.0108913844451
0.0102418651804
0.00940543040633
0.00849567726254
0.00762602081522
0.00689398823306
0.00633374135941
0.00596600305289
0.005811648909
0.00586425466463
0.00601999973878
0.00615319004282
0.00613786140457
0.00586189609021
0.00526231154799
0.00428709713742
0.00288405455649
0.00104845967144
-0.00105473143049
-0.00322366622277
-0.00525286095217
-0.00696763861924
-0.00829053390771
-0.00916595943272
-0.00953835994005
-0.00937502086163
-0.0087251951918
-0.0076557691209
-0.00623536249623
-0.00454987445846
-0.00275263609365
-0.00101189455017
0.0005039126263
0.00164054182824
0.00229455926456
0.0023737619631
0.00178555131424
0.000516190892085
-0.00116880086716
-0.00294183380902
-0.00447463430464
-0.00549378525466
-0.00592165859416
-0.00572378095239
-0.00486613763496
-0.00337351602502
-0.00148061278742
0.000531383790076
0.00238075200468
0.00381899368949
0.00471592321992
0.00496749207377
0.00446915999055
0.00320246769115
0.00145256519318
-0.000428272236604
-0.00208688573912
-0.003243627958
-0.00388025981374
-0.00403625518084
-0.00375121529214
-0.00310089043342
-0.00228775665164
-0.00154230184853
-0.00109578226693
-0.00108542945236
-0.00131528801285
-0.00151596486103
-0.00141677958891
-0.000829071039334
0.000146736652823
0.00134643597994
0.00260540354066
0.00376781774685
0.00470921816304
0.00531201530248
0.00545841315761
0.00507477996871
0.00424490403384
0.00308687449433
0.00171906745527
0.000260469678324
-0.00116771750618
-0.00244378740899
-0.00344587606378
-0.00408292142674
-0.00437138136476
-0.00435255886987
-0.00406750896946
-0.00355191878043
-0.00282245012932
-0.00189150799997
-0.000771569903009
0.000525166513398
0.00198768917471
0.00360284210183
0.00535990996286
0.00719110295177
0.00882982090116
0.00996591802686
0.0102883083746
0.00959470402449
0.00806660763919
0.00596846872941
0.00356889516115
0.00111572851893
-0.00120443187188
-0.00321853300557
-0.00475323665887
-0.0057090301998
-0.0062463209033
-0.00658242544159
-0.00693570170552
-0.00744838779792
-0.00799706671387
-0.0084000248462
-0.00847481843084
-0.0080942818895
-0.00732545601204
-0.00627787178382
-0.00506133120507
-0.00379399419762
-0.00262265605852
-0.0017024143599
-0.0011867673602
-0.00117026106454
-0.00153804651927
-0.00212958967313
-0.00278375949711
-0.00337803107686
-0.00392533373088
-0.00446803634986
-0.00504887849092
-0.005698134657
-0.00640026945621
-0.00713084358722
-0.00786523520947
-0.00855071935803
-0.00903622340411
-0.00914929807186
-0.00871684402227
-0.00763380061835
-0.00603312021121
-0.00409866916016
-0.00201782421209
3.78055483452e-05
0.00194089545403
0.00357392453589
0.00481909606606
0.00561695965007
0.00611232314259
0.00649437913671
0.00695299357176
0.00762399146333
0.00845446810126
0.00934908073395
0.0102134589106
0.0109430477023
0.0113994115964
0.0114368116483
0.010908885859
0.00975477043539
0.00821237824857
0.00658442266285
0.00517457956448
0.00421810196713
0.003710801946
0.00359730119817
0.00382096320391
0.00430936785415
0.00493375817314
0.00555307744071
0.0060260342434
0.0062429937534
0.0062050241977
0.00593712087721
0.00546474196017
0.0047759860754
0.00372910103761
0.00215330999345
-0.000120571487059
-0.00315386685543
-0.00662381155416
-0.0101247057319
-0.0132496031001
-0.0156797040254
-0.0174032226205
-0.0184748098254
-0.0189496334642
-0.0188926327974
-0.0184030700475
-0.0175876431167
-0.0165527313948
-0.0153690418229
-0.0139755271375
-0.0122835766524
-0.0102038793266
-0.00772421900183
-0.00510036759079
-0.00264595914632
-0.000675700663123
0.000593248172663
0.00128306669649
0.00158921210095
0.00170809263363
0.00177184527274
0.00168892729562
0.00131924287416
0.000522428541444
-0.000760221679229
-0.00230220216326
-0.0038154614158
-0.00501132709906
-0.00563090154901
-0.00551931140944
-0.00454423949122
-0.00257259071805
0.000379657954909
0.00377910607494
0.00698086479679
0.00933775771409
0.0104155512527
0.0105197383091
0.0101150497794
0.00966896302998
0.00955340638757
0.00981106888503
0.0104137519374
0.0113330818713
0.012468344532
0.0134679684415
0.0139264846221
0.0134368930012
0.0117542166263
0.00919536873698
0.00619821622968
0.00320217385888
0.000573918106966
-0.00157205120195
-0.00317557761446
-0.00417658872902
-0.00457056006417
-0.00454542692751
-0.00433052470908
-0.00415629846975
-0.0041995854117
-0.00445275520906
-0.0048685320653
-0.00539938779548
-0.00597796402872
-0.00646807812154
-0.00671880599111
-0.0065787085332
-0.00595299340785
-0.00494298385456
-0.00369220948778
-0.00234468281269
-0.00102484563831
0.000210571612115
0.0013193389168
0.00225930078886
0.0030053993687
0.00359192001633
0.00406586844474
0.00447456398979
0.00483489967883
0.00505850370973
0.00503438990563
0.00465074134991
0.00385323562659
0.0027837769594
0.00162653741427
0.000566311762668
-0.000254389364272
-0.000839515356347
-0.00122440245468
-0.00144447467756
-0.00157324876636
-0.00181566132233
-0.00240484904498
-0.00357506680302
-0.00542613305151
-0.00759322522208
-0.00961182732135
-0.0110158789903
-0.0114431986585
-0.0108911683783
-0.00943437404931
-0.00714756641537
-0.00418072054163
-0.000943623483181
0.0020981465932
0.0044776420109
0.00586735317484
0.00642193295062
0.00639960216358
0.00605961121619
0.00562886428088
0.00522194383666
0.00492939027026
0.00484191719443
0.00499650416896
0.00524477427825
0.00539847323671
0.00526860076934
0.00473479786888
0.0039139194414
0.00297383987345
0.00208288594149
0.00139852124266
0.00104025867768
0.00111953227315
0.00174808199517
0.00296436832286
0.00455325469375
0.00624519307166
0.00776981748641
0.00890646781772
0.00960648804903
0.00985814724118
0.00964975822717
0.00901243183762
0.00812496058643
0.00719788018614
0.00644247327
0.00598562229425
0.00566212646663
0.00524414656684
0.00450285011902
0.00328665110283
0.00171134970151
-4.99434390804e-05
-0.00182352378033
-0.00344140245579
-0.0047553954646
-0.00562161765993
-0.00589569611475
-0.00551373884082
-0.00469001755118
-0.00369848962873
-0.00281411432661
-0.00224083126523
-0.00193685945123
-0.00180777162313
-0.00175863120239
-0.00170130142942
-0.00157148134895
-0.00130995130166
-0.000857295410242
-0.000185397671885
0.000625862390734
0.00147341424599
0.002253820654
0.00288376538083
0.0033492592629
0.00365129578859
0.00379078974947
0.0037913331762
0.00375456968322
0.0037989791017
0.0040434198454
0.00455305865034
0.00520684523508
0.00584384473041
0.00630262121558
0.00644457992166
0.00621040165424
0.00555772986263
0.00444406317547
0.0028814363759
0.00107050081715
-0.000747652899008
-0.00233109947294
-0.00350333959796
-0.00431373436004
-0.00486020930111
-0.0052412985824
-0.00551895331591
-0.00562949338928
-0.00548170041293
-0.00498417997733
-0.00407641334459
-0.00280530680902
-0.00124086777214
0.000546937866602
0.00246029137634
0.00430524721742
0.00586727308109
0.00693111820146
0.00735615612939
0.00725999474525
0.00681569613516
0.00619713589549
0.00553890084848
0.00483973091468
0.00406920816749
0.0031966639217
0.00219115754589
0.0010210047476
-0.000345664040651
-0.00194091489539
-0.00376073690131
-0.00567512214184
-0.00753011694178
-0.00916851311922
-0.0104474602267
-0.0112710725516
-0.0115535380319
-0.011208682321
-0.0102152144536
-0.00877644121647
-0.0071441330947
-0.00557067757472
-0.00427257083356
-0.00334162451327
-0.00284277321771
-0.00284104654565
-0.00334261567332
-0.00414917478338
-0.00501795159653
-0.00570696173236
-0.00601031957194
-0.00585323385894
-0.00518905604258
-0.00397095782682
-0.00222522695549
-0.00023196505208
0.00167390808929
0.00315657979809
0.00395276211202
0.00405122246593
0.00349512486719
0.00232780654915
0.000649126246572
-0.00125035922974
-0.00303599005565
-0.00437268521637
-0.00504278484732
-0.00523693393916
-0.00523395556957
-0.0053139962256
-0.00566561939195
-0.00615895027295
-0.00659537501633
-0.00677540618926
-0.00654536811635
-0.00590951740742
-0.00490669906139
-0.00357579742558
-0.00198621628806
-0.000313615164487
0.001243354287
0.00248536281288
0.00329282204621
0.0038235115353
0.00429533747956
0.00492671038955
0.00586262345314
0.00698782503605
0.0081311520189
0.00912084802985
0.00981043558568
0.0101418737322
0.0100762611255
0.00957458559424
0.00864481646568
0.00745942210779
0.00622444599867
0.0051483954303
0.00438973028213
0.00393400108442
0.00372913712636
0.00372298108414
0.00382516928948
0.00381205836311
0.00343107897788
0.00242934958078
0.00067815836519
-0.00150987983216
-0.00372678530402
-0.00556345516816
-0.00667520659044
-0.00694340839982
-0.00629859510809
-0.00467200716957
-0.00211623311043
0.000879506464116
0.00373196275905
0.0058561633341
0.00683273095638
0.0068228286691
0.00611414434388
0.00499534700066
0.00374874402769
0.00262972852215
0.00189041218255
0.00178285117727
0.00244165072218
0.00358915794641
0.00485772406682
0.00587858213112
0.00635884189978
0.006273182109
0.00565370963886
0.00453293230385
0.00300855399109
0.00140695169102
0.000104546343209
-0.000521013222169
-0.000228536024224
0.000747160054743
0.00206625973806
0.00338791310787
0.00440878979862
0.00495775602758
0.00489285308868
0.0040714093484
0.00247543025762
0.000526905292645
-0.0012557260925
-0.00235242396593
-0.0024092248641
-0.00165830529295
-0.000458912807517
0.000827366486192
0.00190366490278
0.0027010824997
0.0032007235568
0.00338380970061
0.00328037957661
0.00309179793112
0.00305735948496
0.00341744860634
0.00427304347977
0.00523264193907
0.00579642225057
0.00546354427934
0.00391697976738
0.00149511743803
-0.00131927360781
-0.00404224684462
-0.00622595800087
-0.00755731668323
-0.0077486471273
-0.00651271315292
-0.003748602001
-1.62057895068e-05
0.00397679582238
0.00752713857219
0.0100796045735
0.0116294790059
0.0122933033854
0.0121886013076
0.011439697817
0.0101964995265
0.00861479248852
0.00685037951916
0.00506309140474
0.00342743983492
0.00211853417568
0.0013144480763
0.00113401131239
0.00148779584561
0.00223976070993
0.00325493630953
0.00436522206292
0.00528850127012
0.00571735296398
0.00534357270226
0.00396482553333
0.00175096525345
-0.00104299781378
-0.0041619213298
-0.00735787348822
-0.010407497175
-0.0130977081135
-0.015210526064
-0.0165655184537
-0.0171107631177
-0.0168235003948
-0.0156800560653
-0.0137264868245
-0.0112577714026
-0.0086244083941
-0.0061787427403
-0.00421716738492
-0.00285296863876
-0.00215617660433
-0.00219683325849
-0.00295423576608
-0.00408116867766
-0.00515703763813
-0.00576015841216
-0.00560394534841
-0.00488626584411
-0.00391384400427
-0.00299434177577
-0.0023858952336
-0.00216805608943
-0.00238001951948
-0.00306155416183
-0.00418350612745
-0.00546806585044
-0.00658382149413
-0.00719650415704
-0.00707166036591
-0.00633334973827
-0.00518694100901
-0.00383641733788
-0.00247415038757
-0.0012437812984
-0.000278485240415
0.000289863150101
0.00037224314292
4.13801208197e-05
-0.000593252596445
-0.00142295402475
-0.00233795540407
-0.00322776404209
-0.00398139888421
-0.00448882533237
-0.00467369658872
-0.00458684843034
-0.00430800253525
-0.00391661515459
-0.00347801623866
-0.00300444173627
-0.00249642576091
-0.00195357645862
-0.00139515043702
-0.000909089227207
-0.000599056424107
-0.000568481278606
-0.000894640455954
-0.00155714259017
-0.00251285126433
-0.00372027349658
-0.00506013259292
-0.00613424601033
-0.00648093270138
-0.00563774630427
-0.00334092858247
-5.812825475e-05
0.00357423396781
0.00692437496036
0.00943613797426
0.0108539806679
0.0109910303727
0.00965989287943
0.00685371737927
0.00323330005631
-0.00039403908886
-0.00321368779987
-0.00462838076055
-0.00483415601775
-0.0042090578936
-0.00313156493939
-0.00195494154468
-0.000934017181862
-0.000303333654301
-0.000297197635518
-0.00103580043651
-0.00222157291137
-0.00345939886756
-0.00435315584764
-0.00462214741856
-0.00440608337522
-0.00394260836765
-0.00347026553936
-0.00316657195799
-0.00298659084365
-0.00283362786286
-0.00261053442955
-0.00221557822078
-0.00152910267934
-0.00042809266597
0.00121270574164
0.00339403143153
0.00565865077078
0.00744679011405
0.00819402933121
0.00752406055108
0.00575326941907
0.00336021138355
0.00082553824177
-0.00142750213854
-0.00317098386586
-0.00422471109778
-0.00440838513896
-0.0036887882743
-0.00258178915828
-0.00173220748547
-0.00178467656951
-0.00316844019108
-0.00549772754312
-0.00820033159107
-0.0106996614486
-0.0125108044595
-0.0134946415201
-0.0135895116255
-0.0127356033772
-0.0109518170357
-0.00856033340096
-0.00595556898043
-0.003528208239
-0.0016016503796
-0.000229507189943
0.000600102648605
0.000896857993212
0.000691320339683
8.8733046141e-05
-0.00078776065493
-0.00181447109208
-0.00283694500104
-0.00357663515024
-0.00372668285854
-0.00297986227088
-0.0011660855962
0.0013612016337
0.00412893434986
0.00665971590206
0.0085437996313
0.0096298540011
0.00982432626188
0.00903487484902
0.00723745906726
0.00467239227146
0.00163830560632
-0.00156199396588
-0.00466061057523
-0.00752864126116
-0.0100643709302
-0.0121669881046
-0.0137192290276
-0.0145261688158
-0.0143773257732
-0.0130604086444
-0.0105154309422
-0.00725353974849
-0.00392773747444
-0.00119176658336
0.000452290230896
0.0010645018192
0.000843553803861
-1.28534920805e-05
-0.0012514165137
-0.00241118576378
-0.00297878985293
-0.00244147726335
-0.000523876806255
0.00212688976899
0.00464561954141
0.00616217777133
0.00603063311428
0.00446610758081
0.0018935194239
-0.00126578542404
-0.00457947188988
-0.00758728897199
-0.00982685666531
-0.0108306454495
-0.0103262625635
-0.0087902713567
-0.00688322354108
-0.00526304449886
-0.00442379759625
-0.00420488463715
-0.00428802147508
-0.00435405736789
-0.00413433741778
-0.00355754909106
-0.00259959045798
-0.00123718660325
0.000508166325744
0.00244517321698
0.00433674408123
0.00594936683774
0.00708323530853
0.00768348760903
0.00773144885898
0.00720785930753
0.006123281084
0.00460989726707
0.00282677821815
0.000935376563575
-0.00093615433434
-0.00279526761733
-0.00467832759023
-0.00662550749257
-0.00866314768791
-0.0107819661498
-0.0129598313943
-0.015174520202
-0.0173437893391
-0.0191297642887
-0.0201356168836
-0.0199622139335
-0.0183727685362
-0.0157780926675
-0.0127457696944
-0.00984749291092
-0.00755246030167
-0.00591737637296
-0.00490105058998
-0.00445956597105
-0.00452171964571
-0.00490093696862
-0.00538142025471
-0.00574812525883
-0.00584251852706
-0.00573668628931
-0.00556037109345
-0.00544323772192
-0.00548297353089
-0.00564820738509
-0.0058746477589
-0.00609838636592
-0.00625226413831
-0.00625556986779
-0.00602456601337
-0.00547513039783
-0.00453364523128
-0.00316538196057
-0.00134576309938
0.000949713692535
0.00367451715283
0.00648135319352
0.00895137712359
0.0106647191569
0.0113267991692
0.0111578861251
0.0105107659474
0.00973686762154
0.00910856109113
0.00856692437083
0.0079677477479
0.00716612068936
0.00603782897815
0.00454235682264
0.00265842559747
0.00036832789192
-0.00229121791199
-0.00504280440509
-0.00754126301035
-0.00944616366178
-0.0104888286442
-0.010712146759
-0.0102418875322
-0.00920358952135
-0.00772495986894
-0.00594281125814
-0.0039973706007
-0.0020259404555
-0.000179562528501
0.00135064090136
0.00235825311393
0.00263981893659
0.00208594091237
0.00101150153205
-0.000151392814587
-0.000971845060121
-0.00110687303822
-0.000612707750406
0.000342696002917
0.00159129372332
0.00296161696315
0.00427084323019
0.00532980309799
0.00595198385417
0.00600963504985
0.00565741676837
0.00513329589739
0.00467402627692
0.00446876790375
0.00447398237884
0.00457592122257
0.00466183619574
0.0046542971395
0.00465293368325
0.00481244269758
0.00528602860868
0.00616734055802
0.00723961973563
0.00818654615432
0.00869522988796
0.00849920418113
0.00759035814553
0.00604498805478
0.00393971893936
0.00140865147114
-0.00108924554661
-0.00298860901967
-0.00372459855862
-0.00285579171032
-0.000655037001707
0.00235321139917
0.00564844347537
0.00872661359608
0.0112013565376
0.0127232596278
0.0129493605345
0.0116206407547
0.00904507935047
0.00574737135321
0.00224289554171
-0.000972551584709
-0.00359401782043
-0.00538597349077
-0.00611863890663
-0.00561916967854
-0.00414688047022
-0.00214412692003
-4.52937674709e-05
0.00174444797449
0.00309228128754
0.00398468784988
0.00440765684471
0.00437124306336
0.00408639386296
0.0038574161008
0.00398398470134
0.0047208997421
0.00590130873024
0.00714688422158
0.0080855730921
0.00837821885943
0.0080304229632
0.00723134819418
0.00616763206199
0.00502241589129
0.00394525378942
0.00306243752129
0.00249891984276
0.00236291531473
0.00253869150765
0.00277646607719
0.00283149490133
0.00247698649764
0.00178555049933
0.0010226322338
0.000450444815215
0.000319145910908
0.00064661068609
0.00128657941241
0.00209529092535
0.00292738690041
0.00366792245768
0.0042250235565
0.00450886972249
0.00443318486214
0.00402895687148
0.00342277414165
0.00274111377075
0.00211131153628
0.00164120306727
0.00142021733336
0.0015351526672
0.00206843344495
0.00288478564471
0.00363490451127
0.0039711589925
0.00354650430381
0.00231965607964
0.000581351399887
-0.00136998062953
-0.00323206558824
-0.00470307702199
-0.00548995332792
-0.00530337681994
-0.00385238765739
-0.001275923918
0.00172179506626
0.00441447691992
0.00606549764052
0.00635454431176
0.00558661995456
0.00410254346207
0.00225107208826
0.000353768555215
-0.00131033128127
-0.00246964721009
-0.00285027036443
-0.0023886624258
-0.0014252574183
-0.000338282377925
0.000487414887175
0.000827020267025
0.000802625203505
0.000578367675189
0.00032155806548
0.00014993044897
5.6146611314e-05
1.44445948536e-05
-1.53756559484e-06
-1.88357680599e-05
-6.61445665173e-05
-0.000172648447915
-0.000367677130271
-0.000648020009976
-0.000896166777238
-0.000969704240561
-0.000726131198462
-7.9558325524e-05
0.000814569240902
0.00173732684925
0.00247044302523
0.00282662245445
0.00278031872585
0.00235735881142
0.00158379285131
0.000500097696204
-0.000753846659791
-0.00199981732294
-0.00306094251573
-0.00377896265127
-0.00414434820414
-0.00421742070466
-0.00405702507123
-0.00371941900812
-0.00322468183003
-0.0025738007389
-0.0017694454873
-0.000821610272396
0.000110067827336
0.000768056255765
0.000900535145774
0.000265625712927
-0.00103654735722
-0.00262845447287
-0.00413309410214
-0.00517588853836
-0.00563658494502
-0.00565055152401
-0.00535863591358
-0.00490401918069
-0.00448359502479
-0.00435402058065
-0.00477091688663
-0.00599292293191
-0.00797888822854
-0.0102257262915
-0.0122064761817
-0.013384395279
-0.0134382946417
-0.0124622127041
-0.0105910394341
-0.00796027388424
-0.00477659841999
-0.00142014981247
0.00170830579009
0.00420383783057
0.00578111317009
0.00653856853023
0.00664895586669
0.00628377078101
0.00562353944406
0.00488298898563
0.00428591715172
0.00405494496226
0.00434584496543
0.00491271028295
0.00536300614476
0.00531086744741
0.0044230571948
0.00283952616155
0.000930852955207
-0.000941539823543
-0.00242850859649
-0.00340146338567
-0.00387661554851
-0.0038693191018
-0.00340314558707
-0.00268936739303
-0.00209167809226
-0.00196819542907
-0.00267640198581
-0.00413847155869
-0.00579985324293
-0.00709903845564
-0.00746400235221
-0.0067025301978
-0.00518022244796
-0.00329388794489
-0.00144886481576
4.74234038847e-05
0.00108762085438
0.00158413662575
0.00144942442421
0.000680208788253
-0.000496483640745
-0.00181686785072
-0.00301589863375
-0.00386949395761
-0.00431181490421
-0.00431504286826
-0.00385115621611
-0.00291978451423
-0.00167782662902
-0.000338223471772
0.000888070615474
0.00180228776298
0.00232527940534
0.00243563437834
0.0021134254057
0.00134993041866
0.000317829428241
-0.000689390057232
-0.00138469203375
-0.00148746941704
-0.00108666589949
-0.000610120303463
-0.000484540039906
-0.00114172615577
-0.00268386700191
-0.00479204207659
-0.00713442452252
-0.00937300920486
-0.0112389838323
-0.0125967264175
-0.0133210057393
-0.0132841886953
-0.0124866859987
-0.0112330662087
-0.0098708178848
-0.00875065941364
-0.00809946283698
-0.00771680567414
-0.00731217535213
-0.00659606046975
-0.00532255833969
-0.00347773218527
-0.0011258412851
0.00167102646083
0.00482050329447
0.00796855334193
0.0106501495466
0.012402581051
0.0127990972251
0.0118991117924
0.0100748660043
0.00769430492073
0.00512284319848
0.00264133745804
0.000447214057203
-0.00126229028683
-0.00229468476027
-0.00269217137247
-0.00277213472873
-0.00285868230276
-0.00328293070197
-0.00416073994711
-0.00526011316106
-0.00632500927895
-0.00709500489756
-0.00734687689692
-0.00694498093799
-0.0057638050057
-0.00367661728524
-0.000672256341204
0.0028920834884
0.00659505464137
0.0100085111335
0.0127539010718
0.0146461222321
0.0155543126166
0.0153481569141
0.0139551637694
0.011695580557
0.00904314219952
0.00646843062714
0.0043951831758
0.00279042776674
0.00137115095276
-0.000135389185743
-0.00199252855964
-0.00417035631835
-0.00643040472642
-0.00853517930955
-0.0102479550987
-0.0114507991821
-0.0121412035078
-0.0123186483979
-0.0119844675064
-0.0112751238048
-0.010489217937
-0.00992908794433
-0.00990341044962
-0.0104212332517
-0.0110110118985
-0.0111673558131
-0.0103745022789
-0.00840802956372
-0.00565799884498
-0.0025873160921
0.000335511780577
0.00273943063803
0.00451675057411
0.00560562685132
0.00594459846616
0.00552938925102
0.00456965481862
0.00332733732648
0.00206324085593
0.00100719754118
0.000229347773711
-0.000249403645284
-0.00040678458754
-0.000222723552724
0.000310830015223
0.00119701703079
0.00243782438338
0.00400987407193
0.00564779248089
0.00697054713964
0.00759954890236
0.00718944519758
0.00584998168051
0.0039737331681
0.00194619956892
0.000148844454088
-0.00124258850701
-0.00220739725046
-0.00272564589977
-0.00278345518745
-0.00250725750811
-0.00214762240648
-0.0019531166181
-0.00217216624878
-0.0028033410199
-0.00357819045894
-0.004222989548
-0.00446081068367
-0.0041445242241
-0.00329387700185
-0.00193632009905
-0.000101029640064
0.00203039776534
0.00405335519463
0.00555427279323
0.00611150311306
0.0055532567203
0.0041277045384
0.00211202679202
-0.000207175486139
-0.00261946814135
-0.00506162410602
-0.0074795386754
-0.00982194766402
-0.0120808491483
-0.01432924252
-0.0166515577585
-0.0191388931125
-0.021672738716
-0.0236542373896
-0.0244207214564
-0.0232959520072
-0.0200015287846
-0.0152775486931
-0.0100296931341
-0.00516748568043
-0.00139214540832
0.00120048574172
0.00260882242583
0.00283671892248
0.00200057798065
0.00055232422892
-0.000992090557702
-0.00211354368366
-0.002498005284
-0.00246621132828
-0.002461575903
-0.00293162977323
-0.00416840566322
-0.00596356065944
-0.00800907146186
-0.00999640766531
-0.0116594405845
-0.0128727052361
-0.0135381631553
-0.0135584231466
-0.0128790093586
-0.0115875648335
-0.00979864224792
-0.00762860756367
-0.0052207428962
-0.00281500141136
-0.00066538725514
0.000971672299784
0.00192124827299
0.00225861533545
0.00210211635567
0.00157131522428
0.000769832578953
-0.000243099653744
-0.00141623604577
-0.00269899959676
-0.00401340657845
-0.00522037642077
-0.00617117714137
-0.00671499222517
-0.00680223852396
-0.00661203544587
-0.00635200738907
-0.00623254384845
-0.00638606445864
-0.00678611220792
-0.00738985976204
-0.0081536276266
-0.00893618911505
-0.00943160615861
-0.00932090729475
-0.0082814367488
-0.00629925588146
-0.00381297175772
-0.00129067292437
0.000799623667262
0.00229881913401
0.00343896099366
0.00446676835418
0.00562714645639
0.00688713928685
0.00793007481843
0.00843361858279
0.00808446481824
0.00689995009452
0.00517286825925
0.00319784157909
0.00126848684158
-0.000383614649763
-0.00156967085786
-0.00210120575503
-0.0018293724861
-0.00098126672674
2.80254753307e-05
0.00078506115824
0.000945126812439
0.00061483506579
6.99441807228e-05
-0.000415183778387
-0.000632676063105
-0.000670785724651
-0.000696407340001
-0.000877839454915
-0.00132705457509
-0.00198637251742
-0.00276806298643
-0.00358235486783
-0.00433082599193
-0.00489430362359
-0.00515246856958
-0.00498416135088
-0.00438653770834
-0.00352428294718
-0.00257074763067
-0.00169845984783
-0.000969861226622
-0.000341447244864
0.000234266481129
0.000811645877548
0.0015436403919
0.00264680129476
0.00433435989544
0.00674851611257
0.00951185729355
0.0120310513303
0.0137128857896
0.0140954218805
0.0132715459913
0.011463008821
0.00889355875552
0.00583252171054
0.00265789055265
-0.00024105446937
-0.00247512967326
-0.00391461048275
-0.00479484675452
-0.00537115614861
-0.00590613484383
-0.00676245894283
-0.00838267151266
-0.0112132364884
-0.0156700052321
-0.0218601096421
-0.0297639053315
-0.0393397808075
-0.0504107922316
-0.062527127564
-0.0751270800829
-0.0876332744956
-0.0998459234834
-0.112307079136
-0.125663518906
-0.14052195847
-0.156237736344
-0.170773506165
-0.182051584125
-0.188007101417
-0.187093257904
-0.178067371249
-0.159666493535
-0.131040856242
-0.0936448201537
-0.0494772493839
-0.000569831521716
0.0511371009052
0.103500150144
0.154506310821
0.202031120658
0.244473978877
0.280727565289
0.309657037258
0.330205261707
0.341778486967
0.344013690948
0.336123585701
0.318323165178
0.290813863277
0.253851592541
0.207697913051
0.154468357563
0.0988135263324
0.0454928651452
-0.000945502892137
-0.039684727788
-0.0722254738212
-0.10007532686
-0.124306984246
-0.14533162117
-0.163302049041
-0.17834110558
-0.189443022013
-0.193893939257
-0.188845977187
-0.171661570668
-0.143095493317
-0.106061905622
-0.0634587481618
-0.0184178706259
0.0256620068103
0.0654563158751
0.0977273285389
0.120584376156
0.134165748954
0.13870446384
0.134612619877
0.124101109803
0.110375724733
0.0964890122414
0.0844277143478
0.0714818760753
0.0541328042746
0.0289080459625
-0.00409993855283
-0.0408294349909
-0.0771407783031
-0.108885772526
-0.132481709123
-0.144635856152
-0.142220973969
-0.12552344799
-0.101951338351
-0.0796094015241
-0.0663041323423
-0.0635239630938
-0.0682496577501
-0.0773545429111
-0.0874309465289
-0.0944903567433
-0.094301469624
-0.0826851055026
-0.0595360510051
-0.0295989234
0.00219912035391
0.0315235704184
0.0583272092044
0.0841201394796
0.110629104078
0.138277083635
0.164949417114
0.188314333558
0.205851003528
0.213313996792
0.205347985029
0.176464289427
0.125733330846
0.0637643411756
0.00324931787327
-0.0434092283249
-0.0710706114769
-0.0812711417675
-0.0756737068295
-0.0569668263197
-0.0324875041842
-0.0107356235385
-0.000130855623866
-0.00389276491478
-0.0186233911663
-0.0406421609223
-0.0665765628219
-0.0948859527707
-0.124826803803
-0.155814871192
-0.185752466321
-0.209967628121
-0.223606839776
-0.222165107727
-0.205325007439
-0.174803867936
-0.132837533951
-0.0822530165315
-0.0275228619576
0.0267362110317
0.075898386538
0.116156250238
0.144137591124
0.156277820468
0.150065615773
0.125041782856
0.0810073837638
0.018106194213
-0.0556764341891
-0.125674784184
-0.176909074187
-0.1980163306
-0.191874876618
-0.164466693997
-0.12174359709
-0.0716604217887
-0.0241701249033
0.0106828706339
0.0255783442408
0.0254152882844
0.0186870861799
0.0138222388923
0.0136866280809
0.0145688774064
0.0125163942575
0.00488734664395
-0.00365513539873
-0.00610002363101
0.00450112996623
0.030827274546
0.0696497261524
0.117443449795
0.169760763645
0.216006591916
0.243761107326
0.240817055106
0.207122221589
0.162060260773
0.126334130764
0.118219599128
0.134387224913
0.162056759
0.18881200254
0.202378898859
0.191519737244
0.14510306716
0.054239064455
-0.0668611451983
-0.191776812077
-0.294336855412
-0.357752233744
-0.384116590023
-0.377477169037
-0.342205166817
-0.286708623171
-0.221464246511
-0.157676562667
-0.103268608451
-0.0587143003941
-0.0235471725464
0.00289902370423
0.0249065570533
0.0490193590522
0.081442900002
0.125431105494
0.175222635269
0.223685353994
0.263533592224
0.284640938044
0.274773985147
0.221641138196
0.12170561403
-0.0033246439416
-0.12727291882
-0.22455842793
-0.280384808779
-0.28915476799
-0.245309889317
-0.149657979608
-0.0250145476311
0.101548120379
0.203262776136
0.266451925039
0.29029750824
0.274127244949
0.219733610749
0.140775799751
0.0536456294358
-0.0255466569215
-0.0859576016665
-0.122784338892
-0.131381690502
-0.108925960958
-0.0633374899626
-0.00619272748008
0.0510877221823
0.0991171449423
0.13128516078
0.141106203198
0.123190224171
0.0808873251081
0.021542981267
-0.047542989254
-0.117996998131
-0.179344788194
-0.220915302634
-0.233059048653
-0.217491850257
-0.181955248117
-0.134606271982
-0.0840325951576
-0.0395573303103
-0.0105642527342
-0.00564362900332
-0.0193657800555
-0.0362950190902
-0.040956620127
-0.0225492995232
0.014458223246
0.062597848475
0.114421240985
0.162247091532
0.198091313243
0.213972151279
0.204211443663
0.17533197999
0.137495785952
0.100617602468
0.0684266462922
0.0360669530928
-0.0017329842085
-0.0496421903372
-0.106371633708
-0.167555570602
-0.229352146387
-0.285611778498
-0.325347930193
-0.337191849947
-0.310350656509
-0.245411112905
-0.150619104505
-0.0344777852297
0.0915022417903
0.207887768745
0.293889850378
0.329112350941
0.310902893543
0.256272703409
0.18279351294
0.107043907046
0.0384188778698
-0.0160046536475
-0.0494549721479
-0.061215583235
-0.061817470938
-0.0627302527428
-0.0746100842953
-0.0947843790054
-0.111551560462
-0.113218165934
-0.0927734375
-0.0607796162367
-0.031549282372
-0.0192758962512
-0.0289195813239
-0.0536082610488
-0.0859023928642
-0.118378914893
-0.143454909325
-0.153518974781
-0.141107171774
-0.105240233243
-0.0622064620256
-0.0307558253407
-0.0293016079813
-0.061052210629
-0.113589145243
-0.17417190969
-0.230158209801
-0.270317792892
-0.284007966518
-0.26105132699
-0.19693633914
-0.100926332176
0.0159541554749
0.142663419247
0.268863797188
0.384979903698
0.481270551682
0.549143910408
0.587588310242
0.598029255867
0.582963883877
0.545562326908
0.491216778755
0.425560384989
0.354217499495
0.281275361776
0.209065437317
0.139920696616
0.0760398209095
0.0190164130181
-0.0299570225179
-0.0696304440498
-0.0992655828595
-0.120373018086
-0.134991586208
-0.145132154226
-0.154563307762
-0.170029759407
-0.198433279991
-0.246317863464
-0.311306774616
-0.383639395237
-0.453453421593
-0.511210799217
-0.549796283245
-0.563044130802
-0.544577121735
-0.492022007704
-0.413210242987
-0.317856997252
-0.215760588646
-0.112176395953
-0.00470794178545
0.109628245234
0.233526647091
0.360654234886
0.476059436798
0.564769983292
0.612762629986
0.616770923138
0.579460024834
0.503468513489
0.393679380417
0.266356557608
0.141108766198
0.0378619320691
-0.0300922747701
-0.0679867714643
-0.0842443108559
-0.0873347297311
-0.0826947912574
-0.0702213793993
-0.0493237040937
-0.0194202084094
0.0176431238651
0.0570330545306
0.0938082337379
0.123038940132
0.138524860144
0.133124023676
0.0998389497399
0.032542064786
-0.0629892572761
-0.174062803388
-0.288083225489
-0.392644286156
-0.476730078459
-0.530001521111
-0.542235970497
-0.505904734135
-0.427938401699
-0.320072412491
-0.193952471018
-0.0614794753492
0.0646800175309
0.171568825841
0.246352463961
0.280767321587
0.282280296087
0.261609524488
0.229479297996
0.194947808981
0.162270188332
0.134803682566
0.115887857974
0.107537306845
0.108238436282
0.115900956094
0.128434792161
0.143935978413
0.161011382937
0.178336024284
0.194626659155
0.207656040788
0.212677329779
0.204555720091
0.178147092462
0.131537288427
0.0723592489958
0.00985590554774
-0.0466944016516
-0.0896407961845
-0.11643370986
-0.125656738877
-0.115893505514
-0.0874878466129
-0.048353984952
-0.00835799612105
0.0227762013674
0.0368555933237
0.0342721268535
0.0183749310672
-0.00754749402404
-0.0402439571917
-0.0764369592071
-0.112916260958
-0.1465190202
-0.174309298396
-0.197192251682
-0.218591913581
-0.241821974516
-0.270184397697
-0.30396130681
-0.340407252312
-0.376777380705
-0.410307705402
-0.436947435141
-0.450744479895
-0.445698946714
-0.415737956762
-0.358097732067
-0.278237074614
-0.182822823524
-0.0784402042627
0.0285405553877
0.133114844561
0.230628162622
0.316603422165
0.386657983065
0.439600855112
0.476175695658
0.496978193521
0.502672076225
0.492601782084
0.464691370726
0.416910201311
0.347099423409
0.257004410028
0.156875386834
0.0580873638391
-0.0283514205366
-0.0927239432931
-0.134159162641
-0.154713913798
-0.156344309449
-0.141164004803
-0.113923281431
-0.0812646970153
-0.0496886894107
-0.0258261505514
-0.0124380420893
-0.00573703739792
-0.00143789930735
0.00483361072838
0.0159668438137
0.028537850827
0.0372349955142
0.036901332438
0.0225782636553
-0.00624071806669
-0.0466392748058
-0.0957160964608
-0.150523841381
-0.206941768527
-0.2586594522
-0.299053698778
-0.321591317654
-0.320872306824
-0.297748327255
-0.255651473999
-0.197938784957
-0.128113165498
-0.0505029559135
0.0297294743359
0.107488892972
0.177669540048
0.236709743738
0.28567135334
0.326642483473
0.361438453197
0.391730844975
0.417617470026
0.438065230846
0.452132552862
0.458899587393
0.4577473104
0.448550134897
0.430682420731
0.40453311801
0.370218008757
0.330628156662
0.290196657181
0.253185391426
0.224042236805
0.20463360846
0.192661643028
0.18537697196
0.179987892509
0.174494594336
0.168758109212
0.163548842072
0.159616217017
0.157721430063
0.159134939313
0.165766999125
0.17955750227
0.201998338103
0.235088199377
0.27751865983
0.32683044672
0.380525678396
0.436077177525
0.488747179508
0.531031250954
0.555383145809
0.553694546223
0.519798576832
0.453420609236
0.356674551964
0.231981307268
0.0818292051554
-0.087155148387
-0.263514816761
-0.436078369617
-0.592974364758
-0.725388109684
-0.830986917019
-0.91040790081
-0.964193642139
-0.993216633797
-0.999651670456
-0.987185537815
-0.959025800228
-0.917711377144
-0.867870628834
-0.815192043781
-0.766359865665
-0.728145301342
-0.70746409893
-0.70755392313
-0.725621879101
-0.757233560085
-0.79982316494
-0.849839091301
-0.896805346012
-0.927384674549
-0.928702235222
-0.887807130814
-0.799416542053
-0.672039568424
-0.514241993427
-0.335983633995
-0.146547049284
0.0442304462194
0.226352244616
0.389963716269
0.525278806686
0.627541661263
0.702589631081
0.758240818977
0.801922678947
0.840274453163
0.874645590782
0.902939498425
0.923364758492
0.934197068214
0.933596134186
0.917563855648
0.88489317894
0.832692086697
0.758435726166
0.666360914707
0.56580466032
0.465954810381
0.376332581043
0.303124636412
0.245264396071
0.201079189777
0.168565675616
0.145710214972
0.130202978849
0.119487866759
0.111016705632
0.102204173803
0.0907686203718
0.0757893249393
0.0566389262676
0.0325811319053
0.00284896441735
-0.0346429720521
-0.0832982063293
-0.146383911371
-0.227434158325
-0.327479511499
-0.441906183958
-0.564057826996
-0.68681293726
-0.803065657616
-0.907299399376
-0.995689332485
-1.06474673748
-1.11109566689
-1.13159525394
-1.12753999233
-1.10134804249
-1.05458152294
-0.989107489586
-0.909227073193
-0.821249067783
-0.731549143791
-0.64647513628
-0.570071697235
-0.499004036188
-0.430734872818
-0.361914873123
-0.289241284132
-0.211612939835
-0.129278704524
-0.0426927022636
0.0479922443628
0.139919549227
0.224757373333
0.293432563543
0.336852878332
0.347108066082
0.329678893089
0.296973675489
0.261164188385
0.234741255641
0.224563807249
0.228741303086
0.244811207056
0.269861608744
0.301035165787
0.331841915846
0.354490280151
0.361324846745
0.344852954149
0.306892186403
0.257935643196
0.208557620645
0.169546723366
0.148601442575
0.145320430398
0.158235266805
0.186267361045
0.22792302072
0.28028985858
0.339659690857
0.402355372906
0.464635938406
0.522623538971
0.57243013382
0.610149800777
0.631911754608
0.634683132172
0.61734431982
0.580395042896
0.523701310158
0.448033243418
0.362187355757
0.279045939445
0.211510419846
0.172511130571
0.168037503958
0.196075960994
0.254290223122
0.340470165014
0.445748329163
0.545523703098
0.61251783371
0.619684457779
0.543884336948
0.386807620525
0.159475952387
-0.127179399133
-0.460970759392
-0.813579678535
-1.14456260204
-1.41410672665
-1.58186614513
-1.63197541237
-1.58302175999
-1.45536851883
-1.26982450485
-1.04797959328
-0.812871515751
-0.587246835232
-0.394700527191
-0.254772990942
-0.163720354438
-0.110139414668
-0.0829156264663
-0.0712927728891
-0.0706821456552
-0.0801980644464
-0.0988302081823
-0.125580921769
-0.157425880432
-0.189241081476
-0.215882837772
-0.232169046998
-0.233104288578
-0.214116737247
-0.170665234327
-0.0981160104275
0.00458642654121
0.129276499152
0.266122162342
0.405351996422
0.537618994713
0.655331969261
0.751241624355
0.818104922771
0.849778950214
0.84879475832
0.821517705917
0.774239182472
0.71319258213
0.643584549427
0.569738149643
0.496152192354
0.427197992802
0.367812931538
0.323176115751
0.298517286777
0.299043476582
0.325241297483
0.371408909559
0.431590557098
0.499685823917
0.56725859642
0.621648311615
0.649837851524
0.63858705759
0.581622779369
0.489472925663
0.375232547522
0.251999497414
0.131586551666
0.0213983915746
-0.0720885246992
-0.142253473401
-0.18423192203
-0.20059543848
-0.196172252297
-0.175755694509
-0.143889546394
-0.10374828428
-0.0579431131482
-0.00904307886958
0.0403410382569
0.0881874710321
0.132698357105
0.172074601054
0.204756468534
0.231824845076
0.255942046642
0.27973100543
0.305636256933
0.332211911678
0.355197399855
0.370357364416
0.373485326767
0.36292052269
0.339224040508
0.303049087524
0.255018025637
0.197993934155
0.137002810836
0.0770599171519
0.0232451055199
-0.0213261302561
-0.0559986270964
-0.0802129805088
-0.0934111848474
-0.0954114049673
-0.0865610539913
-0.0672461241484
-0.037847854197
-0.000190704944544
0.0415198840201
0.0829286277294
0.119668364525
0.147610962391
0.163141831756
0.162752330303
0.142846554518
0.102696493268
0.0474771894515
-0.0169892832637
-0.0848497599363
-0.151240929961
-0.213834270835
-0.2706630826
-0.319684863091
-0.360748201609
-0.398566603661
-0.438546478748
-0.486240178347
-0.544158101082
-0.606119394302
-0.664293944836
-0.710914313793
-0.739615321159
-0.748925685883
-0.738342821598
-0.707388579845
-0.657596647739
-0.598069190979
-0.539614498615
-0.493000417948
-0.466517239809
-0.458254426718
-0.463663429022
-0.478183805943
-0.496885150671
-0.513000607491
-0.519288361073
-0.508498966694
-0.475246161222
-0.423290014267
-0.359295338392
-0.289887338877
-0.221830770373
-0.162407621741
-0.119212880731
-0.0997425839305
-0.109390579164
-0.140404462814
-0.180042698979
-0.215744018555
-0.236150696874
-0.23864774406
-0.224289298058
-0.194097787142
-0.149850293994
-0.0994293168187
-0.053469967097
-0.0223740302026
-0.0151099134237
-0.026165433228
-0.0428867712617
-0.0528392381966
-0.0445431061089
-0.0175769645721
0.0223535280675
0.0696624964476
0.118612468243
0.162521511316
0.194068238139
0.20610705018
0.192036673427
0.154614552855
0.102834619582
0.0455714017153
-0.00846816692501
-0.0561328232288
-0.0983770191669
-0.136096820235
-0.170201614499
-0.199535012245
-0.221259251237
-0.232496932149
-0.230424925685
-0.21336863935
-0.180814117193
-0.132275745273
-0.0673198699951
0.0109405051917
0.095715649426
0.180086284876
0.257177501917
0.321839034557
0.371254444122
0.402661830187
0.413351476192
0.402717739344
0.373188465834
0.327371358871
0.267903506756
0.197181716561
0.117291472852
0.0303489007056
-0.0616039298475
-0.154797971249
-0.242023155093
-0.315661489964
-0.368009597063
-0.393458455801
-0.391448885202
-0.362127631903
-0.305640012026
-0.225031167269
-0.132246941328
-0.0410291999578
0.0349314361811
0.0850055292249
0.110462285578
0.115590281785
0.104675516486
0.0825722962618
0.0571896806359
0.0374843776226
0.0323092825711
0.0494320094585
0.0883631929755
0.144919529557
0.215100899339
0.294838994741
0.380413144827
0.468323498964
0.55514216423
0.637408792973
0.713920235634
0.784932553768
0.850636601448
0.911287009716
0.962207853794
0.993762910366
0.996317148209
0.960152685642
0.880043804646
0.757308900356
0.593676805496
0.390797704458
0.15711376071
-0.085156403482
-0.31237539649
-0.500769853592
-0.632928729057
-0.710629582405
-0.739087343216
-0.723751783371
-0.670993685722
-0.592040002346
-0.499800384045
-0.406906098127
-0.324677407742
-0.252146303654
-0.18227545917
-0.108290471137
-0.0237010587007
0.0712162181735
0.170796349645
0.269429266453
0.361441463232
0.441433846951
0.504599392414
0.54617446661
0.561320126057
0.549544870853
0.519152879715
0.479347318411
0.439396828413
0.406795173883
0.384352535009
0.373840868473
0.376827865839
0.394055366516
0.419697582722
0.444967418909
0.461316466331
0.460396081209
0.440631687641
0.406037956476
0.36053532362
0.308221489191
0.252795040607
0.197274878621
0.144635781646
0.097885645926
0.0583878494799
0.0226473473012
-0.0136399473995
-0.0547552779317
-0.104234427214
-0.159670323133
-0.216097831726
-0.26864656806
-0.312528163195
-0.346415042877
-0.372147321701
-0.391605407
-0.406733334064
-0.418908983469
-0.428296297789
-0.434944152832
-0.438336849213
-0.438651680946
-0.433613061905
-0.420317590237
-0.395992785692
-0.358064562082
-0.309143364429
-0.255847543478
-0.204735577106
-0.162433668971
-0.133172273636
-0.116517297924
-0.111498169601
-0.117097645998
-0.131975293159
-0.150061383843
-0.163664877415
-0.165298715234
-0.147550985217
-0.108878515661
-0.0535068996251
0.0143054230139
0.0903806313872
0.169123977423
0.241522103548
0.29822358489
0.329568892717
0.326881796122
0.29228001833
0.234166622162
0.160724788904
0.0803325027227
0.000731994572561
-0.0715881288052
-0.130335256457
-0.169348418713
-0.183882132173
-0.178241059184
-0.160160437226
-0.137145206332
-0.116812109947
-0.102633774281
-0.093172699213
-0.0868394300342
-0.0819465890527
-0.0765133798122
-0.0678004398942
-0.0526391118765
-0.0280258413404
0.00895442161709
0.0560450293124
0.1062797755
0.152781054378
0.188607692719
0.208157166839
0.209910705686
0.19300507009
0.156579554081
0.100056186318
0.0284736212343
-0.048578184098
-0.121673285961
-0.181343242526
-0.220407649875
-0.238417550921
-0.235893011093
-0.21327829361
-0.171139001846
-0.112945459783
-0.0443863272667
0.0288335010409
0.10104175657
0.167601615191
0.226955443621
0.277906388044
0.319030940533
0.348822742701
0.366228371859
0.370604902506
0.361454248428
0.338275939226
0.30100491643
0.252608478069
0.196716979146
0.136903211474
0.0768101885915
0.0183486491442
-0.0382988750935
-0.0930032730103
-0.145801976323
-0.196819275618
-0.247169196606
-0.297722965479
-0.349135488272
-0.402134269476
-0.454100161791
-0.498825252056
-0.530043005943
-0.540941119194
-0.526657879353
-0.4886059165
-0.43045976758
-0.356022387743
-0.26933413744
-0.176285877824
-0.0851845443249
-0.00413911044598
0.0589629970491
0.0968201309443
0.11138419807
0.10884270817
0.0951740890741
0.0766516327858
0.0575883276761
0.0385368950665
0.0195241570473
0.000638261437416
-0.0181719064713
-0.0387445650995
-0.0638850033283
-0.0962618812919
-0.138728410006
-0.191647931933
-0.249266833067
-0.305657416582
-0.354476839304
-0.389255195856
-0.406869202852
-0.406791329384
-0.388610392809
-0.352042257786
-0.297572106123
-0.228522598743
-0.149070695043
-0.0634975209832
0.0239052008837
0.108550406992
0.186015293002
0.251920282841
0.302113473415
0.333598166704
0.349101603031
0.352494597435
0.347556829453
0.338198214769
0.327591449022
0.317886084318
0.311200678349
0.309129178524
0.313093811274
0.320109367371
0.325404822826
0.324447005987
0.312616229057
0.289717555046
0.261351436377
0.233386188745
0.211217805743
0.200358331203
0.200782641768
0.210372880101
0.227072566748
0.248791709542
0.272258341312
0.292509913445
0.304377228022
0.302666097879
0.282997310162
0.245318651199
0.191708862782
0.124267883599
0.0453036911786
-0.0431801863015
-0.139611124992
-0.242586359382
-0.350927263498
-0.463431209326
-0.576039075851
-0.68350404501
-0.780795693398
-0.862710475922
-0.925519883633
-0.967367947102
-0.986300647259
-0.979537248611
-0.946663022041
-0.890104949474
-0.813968598843
-0.722639858723
-0.620538115501
-0.512861967087
-0.405107915401
-0.302912503481
-0.211136355996
-0.134241133928
-0.0722790881991
-0.0237436816096
0.0128194643185
0.0389543324709
0.0566787011921
0.068511672318
0.0769981071353
0.0847447365522
0.0933935195208
0.101797133684
0.108174420893
0.110737703741
0.107867203653
0.101152457297
0.0944999828935
0.0917624458671
0.0969016849995
0.112463831902
0.138058617711
0.172725051641
0.21604397893
0.266877830029
0.31970718503
0.367199897766
0.402144998312
0.417298078537
0.412028491497
0.393340915442
0.368451863527
0.344825416803
0.327908664942
0.317058742046
0.311366736889
0.30942466855
0.309478789568
0.305914074183
0.290984123945
0.257194578648
0.196883410215
0.111234351993
0.013573538512
-0.0825153663754
-0.162898376584
-0.217095434666
-0.245668336749
-0.251448810101
-0.237186551094
-0.206051215529
-0.165095448494
-0.123503491282
-0.0902068018913
-0.0743006914854
-0.0774801895022
-0.0933785289526
-0.115437291563
-0.136919483542
-0.152464851737
-0.159977883101
-0.157744780183
-0.143963783979
-0.117875598371
-0.0832022354007
-0.0450679436326
-0.00864624232054
0.0211370140314
0.0423716753721
0.0550168454647
0.0590374469757
0.0544527582824
0.0438935495913
0.0326791480184
0.0261516906321
0.0298175774515
0.0449326001108
0.0650698393583
0.0831220075488
0.091812454164
0.0860426276922
0.0673437714577
0.0385107621551
0.00233011879027
-0.0380359664559
-0.0776043310761
-0.110714673996
-0.13175663352
-0.135946646333
-0.127155065536
-0.113771475852
-0.103989541531
-0.105734139681
-0.118246421218
-0.134189754725
-0.146284580231
-0.147187754512
-0.13380728662
-0.107585713267
-0.0701312571764
-0.0230867806822
0.0289666671306
0.0772522762418
0.112865045667
0.126702055335
0.116562284529
0.0929142907262
0.067404948175
0.0519234724343
0.0538633875549
0.0701701790094
0.0963916406035
0.128015577793
0.160225823522
0.187400475144
0.20378254354
0.203525528312
0.184087991714
0.154177233577
0.124897420406
0.107448063791
0.110416077077
0.132063359022
0.168092593551
0.214200928807
0.265496850014
0.314774930477
0.354116052389
0.375568985939
0.373200088739
0.350584000349
0.314132481813
0.270232230425
0.224895745516
0.181957811117
0.144635587931
0.116174228489
0.0981976464391
0.0847533643246
0.067508392036
0.038145635277
-0.00923498719931
-0.0691220164299
-0.132696524262
-0.191090285778
-0.236229851842
-0.263975650072
-0.271146297455
-0.254538834095
-0.213885426521
-0.160063624382
-0.10674123466
-0.0676276534796
-0.0523421578109
-0.0563155375421
-0.0720185637474
-0.0918595641851
-0.109152272344
-0.119929611683
-0.120721019804
-0.107997253537
-0.0812364071608
-0.0469564087689
-0.012643514201
0.0140697173774
0.0293296650052
0.0364818051457
0.0395900644362
0.0427996218204
0.0497887507081
0.0634677559137
0.0866428613663
0.122121967375
0.167188853025
0.212473750114
0.248472124338
0.265668183565
0.259742438793
0.231144428253
0.180489346385
0.10879496485
0.0245730411261
-0.0585149489343
-0.127013012767
-0.168590828776
-0.183511897922
-0.1780924052
-0.158655583858
-0.131254062057
-0.100318513811
-0.0697014257312
-0.0432453043759
-0.0232437159866
-0.00597531162202
0.0135577982292
0.0404470935464
0.076825119555
0.117952398956
0.158202141523
0.191900238395
0.215517759323
0.228969484568
0.232356965542
0.225844442844
0.210538715124
0.188485652208
0.161733329296
0.132132321596
0.0986892059445
0.0585388243198
0.00882772263139
-0.0523738339543
-0.121171317995
-0.191216796637
-0.256136626005
-0.30971673131
-0.346414297819
-0.360800653696
-0.347420722246
-0.305815368891
-0.246025413275
-0.179227828979
-0.116648957133
-0.0657053515315
-0.0290032941848
-0.00900023430586
-0.00770458439365
-0.0196775849909
-0.0342023894191
-0.0405616723001
-0.0294401980937
-0.00176880438812
0.0373820215464
0.08288962394
0.129135861993
0.168642520905
0.193643823266
0.196312040091
0.174306958914
0.135063350201
0.0868160128593
0.0377695821226
-0.008032431826
-0.0505874156952
-0.0899768769741
-0.12641081214
-0.161326125264
-0.19674706459
-0.234621122479
-0.274933546782
-0.310980975628
-0.334160387516
-0.335795074701
-0.311550706625
-0.26586791873
-0.20406357944
-0.13154143095
-0.0552083589137
0.0165027137846
0.0752321481705
0.113280363381
0.131224840879
0.133786812425
0.125663265586
0.111333481967
0.0945448875427
0.0787408128381
0.0673542991281
0.06142995134
0.0577757172287
0.0528698675334
0.0433005914092
0.0295478105545
0.0154718868434
0.00496426504105
0.00160913646687
0.00646443804726
0.0194921754301
0.0406923554838
0.0681738480926
0.0946438312531
0.111994370818
0.112136878073
0.0942676439881
0.0669260025024
0.039055660367
0.0191874243319
0.0093909278512
0.0079140169546
0.0129758911207
0.0218132082373
0.0278210323304
0.0234074201435
0.000980224809609
-0.0394319705665
-0.0843715816736
-0.119367368519
-0.130375355482
-0.114442609251
-0.0773070901632
-0.0248375833035
0.0363550931215
0.0958721041679
0.142071783543
0.163394317031
0.154561445117
0.123861342669
0.0810982584953
0.0360304713249
-0.00520910415798
-0.0399431437254
-0.0655761659145
-0.0802041292191
-0.0868276953697
-0.0902277082205
-0.0954085215926
-0.105339214206
-0.117985226214
-0.130619391799
-0.140480086207
-0.144632741809
-0.139970332384
-0.123382434249
-0.0926047116518
-0.0519586913288
-0.00862146262079
0.0300993416458
0.0592189282179
0.0795892849565
0.0929639711976
0.101088255644
0.105298772454
0.106464348733
0.105424277484
0.10257961601
0.0949926152825
0.0783067569137
0.0483445823193
0.00510686868802
-0.0402493961155
-0.0749165788293
-0.08622610569
-0.0686571970582
-0.0241638347507
0.0451417937875
0.135892391205
0.236083731055
0.329679369926
0.401239544153
0.440264284611
0.448544710875
0.429510802031
0.386721789837
0.327050536871
0.260599195957
0.197524055839
0.146837130189
0.109897844493
0.0854772254825
0.0723358392715
0.0680634379387
0.0682847127318
0.0684348717332
0.0640552118421
0.053213160485
0.0360779687762
0.0128359468654
-0.0166993401945
-0.0541304498911
-0.101763114333
-0.16193395853
-0.232352659106
-0.302322506905
-0.360440433025
-0.39560431242
-0.402710229158
-0.380978286266
-0.329662501812
-0.250693619251
-0.158964917064
-0.071973644197
-0.00706286355853
0.0272547397763
0.0357122682035
0.0238855499774
-0.00249624066055
-0.0360572524369
-0.0684348121285
-0.0912324637175
-0.0990282148123
-0.0963886454701
-0.0897901430726
-0.0856871306896
-0.0873621329665
-0.0942879170179
-0.10578481108
-0.120856679976
-0.135895982385
-0.146013259888
-0.146551668644
-0.135276973248
-0.116119921207
-0.0938681662083
-0.073245100677
-0.0566171072423
-0.044114895165
-0.0358382165432
-0.0318320281804
-0.0317409075797
-0.0352304317057
-0.0418885163963
-0.0523793287575
-0.0694348812103
-0.0959819853306
-0.13446739316
-0.178550839424
-0.215648710728
-0.233036771417
-0.220838814974
-0.181998640299
-0.122304424644
-0.0475866980851
0.0331409797072
0.106332927942
0.158241301775
0.176648914814
0.166253790259
0.14062666893
0.113284185529
0.0953642129898
0.0897433906794
0.0978204533458
0.120846107602
0.154104396701
0.186547279358
0.206963017583
0.205605134368
0.183095037937
0.144232690334
0.0939519032836
0.0370877981186
-0.0215097330511
-0.0770229399204
-0.124760463834
-0.162683218718
-0.190733119845
-0.208894655108
-0.216766119003
-0.213537141681
-0.198301285505
-0.170038923621
-0.130150973797
-0.0838506519794
-0.0365314409137
0.00652474164963
0.041872382164
0.06705635041
0.0796161815524
0.0791865289211
0.0719254985452
0.0651268437505
0.065975651145
0.0766660571098
0.0938110947609
0.1138311252
0.13280172646
0.144625589252
0.142385333776
0.119396843016
0.0738003924489
0.0148263229057
-0.0471015125513
-0.101625911891
-0.142517507076
-0.166994541883
-0.172269463539
-0.157601192594
-0.132286563516
-0.108718730509
-0.0990914106369
-0.108016170561
-0.127693474293
-0.149428665638
-0.164620354772
-0.166265875101
-0.148394271731
-0.105079859495
-0.0350128151476
0.0480588562787
0.127531260252
0.186896398664
0.218141138554
0.223682910204
0.206306353211
0.169482633471
0.121820375323
0.0741329193115
0.0375676713884
0.0197464022785
0.0197331588715
0.0354036800563
0.0645851790905
0.103710755706
0.147893443704
0.192207694054
0.231673926115
0.260954141617
0.275240242481
0.26967343688
0.242722481489
0.199370697141
0.145207881927
0.0859325528145
0.0284531172365
-0.0193809084594
-0.0496835149825
-0.0567308403552
-0.0438749566674
-0.0169931929559
0.0180386342108
0.0544678047299
0.0840898901224
0.0986626446247
0.0907590761781
0.0631292015314
0.02438797988
-0.0167305488139
-0.0522360950708
-0.0770092308521
-0.086580067873
-0.0765880942345
-0.0504733845592
-0.0213329344988
-0.0025861330796
-0.00626863911748
-0.0306799374521
-0.067471422255
-0.108242295682
-0.144481763244
-0.166973605752
-0.166498616338
-0.134102076292
-0.0726693570614
0.0024602888152
0.0755971744657
0.132468178868
0.169265434146
0.186312049627
0.184236705303
0.165673807263
0.137945219874
0.108928091824
0.0862726271152
0.0711519420147
0.0586829967797
0.0438852868974
0.0224402491003
-0.00545422919095
-0.0378914698958
-0.0730536133051
-0.108732528985
-0.141722857952
-0.168830275536
-0.186926245689
-0.196725174785
-0.202207624912
-0.207398340106
-0.215594500303
-0.225523740053
-0.23487624526
-0.241283476353
-0.242407932878
-0.236198604107
-0.220669269562
-0.193985000253
-0.158494248986
-0.12000130862
-0.0844313874841
-0.0568277388811
-0.0375384874642
-0.0254768114537
-0.0194485615939
-0.017808156088
-0.018134649843
-0.017956264317
-0.0149297332391
-0.0102438712493
-0.00815111212432
-0.0129382079467
-0.0280941668898
-0.0518927574158
-0.0807371884584
-0.111186087132
-0.138966798782
-0.158298015594
-0.1631962955
-0.147896334529
-0.113598480821
-0.0681983008981
-0.0196725223213
0.024477833882
0.0606657415628
0.086891271174
0.101170733571
0.103562824428
0.0992284342647
0.0940362364054
0.093756519258
0.0982528552413
0.100725963712
0.094196639955
0.0723545402288
0.0358349345624
-0.0112139983103
-0.0646034404635
-0.119484551251
-0.169232353568
-0.206917002797
-0.225605994463
-0.222928211093
-0.202993452549
-0.170250937343
-0.129182174802
-0.0840724185109
-0.0390518344939
0.0017210181104
0.0345460101962
0.058067932725
0.071600921452
0.0745621174574
0.0683201178908
0.0581604614854
0.0497130043805
0.0484674945474
0.0550648123026
0.0656908527017
0.076479293406
0.0841570496559
0.0901727825403
0.0979243442416
0.110737256706
0.13094162941
0.157150223851
0.187332168221
0.219422876835
0.249982252717
0.273579210043
0.284747570753
0.278471767902
0.25758343935
0.230326145887
0.204945027828
0.187908694148
0.175909981132
0.162744790316
0.142173722386
0.110549688339
0.0709219425917
0.0272478163242
-0.0164815820754
-0.0545683726668
-0.0792334079742
-0.0827186182141
-0.0580991096795
-0.0104130916297
0.0479436405003
0.10463450104
0.148395135999
0.17410364747
0.17855630815
0.158625051379
0.114682689309
0.0554518811405
-0.00932846590877
-0.0698820501566
-0.119433529675
-0.154926940799
-0.173440471292
-0.172392398119
-0.153535366058
-0.121553309262
-0.0810714885592
-0.0365538597107
0.00883676111698
0.0523566789925
0.0912168771029
0.12352643162
0.149686336517
0.170480594039
0.186702460051
0.199184700847
0.208849579096
0.216614231467
0.223336428404
0.228409856558
0.229933202267
0.226011753082
0.215012326837
0.197961568832
0.177213847637
0.155070215464
0.133672654629
0.114368535578
0.0983966290951
0.0869026556611
0.0803094953299
0.0773081928492
0.0763597339392
0.0759236961603
0.0747582390904
0.0720478370786
0.0670017078519
0.0588213130832
0.0463059805334
0.0279392264783
0.00220387289301
-0.0319630950689
-0.0712066814303
-0.109749600291
-0.141882568598
-0.162662103772
-0.171597898006
-0.169518813491
-0.15743458271
-0.137594893575
-0.116343826056
-0.100732885301
-0.0978374183178
-0.110009618104
-0.130444228649
-0.151514455676
-0.165539175272
-0.167952314019
-0.158099427819
-0.135539293289
-0.10003375262
-0.0569068044424
-0.0159996654838
0.012834536843
0.020647669211
0.0087952632457
-0.0154729699716
-0.0449879951775
-0.0728373304009
-0.0942947566509
-0.105433635414
-0.102377034724
-0.0831186920404
-0.0535004101694
-0.0213092360646
0.00562215596437
0.0219230130315
0.0288802664727
0.028890652582
0.0243786126375
0.0175971277058
0.0104405386373
0.00474966038018
0.00236755935475
0.00350521993823
0.00606155861169
0.00782918557525
0.00661338679492
0.00211145076901
-0.00396819319576
-0.00987153220922
-0.0138569194824
-0.0147729935125
-0.011958219111
-0.00477537047118
0.00722606852651
0.0220610685647
0.0361935086548
0.046151176095
0.0487405471504
0.0433823317289
0.0307571925223
0.0115434341133
-0.0130522605032
-0.0386822111905
-0.0598330125213
-0.0710086226463
-0.0681431367993
-0.0539166219532
-0.032968647778
-0.00994039047509
0.0106911603361
0.0251430571079
0.0297471955419
0.0208683293313
-0.00284775858745
-0.0358230993152
-0.0712476670742
-0.102275006473
-0.124609723687
-0.140258133411
-0.15216204524
-0.163277000189
-0.17594589293
-0.191138729453
-0.209684401751
-0.232404753566
-0.257818192244
-0.28025084734
-0.293661236763
-0.291989147663
-0.272834032774
-0.239760622382
-0.19672049582
-0.14774928987
-0.0965391248465
-0.0462699569762
-7.04112462699e-05
0.03895868361
0.0694093331695
0.0921802669764
0.108263120055
0.118670716882
0.123567000031
0.122101373971
0.113406293094
0.0966184735298
0.0727080479264
0.0447954013944
0.0160442683846
-0.0103865712881
-0.031967241317
-0.0469780676067
-0.053725425154
-0.0505695976317
-0.039163287729
-0.0246536266059
-0.0122231086716
-0.00703847268596
-0.0112404450774
-0.0237483773381
-0.0433916822076
-0.0689599588513
-0.0973805859685
-0.123755030334
-0.143166348338
-0.15072260797
-0.145699396729
-0.131792977452
-0.112784951925
-0.0924757570028
-0.0736117362976
-0.057659342885
-0.0460766665637
-0.0402587875724
-0.039371624589
-0.0400292165577
-0.0388052910566
-0.0322595871985
-0.0200333874673
-0.00555977970362
0.00759645877406
0.0158576164395
0.017239747569
0.0119341732934
0.000236170890275
-0.0175397433341
-0.0394913293421
-0.0614616721869
-0.0791763663292
-0.0883261188865
-0.0873252227902
-0.078965395689
-0.0663402453065
-0.0525943823159
-0.0399997234344
-0.0292172133923
-0.020773049444
-0.015177170746
-0.0124570019543
-0.0116152185947
-0.0115428380668
-0.0111200744286
-0.00957551598549
-0.00699602346867
-0.00359542109072
0.000414854119299
0.00478085456416
0.00914012733847
0.0131034618244
0.0162886548787
0.0185496732593
0.0206153579056
0.023419925943
0.0278992466629
0.0349012315273
0.0448674932122
0.0581267476082
0.0749976858497
0.0953979194164
0.116669550538
0.135179579258
0.1473877877
0.150138437748
0.143864825368
0.130704715848
0.112763039768
0.0921701937914
0.071310788393
0.0527277775109
0.0389011465013
0.0322007201612
0.0318645946681
0.0347165614367
0.0376387685537
0.0375392846763
0.0348274596035
0.0334802269936
0.0374970659614
0.050937011838
0.0755513235927
0.109948642552
0.152601718903
0.201946243644
0.254514068365
0.303431451321
0.341497421265
0.36146107316
0.359282553196
0.338980287313
0.305779486895
0.264909267426
0.220736965537
0.174470812082
0.126791536808
0.0782689899206
0.0294233411551
-0.0195541996509
-0.0685521736741
-0.117379717529
-0.165650963783
-0.210028409958
-0.245681658387
-0.267918944359
-0.272294640541
-0.259775370359
-0.235346972942
-0.203968018293
-0.170573800802
-0.138011351228
-0.106825225055
-0.0774264335632
-0.050286360085
-0.0253783203661
-0.00205191923305
0.0203637592494
0.0426103062928
0.0646893531084
0.0848357528448
0.101044557989
0.111300252378
0.114149868488
0.110627412796
0.10233874619
0.0908808633685
0.0777499824762
0.0638112649322
0.0496473498642
0.0358435660601
0.0230069197714
0.0118807507679
0.0033202059567
-0.00183808873408
-0.00276198494248
0.000878221471794
0.00886551942676
0.0209602694958
0.0369331873953
0.0561130791903
0.0771609172225
0.0986245945096
0.119115807116
0.13715313375
0.15120485425
0.15960174799
0.160860776901
0.153747871518
0.138956174254
0.117852799594
0.0917822346091
0.0622034445405
0.0314127542078
0.00230952771381
-0.022282557562
-0.0395617261529
-0.0486502535641
-0.0506057068706
-0.0465220063925
-0.0375238992274
-0.0249857064337
-0.0107155144215
0.0034644883126
0.0157122947276
0.0246163383126
0.0300516169518
0.0321555733681
0.0310573577881
0.0269044470042
0.0200300272554
0.0108390962705
-0.000276362115983
-0.0129297887906
-0.0271274019033
-0.0431313067675
-0.0611845366657
-0.0815559998155
-0.103375636041
-0.124282367527
-0.141889542341
-0.153752237558
-0.158304229379
-0.156021460891
-0.147645547986
-0.133922889829
-0.115879409015
-0.0955441221595
-0.0753225833178
-0.0576122477651
-0.0446546375751
-0.036940831691
-0.0337518826127
-0.034407839179
-0.0382028706372
-0.0444438569248
-0.0524965412915
-0.0617106668651
-0.0714633613825
-0.0812230780721
-0.0907683447003
-0.0998406484723
-0.108258113265
-0.115817405283
-0.121954590082
-0.126004442573
-0.127299115062
-0.125179618597
-0.119112834334
-0.108688473701
-0.093502111733
-0.0731741413474
-0.0486952140927
-0.0230647344142
0.000660867837723
0.0193939376622
0.0311219654977
0.0370049364865
0.0387525856495
0.0380672998726
0.0365711897612
0.0353331938386
0.035167761147
0.0368631258607
0.041167806834
0.0469067692757
0.0511816367507
0.0511251650751
0.0437923707068
0.0283441282809
0.00801328662783
-0.0135739557445
-0.0327843539417
-0.0466624237597
-0.0551574677229
-0.0590924210846
-0.0592618882656
-0.0564935207367
-0.052088201046
-0.0476275980473
-0.0446514487267
-0.0447416938841
-0.0474411137402
-0.049403373152
-0.0471416786313
-0.0371048338711
-0.0169677473605
0.0116410972551
0.0463720262051
0.0847443342209
0.124300673604
0.161902368069
0.194084882736
0.217431008816
0.228545978665
0.226519778371
0.213379576802
0.191262975335
0.162326946855
0.128865227103
0.0934908688068
0.0589224770665
0.0279779899865
0.00311532849446
-0.015491116792
-0.0287813153118
-0.0376403406262
-0.0429741665721
-0.0455274693668
-0.0458331592381
-0.0444228462875
-0.0418249592185
-0.0384819991887
-0.0346021950245
-0.0303409118205
-0.0259045436978
-0.0216644704342
-0.0193542148918
-0.0213331505656
-0.0298791751266
-0.0472555607557
-0.0731918364763
-0.104660108685
-0.138648286462
-0.172018632293
-0.202068522573
-0.226713806391
-0.244133740664
-0.252567201853
-0.250532716513
-0.240041539073
-0.224770128727
-0.208316743374
-0.194320648909
-0.183432042599
-0.172820776701
-0.159573435783
-0.140697568655
-0.113979764283
-0.0794695615768
-0.0377101935446
0.0107817966491
0.0651061311364
0.120865851641
0.171699762344
0.211392730474
0.233638420701
0.236245930195
0.222576856613
0.196276262403
0.161028891802
0.120429292321
0.0787722468376
0.0405200310051
0.0100964885205
-0.00833372492343
-0.0148838339373
-0.0126481195912
-0.00466953869909
0.00593244610354
0.0164059381932
0.0247322712094
0.028957080096
0.0271572321653
0.0179394446313
0.00307336635888
-0.0145721798763
-0.0321694165468
-0.0469136796892
-0.0573361553252
-0.0632482692599
-0.0644946694374
-0.060924269259
-0.0530717149377
-0.0430762581527
-0.0332913771272
-0.0261409766972
-0.0236520767212
-0.0247117262334
-0.0266641452909
-0.0269452780485
-0.022944489494
-0.0135817676783
0.000196319248062
0.0173528920859
0.036856546998
0.0574004091322
0.0768171623349
0.0925585255027
0.102134756744
0.103190623224
0.096658244729
0.0859181284904
0.0742793083191
0.0651572048664
0.0606723427773
0.0603245384991
0.0632242262363
0.0686458870769
0.0758042186499
0.0834634900093
0.0902281999588
0.0947328358889
0.0956118106842
0.0928435772657
0.0879809707403
0.0826173722744
0.0783888250589
0.0763601884246
0.0761955603957
0.0772069692612
0.0786750987172
0.0799059569836
0.0807348564267
0.0813881903887
0.0820912793279
0.0830748602748
0.0847289934754
0.0877441614866
0.0927124470472
0.100458808243
0.111537709832
0.124775931239
0.138272613287
0.150182306767
0.158620730042
0.162335842848
0.160857886076
0.15377369523
0.140646964312
0.121364794672
0.0980974659324
0.0734131410718
0.0498693324625
0.0300062242895
0.0150696467608
0.00519566703588
0.000519347027875
0.00115780415945
0.00666500255466
0.0153300985694
0.0252902917564
0.0347302369773
0.0418734438717
0.0458548292518
0.0463116578758
0.0428770966828
0.035201087594
0.0233469456434
0.00798226799816
-0.010192675516
-0.0304913092405
-0.0521612688899
-0.0733837112784
-0.0920009613037
-0.105905480683
-0.112964943051
-0.112653724849
-0.106115929782
-0.0945264697075
-0.0790766179562
-0.0611915513873
-0.0432705655694
-0.0280504059047
-0.0182229951024
-0.0163245163858
-0.0221718847752
-0.0336155667901
-0.0485371127725
-0.0647809654474
-0.0805414840579
-0.0948543325067
-0.106766521931
-0.115531571209
-0.120379731059
-0.121781565249
-0.120834581554
-0.118612393737
-0.116230741143
-0.114377826452
-0.113093212247
-0.112372078001
-0.1120133847
-0.112155742943
-0.113016039133
-0.114830240607
-0.117819488049
-0.12220672518
-0.127653539181
-0.133233398199
-0.138025417924
-0.14110147953
-0.141547247767
-0.139084398746
-0.133529037237
-0.124611407518
-0.112087115645
-0.0960437431931
-0.0768323987722
-0.0548167563975
-0.0303545892239
-0.00398144917563
0.0234125740826
0.0508897043765
0.0775259882212
0.102245740592
0.123623296618
0.140021935105
0.149860978127
0.15155108273
0.14466522634
0.130718335509
0.111283421516
0.0879020169377
0.0621818266809
0.035418190062
0.00890027172863
-0.0161221008748
-0.0383632928133
-0.057577688247
-0.074833907187
-0.0912448838353
-0.107935801148
-0.125616699457
-0.143178269267
-0.158794730902
-0.17067591846
-0.177046909928
-0.177419990301
-0.172551974654
-0.163224413991
-0.150251626968
-0.134609878063
-0.118034474552
-0.102744057775
-0.0907570794225
-0.0840050205588
-0.0822366923094
-0.0836231932044
-0.0863791257143
-0.0886588320136
-0.0891977325082
-0.0879826247692
-0.0851535648108
-0.0809822231531
-0.075672544539
-0.0698754414916
-0.0644729882479
-0.0603239536285
-0.0583236739039
-0.0585294887424
-0.0596144497395
-0.060110501945
-0.0585453025997
-0.0535980537534
-0.0444827862084
-0.0306885819882
-0.0117408018559
0.0128020532429
0.0415521636605
0.0707753300667
0.0966851636767
0.115481324494
0.124228060246
0.123774595559
0.116005726159
0.102820068598
0.0861491262913
0.0689811632037
0.0551593378186
0.0485161691904
0.052931305021
0.0705516934395
0.0986239984632
0.1336145401
0.171770200133
0.209364116192
0.243829235435
0.273595094681
0.297070294619
0.312741726637
0.31967779994
0.317976206541
0.307919949293
0.290024012327
0.264571100473
0.232233583927
0.193944483995
0.150695472956
0.103484705091
0.0538743212819
0.004354855977
-0.0425853691995
-0.0845551416278
-0.119117900729
-0.144952252507
-0.161167606711
-0.166890397668
-0.161292999983
-0.14533482492
-0.122193858027
-0.0951615720987
-0.0674067288637
-0.0417440496385
-0.0197536405176
-0.00256373477168
0.00870379153639
0.0129533233121
0.0110616777092
0.0057914047502
-9.32885304792e-05
-0.00376295950264
-0.00317795597948
0.00137538835406
0.00919808261096
0.0195511225611
0.0316787995398
0.044287212193
0.0557392761111
0.0644304305315
0.0687379688025
0.0677266567945
0.0619344227016
0.0520460829139
0.0387708842754
0.0228922702372
0.00593937654048
-0.0101180840284
-0.0233859140426
-0.0319027714431
-0.0350131243467
-0.0341371260583
-0.0308455321938
-0.0266849119216
-0.0231097228825
-0.0208792127669
-0.0204830747098
-0.0223983451724
-0.0271022953093
-0.0338772982359
-0.0406669676304
-0.0453670695424
-0.0458398163319
-0.0407716706395
-0.0321987047791
-0.023022795096
-0.016079235822
-0.014131677337
-0.0174270197749
-0.0240347553045
-0.0320311971009
-0.0394592359662
-0.0444493480027
-0.0453951172531
-0.0406706035137
-0.0286491382867
-0.00800949707627
0.0186498444527
0.0464573204517
0.0706197693944
0.0862473472953
0.0906008630991
0.0847349688411
0.0700218528509
0.0477906502783
0.0194749683142
-0.0126249240711
-0.0457029342651
-0.0770524218678
-0.103870153427
-0.124850869179
-0.140409901738
-0.151039794087
-0.157317399979
-0.159400507808
-0.157092913985
-0.149787709117
-0.136897325516
-0.11789534241
-0.0931723564863
-0.0638856366277
-0.0311795771122
0.00377577519976
0.039587367326
0.0742694586515
0.105744726956
0.131981059909
0.151003956795
0.162798628211
0.168393984437
0.16881339252
0.165131852031
0.158370241523
0.149424567819
0.139173448086
0.128308102489
0.117531269789
0.106418669224
0.0941338464618
0.079884596169
0.0629201605916
0.0436703376472
0.0237091425806
0.00459080096334
-0.0120955808088
-0.0253869555891
-0.0359175540507
-0.0446198731661
-0.0523964092135
-0.0602045208216
-0.0694410130382
-0.0817604064941
-0.0987393409014
-0.122036829591
-0.15106216073
-0.18181116879
-0.210083216429
-0.231428816915
-0.242573544383
-0.244265660644
-0.23849684
-0.227218315005
-0.21243467927
-0.196372956038
-0.181414410472
-0.16987504065
-0.164181604981
-0.164893358946
-0.168143317103
-0.169387668371
-0.164326921105
-0.148987740278
-0.123806878924
-0.0913745984435
-0.0542705506086
-0.0151190804318
0.0231557264924
0.0572039745748
0.0837982818484
0.0996428653598
0.102683901787
0.0950674712658
0.0798734128475
0.0601651184261
0.0389745570719
0.0188129525632
0.00178445759229
-0.0100077260286
-0.0144516071305
-0.0109497345984
-0.00130189210176
0.0125154796988
0.0284904185683
0.0449144020677
0.0612081289291
0.0770447701216
0.0920948311687
0.106013678014
0.118662185967
0.130021557212
0.140078276396
0.148847654462
0.15566521883
0.158664554358
0.155839055777
0.145026624203
0.124988049269
0.0979570224881
0.0673758387566
0.036631770432
0.00914270244539
-0.0126498406753
-0.0271057840437
-0.0326219201088
-0.0275707617402
-0.0123917758465
0.0087543418631
0.031341675669
0.050828628242
0.0635165721178
0.0694483891129
0.0698484927416
0.0659016594291
0.058819975704
0.0499919019639
0.0409128330648
0.0330481864512
0.0279046483338
0.0256964210421
0.0245668999851
0.0225101727992
0.0174764618278
0.00804908294231
-0.00485855061561
-0.019724695012
-0.0350388027728
-0.0493201687932
-0.0613298416138
-0.0700300112367
-0.0743943303823
-0.0733995139599
-0.06736792624
-0.0582762509584
-0.0481403842568
-0.0390476733446
-0.0324113368988
-0.0279793217778
-0.0251885931939
-0.0235621053725
-0.0224852003157
-0.0207095965743
-0.0167346261442
-0.00910485163331
0.00356748979539
0.0203995630145
0.038660954684
0.0556379146874
0.0685735344887
0.0759087651968
0.0780461728573
0.0755324885249
0.0689254850149
0.0592136047781
0.0487835668027
0.0404760427773
0.0370587520301
0.0407953187823
0.0498649589717
0.0606025196612
0.0693835094571
0.0726048052311
0.0680082216859
0.0545603595674
0.0312604010105
-0.00293849851005
-0.0465125776827
-0.0942127406597
-0.140456497669
-0.179577305913
-0.207372441888
-0.223687618971
-0.229079529643
-0.224239751697
-0.210019558668
-0.188966929913
-0.16424690187
-0.138994440436
-0.11619605124
-0.0960869938135
-0.0770326778293
-0.0574870631099
-0.0358469486237
-0.0118536185473
0.0132262771949
0.0380780994892
0.0613932497799
0.0821053758264
0.0997548028827
0.113897293806
0.124116234481
0.130241557956
0.132882237434
0.13289937377
0.13116197288
0.128172978759
0.122461050749
0.111819654703
0.0940812155604
0.0673764646053
0.0333552286029
-0.00421760231256
-0.0416132993996
-0.0750796571374
-0.101566180587
-0.118710957468
-0.12422157824
-0.115760304034
-0.0942939296365
-0.0653023272753
-0.0344267226756
-0.00748108513653
0.0117578878999
0.0235272254795
0.0285363812
0.0275104120374
0.021542513743
0.0128769036382
0.00397238275036
-0.00270091206767
-0.00531502533704
-0.00509775662795
-0.0041841249913
-0.00469116540626
-0.00842637103051
-0.0149011779577
-0.0226466227323
-0.0302145443857
-0.0361824817955
-0.0395699478686
-0.0396623983979
-0.0357723683119
-0.027301941067
-0.015836128965
-0.00465623149648
0.00300259981304
0.00390306254849
-0.00288409739733
-0.0159644410014
-0.0338725447655
-0.0551402755082
-0.0770367905498
-0.0953214615583
-0.105742312968
-0.103950500488
-0.088529907167
-0.0626324191689
-0.0297166705132
0.0066985078156
0.0431410297751
0.0761863589287
0.102487191558
0.118593506515
0.123100325465
0.119099959731
0.110276646912
0.100353375077
0.0920695737004
0.0854547992349
0.0801245123148
0.0756787285209
0.071640715003
0.067271836102
0.0617906525731
0.0544050559402
0.0448727346957
0.0348046049476
0.0262230709195
0.021145015955
0.020979994908
0.024831391871
0.031270287931
0.0388619787991
0.0461492836475
0.0515739396214
0.0535625815392
0.0505272857845
0.0416162647307
0.0289272721857
0.0153292650357
0.00367514952086
-0.00360263325274
-0.00588492676616
-0.00300453836098
0.00520553486422
0.0182360783219
0.0329368188977
0.0454797931015
0.0520460344851
0.0497665479779
0.0394148416817
0.022607402876
0.00096934242174
-0.0235883388668
-0.0481950677931
-0.0697726532817
-0.0852223560214
-0.092588968575
-0.0934726968408
-0.0901474431157
-0.0849161595106
-0.0794015303254
-0.0733670070767
-0.066265694797
-0.0575352236629
-0.0468025244772
-0.03411315009
-0.0195785276592
-0.00329402834177
0.0137299550697
0.0287120454013
0.0386796221137
0.0406194142997
0.0335785336792
0.020141871646
0.00315365684219
-0.0144841652364
-0.0302925501019
-0.0424416214228
-0.0491402633488
-0.0486064851284
-0.0411383397877
-0.0294137950987
-0.0161885693669
-0.00419855397195
0.00495497137308
0.0107821393758
0.012804986909
0.0106376521289
0.00537446793169
-0.000804667710327
-0.00573027366772
-0.00741575239226
-0.00614276248962
-0.00348875671625
-0.00101705850102
-0.000229199053138
-0.00202639191411
-0.00704777287319
-0.0159382168204
-0.0289658177644
-0.0445296578109
-0.06041777879
-0.0744246393442
-0.0850564464927
-0.0934044867754
-0.101104974747
-0.109814956784
-0.1203225106
-0.13120020926
-0.140673771501
-0.146965578198
-0.148362055421
-0.143277153373
-0.130161553621
-0.107449054718
-0.0760671198368
-0.0400215126574
-0.0035184698645
0.0292981881648
0.0560350120068
0.0759752690792
0.0884170904756
0.0928229168057
0.0907408893108
0.0850585028529
0.0786426737905
0.0740246251225
0.0709238871932
0.0678347721696
0.0632606521249
0.0560152381659
0.0463730841875
0.0350855477154
0.0228818971664
0.0108771743253
0.00130620889831
-0.00339374574833
-0.000769841019064
0.00976228807122
0.0251482501626
0.0419709980488
0.0567996315658
0.0676503330469
0.0744036436081
0.0770330280066
0.0755362212658
0.0703535526991
0.0623001791537
0.0521930754185
0.0408230274916
0.0287129301578
0.0162195265293
0.00372167327441
-0.00835553463548
-0.0190973393619
-0.0274554826319
-0.0323582068086
-0.0331724472344
-0.0307403523475
-0.0262162256986
-0.0207612793893
-0.0151387574151
-0.00923462770879
-0.00283576641232
0.00427958602086
0.0118387909606
0.0189175643027
0.0245555881411
0.0278104878962
0.0286084786057
0.027628429234
0.0255582947284
0.0230866670609
0.0208030566573
0.0192455761135
0.0189506784081
0.0203741155565
0.023506321013
0.0281535722315
0.0341455340385
0.0413514040411
0.0497485585511
0.0593351721764
0.0701205357909
0.0814800485969
0.0915957912803
0.0985221266747
0.100321941078
0.0964812338352
0.0882326737046
0.0768737643957
0.063703648746
0.049777623266
0.0359800867736
0.0231631267816
0.0120752071962
0.00229876488447
-0.00710499193519
-0.0170866847038
-0.0283274296671
-0.0402732975781
-0.0520770996809
-0.0628952309489
-0.0717962905765
-0.0776713863015
-0.0793968364596
-0.0758355259895
-0.0667167082429
-0.0531622804701
-0.0364095978439
-0.0177181363106
0.00127509364393
0.0184978563339
0.0319078117609
0.0395756550133
0.0414145924151
0.0385304875672
0.0320206172764
0.0229809228331
0.0124543020502
0.00144011154771
-0.00903935357928
-0.0184212885797
-0.0278438478708
-0.0388455167413
-0.0529694892466
-0.0709773600101
-0.091864362359
-0.114438161254
-0.137456819415
-0.158780038357
-0.174987122416
-0.18261949718
-0.178344979882
-0.162906587124
-0.140629991889
-0.115866303444
-0.0927986502647
-0.0732143372297
-0.057578779757
-0.0463530085981
-0.039534214884
-0.0344395041466
-0.0274928864092
-0.0151366237551
0.00459688296542
0.0283612199128
0.0517244450748
0.0702184513211
0.0810782834888
0.0850426629186
0.0832378938794
0.0768121778965
0.0672730132937
0.0565992370248
0.0467657037079
0.0396931543946
0.0353528931737
0.0320123173296
0.0279433894902
0.0215971563011
0.0137860979885
0.0066786184907
0.00241530081257
0.00275525148027
0.00699197594076
0.013496353291
0.0206438228488
0.0267550405115
0.0299588534981
0.0283369589597
0.0199682787061
0.00427421601489
-0.0160486735404
-0.0378754325211
-0.0580765493214
-0.0745857805014
-0.0870868563652
-0.0954051688313
-0.0993893668056
-0.0996431559324
-0.0976060256362
-0.0947272703052
-0.0923853963614
-0.0903027355671
-0.0869257375598
-0.0807092785835
-0.0702591538429
-0.0559413991868
-0.0390315018594
-0.0208437908441
-0.00276832096279
0.0130695458502
0.0243028011173
0.0285639632493
0.0243731494993
0.013859514147
5.49266624148e-05
-0.013999754563
-0.0257030967623
-0.0337772890925
-0.0371552035213
-0.0347724221647
-0.0265890695155
-0.0146471336484
-0.00119231198914
0.0115043194965
0.0221036169678
0.0306675434113
0.0373469479382
0.0422953106463
0.0457121133804
0.0478243529797
0.0488584972918
0.0490396171808
0.0484571158886
0.0470843464136
0.0448947176337
0.0418678745627
0.0381028950214
0.0337852537632
0.0290994681418
0.024242060259
0.0195378214121
0.0153773967177
0.012155036442
0.0102433301508
0.00991148035973
0.0113792708144
0.0148624153808
0.0204200837761
0.0272269174457
0.0341625586152
0.0401026010513
0.0440891608596
0.0458494573832
0.0452892780304
0.0423380360007
0.03699574247
0.029572095722
0.0204437598586
0.00998592376709
-0.00133214890957
-0.0127520337701
-0.0234640855342
-0.032662525773
-0.0396718196571
-0.0442110598087
-0.046049438417
-0.0449591353536
-0.0411503352225
-0.0358615107834
-0.0304567795247
-0.026320265606
-0.0241510942578
-0.0232258848846
-0.0226643849164
-0.021574255079
-0.01925955154
-0.0154139176011
-0.00977151468396
-0.00206971890293
0.00722209410742
0.0162754505873
0.0231608524919
0.0259187500924
0.023790160194
0.0180888324976
0.0102818207815
0.00187287048902
-0.00582914380357
-0.0118320388719
-0.0151683026925
-0.0148715460673
-0.0107347853482
-0.00382373388857
0.0047145835124
0.0137127460912
0.022169534117
0.0293480586261
0.0345398895442
0.0370430909097
0.03662449494
0.0338723473251
0.0294390562922
0.0239776130766
0.0183685850352
0.0138575816527
0.0117203099653
0.0132456198335
0.0188103523105
0.0271133091301
0.0367108806968
0.0461343415082
0.0541784875095
0.0601555556059
0.063425809145
0.0633533746004
0.0597028657794
0.053093533963
0.0442417897284
0.0338629558682
0.0226799324155
0.0114066638052
0.000749756232835
-0.00857876334339
-0.015863083303
-0.020415911451
-0.0215421058238
-0.0185420196503
-0.011226513423
-0.000894265482202
0.01087988168
0.0225229673088
0.0325390584767
0.0396564975381
0.0426510311663
0.0403057485819
0.0319380015135
0.0190417431295
0.00365013047121
-0.01219670102
-0.0266135521233
-0.0383616797626
-0.0464134961367
-0.0497506149113
-0.0476817451417
-0.0415585972369
-0.0334772840142
-0.0254960767925
-0.0194685421884
-0.0154660344124
-0.0127888517454
-0.0107588032261
-0.00875160004944
-0.00678397202864
-0.00521689839661
-0.00440496671945
-0.00471255974844
-0.00658293720335
-0.0105051668361
-0.0169451273978
-0.0263152886182
-0.0374841839075
-0.0480962134898
-0.055834505707
-0.0583930686116
-0.0553023479879
-0.0478929504752
-0.037523329258
-0.0255648102611
-0.0132359303534
-0.00152268842794
0.00860059261322
0.0161487292498
0.0210406500846
0.0245485529304
0.0280267745256
0.0328571610153
0.0396125353873
0.0472960025072
0.0547511056066
0.0608033463359
0.0643984153867
0.0647602826357
0.0611607134342
0.0528669059277
0.0396979525685
0.0232986882329
0.00573008600622
-0.0109625514597
-0.0249494872987
-0.0354554802179
-0.041980035603
-0.0440416075289
-0.0413431562483
-0.0348551161587
-0.0260439123958
-0.0163638908416
-0.0071774860844
0.000958027841989
0.00793653260916
0.0136394603178
0.0179756060243
0.021133415401
0.0235031656921
0.0254613030702
0.0273753739893
0.0289740897715
0.0294053200632
0.0278172735125
0.0233500804752
0.0155622297898
0.00452334387228
-0.00967091601342
-0.0269280355424
-0.0465280041099
-0.0667326301336
-0.0857244431973
-0.101688839495
-0.113227657974
-0.119895353913
-0.121364839375
-0.117310136557
-0.107907116413
-0.0949207618833
-0.0803966522217
-0.0663639456034
-0.0545288398862
-0.0447670705616
-0.0364459566772
-0.0289552565664
-0.0217093843967
-0.0142815411091
-0.0063295615837
0.00249603786506
0.0124369515106
0.0227321498096
0.0320622324944
0.039137147367
0.0427290797234
0.0431282743812
0.0417640917003
0.0400468856096
0.03938722983
0.0402879118919
0.0423110537231
0.0450075604022
0.0479123033583
0.0505802258849
0.0526097267866
0.0535994693637
0.0531458258629
0.0511380583048
0.0480224005878
0.0442919246852
0.0404578819871
0.0367043986917
0.0323830768466
0.0267130527645
0.0188963711262
0.00856054294854
-0.00308850547299
-0.014483820647
-0.0240458734334
-0.0304209869355
-0.0334904827178
-0.0335647799075
-0.0309501849115
-0.0260107293725
-0.0196592453867
-0.0130602465943
-0.00736439647153
-0.00368881877512
-0.0024096572306
-0.00341821624897
-0.00660217925906
-0.0118298782036
-0.0184309333563
-0.0252587534487
-0.0311705321074
-0.0350082442164
-0.0359038040042
-0.0333356000483
-0.0268074050546
-0.0158127397299
-0.00082015467342
0.0161379575729
0.0328957401216
0.0472881235182
0.0578484274447
0.0647187232971
0.0682373940945
0.0687527507544
0.0666393339634
0.0623647384346
0.056413859129
0.0492521561682
0.0413398034871
0.0329708941281
0.0243756305426
0.0157937612385
0.00748927798122
-0.000196028035134
-0.00687135895714
-0.0121529791504
-0.0156858321279
-0.0173964258283
-0.0173524003476
-0.0156262982637
-0.0123175540939
-0.00799077749252
-0.00351494550705
0.000254012440564
0.00247774482705
0.00304860016331
0.00250363093801
0.00138335558586
0.000238893509959
-0.000232522841543
0.00081391306594
0.00421560183167
0.0108220791444
0.0203190073371
0.0307076759636
0.0399092920125
0.0458066649735
0.0473428890109
0.0454199500382
0.0411260873079
0.0355680175126
0.0295607410371
0.023224754259
0.0165728311986
0.00962007045746
0.00233702291735
-0.0054576145485
-0.0139789944515
-0.0234359968454
-0.0337450578809
-0.0436617955565
-0.0516618564725
-0.0561985783279
-0.0561431050301
-0.0524894334376
-0.0469164475799
-0.0410911925137
-0.0365481339395
-0.0338288620114
-0.0330841168761
-0.0344566367567
-0.0379669740796
-0.042445410043
-0.0461347438395
-0.0473034232855
-0.0443218387663
-0.037020906806
-0.0261301565915
-0.0123742194846
0.00348050449975
0.0200039874762
0.0352848879993
0.0474207997322
0.054584030062
0.0566402301192
0.0549412816763
0.0508341602981
0.0456747859716
0.0403087101877
0.0350483320653
0.0302006863058
0.0260629281402
0.0226974803954
0.0199055206031
0.0174814108759
0.0152137922123
0.0132086127996
0.0119878007099
0.0120873842388
0.0140551924706
0.0176852531731
0.0216124020517
0.0244058854878
0.0246087573469
0.0216566305608
0.0165545716882
0.0104407984763
0.00447196420282
-0.000441024138127
-0.00387391028926
-0.00545834843069
-0.00482058897614
-0.00208334135823
0.00152625655755
0.00464010285214
0.00587971741334
0.0043533439748
0.000406797975302
-0.0054359366186
-0.0126363029703
-0.0205605886877
-0.0282701030374
-0.0347706377506
-0.03906596452
-0.0405216217041
-0.0396149866283
-0.0370343849063
-0.0334705337882
-0.0296343192458
-0.026290487498
-0.0242153014988
-0.0241909511387
-0.026619264856
-0.0305046346039
-0.0345225818455
-0.0373470410705
-0.0379735715687
-0.0366898849607
-0.0341076217592
-0.0308417081833
-0.0274524781853
-0.0242907889187
-0.0216520875692
-0.0198292117566
-0.0189329218119
-0.0182285737246
-0.0167370755225
-0.0134813915938
-0.0077673108317
-0.000286007969407
0.00784915406257
0.0155355921015
0.021880865097
0.0271391272545
0.0319230034947
0.0368408374488
0.0422807298601
0.0474379733205
0.0511057861149
0.0520880967379
0.04936112836
0.042891625315
0.0329826213419
0.0199306253344
0.00425125099719
-0.0123626878485
-0.0277809239924
-0.0399212501943
-0.0469551421702
-0.048815317452
-0.0460334159434
-0.0391382277012
-0.0286544039845
-0.0151171032339
0.000941659673117
0.0189963262528
0.0383857674897
0.0577612444758
0.0755373314023
0.0901099070907
0.100114785135
0.105342559516
0.106026537716
0.102389506996
0.0948235616088
0.0846564397216
0.073549695313
0.0631482601166
0.0548586919904
0.0486544780433
0.0440438725054
0.0405355468392
0.0377055481076
0.0354778021574
0.0338914059103
0.0329824723303
0.0326849855483
0.032398942858
0.0313563719392
0.0287908315659
0.0240748170763
0.0172525104135
0.00857848860323
-0.00169406656642
-0.0131223695353
-0.0243941135705
-0.0339337289333
-0.0401745177805
-0.0419254302979
-0.0396240539849
-0.0341534689069
-0.0263955611736
-0.0171846561134
-0.00719192670658
0.00295817200094
0.012646839954
0.0213550440967
0.0290121007711
0.0356375277042
0.0412466414273
0.0458585806191
0.0494564697146
0.0520153455436
0.0535160973668
0.0539101287723
0.0530688799918
0.0508467070758
0.0470976866782
0.0418284907937
0.0354923121631
0.0286174789071
0.0217407587916
0.0154511909932
0.0104810539633
0.00758228590712
0.00751904863864
0.0105387689546
0.0156507622451
0.0216895975173
0.027480410412
0.0320361480117
0.0347870737314
0.0352115482092
0.0327878072858
0.0274460669607
0.0200230125338
0.0114335007966
0.00261146621779
-0.00564146507531
-0.0127397030592
-0.018133867532
-0.0212625302374
-0.0219764988869
-0.0207716803998
-0.018188148737
-0.0147730764002
-0.0111429598182
-0.0080140940845
-0.00609836354852
-0.00611243210733
-0.00836210232228
-0.0126438010484
-0.0187305137515
-0.0263905227184
-0.0353617928922
-0.0453536324203
-0.0560554638505
-0.0671657398343
-0.0778824239969
-0.0869219750166
-0.093021504581
-0.0949345231056
-0.0924766585231
-0.0863660871983
-0.0773241296411
-0.0661008507013
-0.0537133663893
-0.0413652695715
-0.0302695147693
-0.021559106186
-0.015468521975
-0.0116403587162
-0.0097255827859
-0.00942266918719
-0.01099807024
-0.0150328865275
-0.022096414119
-0.0325585082173
-0.0451240874827
-0.0576919317245
-0.0681844130158
-0.0747661292553
-0.0772865414619
-0.0762787014246
-0.0722695812583
-0.0658600330353
-0.0580410547554
-0.0499446988106
-0.0426847822964
-0.0370821096003
-0.0325885154307
-0.028279600665
-0.0232414584607
-0.0169273857027
-0.0101451054215
-0.00401716586202
0.000339177262504
0.00228842440993
0.00266790646128
0.00257353438064
0.003112136852
0.00514938542619
0.00894938409328
0.0146893691272
0.0225500799716
0.0320931188762
0.0416413173079
0.0493830516934
0.0534923374653
0.0532635077834
0.0498629249632
0.044600803405
0.0387965403497
0.0333647802472
0.0286371596158
0.024910023436
0.0224746633321
0.0210572592914
0.01975700818
0.0176614653319
0.0138754304498
0.00847356021404
0.00245184986852
-0.00319780432619
-0.00749741587788
-0.0101782735437
-0.0115165729076
-0.0117954974994
-0.0113196400926
-0.0106695210561
-0.0105943204835
-0.0118323387578
-0.014979259111
-0.0192226096988
-0.0230304971337
-0.0248891357332
-0.0235072094947
-0.0192072615027
-0.012964785099
-0.00575639074668
0.00154127343558
0.00851825065911
0.0149228889495
0.0205065011978
0.0251916013658
0.0296868700534
0.0348782539368
0.0416583269835
0.0503691211343
0.0596412047744
0.0677862688899
0.0731034353375
0.0745966956019
0.0730137228966
0.0693415924907
0.0645776242018
0.0597276575863
0.0558145456016
0.0538481250405
0.054848972708
0.0589053072035
0.064697816968
0.070823341608
0.075871437788
0.0788648277521
0.0793719217181
0.07698033005
0.0712979584932
0.0625324547291
0.0514550581574
0.0388626344502
0.0255405642092
0.0124068791047
0.000454408989754
-0.00933390762657
-0.016070690006
-0.0201111566275
-0.0225418861955
-0.0244345664978
-0.0267594158649
-0.0295452680439
-0.0323891416192
-0.0348901972175
-0.0365751646459
-0.0365545265377
-0.0337963663042
-0.0272715110332
-0.0164851043373
-0.00321752205491
0.0101522859186
0.0212442968041
0.028353953734
0.0319331660867
0.0328454375267
0.031968511641
0.0300849955529
0.0277443751693
0.0254611317068
0.0237534381449
0.0225527193397
0.0207198411226
0.0170317497104
0.0102487755939
0.000495391781442
-0.0101792458445
-0.0196498632431
-0.0257754027843
-0.02773530595
-0.0261548478156
-0.0217051692307
-0.0150824049488
-0.00751955574378
-0.000686700164806
0.00376515812241
0.00426885252818
0.000771209714003
-0.00580336991698
-0.0145386401564
-0.0244789067656
-0.0344998911023
-0.0433717146516
-0.0498867630959
-0.052974678576
-0.0525247193873
-0.0487787947059
-0.0419774837792
-0.0324994437397
-0.0213166475296
-0.00958280265331
0.00156429153867
0.0112849622965
0.0197292920202
0.0272494480014
0.034191839397
0.0406243614852
0.0459471344948
0.0494747795165
0.0505144037306
0.0487761870027
0.0446832850575
0.0387257300317
0.0313899442554
0.0233116503805
0.0152882887051
0.00812921207398
0.00262430007569
-0.00138814782258
-0.00503440480679
-0.009446923621
-0.0157093536109
-0.0237175803632
-0.0324505530298
-0.0408934913576
-0.0480589196086
-0.0535419099033
-0.0572574697435
-0.0591307729483
-0.059171076864
-0.0580671057105
-0.0567962862551
-0.0563282966614
-0.0574522018433
-0.0600060857832
-0.0635154992342
-0.0674994513392
-0.0714094936848
-0.0742720216513
-0.0750231966376
-0.0725991651416
-0.0664023756981
-0.0570803508162
-0.0454756580293
-0.0324181690812
-0.018923599273
-0.00632071821019
0.00403373641893
0.0107931345701
0.0136150121689
0.0136292641982
0.0120443180203
0.010074628517
0.0085674058646
0.00796116515994
0.00868329685181
0.0111501608044
0.0155347483233
0.0218230430037
0.0299856681377
0.0399611666799
0.051084689796
0.0623586140573
0.0727653950453
0.0812858268619
0.0867317691445
0.0878557041287
0.0834228470922
0.0726234838367
0.0569575354457
0.0386647097766
