0.00922190211713
0.00576368859038
0.00576333561912
0.00518885301426
0.00346597563475
0.000578674313147
0.00229434901848
0.00288621755317
0.00230786344036
0.00119394517969
-0.00285324873403
-0.0023172267247
-0.00396696431562
-0.00579617358744
-0.00186478625983
0.00111835659482
0.00220971601084
0.00566343823448
0.00582504970953
0.00514737982303
0.00533768674359
0.000791629368905
0.000943860330153
0.00297405407764
0.000109892702312
0.00109346851241
-0.000375064555556
-0.00075543532148
0.000714418245479
-0.00216117827222
-0.000776410743129
-0.00145407044329
-0.0020261593163
0.0012956620194
0.00200577871874
-0.000220474743401
-0.000977580668405
0.00247475528158
0.00219564791769
0.000247076852247
-0.000888911017682
-0.00212058681063
-0.00240821600892
-0.00242016394623
-0.00494469003752
-0.00319901574403
0.00176413950976
-0.00124723196495
0.00131833925843
0.00314092589542
-0.00194257637486
6.13842639723e-05
-0.00253541092388
-0.00540116149932
-0.000902555475477
-0.00343343568966
-0.00495458906516
-0.00149040098768
-0.00159648864064
0.00136211176869
0.00247626914643
0.000600360450335
0.00627282308415
0.007902902551
0.00273227971047
0.00362680898979
0.00546673545614
0.00372779020108
0.00213002436794
0.00188291270752
0.00092089799
0.000162991549587
0.00153957272414
-0.00105239427648
-0.00396739738062
-0.00316870072857
-0.00396740576252
-0.00565610872582
-0.00419472437352
-0.00106886995491
-0.00155200075824
-0.00221859035082
0.00035715510603
0.00346836470999
0.000880777719431
-0.00260350876488
0.00260871648788
0.000669954926707
-0.00363584188744
-0.00227200752124
-0.00429621245712
-0.0038011323195
-0.00301280640997
-0.0045953001827
-0.00206412281841
-0.0012151178671
-0.00230136117898
-0.000479800917674
0.000546423427295
-0.000567009148654
0.00344035075977
-0.000382874452043
-0.00362336100079
0.00371404457837
0.00368306110613
0.00227684807032
0.00244918651879
0.000638960278593
0.00208670087159
0.000120372729725
-0.0105744684115
-0.01478157565
-0.0112341996282
-0.00515040149912
0.0114197321236
0.0160742904991
0.0126565340906
0.0129565605894
0.00217909831554
-0.0101411892101
-0.017115868628
-0.0158694237471
-0.0105730043724
-0.0125718256459
-0.0133536271751
-0.00866366643459
-0.0122185116634
-0.0180841628462
-0.0134288854897
-0.00616271328181
0.000110315726488
0.00269405916333
0.00263001886196
0.00387653871439
0.000361361628165
-0.00508078373969
-0.0112675521523
-0.0097969295457
0.00151842623018
0.000439581752289
-0.00356102990918
-0.0019144724356
-0.00789948925376
-0.0149565581232
-0.0210701543838
-0.0158644560724
-0.000334939511959
-0.00116922950838
-0.0055046165362
-0.00274120783433
-0.0055388379842
-0.0135214067996
-0.0134523054585
-0.00397500535473
-0.000735587265808
-0.000181160081411
-0.00112637877464
-0.000549470016267
-0.00389570975676
-0.00556138437241
0.00247395737097
0.00135871593375
0.00146295304876
0.00418916624039
0.00409429101273
0.00518796080723
0.00467192661017
0.00710468692705
0.0087254839018
0.00784789398313
0.00335458293557
0.00534196291119
0.00745200319216
0.00275764474645
-0.00175441999454
-0.00172397657298
-3.70193697563e-06
0.00110656837933
0.00461801048368
0.00122034747619
0.00223206565715
0.00084591837367
-0.00567263923585
-0.00350441015325
-0.00669609382749
-0.00654582958668
-0.00359853706323
-0.00241670501418
-0.000633336778264
-0.00201654527336
-0.00495855649933
-0.00585715519264
-0.00545629812405
-0.0114345252514
-0.0154613079503
-0.0140945818275
-0.000399971526349
0.0264721363783
0.0501525998116
0.0545544065535
0.0403003320098
0.0143574364483
-0.0148990247399
-0.0287734791636
-0.0270124077797
-0.00552415987477
0.0239495709538
0.0243006870151
0.0175058618188
0.0047400277108
-0.0240826811641
-0.0236486438662
-0.00998741388321
-0.0152285117656
-0.00609933258966
0.0108444169164
0.00972966756672
0.0152744166553
0.00430664047599
-0.0198568738997
-0.0119285294786
-0.00708385556936
-0.00900498125702
-0.00271580321714
-0.00555825140327
-0.0115191917866
-0.00457755150273
0.00672598322853
0.000755043351091
-0.00526320748031
-0.00123356946278
-0.00695900758728
-0.019720621407
-0.0254772063345
-0.00871909502894
0.0227649696171
0.0277036502957
0.0143789779395
0.0142850736156
-0.0145172057673
-0.0544522963464
-0.0483057945967
-0.0176767464727
0.00982567388564
0.0324085503817
0.0391907505691
0.00328368623741
-0.0358071960509
-0.0306674372405
0.00463090650737
0.0209139026701
-0.00023936748039
0.000634847790934
0.0172447618097
0.00505336094648
-0.0243746228516
-0.0274849124253
-0.0143274199218
-0.0153345214203
-0.0056918929331
0.00639657163993
0.013651009649
0.00280750030652
-0.0292747523636
-0.0453600771725
-0.0236653704196
0.0056311362423
0.00234300503507
0.00880233570933
0.0215746928006
-0.00334046408534
-0.0302702635527
-0.0270996615291
-0.00899098627269
0.000536305422429
-0.0170993637294
-0.0279318466783
0.00020271827816
0.0314153656363
0.0484115704894
0.0382287539542
0.0100836995989
-0.00451392913237
-0.0112960096449
-0.0294558536261
-0.0534378401935
-0.0491481646895
-0.00668283645064
0.0553005672991
0.0633287280798
0.0238455720246
0.00944350194186
0.00348962773569
0.00473489658907
0.00805654376745
-0.0262896381319
-0.0423085689545
-0.0130355758592
0.0139833735302
0.0150363491848
-0.00833411514759
-0.00538382865489
0.0332702174783
0.0303522218019
-0.0123019963503
-0.0141823524609
0.0235446449369
0.0166133269668
-0.0219345148653
-0.0306065063924
-0.0444395579398
-0.0351585000753
0.0111158657819
0.038761574775
0.0491210334003
0.024800427258
0.000848328869324
0.00177706533577
-0.00756747229025
-0.0012119570747
0.0037404706236
-0.0163858123124
-0.0213708784431
-0.0052069532685
0.0356717966497
0.0545892119408
0.0252254642546
0.0153456954286
0.0123065374792
0.0181045532227
0.0303822886199
0.0409453809261
0.0521519780159
0.0133966449648
-0.0395523570478
-0.0783722922206
-0.074044726789
-0.0599814653397
-0.0726853907108
-0.0562848001719
-0.0217391625047
0.0279372781515
0.0683370903134
0.0539267845452
0.0398993827403
0.0363844186068
0.0183392968029
0.00766848539934
-0.0245448425412
-0.0619719140232
-0.0796630680561
-0.0713838934898
-0.0294244028628
0.0029452573508
0.019039247185
0.00681635178626
-0.0175873599946
0.00244470522739
0.033511377871
0.0456298068166
0.0453348755836
0.0547643490136
0.052296359092
0.0304172839969
0.0477038249373
0.0407444313169
-0.0557577423751
-0.117548935115
-0.0763497203588
-0.0254331100732
-0.00855847727507
-0.00518934894353
-0.00768112204969
0.0102607104927
0.0468801297247
0.0571496933699
0.0408086255193
0.0521378777921
0.0525969266891
0.0188988465816
0.0115971593186
-0.00944203604013
-0.0179317370057
0.00781838688999
0.0293992925435
0.0312723964453
0.00190896517597
-0.0119534712285
0.00822055432945
0.0111541356891
0.0146304396912
0.0302746016532
-0.0041718124412
-0.0412144772708
-0.0486175790429
-0.0669498518109
-0.0332675725222
-0.00961632095277
-0.0459875762463
-0.02997969836
-0.00796747300774
-0.0142195327207
0.00550987897441
-0.0013212163467
-0.0163284987211
0.00119330303278
0.000131233187858
-0.00520797306672
-0.00460921879858
-0.00861836224794
-0.00703908270225
0.0241051353514
0.0273310821503
0.00716174673289
-0.00745012843981
-0.0350057855248
-0.0101659791544
0.00765721313655
0.00118878809735
0.0132317468524
0.0210837367922
0.0483509860933
0.0830578655005
0.0525280535221
-0.0374546013772
-0.0563117675483
-0.0367272533476
-0.0193824451417
0.023154405877
0.0425713807344
0.0460473261774
0.0394946411252
0.025462185964
0.0236730463803
0.0202156975865
-0.00771809602156
-0.0346403829753
-0.0302056577057
-0.00352229527198
0.00877565518022
-0.0140865072608
-0.0195571705699
0.00829576514661
0.0161495022476
-0.00933479703963
-0.012441502884
-0.00381917832419
-0.00360008073039
0.014152883552
0.0176124088466
-0.00169589184225
-0.0152366925031
-0.0102384127676
0.00674802670255
0.0318362005055
0.0257586836815
-0.0084883486852
-0.0221397895366
-0.0282913707197
-0.0212178546935
-0.00512182712555
-0.0079136127606
-0.0159574318677
-0.0252473801374
-0.0291142500937
-0.00674866791815
0.0160888656974
0.0230250079185
0.0341411493719
0.0332313105464
0.0141208255664
0.0134041411802
0.0196241177619
0.0149253802374
-0.0117286397144
-0.0509453862906
-0.0578708648682
-0.0453584678471
-0.0186360161752
0.00351874530315
0.00528414873406
-0.00635561253875
-0.0172445792705
0.012868180871
0.0317077413201
0.0287945065647
0.0408391207457
0.0235703252256
-0.00770999770612
-0.0129204858094
-0.0133957192302
-0.0194333363324
-0.0115592200309
0.00339767243713
0.011366548948
0.0144224762917
0.00476666539907
-0.00374374794774
-0.00666521396488
-0.0270191021264
-0.0260096304119
0.00685934815556
0.017736511305
0.0131827676669
0.0146894501522
0.00778542784974
0.0030822888948
0.0175653863698
0.0266735535115
0.0187695790082
0.0136930374429
-0.000548560754396
-0.0151513405144
-0.00958668719977
-0.00458527635783
-0.00352921127342
0.00366541673429
0.00955672282726
0.00971255730838
0.014619060792
0.0149477925152
-0.000527303724084
-0.0119317416102
-0.0140638444573
-0.00553490733728
0.0125079154968
0.0180388353765
0.0115457540378
0.00240316987038
-0.013777400367
-0.0278290007263
-0.0226457770914
-0.00864115171134
-0.0090434551239
-0.0149013688788
-0.00418417528272
0.00991965550929
0.00159631366841
-0.0118764461949
-0.0130441179499
-0.0160956345499
-0.00732467928901
0.00618553441018
0.0115273771808
0.020900208503
0.023094240576
0.0135474065319
0.00841208826751
0.00814223475754
-0.00719669088721
-0.0159895606339
0.00434555485845
0.0160225238651
0.00581708457321
0.00701121613383
0.0149574633688
0.0060285939835
-0.00085705856327
0.00940512306988
0.00785949733108
-0.00537758832797
0.00134425249416
0.00754473917186
0.00667586922646
0.0127257741988
-0.000589900533669
-0.0176013186574
0.000833980855532
0.0252726115286
0.0234884154052
0.0101422872394
0.00235206121579
0.00841436348855
0.0109422300011
-0.00830424949527
-0.0307077132165
-0.0354330055416
-0.0188163816929
-0.00463096983731
-0.00933919474483
-0.0107544651255
-0.00423302128911
-0.00926467776299
-0.0150346793234
-0.00658033322543
0.000652536109556
-0.0024021063
-0.0086677595973
-0.00885663740337
-0.00560935074463
-0.00174335553311
-0.00253215432167
-0.0116591714323
-0.00668359408155
0.0179272219539
0.018161566928
-0.0058227404952
-0.0077152219601
-0.000304965302348
-0.0061222682707
-0.00874989293516
-0.00570709444582
-0.0042083482258
0.0068526356481
0.0158036965877
0.000747823680285
-0.00881068687886
-0.00313366996124
-0.015089343302
-0.0269585549831
-0.0164855197072
-0.00111932866275
0.001235707663
-0.00506886513904
-0.00487870071083
0.012102695182
0.0184719078243
0.00331375561655
-0.0168991647661
-0.0279200859368
-0.0160065479577
0.00160387402866
-0.0020588838961
-0.00373351643793
0.0112325316295
0.00166973564774
-0.0184656847268
-0.0147612337023
-0.00736862886697
-0.00744957476854
0.00130028487183
0.0125236902386
0.0129323154688
0.00267732911743
-0.00955593213439
-0.0226132236421
-0.0358710959554
-0.0294582787901
-0.0119838938117
-0.00827651564032
-0.0105102946982
-0.00979004334658
-0.0107703898102
-0.0106936218217
-0.00389160704799
0.0125788636506
0.0201591551304
0.0157406367362
0.0113283079118
-0.000839551677927
-0.016273567453
-0.0174628794193
-0.00729840993881
0.00358022213914
0.00168963009492
-0.00179167080205
0.00561581039801
0.0105179948732
0.0079828845337
0.0080592893064
0.00841629318893
0.0137783093378
0.0124952979386
-0.00193629437126
-0.00350535078906
0.015608780086
0.020895473659
0.00263299723156
-0.0103812171146
-0.00250045512803
0.00694668386132
0.00644470052794
0.00996201299131
0.0140340989456
0.00789035856724
0.0039740819484
0.0045925709419
0.000814078433905
0.00275491410866
0.00719865737483
0.00605728104711
0.00225885841064
0.00478691142052
0.00502297794446
-0.00596274016425
-0.00697441585362
0.00852480623871
0.00683548534289
-0.00370317185298
-0.0018438983243
0.00150560564362
1.71850624611e-05
2.18217210204e-05
-0.00100777414627
-0.000724574725609
0.00411426695064
0.00280158338137
-0.00409193336964
-0.00672733318061
-0.00435265759006
0.00100113125518
-0.00216806819662
-0.00916088372469
-0.00707407295704
-0.0103490399197
-0.0211503393948
-0.0136805428192
0.00467716669664
0.0105102071539
0.00649140356109
0.00827194005251
0.0033792629838
-0.00580624258146
-0.0039992746897
-0.00565035641193
-0.0113371321931
-0.00150276208296
0.00219750870019
-0.00428729783744
-0.0063286582008
0.000274246034678
0.00388780003414
-0.0012663085945
-0.00102535623591
-0.00579409627244
-0.0183829069138
-0.0182493925095
-0.0119884544984
-0.00829846132547
0.00640904344618
0.0192577876151
0.00958508718759
-0.00258865300566
-0.00437554391101
-0.00935103371739
-0.0088573275134
0.00860854424536
0.0230804346502
0.0149915125221
0.00310420664027
-0.00704033253714
-0.0173003543168
-0.0162420943379
-0.0152792660519
-0.012886794284
0.00349116511643
0.00833934824914
0.00201386795379
-0.000510553363711
0.00442492356524
0.0109510086477
0.00218965532258
-0.00403352174908
-0.00278638768941
-0.00593157950789
-0.003110953141
0.00770852575079
0.00390593335032
-0.00965175777674
-0.0219745207578
-0.0345500186086
-0.0186370555311
0.00307131535374
-6.54857431073e-05
-0.00357510172762
-0.00845567975193
-0.0182049460709
-0.0163880456239
-0.00421228585765
0.0031799080316
8.23796362965e-05
-0.00675101578236
-0.00932488404214
-0.00888598803431
-0.0128259118646
-0.00778821855783
0.00352866551839
0.00957535207272
0.00965923070908
-0.000455120083643
-0.00160013756249
0.00112778495532
-0.00101600913331
-0.00206730142236
-0.00621942477301
-0.00577587308362
-0.00112222600728
0.00179201713763
0.0119082592428
0.0187916345894
0.00582540407777
-0.00580147141591
-0.00906600151211
-0.0288114137948
-0.0807067602873
-0.143241629004
-0.216332122684
-0.247186362743
-0.121433764696
0.127597719431
0.355425536633
0.453024834394
0.374592155218
0.129785850644
-0.0865117609501
-0.201836124063
-0.252945840359
-0.137607008219
0.0746696218848
0.180058062077
0.137550011277
0.0703006088734
-0.0862434431911
-0.188404932618
-0.0990034788847
-0.0979019105434
-0.11404491961
0.0155516276136
0.142068848014
0.259265214205
0.199975982308
-0.0640879049897
-0.0757426172495
-0.000131757988129
-0.0938201323152
-0.23266467452
-0.269923835993
-0.0819554999471
0.147055476904
0.172113656998
-0.108383588493
-0.242408514023
-0.0386260785162
0.0278341788799
0.0178770795465
-0.00768062053248
0.117206931114
0.307871103287
0.158518463373
0.223303258419
0.143179804087
-0.371586322784
-0.43177819252
-0.158550098538
0.0064938175492
0.144508063793
0.348485410213
0.103933028877
-0.354369521141
-0.0660836994648
0.352651804686
0.146238327026
-0.151803404093
-0.0289585720748
0.169173195958
0.0109739126638
-0.265296369791
-0.179093569517
-0.00633738562465
-0.0472149699926
0.141534984112
0.247924014926
0.0944871306419
-0.0807290300727
-0.352380156517
-0.297598659992
0.228722497821
0.334631294012
0.00651127891615
-0.0704940706491
-0.133630201221
-0.037389036268
-0.0943162515759
-0.17269423604
-0.0295911505818
-0.241656914353
-0.279459327459
0.220142096281
0.656004607677
0.623302519321
0.315506130457
0.016742983833
-0.142992079258
-0.196599379182
-0.445442467928
-0.652375817299
-0.358504772186
0.139284074306
0.659622967243
0.553337275982
0.0172812882811
-0.0972747057676
-0.00535644125193
0.154626861215
-0.0401948951185
-0.54125648737
-0.47976693511
0.118026159704
0.312277764082
0.156863048673
0.131076321006
0.205961555243
0.215933740139
-0.0477382168174
-0.122870571911
0.0387920290232
-0.0494421608746
-0.207356080413
-0.332106441259
-0.49735674262
-0.32743781805
0.19063565135
0.52394336462
0.49822551012
0.0649423673749
-0.176969259977
-0.0476256944239
0.00399544741958
0.0354470573366
-0.173705324531
-0.355834335089
-0.0976734086871
0.271399468184
0.453709155321
0.497217267752
0.342847168446
0.206920668483
0.181250751019
0.191400825977
0.381390482187
0.605660736561
0.244482949376
-0.620556712151
-1.06644082069
-0.966025948524
-0.759666979313
-0.924063622952
-0.872024834156
0.00392195349559
0.72299015522
0.944094419479
0.982926785946
0.610468924046
0.222451761365
0.125369340181
0.0526654794812
-0.162720292807
-0.712891161442
-1.16391897202
-1.09510231018
-0.67715382576
-0.321697354317
0.103634029627
0.367080152035
0.232581555843
0.339384555817
0.318365991116
0.146997690201
0.315758705139
0.596045672894
0.634771168232
0.293669253588
0.226056829095
0.639616668224
0.0216623358428
-1.47251951694
-1.43727600574
-0.429654449224
-0.0812680125237
-0.119543090463
-0.240143999457
-0.0577039495111
0.531625807285
0.879145920277
0.701325654984
0.389867007732
0.334298372269
0.61019974947
0.539264261723
0.0212964285165
-0.207542195916
-0.0828723832965
0.124360412359
0.25901684165
0.364457249641
0.333280354738
0.101490154862
-0.0776753276587
-0.0673609673977
0.0923616886139
0.160264045
-0.056274369359
-0.311942279339
-0.48718380928
-0.72123247385
-0.699731111526
-0.480348259211
-0.492834836245
-0.48800188303
-0.224903151393
-0.110245257616
-0.242054358125
-0.127882018685
-0.0174339935184
-0.0338018760085
0.157302200794
0.157822370529
-0.0618477612734
-0.202335208654
-0.202700808644
0.0543026849627
0.355625063181
0.374948382378
0.118113711476
-0.24976170063
-0.385089427233
-0.086213812232
0.117807552218
0.0361843109131
0.14152802527
0.481766879559
0.796099424362
0.977971792221
0.623480558395
-0.307177424431
-0.728180229664
-0.443776965141
-0.127178683877
0.2538382411
0.537344455719
0.449334740639
0.363071382046
0.448524296284
0.336205035448
0.111392691731
-0.0505246892571
-0.272504299879
-0.388256460428
-0.423238635063
-0.370771199465
-0.166345924139
-0.114563986659
-0.152077719569
0.0863496437669
0.319808334112
0.0859211459756
-0.169501006603
-0.114496901631
-0.0781241580844
6.87544525135e-05
0.18865019083
0.107298597693
-0.18765874207
-0.169967249036
0.120367385447
0.329405456781
0.307285100222
0.073785237968
-0.163524374366
-0.386145830154
-0.508473873138
-0.238190293312
0.0848435014486
0.0659667402506
-0.012860215269
-0.148740649223
-0.366830170155
-0.308573454618
0.0258386936039
0.303252011538
0.316280961037
0.293488025665
0.29125225544
0.188638657331
0.237038478255
0.272634893656
0.029834350571
-0.395142525434
-0.812948644161
-0.900119960308
-0.577815771103
-0.162522435188
0.0334328301251
0.0819557160139
0.102270431817
0.0902303755283
0.220603093505
0.385445892811
0.316884726286
0.287012070417
0.19946436584
-0.152284115553
-0.211802378297
-0.0730020776391
-0.122267954051
-0.132665157318
-0.00190578633919
0.0539387650788
0.0243561621755
0.0829613432288
0.00881651695818
-0.120864659548
-0.0952781662345
-0.134006008506
-0.0581140629947
0.109139159322
0.0567699074745
0.0942328646779
0.188981249928
0.107887201011
0.163004249334
0.331253319979
0.278649926186
0.123222112656
0.0593212209642
-0.12066269666
-0.249674737453
-0.102501153946
-0.058224901557
-0.113704457879
-0.0267097204924
0.0373413152993
0.0585519038141
0.192550852895
0.216860979795
-0.0333002246916
-0.168183863163
-0.0781973600388
-0.0040645794943
0.100995123386
0.204697191715
0.179640308022
0.0817821770906
-0.103927642107
-0.305811524391
-0.253316164017
-0.0478815920651
-0.0172579996288
-0.0155505137518
0.131148949265
0.155402421951
0.000917259661946
-0.124310083687
-0.248845562339
-0.286163151264
-0.0837660878897
0.104885652661
0.10056746006
0.057936348021
0.0378431305289
0.000448024307843
0.0462149567902
0.0988589525223
0.020670382306
0.0146791189909
0.00251516303979
-0.114440150559
-0.0123067367822
0.142401739955
0.0554650351405
-0.0583417415619
-0.0819929838181
-0.116680443287
-0.112509340048
0.0069426856935
0.082128547132
0.0915974676609
0.0655731782317
-0.0586212165654
-0.00517546525225
0.282297700644
0.390001356602
0.223289892077
0.080198764801
0.0609833784401
0.0345185026526
-0.0593737885356
-0.257587075233
-0.349365532398
-0.134458333254
0.034540720284
-0.0392114445567
-0.0860892385244
-0.0744941160083
-0.117017187178
-0.112161248922
-0.0489684045315
-0.0282132029533
-0.0441432520747
-0.139926061034
-0.190672978759
0.0114322379231
0.153899088502
0.0815125107765
0.11549808085
0.179837942123
0.058127194643
-0.10810200125
-0.185068935156
-0.143646582961
-0.00597130367532
0.0689486339688
0.0555688180029
0.103511914611
0.106883093715
-0.0604985877872
-0.148342758417
-0.0873004347086
-0.128176689148
-0.10827139765
0.117977425456
0.183739200234
0.0535283200443
0.0264390967786
0.141244292259
0.23525236547
0.148972317576
-0.019598627463
-0.026129104197
0.0773049071431
0.0312120690942
-0.0737692117691
-0.0203088764101
-0.0358512215316
-0.146160498261
-0.0237407013774
0.152152150869
0.121282935143
0.0553468987346
-0.00108981668018
-0.10854061693
-0.167830064893
-0.187306195498
-0.205873131752
-0.137169197202
-0.0375752039254
-0.0162873119116
-0.00956348422915
-0.0275792758912
-0.11719968915
-0.111082099378
0.0280411746353
0.0862856134772
0.0800053179264
0.061567094177
-0.0861320644617
-0.191563844681
-0.109998434782
0.0187936909497
0.0615777522326
0.0407748967409
0.0684304088354
0.0955867990851
0.180739998817
0.237617433071
0.168016165495
0.121663369238
0.00172910664696
-0.0659928172827
0.0853500515223
0.141125962138
-0.0262837875634
-0.145763471723
-0.0758359730244
0.0605038590729
0.14561933279
0.180002957582
0.189919307828
0.140010043979
0.0800893604755
0.0637491047382
0.0570817664266
0.0150002725422
-0.0976457223296
-0.142622724175
-0.084652222693
-0.117364987731
-0.127998113632
-0.00709452899173
-0.0106608597562
-0.0888476967812
-0.0272824242711
0.0262183994055
0.0058965315111
0.00521213654429
-0.0022894681897
-0.0113906646147
0.0265895482153
0.0322677828372
-0.0416808091104
-0.0404838137329
0.0251205153763
-0.0336239486933
-0.118093200028
-0.154801845551
-0.22903752327
-0.206088170409
-0.0489121042192
0.0697056502104
0.101766988635
0.0490735433996
-0.034359999001
-0.0271529797465
-0.0105190239847
-0.0898651480675
-0.117506735027
-0.0537521950901
-0.033210888505
-0.0136847505346
0.015156804584
-0.0391118526459
-0.0706389844418
-0.0282305367291
-0.00997579377145
-0.00760061480105
0.00609354861081
0.0163533501327
0.0319120325148
0.0892981290817
0.12075342983
0.0609131455421
0.0265213754028
0.0294375009835
0.0594090521336
0.21249961853
0.291646659374
0.167104408145
0.00852354150265
-0.155395507812
-0.217444732785
-0.117276005447
-0.0232556071132
0.0534419640899
0.0933137908578
0.0592482797801
0.0141021898016
-0.00076426792657
0.0425309240818
0.111654952168
0.123302437365
0.0404781214893
-0.0374756902456
-0.0224815458059
0.0196948871017
0.0204645805061
-0.0145086180419
-0.0766430646181
-0.128559678793
-0.0924748778343
-0.0336534827948
-0.0337134636939
-0.0636420249939
-0.0935215651989
-0.100516431034
-0.0484759137034
0.0241288505495
0.0287501178682
0.0354243069887
0.0285634845495
-0.0376078300178
-0.0440965518355
-0.037117857486
-0.0188874267042
0.103568635881
0.185172170401
0.111743703485
0.00227199587971
-0.0352321378887
-0.0326171368361
-0.0174682866782
-0.0434662774205
-0.154918685555
-0.200969144702
-0.152792349458
-0.100821793079
0.053783107549
0.191309675574
0.104949884117
-0.00759853702039
0.00959503091872
0.0158190559596
-0.0402459912002
-0.0451215431094
-0.0188739784062
-0.0172038394958
0.0416536182165
0.0825636014342
0.0495382025838
0.0603853687644
0.0762278661132
0.0611937828362
0.0642558187246
0.066676042974
0.0876515805721
0.128413915634
0.102373830974
0.0224375352263
0.00272319978103
0.033112257719
0.0253569483757
-0.0376176759601
-0.0908856540918
-0.0543528608978
-0.0130064394325
-0.0578293949366
-0.0956126078963
-0.0920640677214
-0.0894265323877
-0.098082266748
-0.112861439586
-0.0887966305017
-0.0144945923239
0.0801465660334
0.119731910527
0.0535650476813
-0.0338919349015
-0.0953712612391
-0.141728952527
-0.112576559186
-0.0668305456638
-0.0712303295732
-0.0602187737823
-0.0460494682193
-0.0442557036877
0.0152156688273
0.0980820730329
0.0664294138551
0.0483419932425
0.166718229651
0.251364678144
0.212737366557
0.0699791759253
-0.0893121734262
-0.126242890954
-0.0396965220571
0.00991183239967
-0.00354192429222
0.0252653453499
0.0549882315099
0.0198523011059
-0.0263643432409
-0.0186865590513
-0.0226119682193
-0.0344576239586
-0.0107478611171
-0.0339727401733
-0.00886045675725
0.0707208886743
0.0218811780214
-0.0844631120563
-0.125609561801
-0.0942922756076
0.0135160312057
0.116935640574
0.129753962159
0.0967373847961
0.0499215386808
-0.0142414104193
-0.0459751076996
-0.100323550403
-0.189405620098
-0.168202862144
-0.129754066467
-0.123073190451
-0.0099978223443
0.0811729431152
0.0344100780785
-0.0110931880772
0.0287339501083
0.0813746973872
0.118605971336
0.108131848276
0.0110061261803
-0.0206440389156
0.0452751405537
0.0476880446076
0.0220673475415
0.0119610568509
-0.0349482931197
-0.0581894703209
-0.029743662104
-0.0184234119952
-0.000682665966451
0.0537744648755
0.0528779029846
0.0297698900104
0.0572683960199
0.00157263141591
-0.143944129348
-0.174066096544
-0.100424595177
-0.0340023525059
0.0460416711867
0.0980785042048
0.103065006435
0.0672011077404
-0.0470064580441
-0.0947831347585
-0.0100051239133
0.0219020172954
