0.0
0.0
0.0
0.0
0.0
0.0
0.0
0.0
0.0
0.0
0.0
0.0
0.0
0.0
0.0
0.0
0.0
0.0
0.0
0.0
0.0
0.0
0.0
0.0
0.0
0.0
0.0
0.0
0.0
0.0
0.0
0.0
0.0
0.0
0.0
0.0
0.0
0.0
0.0
0.0
0.0
0.0
0.0
0.0
0.0
0.0
0.0
0.0
0.0
0.0
0.0
0.0
0.0
0.0
0.0
0.0
0.0
0.0
0.0
0.0
0.0
0.0
0.0
0.0
0.0
0.0
0.0
0.0
0.0
0.0
0.0
0.0
0.0
0.0
0.0
0.0
0.0
0.0
0.0
0.0
0.0
0.0
0.0
0.0
0.0
0.0
0.0
0.0
0.0
0.0
0.0
0.0
0.0
0.0
0.0
0.0
0.0
0.0
0.0
0.0
0.0
0.0
0.0
0.0
0.0
0.0
0.0
0.0
0.0
0.0
0.0
0.0
0.0
0.0
0.0
0.0
0.0
0.0
0.0
0.0
0.0
0.0
0.0
0.0
0.0
0.0
0.0
0.0
0.0
0.0
0.0
0.0
0.0
0.0
0.0
0.0
0.0
0.0
0.0
0.0
0.0
0.0
0.0
0.0
0.0
0.0
0.0
0.0
0.0
0.0
0.0
0.0
0.0
0.0
0.0
0.0
0.0
0.0
0.0
0.0
0.0
0.0
0.0
0.0
0.0
0.0
0.0
0.0
0.0
0.0
0.0
0.0
0.0
0.0
0.0
0.0
0.0
0.0
0.0
0.0
0.0
0.0
0.0
0.0
0.0
0.0
0.0
0.0
0.0
0.0
0.0
0.0
0.0
0.0
0.0
0.0
0.0
0.0
0.0
0.0
0.0
0.0
0.0
0.0
0.0
0.0
0.0
0.0
0.0
0.0
0.0
0.0
0.0
0.0
0.0
0.0
0.0
0.0
0.0
0.000119659518532
-0.000290570256766
0.000171539199073
0.00110207032412
-0.0151588711888
-0.0205596815795
-0.0127502847463
-0.00104395311791
0.00534308282658
-0.00173904234543
0.000842254550662
0.00305186840706
-0.00525225326419
-0.0127256028354
-0.00783236417919
-4.44487486675e-05
0.000502667564433
0.000586005509831
-0.000731945852749
-0.00045119682909
0.00499873654917
0.00550640188158
0.00140622141771
0.00538699096069
0.00654617045075
0.00370104750618
0.00590690225363
0.00694624148309
0.00464087538421
0.00551801547408
0.00622912682593
0.00409632688388
0.00101032666862
0.00293052941561
0.00255842762999
7.46422447264e-05
0.00222635245882
0.00300041818991
-0.000438118207967
0.00187775411177
0.00192752445582
-0.000687006046064
0.000304765446344
0.00229652179405
0.00147863349412
0.000981524237432
0.0019241013797
0.00201427168213
0.00278901238926
0.00520638097078
0.00527191953734
0.00435296632349
0.00736583862454
0.00281847873703
0.00371320568956
0.00583724956959
0.00113896350376
0.00589622091502
0.0079074241221
-0.0302624087781
-0.0598793625832
-0.0660592392087
-0.046899985522
-0.00726815219969
0.0112060829997
-0.000328119902406
0.00412393687293
0.00108173768967
-0.00351150613278
-0.0049213017337
-0.00848920084536
-0.0031415023841
0.00654788501561
0.00150455662515
0.00700510246679
0.00916238967329
0.00573456240818
0.00636003445834
0.00640867138281
0.00606992840767
0.00914369616657
0.00326024577953
0.00607628235593
0.00521745625883
0.000255382095929
0.0030583543703
0.00495909806341
0.0024854154326
0.00783250760287
0.00409678509459
0.00548500474542
0.0107864607126
0.00688241887838
0.00395171623677
0.00599062209949
0.00110965606291
-3.49506844941e-05
1.7232458049e-05
-0.00436493661255
-0.00628031324595
-0.00699401600286
-0.00742675224319
-0.00388850038871
-0.00211457512341
-0.00324719236232
0.000806610216387
0.00507626309991
0.0101916948333
0.0129522979259
0.0104528665543
0.00963163282722
0.0108902072534
0.00705900602043
0.00744198076427
0.00676210410893
0.000903236272279
-0.000570260162931
0.000823635142297
-0.00261705531739
-0.00309117301367
-0.00154169101734
-0.00299379392527
-0.00126921781339
0.00275373389013
0.00357372337021
0.00315830227919
0.00366458436474
0.00195582373999
-0.000135943497298
0.00346447853372
0.00385752227157
0.00287061161362
0.00623518833891
0.00737004773691
0.00677514169365
0.0111323231831
0.0109096653759
0.0125322584063
0.00996781792492
0.00821749586612
0.0113297235221
0.00679373927414
0.00199371785857
0.00610468303785
-9.90183034446e-05
0.000771084101871
0.000832713674754
-0.00282218796201
0.000769049744122
-0.000472386775073
-0.00384036987089
-0.00211415975355
-0.00636070361361
-0.00313263293356
-0.00525246746838
-0.0128102749586
-0.00797932129353
-0.00456213578582
-0.00569016346708
-0.0032655398827
-0.000869583047461
0.00120316445827
0.00156504265033
0.00241330498829
0.00406031310558
0.0034553699661
0.00315569690429
0.00254179816693
0.00237176916562
0.00414216984063
0.00386282149702
0.00385994883254
0.0096479402855
0.0106272157282
0.00936683826149
0.00717999553308
0.0075935642235
0.0113382926211
0.0131159955636
0.0124747073278
0.00926370918751
0.00547165935859
0.0159486420453
0.00791056454182
0.00189440499526
0.00766648398712
0.000888757931534
0.000418830662966
0.0014191493392
-0.00433050421998
0.00744255166501
0.00682841567323
0.00308213755488
0.00848816614598
0.00607389211655
0.00479401648045
-0.00160780642182
0.00360418227501
0.00220005959272
-0.00683152023703
-0.00120532768779
-0.00375676830299
-0.00211706152186
-0.00522410776466
-0.045253586024
-0.0659646913409
-0.0731138885021
-0.0386442840099
0.00285081146285
0.00428332015872
-0.000553212536033
0.00702216103673
0.0047279689461
-0.00456954305992
-0.0128618935123
-0.000910168222617
0.00431100744754
0.008095969446
0.00365566229448
0.00900380965322
0.00808543805033
-0.0171446241438
-0.0146845988929
0.00670835608616
0.000437141861767
-0.000722810567822
-0.00100823352113
-0.00399358943105
0.00404945574701
-0.00186839455273
-0.00890936795622
-0.00430746609345
0.00219762278721
0.00118696049321
-0.000558680854738
0.000680816476233
-0.001684854622
-0.000953765120357
0.00329459831119
-2.02365281439e-05
0.00157408951782
0.00479622604325
0.00574372010306
0.00937345344573
0.00674441410229
0.0113764768466
0.0132199702784
0.0101497108117
0.00867402832955
0.00736951781437
0.00826654490083
0.00479696923867
0.000519623339642
0.00264644133858
0.00250053359196
0.00269281840883
0.00157041021157
-0.000417097558966
0.00276914564893
0.00418960535899
0.00723904464394
0.00632411101833
0.00777527457103
0.0102397948503
0.00588915450498
0.00391558138654
0.00418764073402
0.00440314598382
0.00293473503552
0.00222213380039
0.00257106893696
0.00543699972332
-0.00140158191789
-0.0219200253487
-0.0241276212037
-0.0133384177461
-0.00480548059568
0.00970221217722
0.000997237628326
-0.0021835968364
-0.00167676282581
-0.0223500672728
-0.0317635834217
-0.0225282665342
0.00323655200191
0.00681580323726
0.00625455845147
0.0121503416449
0.00141350133345
0.00223170942627
0.00518270209432
0.00134409521706
0.000262411136646
0.00084100686945
0.00373684288934
0.00228996900842
0.00187205686234
0.00515147252008
0.00586727866903
0.00376712996513
0.000972971844021
0.000650066474918
-0.000223152455874
-0.000800640322268
-0.00125105364714
-0.00131000066176
0.00057937175734
-0.000803593138698
0.0019182623364
0.00191726954654
0.000525321229361
0.00574528705329
0.00285657891072
0.00303911860101
0.00311281578615
0.00294459611177
0.00592100294307
0.00159382936545
0.00375349633396
0.00364357186481
0.00247940584086
0.00605053408071
0.00334942783229
0.00184672011528
0.00267386692576
-0.00138499343302
0.0020555621013
0.00434317067266
0.00144895922858
-0.000905534659978
-0.0129242744297
-0.0166297405958
-0.0113554699346
-0.000996979302727
0.00348510732874
0.000947997439653
0.00550757069141
0.00285420776345
-0.0122116403654
-0.00943002011627
0.00337989069521
0.00401168083772
0.00650117686018
0.00175727927126
0.0100306402892
-0.0203829221427
-0.0718447417021
-0.0657486468554
-0.022398468107
0.00600232044235
-0.00535611435771
0.00200729537755
0.00234180735424
-0.0033879999537
0.00170892500319
0.00530387554318
0.00848177261651
0.00724975159392
0.00949224457145
0.005911862012
0.00293837510981
0.00348187377676
0.00398070225492
0.00184941047337
0.00559659861028
0.00271921115927
0.00560759892687
0.00275811576284
0.00209182337858
0.00340387807228
-0.00298632727936
0.00457810703665
0.000268545612926
0.000531513360329
0.00195809965953
0.00236569647677
0.00343215325847
-0.000520847272128
-0.00158611952793
-0.00331819849089
-0.00169957138132
-0.000354532356141
-0.00251944060437
-0.00339074991643
-0.00168773601763
0.000632925075479
-0.0022646933794
-0.00271848565899
-6.65308243697e-06
0.00386973982677
0.00627553462982
0.00669064791873
0.0105773778632
0.0117050223053
0.0103532066569
0.00482110725716
0.00167556724045
-0.00231061410159
-0.00464439811185
-0.00276240543462
0.00274135032669
0.0011619158322
0.0048299129121
0.00828373432159
0.00621103774756
0.0113309472799
0.00593204703182
0.0185892991722
0.012149519287
0.00887083075941
0.0128973275423
0.00931524299085
0.00762735167518
0.00169948185794
0.00378952990286
-0.00371582736261
-0.00458763400093
-0.00645794346929
-0.00760246999562
-0.00326302298345
-0.00279384362511
-0.0014080950059
-0.000331661372911
0.00321708479896
0.00205669528805
-0.000513632840011
0.00118958845269
0.00185889878776
-0.00139186088927
-0.00235316692851
-0.00139124388807
0.000233890241361
0.000966408697423
0.000113590751425
0.00394097715616
0.00302862864919
0.00058953469852
0.00394230289385
0.00527076190338
0.0024003831204
0.00131255167071
0.00299281114712
0.0031609935686
0.00263330340385
0.00212637800723
0.00321880867705
0.00317272008397
5.39506436326e-06
0.0016836427385
0.0041289255023
-0.00708430539817
-0.0104129742831
-0.00673110922799
0.00577324582264
0.000277077167993
0.0024999815505
-0.00277184508741
-0.0514919124544
-0.0646201074123
-0.022043786943
0.00844275951385
0.00223076227121
0.00498241232708
0.00246406230144
-0.00118461705279
0.00993334222585
0.00182128977031
0.00522136455402
-0.000820235582069
0.000530982972123
-0.00530949328095
-0.000755789980758
-0.00373296486214
-0.00404536863789
0.00208032038063
-0.00044536072528
0.00330931646749
-0.00204718345776
-5.83537694183e-05
-0.000326399836922
-0.000340041471645
0.00167496106587
0.00272346544079
0.00221729045734
0.00364097114652
0.00360153242946
-0.000749763741624
-0.00165421911515
-0.00358793814667
-0.002384562511
-0.000555481412448
-0.0013139868388
0.00237170769833
0.00266997516155
0.00207041017711
0.00622731260955
0.00498791737482
0.000675258692354
-0.00955478847027
-0.0118131553754
-0.0113765420392
-0.000782983319368
-0.00279610278085
-0.000639733858407
-0.00500621646643
-0.00910461973399
-0.0142740989104
0.00640550488606
-0.000647351669613
0.006708629895
0.00778219150379
0.00745770102367
0.00515060592443
0.011896116659
0.00752077484503
0.00362849864177
0.00557730998844
0.00436076056212
0.000641929334961
-0.00279068388045
-0.00047611919581
-0.000356398959411
-0.00522935250774
-0.000269549025688
-0.000522262533195
-0.00178260810208
-0.00368387927301
-0.00355245359242
-0.00640920177102
-0.00105569884181
-0.00138777168468
0.000317654688843
0.00117902446073
0.00129445968196
0.00254556559958
-0.0032798233442
-0.00123532826547
-0.003211801406
-0.00193063728511
-0.00289910496213
0.00154095608741
0.00268106139265
0.00309305009432
0.00542036676779
0.00937672611326
0.0079972082749
0.00634544435889
0.00859731528908
0.00132259074599
0.00871412176639
-0.0406306646764
-0.0609438233078
-0.0335144922137
0.0102650327608
0.00324958446436
0.00372518924996
0.00149313791189
-0.00480427825823
0.000620960490778
0.000296001904644
0.000937376113143
0.000755904533435
-0.00569976307452
-0.0285304356366
-0.0182886626571
0.00127316778526
0.000522713467944
0.00401365384459
0.00244640465826
-0.000521461653989
0.00536279939115
0.00164935085922
0.00421760091558
0.00219995947555
0.00215745903552
0.000452313572168
0.00198230193928
-0.0228076390922
-0.0795856937766
-0.15378575027
-0.243946090341
-0.188505634665
0.085844412446
0.383854180574
0.494112730026
0.259458065033
-0.0239129755646
-0.123072482646
-0.254888445139
-0.157975509763
-0.0758835971355
-0.0396502204239
0.0788081139326
0.141650170088
0.154890596867
0.103679664433
-0.0666491091251
-0.0192352235317
-0.0645959675312
-0.143351688981
-0.135539665818
-0.128306299448
-0.0151410810649
0.150520831347
0.163801282644
0.0472430028021
-0.0428963080049
-0.091291077435
-0.082660548389
-0.0288907624781
-0.0176837667823
-0.080094397068
-0.104884877801
-0.0852674767375
-0.105695053935
-0.140452578664
-0.106125980616
0.00243380852044
0.101079694927
0.197558060288
0.282983213663
0.291045665741
0.195602864027
0.0321192294359
-0.125253543258
-0.198958337307
-0.157394513488
-0.106270991266
-0.0592568106949
0.00548720965162
0.0977254733443
0.183529183269
0.123806551099
-0.0454330965877
-0.0790650323033
0.0178005546331
0.0787088871002
0.0492702685297
-0.0834638699889
-0.140004605055
-0.0187433641404
0.0969639122486
0.103745259345
0.0450524613261
0.0208699163049
-0.108202837408
-0.0924813598394
0.00605025840923
0.0171835552901
-0.0661644488573
-0.085306443274
0.119270831347
0.111454434693
-0.0396214723587
-0.0620472580194
-0.0502740889788
-0.0361569784582
-0.0513321347535
-0.0205307677388
0.126727774739
0.130198925734
-0.0325130559504
-0.0773693397641
0.0570153556764
0.115835666656
0.0837067812681
-0.0771450921893
-0.0737573504448
0.031296081841
0.0403912290931
0.00470790918916
-0.0574947036803
-0.125240251422
-0.13279786706
0.0164383910596
0.15000000596
0.125511705875
0.0823209062219
0.00227377004921
-0.120760068297
-0.176238626242
-0.139818385243
-0.112639509141
-0.103063516319
-0.0316675938666
0.10848492384
0.187465131283
0.0796456262469
-0.0243584644049
0.0449880100787
0.14028647542
0.0429594181478
-0.0916633680463
-0.0664179101586
-0.0143547123298
-0.036536462605
-0.0542888641357
-0.0653345882893
-0.156704470515
-0.205729171634
-0.0714835897088
0.0902261808515
0.03073707968
-0.0609471872449
0.00560689158738
0.110468000174
0.218475848436
0.145049765706
-0.131372660398
-0.236031875014
-0.0827069357038
0.0819596722722
0.132824778557
0.116119265556
0.152591958642
0.290689498186
0.23954564333
0.165036559105
0.244732156396
0.20552124083
0.124507576227
-0.141067147255
-0.543823361397
-0.761157333851
-0.905456244946
-0.530221581459
0.238584920764
0.388111293316
0.12968750298
0.12141764909
0.17698147893
0.217271760106
0.136377155781
-0.0727203339338
0.142504706979
0.477147191763
0.377028882504
0.16082341969
-0.100294187665
-0.529178082943
-0.823078989983
-0.800569593906
-0.70280700922
-0.577770352364
-0.24472630024
0.140428587794
0.355839580297
0.631263911724
0.970257341862
0.888067007065
0.370726078749
-0.066473916173
-0.198279678822
-0.0470238141716
0.296375930309
0.335832834244
-0.176846325397
-0.556249976158
-0.547493815422
-0.43619966507
-0.188046038151
-0.0999364480376
-0.216294005513
-0.0910599678755
0.222293928266
0.410681664944
0.424274772406
0.432512193918
0.385194391012
0.103879526258
-0.163393750787
-0.325685203075
-0.464309096336
-0.334093362093
-0.00345809198916
0.33290874958
0.718084931374
0.909086465836
0.634542286396
0.136598274112
-0.283575624228
-0.43193051219
-0.228113472462
-0.00311280786991
0.0849786773324
-0.0650151371956
-0.350520700216
-0.40625
-0.308443814516
-0.161107614636
-0.107147872448
-0.193419501185
-0.168283417821
-0.0586701631546
-0.121859170496
-0.349739789963
-0.440407454967
-0.311663001776
-0.0883745774627
0.287753432989
0.493267387152
0.226955190301
-0.0741659700871
-0.134021341801
-0.00390445953235
0.130845963955
0.122816726565
0.0951355919242
-0.0058339391835
-0.202023729682
-0.257006525993
-0.108993373811
-0.00844685733318
0.0441902801394
0.231987863779
0.343435794115
0.237397283316
0.0760416686535
0.0365293137729
0.0927322283387
0.159854114056
0.283027470112
0.246087431908
0.0855685994029
0.0379461757839
-0.00751079339534
0.052203528583
0.0614843629301
-0.101317934692
-0.0554526150227
-0.131646484137
-0.451520353556
-0.509604215622
-0.330647081137
-0.0512718744576
0.202272087336
0.201469480991
0.0771219581366
0.0542630217969
0.0425546765327
0.00934518873692
0.080333262682
0.160061553121
0.0576707497239
-0.10487305373
-0.133279278874
-0.07026604563
-0.0444614328444
-0.0210461392999
0.128916084766
0.262776255608
0.165252283216
-0.0410971492529
-0.194270834327
-0.19551320374
-0.0931911021471
-0.0762389525771
-0.07759257406
-0.0635068938136
-0.134108707309
-0.18809877336
-0.0681810453534
0.0694336816669
0.144690752029
0.2518851161
0.341460645199
0.314262330532
0.222694903612
0.116720028222
-0.00675635458902
-0.0633647292852
-0.0773440599442
-0.198066577315
-0.270312488079
-0.13325355947
-0.121299691498
-0.245063126087
-0.176889404655
-0.103097386658
0.0140122231096
0.182918399572
0.0770660117269
-0.0868825912476
-8.28685006127e-05
0.0407705716789
0.117238678038
0.12974588573
-0.0187747459859
0.0835486203432
0.0661820918322
-0.0601600967348
-0.0563968010247
0.0538435652852
0.0893881544471
-0.144357576966
-0.264239400625
-0.0690149590373
0.0849973186851
0.142485693097
0.0198400076479
0.0190670210868
0.0923292785883
0.0233192648739
-0.03376827389
0.0604179091752
0.216666668653
0.113023988903
-0.00421771639958
-0.0241311248392
-0.0750015899539
-0.111810974777
-0.105192892253
-0.107417173684
-0.100861810148
-0.0154257109389
0.0480552650988
0.0535573326051
0.0357316061854
-0.0389246232808
-0.101757884026
-0.0325487889349
0.079590626061
0.0847787111998
0.0447838790715
0.0376515164971
0.0730514898896
0.00873015914112
-0.10625000298
-0.1608273983
-0.175594806671
-0.141951277852
-0.0172813963145
0.0840207189322
0.0103162741289
-0.0246002152562
0.00414580013603
-0.0480890125036
-3.1984243833e-05
0.0712954327464
-0.0152545114979
-0.0400849208236
0.0790076851845
0.089766420424
-0.0221644658595
-0.0443200394511
-0.0264806281775
-0.0234881583601
0.0808561295271
0.127257406712
-0.0538727603853
-0.156818211079
-0.0210719890893
0.0603756904602
0.047720041126
0.0638261437416
-0.0185111407191
-0.0973140969872
-0.00789001677185
0.0524943843484
0.00169254082721
0.01526685711
0.0921269878745
0.14581143856
0.200593471527
0.18281249702
0.0398325398564
-0.072567909956
-0.0823378413916
-0.0917978659272
-0.104159832001
-0.122334934771
-0.187883034348
-0.206290319562
-0.10484957695
-0.0123929614201
-0.012249336578
-0.0286801476032
0.0231652446091
0.0550695136189
0.0395709909499
0.0495418086648
0.0408876463771
-0.0319297835231
-0.0531069785357
0.00499481149018
0.0284620337188
-0.0267312675714
-0.0659264326096
-0.0347294993699
0.0139197641984
0.0277812033892
0.0119098806754
-0.000110114109702
0.0340932793915
0.0913869068027
0.0887312740088
0.0285344198346
0.000486354110762
0.00958623178303
-0.0135587146506
-0.0504398271441
-0.0503189638257
-0.0281249992549
-0.0147323226556
-0.0100779337808
0.0325000733137
0.111531175673
0.154541999102
0.120347104967
0.0741685926914
0.0493653863668
0.0337962545455
0.0365814641118
0.0257500503212
-0.0276133399457
-0.0624352805316
-0.00385048496537
0.0957923382521
0.178549781442
0.191173836589
0.113603502512
0.000158962706337
-0.0791666656733
-0.137351214886
-0.152794525027
-0.134362131357
-0.171916604042
-0.218443363905
-0.181381285191
-0.131222113967
-0.0928166881204
-0.0380925647914
0.0194720048457
0.127233162522
0.185636281967
0.143388047814
0.0759950652719
-0.0689501613379
-0.125253662467
0.0277194827795
0.117911711335
-0.0053404471837
-0.0667894482613
-0.0429169349372
-0.0742587596178
-0.0682291686535
-0.0246963333338
0.00123147200793
0.0561448968947
0.0817836523056
0.0233707390726
0.0287394467741
-0.0255280025303
-0.0305721461773
0.0208435934037
0.071548961103
0.0787300392985
0.0803740248084
0.100322164595
0.0400822274387
-0.0494802743196
0.0165187269449
0.136627525091
0.0596941672266
-0.155632615089
-0.1171875
0.0546965710819
0.0878817364573
0.00293630547822
-0.0373226366937
-0.084879308939
-0.0337629504502
-0.0552619509399
-0.0883816406131
0.0064370688051
0.0214485954493
-0.0293270982802
-0.0710743516684
-0.0716539993882
0.00772939436138
0.0585264749825
0.115517236292
0.060298807919
0.0220373291522
-0.0264957081527
-0.0659887939692
-0.0838541686535
-0.0740240141749
-0.0588039942086
-0.0221658423543
0.0407918468118
0.0351635068655
-0.0236177667975
-0.0493842177093
-0.0369019396603
-0.0026792048011
0.0224707853049
0.0205755475909
0.00406042439863
-0.0238323770463
-0.0461858026683
-0.0295624062419
-0.0087172742933
0.00108281034045
-0.000679095101077
-0.00911181606352
0.029428852722
0.0809301659465
0.0478034429252
-0.00262043089606
-0.0287161748856
-0.0456531085074
0.0146078588441
0.0925465375185
0.118423171341
0.112944588065
0.108854167163
0.0481080934405
-0.00452462956309
-0.0469820424914
-0.113053135574
-0.0415794290602
0.0209824983031
0.0647184550762
0.120772875845
0.0670349895954
0.0238058120012
-0.0111156310886
-0.0222316682339
0.0459258034825
0.0940278768539
0.0555447712541
-0.023501817137
-0.013954648748
0.00102280871943
-0.00824747607112
-0.0521930605173
-0.12031249702
-0.0768003389239
-0.0245602559298
-0.000884080072865
0.0171366352588
-0.0277573745698
-0.0308919101954
-0.0124072618783
0.00748028140515
0.00342777743936
-0.0149547075853
-0.0175931286067
-0.0243841204792
-0.00736428005621
0.0230724066496
0.0181498546153
-0.029219891876
-0.0183019153774
0.0515348538756
-0.0098556401208
-0.0766489058733
-0.0168260894716
-0.00890772417188
-0.0319047123194
-0.0484534576535
-0.0234534870833
0.0109922420233
-0.000886949128471
0.0380208343267
0.0791422948241
0.0363667160273
-0.0423539429903
-0.0345311202109
0.0263176802546
0.0556711740792
0.0526967868209
0.0274222791195
-0.0029025238473
0.025220874697
0.0524285249412
0.000748588878196
-0.00554302055389
0.0403116047382
-0.0162209179252
-0.0707197785378
0.00295319454744
0.0867014825344
0.0835986807942
0.0328124985099
-0.00603929068893
-0.0131447445601
-0.010138368234
-0.0228833239526
-0.0643181502819
-0.097880974412
-0.0717907771468
-0.0122858583927
-0.00410073203966
-0.0361538045108
-0.0555237233639
-0.0496290437877
-0.0340226627886
-0.0111796539277
-0.00584399327636
-0.00645767711103
0.0135853271931
0.0428566895425
0.0434178896248
0.0285484567285
0.0113160656765
-0.0235321372747
-0.0626610741019
-0.0507399924099
-6.83199323248e-05
0.0304352138191
0.0308368206024
0.0312574841082
0.0326751582325
0.0441736876965
0.0448200851679
0.021983249113
0.0214672666043
0.0503254160285
0.0494791679084
0.031229197979
-0.0103670908138
-0.0267333704978
0.0240032561123
0.0604258738458
0.064410045743
0.0296180788428
-0.0186951961368
-0.00390457990579
-0.0229491088539
-0.0840868800879
-0.0797513201833
-0.083224400878
-0.0789250284433
-0.0109563646838
0.066405326128
0.087116099894
0.04595406726
0.0279013235122
-0.018966820091
-0.0938964486122
-0.0624475255609
0.00792107731104
0.0342830866575
0.0543842874467
0.057214319706
0.0733050554991
0.0610731169581
-0.0365265198052
-0.0885416641831
-0.0362316742539
-0.0535394847393
-0.0849779844284
-0.00117881107144
0.0497837737203
0.0602283068001
0.0245009977371
-0.00363095011562
0.024938698858
0.0191702637821
-0.0269983261824
-0.0196693874896
0.0242569446564
0.0279331300408
0.0300988908857
-0.0203859936446
-0.0435516014695
-0.00756200635806
-0.0208880659193
-0.00555618666112
0.00552232563496
-0.0116270408034
0.0176462810487
0.0473396405578
0.0519638322294
0.0784620270133
0.051532946527
-0.0229166671634
-0.0472534447908
-0.07419295609
-0.059490993619
0.0124604515731
0.00622267322615
-0.0168055612594
0.00605847593397
-0.0390464253724
-0.0500506907701
0.0375324524939
0.0832446813583
0.0636042281985
-0.00677884137258
-0.0541024655104
-0.0423201844096
-0.0199183132499
-0.000402458244935
0.0301708579063
0.0562418214977
0.0300463289022
-0.0111765433103
-0.0359901413321
-0.0612271055579
-0.0463966391981
0.0346911028028
0.122131206095
0.125292986631
0.0503025390208
-0.023034799844
-0.0634689182043
-0.0796893388033
-0.0937561765313
-0.106064990163
-0.0706824213266
0.00241330545396
0.0362832248211
0.0423578433692
0.0526607371867
0.0639850124717
0.087616764009
0.0862210094929
0.0270667318255
-0.0150100635365
-0.000598924991209
-0.00190515746363
-0.0265625007451
-0.00980146508664
0.00479467073455
-0.00577312102541
0.0122882677242
0.0580173432827
0.0661539658904
0.0332464575768
-0.0272932685912
-0.0685935392976
-0.0541170425713
-0.00115905352868
0.0392285138369
0.0571155697107
0.0415796004236
0.00734923267737
0.00143060309347
0.0219581313431
0.0344245024025
0.0327709652483
0.0325427651405
0.0109149813652
-0.0326059646904
-0.0601370409131
-0.0428708605468
-0.000602926011197
0.01871673204
0.00830833986402
0.00337681220844
0.00856223609298
-0.00871631037444
-0.0463541671634
-0.0562574416399
-0.040615350008
-0.025776790455
-0.00956386793405
0.0233970936388
0.0439538024366
0.0238337740302
-0.0120515516028
-0.0229758564383
-0.0200100801885
-0.0188922267407
-0.0108565464616
-0.00595982838422
-0.0294106863439
-0.0411458797753
-0.0220195632428
-0.010557513684
-0.023094791919
-0.0230914410204
-0.0207509752363
-0.0160521753132
-0.00199222937226
0.0108245257288
0.0116816582158
0.0177059173584
0.00953490566462
0.0129265403375
0.0509213171899
0.0680265203118
0.0249031819403
0.00296809570864
0.0188687909395
0.0237144455314
0.00659184670076
-0.0186231806874
-0.0492666065693
-0.0484605208039
-0.0187724698335
0.0214391127229
0.0728059411049
0.0851152315736
0.0332371965051
-0.00567101081833
-0.00652993982658
-0.0193222481757
-0.025194041431
-0.0294326264411
-0.0326396338642
-0.00762978568673
0.0187175273895
0.0171999335289
0.0363400056958
0.049134761095
0.0332962088287
0.023230491206
0.0107203815132
-0.00772135099396
-0.0234762411565
-0.028193667531
-0.00810909457505
0.0131762064993
0.0176964160055
0.0383009463549
0.030874768272
-0.00987713504583
-0.0226667150855
-0.0199420098215
-0.00991558097303
0.0130863431841
0.0207339283079
0.0181887820363
0.0180132929236
0.00353503692895
-0.00212145340629
0.00387775246054
-0.000262253975961
-1.25461783682e-05
0.00582875171676
0.0110974609852
0.00272484519519
-0.0178087428212
-0.0435976833105
-0.0510516688228
-0.0304111186415
-0.0150471916422
-0.0184431821108
-0.0226038563997
-0.0049099586904
0.0197337251157
0.0212960485369
0.00987633224577
0.0218179877847
0.0441730469465
0.0328044854105
0.0343584381044
0.0519314184785
0.0389848016202
0.0509273670614
0.0416696332395
0.000635144941043
-0.0073101632297
-0.0166116412729
-0.0371443778276
-0.065504565835
-0.0687802731991
-0.0485877841711
-0.0274506472051
-0.0113430162892
-0.0136886304244
-0.00339262722991
0.0165768284351
0.025654476136
0.0404429547489
0.0694392547011
0.0301210489124
-0.0575311668217
-0.0759290531278
-0.0400335974991
0.00767104281113
0.011011662893
-0.0334777869284
-0.0278574377298
-0.0207939110696
-0.0670030713081
-0.052245169878
-0.0191712751985
-0.0241292640567
0.000926955835894
0.0545768663287
0.0442428998649
-0.0169553998858
0.00645533809438
0.0142699005082
-0.0142232384533
-0.0214222315699
-0.00460541248322
0.0475468151271
0.0374354012311
-0.0149354087189
-0.0428426004946
-0.0441732630134
-0.0429019443691
-0.00345024722628
0.0550191625953
0.0655865296721
0.0579126700759
0.000681193487253
-0.0703270658851
-0.0422243140638
0.00760510889813
0.00968166720122
0.00225715222768
-0.000189888698515
0.00012550901738
-4.3122250645e-05
0.0
0.0
0.0
0.0
0.0
0.0
0.0
0.0
0.0
0.0
0.0
0.0
0.0
0.0
0.0
0.0
0.0
0.0
0.0
0.0
0.0
0.0
0.0
0.0
0.0
0.0
0.0
0.0
0.0
0.0
0.0
0.0
0.0
0.0
0.0
0.0
0.0
0.0
0.0
0.0
0.0
0.0
0.0
0.0
0.0
0.0
0.0
0.0
0.0
0.0
0.0
0.0
0.0
0.0
0.0
0.0
0.0
0.0
0.0
0.0
0.0
0.0
0.0
0.0
0.0
0.0
0.0
0.0
0.0
0.0
0.0
0.0
0.0
0.0
0.0
0.0
0.0
0.0
0.0
0.0
0.0
0.0
0.0
0.0
0.0
0.0
0.0
0.0
0.0
0.0
0.0
0.0
0.0
0.0
0.0
0.0
0.0
0.0
0.0
0.0
0.0
0.0
0.0
0.0
0.0
0.0
0.0
0.0
0.0
0.0
0.0
0.0
0.0
0.0
0.0
0.0
0.0
0.0
0.0
0.0
0.0
0.0
0.0
0.0
0.0
0.0
0.0
0.0
0.0
0.0
0.0
0.0
0.0
0.0
0.0
0.0
0.0
0.0
0.0
0.0
0.0
0.0
0.0
0.0
0.0
0.0
0.0
0.0
0.0
0.0
0.0
0.0
0.0
0.0
0.0
0.0
0.0
0.0
0.0
0.0
0.0
0.0
0.0
0.0
0.0
0.0
0.0
0.0
0.0
0.0
