0.0
0.0
0.0
0.0
0.0
0.0
0.0
0.0
0.0
0.0
0.0
0.0
0.0
0.0
0.0
0.0
0.0
0.0
0.0
0.0
0.0
0.0
0.0
0.0
0.0
0.0
0.0
0.0
0.0
0.0
0.0
0.0
0.0
0.0
0.0
0.0
0.0
0.0
0.0
0.0
0.0
0.0
0.0
0.0
0.0
0.0
0.0
0.0
0.0
0.0
0.0
0.0
0.0
0.0
0.0
0.0
0.0
0.0
0.0
0.0
0.0
0.0
0.0
0.0
0.0
0.0
0.0
0.0
0.0
0.0
0.0
0.0
0.0
0.0
0.0
0.0
0.0
0.0
0.0
0.0
0.0
0.0
0.0
0.0
0.0
0.0
0.0
0.0
0.0
0.0
0.0
0.0
0.0
0.0
0.0
0.0
0.0
0.0
0.0
0.0
0.0
0.0
0.0
0.0
0.0
0.0
0.0
0.0
0.0
0.0
0.0
0.0
0.0
0.0
0.0
0.0
0.0
0.0
0.0
0.0
0.0
0.0
0.0
0.0
0.0
0.0
0.0
0.0
0.0
0.0
0.0
0.0
0.0
0.0
0.0
0.0
0.0
0.0
0.0
0.0
0.0
0.0
0.0
0.0
0.0
0.0
0.0
0.0
0.0
0.0
0.0
0.0
0.0
0.0
0.0
0.0
0.0
0.0
0.0
0.0
0.0
0.0
0.0
0.0
0.0
0.0
0.0
0.0
0.0
0.0
0.0
0.0
0.0
0.0
0.0
0.0
0.0
0.0
0.0
0.0
0.0
0.0
0.0
0.0
0.0
0.0
0.0
0.0
0.0
0.0
0.0
0.0
0.0
0.0
0.0
0.0
0.0
0.0
0.0
0.0
0.0
0.000160982221132
-0.000621100887656
0.00166340416763
-0.00556778768077
-0.0214169044048
-0.0147068947554
-0.00256391940638
0.00523890415207
-0.00214436207898
0.00242586736567
0.000584309746046
-0.010670161806
-0.0105018103495
-0.00088809535373
0.000523957365658
0.000547374307644
-0.000984487123787
0.000945967738517
0.00678765494376
0.00210703513585
0.00415149470791
0.00675611291081
0.0036872390192
0.00645791552961
0.00618043262511
0.00471930392087
0.00616474449635
0.00514932069927
0.00133183167782
0.00272877002135
0.00233345339075
0.000193393629161
0.00309085426852
0.00129348284099
0.000351816619514
0.00259134406224
-0.000478874775581
0.000255817343714
0.00232607987709
0.00120008923113
0.00127409095876
0.00212089344859
0.00224707555026
0.00461764587089
0.00550558092073
0.00440678279847
0.00715286610648
0.00202700658701
0.00522321322933
0.00382490153424
0.00206548301503
0.0110257649794
-0.0268940944225
-0.0607007741928
-0.0645686462522
-0.0362203605473
0.00677794264629
0.00393727608025
0.00217289011925
0.00235119508579
-0.00334835797548
-0.00502698356286
-0.00892569031566
0.00148432992864
0.00439734151587
0.00360096199438
0.00956937950104
0.00630503566936
0.00618789531291
0.00619420362636
0.00706504285336
0.00751485861838
0.00346032110974
0.00684885913506
0.00142267334741
0.00184461602475
0.00524538895115
0.00267869606614
0.00781087763608
0.00338509026915
0.00805790163577
0.0100309634581
0.00355511461385
0.00625787116587
0.00159189780243
-2.70828131761e-05
-0.000304410350509
-0.0054101520218
-0.00619177334011
-0.00775976106524
-0.00548326037824
-0.0021226531826
-0.00329111865722
0.000545983319171
0.00533946836367
0.0111537538469
0.0125076770782
0.00946324691176
0.0108250342309
0.00845631305128
0.00696515338495
0.00720883486792
0.000995992333628
-0.000299936713418
0.000289217656245
-0.00328710023314
-0.00226026424207
-0.00214341352694
-0.00251527968794
0.00199823873118
0.00365019217134
0.00315139093436
0.00364200677723
0.00130274903495
0.000533696438652
0.00442434148863
0.00290733692236
0.00463139638305
0.0077848942019
0.0063432357274
0.0110099939629
0.0109363431111
0.0125235486776
0.00903873424977
0.00905751809478
0.0110379457474
0.00200190232135
0.00585799431428
0.00118647178169
0.00039368995931
0.000920511898585
-0.00290343817323
0.00159813778009
-0.0024775150232
-0.00232801237144
-0.00459713768214
-0.00486033549532
-0.00333127984777
-0.0115393120795
-0.0093456953764
-0.00445012841374
-0.00562490755692
-0.00298420689069
-0.000269784475677
0.00143080565613
0.00174231722485
0.00334370043129
0.00397037016228
0.00306616188027
0.00283746677451
0.00222003250383
0.00407405477017
0.00378401437774
0.00442130491138
0.010476260446
0.0102413780987
0.00861387979239
0.00677525950596
0.00957525428385
0.0130450604483
0.0125015033409
0.0106352707371
0.00491765141487
0.0158503800631
0.00714900204912
0.00237696431577
0.00789181794971
-0.0019531029975
0.00368358613923
-0.00383871374652
0.00215300684795
0.00864286813885
0.00325113302097
0.00725794723257
0.00688828155398
0.00487004639581
-0.00153085275088
0.00429999222979
0.000113455680548
-0.00571101205423
-0.0012516041752
-0.00440069288015
0.000211535254493
-0.0226828362793
-0.0604390203953
-0.0725177675486
-0.0541418492794
-0.0036807837896
0.00612227804959
-0.00104768795427
0.00688327150419
0.00463506532833
-0.005732702557
-0.0120160030201
0.00118760915939
0.00526517815888
0.00734867947176
0.0040234210901
0.0116179194301
-0.00331267435104
-0.0228039957583
0.00245954259299
0.00289707817137
-0.00110128370579
-0.000263050809735
-0.00442714663222
0.00357157806866
-0.00135246221907
-0.008914350532
-0.00383282033727
0.00244267401285
0.000695266819093
-0.000406835693866
0.000637515971903
-0.00266820052639
0.00142409233376
0.00205270410515
-4.57541464129e-05
0.00350079569034
0.00501162419096
0.00827691331506
0.00775408791378
0.00909503735602
0.013627233915
0.0109060704708
0.00880256853998
0.00762821966782
0.00802396330982
0.00552084762603
0.000470455270261
0.00262742559426
0.00249767047353
0.0027093810495
0.00129656877834
-0.000199609086849
0.00306715979241
0.00471942126751
0.00735281873494
0.00622459547594
0.00877108983696
0.00959165580571
0.00443401280791
0.0041939271614
0.00417024828494
0.00416447222233
0.00210823817179
0.00260402099229
0.00340958591551
0.00488678412512
-0.0126045485958
-0.0267843566835
-0.0167214665562
-0.0103403348476
0.00656760903075
0.00541909364983
-0.00298123224638
0.000325169996358
-0.0151561591774
-0.0309111718088
-0.0277970787138
-0.00295660900883
0.00788916554302
0.00522867450491
0.0117068123072
0.00447541335598
0.000446995429229
0.00559982052073
0.00206079846248
0.000152282678755
0.000709663727321
0.00313767115586
0.00301922974177
0.00133450841531
0.00480223540217
0.00589193869382
0.0042985486798
0.00128695415333
0.000580690626521
0.000103011392639
-0.000970111577772
-0.000867462833412
-0.00177787232678
0.00065480847843
-0.000712777196895
0.00109637738205
0.00278026470914
-0.000333859788952
0.00545965554193
0.00346490764059
0.00264872005209
0.00362989632413
0.00205925945193
0.00623329309747
0.00227280776016
0.00288671790622
0.00433120084926
0.00202784943394
0.00531429471448
0.00480304006487
0.0015313832555
0.00320409773849
-0.000223042734433
-0.000141263066325
0.00454298406839
0.00226865545847
0.0015671934234
-0.00690711243078
-0.0159586258233
-0.015304078348
-0.00718558067456
0.00231143762358
0.00229690852575
0.00176587072201
0.00658529065549
-0.00114377925638
-0.0143437404186
-0.00549873011187
0.00326955853961
0.0052426205948
0.00555672449991
0.00219856970944
0.010058959946
-0.0213411226869
-0.0713804960251
-0.0671807155013
-0.0276038497686
0.00573003105819
-0.00355857773684
-0.00142432935536
0.00572888879105
-0.0048251147382
0.00137582980096
0.00276108901016
0.00829296000302
0.00759099517018
0.00810600630939
0.00911981798708
0.00384979997762
0.00315989507362
0.00367257860489
0.00360781047493
0.00207878812216
0.00572965340689
0.00262499158271
0.00563956284896
0.00293714227155
0.00177434098441
0.00413212692365
-0.00296572246589
0.00322770443745
0.00202074181288
-0.000349748908775
0.0019168080762
0.0014107999159
0.00389302382246
0.00167647667695
-0.000841196684632
-0.00202429667115
-0.00338170095347
-0.00135747483
-0.000405157508794
-0.0024565148633
-0.00344049232081
-0.00211342750117
0.000419752701418
-0.00108207110316
-0.00317830964923
-0.00144113181159
0.00174869492184
0.00533390557393
0.00609612651169
0.00763823557645
0.0109054641798
0.0117686456069
0.010296843946
0.00518750725314
0.00190019374713
-0.00101713091135
-0.00477141980082
-0.00372800417244
0.000104219303466
0.00287005421706
0.00130627606995
0.00668450677767
0.00752669293433
0.00692807137966
0.0112778842449
0.00546877924353
0.0168739836663
0.016206940636
0.00623604562134
0.0139335747808
0.0100647397339
0.0093399733305
0.00597094092518
0.00157427205704
0.00361843942665
-0.00360277225263
-0.00471447594464
-0.00558923138306
-0.00837708357722
-0.00446433899924
-0.00313769932836
-0.00223343539983
-0.00113703380339
0.000106394851173
0.00340392952785
0.00218108738773
-0.000423485966166
0.000549982592929
0.00218896009028
0.00028830053634
-0.00244003417902
-0.00186358578503
-0.00132421893068
0.00048690038966
0.00098685186822
-2.97031583614e-05
0.00298575661145
0.00421175034717
0.00103341520298
0.00166909291875
0.00469749327749
0.00511550996453
0.00216910708696
0.00119868980255
0.0028341403231
0.00319868791848
0.00293913134374
0.00220341561362
0.00249687419273
0.00321569573134
0.0031653738115
0.000238348409766
0.000445074721938
0.00506133772433
-0.00176111131441
-0.00999067444354
-0.0104517461732
-0.00425057206303
0.00599232874811
0.00106555700768
0.000160499505
0.00465635489672
-0.0258610211313
-0.0653266608715
-0.0571013130248
-0.016814276576
0.0082144588232
0.00410776399076
0.00159804220311
0.00750251347199
-0.00246217520908
0.00233086035587
0.00964941084385
0.00184969708789
0.00530495354906
0.000767382443883
-0.000971151690464
-8.30969074741e-05
-0.00624952698126
-5.17290573043e-05
-0.00345966103487
-0.0054333829321
0.00189962622244
-0.000318261299981
0.00118856795598
0.00294486922212
-0.00230871420354
-0.000460310489871
0.000287810660666
-0.0011823765235
0.00122268043924
0.00150328315794
0.00296430406161
0.00226109847426
0.0030764946714
0.00460238009691
0.000982048572041
-0.000958212651312
-0.00202713999897
-0.00358997657895
-0.00281932135113
-0.000633644871414
-0.00137950934004
-0.000230515594012
0.00279518729076
0.00265219528228
0.0017969495384
0.00508227571845
0.0059572388418
0.00453064870089
-0.00102238403633
-0.00949201732874
-0.0118366573006
-0.0126418564469
-0.00536899408326
-0.0017961881822
-0.00198079599068
-0.000316788034979
-0.00459033995867
-0.00583330681548
-0.0152604300529
-0.00815257709473
0.00620654923841
-0.000734695116989
0.00427706120536
0.00824705604464
0.00840925611556
0.00621798541397
0.00473471591249
0.0121108405292
0.00925827678293
0.00567211722955
0.00339621654712
0.00571330077946
0.00564267579466
0.00051218981389
-4.93622246722e-05
-0.00342145143077
4.30637628597e-05
0.000627760309726
-0.00569701613858
-0.00231995130889
5.29429562448e-05
-0.000548243289813
-0.00140708847903
-0.00418779114261
-0.00254445895553
-0.00503570027649
-0.006024136208
-0.00132810906507
-0.00110311422031
-0.000969561457168
0.00109001551755
0.00101994723082
0.00105883495416
0.00312573416159
-0.000438560760813
-0.00367023143917
-0.00106550869532
-0.00305289565586
-0.00216137082316
-0.00251567875966
-0.00233452557586
0.00180261302739
0.00253984564915
0.00369065324776
0.00241416762583
0.00707763945684
0.00937683228403
0.00875583104789
0.00578794116154
0.00782295595855
0.0077577107586
0.00102555938065
0.0116579169407
-0.0137329157442
-0.0511975325644
-0.0605965405703
-0.0413305163383
0.000676184718031
0.00748632056639
0.0038308929652
0.00389856193215
0.00211337464862
-0.000647560227662
-0.0064783715643
0.00147925829515
0.00188906968106
-0.000697122712154
0.00170205405448
0.000211370293982
-0.00464364979416
-0.0218301005661
-0.0302828531712
-0.0109513998032
0.00127427023835
-9.11023525987e-05
0.003346798243
0.00268019130453
0.00273639708757
0.00057282281341
0.00130209187046
0.00696042645723
7.75878943386e-05
0.00259165791795
0.00612919777632
-0.000286167429294
0.00331447436474
0.00100829696748
0.000113869202323
-0.002943941392
-0.0332459509373
-0.0778236463666
-0.130876928568
-0.200406849384
-0.253704965115
-0.189075574279
0.00880402140319
0.245372563601
0.439373463392
0.493489861488
0.340236157179
0.0832968503237
-0.0541718415916
-0.127663195133
-0.243004709482
-0.223371908069
-0.116361908615
-0.0729057714343
-0.0464655198157
0.0308707673103
0.125619739294
0.141245275736
0.157693684101
0.122123546898
-0.038753952831
-0.0558046251535
-0.0118437735364
-0.103934712708
-0.144510790706
-0.134962379932
-0.121993005276
0.00577601464465
0.164729520679
0.144363075495
0.0104292156175
-0.0705146566033
-0.0933518260717
-0.0312115177512
-0.0290006771684
-0.104565665126
-0.0857173204422
-0.118983462453
-0.125686243176
0.0169084630907
0.149160891771
0.276263386011
0.278175532818
0.112432427704
-0.0964387953281
-0.19903832674
-0.145833328366
-0.0935868322849
-0.0348165929317
0.0458096079528
0.149403601885
0.177542954683
0.0304893571883
-0.0872272402048
-0.0394727252424
0.0527930483222
0.0796231627464
0.0245903432369
-0.103598333895
-0.137665048242
-0.0297336634248
0.0805425569415
0.118386745453
0.0660498514771
0.0391423739493
0.000733069202397
-0.115657947958
-0.102965913713
-0.0107799442485
0.0170367360115
0.00304194400087
-0.0919516757131
-0.0808071941137
0.0923451557755
0.14777135849
0.0343871936202
-0.0629792362452
-0.0588612891734
-0.0503254532814
-0.0413853265345
-0.0357552990317
-0.0620743818581
0.0102974819019
0.130778878927
0.142374664545
0.0184149444103
-0.0937104970217
-0.0220133978873
0.0801149979234
0.118302926421
0.0830822736025
-0.0617094598711
-0.0934758037329
0.00707798684016
0.0472280308604
0.0230803340673
-0.0276099257171
-0.091302536428
-0.148035883904
-0.0642684102058
0.116667583585
0.141329243779
0.0891787856817
0.00126900698524
-0.142255872488
-0.165040835738
-0.11605450511
-0.102468654513
0.0114138573408
0.181057170033
0.0764077678323
-0.0172186940908
0.126574411988
0.0362340286374
-0.0975234657526
-0.0268404893577
-0.0317893512547
-0.0532690323889
-0.085944801569
-0.196408763528
-0.150551810861
0.0513082109392
0.0691262036562
-0.0503690764308
-0.0232017859817
0.0810388401151
0.189345449209
0.20606777072
-0.0102487886325
-0.22417190671
-0.190708488226
-0.0176944546402
0.102567106485
0.133536309004
0.115605004132
0.142490446568
0.267136454582
0.282491624355
0.17404410243
0.196843028069
0.247844815254
0.191693112254
0.116544380784
-0.120824314654
-0.490675866604
-0.713545799255
-0.874261856079
-0.799728751183
-0.165478214622
0.393673330545
0.309080809355
0.101996965706
0.13655783236
0.185319617391
0.219919428229
0.0939522311091
-0.0713808164001
0.229188516736
0.4914239645
0.308052629232
0.085938423872
-0.265835255384
-0.715370476246
-0.837437033653
-0.730211436749
-0.621796309948
-0.303176522255
0.129775628448
0.370529323816
0.698729872704
1.00753414631
0.711744070053
0.114290602505
-0.177935540676
-0.124541409314
0.223941162229
0.371277183294
-0.14029891789
-0.556249976158
-0.542712986469
-0.417286783457
-0.157141044736
-0.114312760532
-0.221559643745
-0.0279900524765
0.278515040874
0.424024671316
0.422190397978
0.434899836779
0.347521066666
0.0426398143172
-0.192438185215
-0.349447309971
-0.467830479145
-0.306363344193
0.0183393657207
0.345665931702
0.71946233511
0.90995246172
0.662359058857
0.184313938022
-0.240423753858
-0.434159487486
-0.281474202871
-0.0443605259061
0.0809510201216
0.00497990660369
-0.27283462882
-0.414542347193
-0.353229135275
-0.215578824282
-0.106187865138
-0.156209751964
-0.200942799449
-0.0990197658539
-0.0621562227607
-0.246910467744
-0.43226864934
-0.385101556778
-0.207615181804
0.104850925505
0.45439401269
0.390837907791
0.0400062426925
-0.138052165508
-0.0768351480365
0.0831303671002
0.137643560767
0.107613347471
0.0589743927121
-0.109684489667
-0.263240814209
-0.191136300564
-0.0405825413764
0.00740833859891
0.123583607376
0.311961293221
0.317447245121
0.15888696909
0.041223667562
0.0562671609223
0.110616475344
0.202322274446
0.29785066843
0.19842094183
0.0674704685807
0.0276731085032
-0.00814934447408
0.068784058094
0.0438081435859
-0.106450498104
-0.0509235113859
-0.137321189046
-0.449630349874
-0.512795686722
-0.343351900578
-0.0752054899931
0.187654912472
0.213493123651
0.0880483612418
0.0530356243253
0.0474383495748
0.00905936211348
0.0681113749743
0.158978998661
0.0695756673813
-0.100932896137
-0.133224412799
-0.0674442648888
-0.0443969145417
-0.00590736698359
0.176606833935
0.25405561924
0.0800811424851
-0.140049338341
-0.212947547436
-0.110847428441
-0.0753949657083
-0.0746358260512
-0.0735416561365
-0.178026095033
-0.126588866115
0.0477611199021
0.142238810658
0.267731785774
0.345717847347
0.277273267508
0.168982371688
0.0328116156161
-0.0588404014707
-0.069326557219
-0.183087393641
-0.27272734046
-0.137620523572
-0.118229165673
-0.24353608489
-0.183957502246
-0.108641512692
-0.0147466389462
0.163788869977
0.133998379111
-0.0505192317069
-0.0601430498064
0.0351202078164
0.0508389472961
0.145803406835
0.10715290159
-0.0187738500535
0.0696772933006
0.0936322212219
-0.0209497436881
-0.0799546167254
-0.0181427821517
0.0734799355268
0.0816001147032
-0.128555014729
-0.275211960077
-0.137614414096
0.0174630600959
0.131474331021
0.1206304878
0.0066840662621
0.0188704077154
0.0914926230907
0.046164367348
-0.0235312376171
-0.00908580888063
0.137679174542
0.212383210659
0.0805498063564
-0.00800114311278
-0.0245015118271
-0.0711195990443
-0.110101871192
-0.107667014003
-0.103965058923
-0.11145927757
-0.0536779873073
0.031516470015
0.0525070130825
0.051437176764
0.00486141024157
-0.0777541846037
-0.0885122492909
0.0250926259905
0.0959987789392
0.0652819350362
0.0336058028042
0.0582502037287
0.0551404729486
-0.0585312917829
-0.146579384804
-0.172699138522
-0.161430612206
-0.0554387047887
0.0794040262699
0.0212161578238
-0.0255885291845
0.00310370908119
-0.0509073473513
0.0250920597464
0.0565837025642
-0.0502785108984
0.0222114883363
0.108487404883
-0.00036125301267
-0.046651661396
-0.0267368014902
-0.0136478915811
0.119254827499
0.061067737639
-0.151195585728
-0.0593251101673
0.0593613944948
0.0481909327209
0.0566938333213
-0.0640869289637
-0.0635087639093
0.0529373921454
0.00658425083384
0.0197035074234
0.10590864718
0.169657304883
0.207139804959
0.079903781414
-0.0682931914926
-0.0815287604928
-0.0976647213101
-0.106923609972
-0.160919070244
-0.213156610727
-0.105455137789
-0.0057796840556
-0.0234102681279
-0.00500646606088
0.0538476072252
0.0402178578079
0.0526189431548
0.0175561793149
-0.0562313310802
-0.00934212002903
0.0284224469215
-0.0412123315036
-0.0583154223859
0.00156250002328
0.0279885139316
0.0075783659704
0.00942500680685
0.0781177356839
0.0883804932237
0.0141929956153
0.00606851885095
-0.00953430496156
-0.0538535602391
-0.0387856438756
-0.0151614453644
-0.00440028775483
0.0815459117293
0.154532656074
0.10013025254
0.0553840734065
0.0334203988314
0.0359217450023
-0.0153546724468
-0.0595736056566
0.0410180203617
0.162898495793
0.189954444766
0.0797731056809
-0.0446834489703
-0.124271534383
-0.153658241034
-0.134275853634
-0.186564192176
-0.214747831225
-0.153004199266
-0.114308856428
-0.0564229525626
-0.00103873491753
0.0982063636184
0.18638715148
0.150609582663
0.0882450565696
-0.0529086962342
-0.130644544959
0.0117330979556
0.119703784585
0.00924932397902
-0.0682560652494
-0.0432429760695
-0.0685805305839
-0.0748600587249
-0.0329440534115
-0.00456295069307
0.0338601544499
0.0906281918287
0.0399481169879
0.0232046302408
0.0131129324436
-0.0459154546261
-0.0110137537122
0.0369653701782
0.077939979732
0.0765495970845
0.0810178220272
0.101701959968
0.0581756569445
-0.0294788181782
-0.0352844856679
0.0778469592333
0.140141844749
0.0336900651455
-0.151221871376
-0.148180112243
-0.000388835411286
0.092283681035
0.0703770145774
-0.00230871443637
-0.0318144783378
-0.0776913017035
-0.0678419396281
-0.024328654632
-0.0608771778643
-0.0915794447064
-0.0320949777961
0.0365157015622
0.00450455816463
-0.0311729051173
-0.0631475299597
-0.0901175439358
-0.026060551405
0.023056903854
0.0728437155485
0.115285076201
0.0682398602366
0.0293696392328
-0.00414370559156
-0.0513157695532
-0.0765489712358
-0.0826483815908
-0.0689659118652
-0.0527238287032
-0.0015441357391
0.0490600541234
0.013884912245
-0.0413276739419
-0.0462888740003
-0.0157094094902
0.0186687596142
0.0218307897449
0.00312327337451
-0.030654925853
-0.0435453243554
-0.0176560785621
-0.000561514287256
0.000383212871384
-0.00913734640926
0.0357724018395
0.080374032259
0.0309169404209
-0.0135721880943
-0.0402719452977
-0.0282538197935
0.0550413839519
0.11124894768
0.116132885218
0.114157579839
0.0989020168781
0.0368460007012
-0.00493216980249
-0.0369054488838
-0.104316741228
-0.0898728445172
-0.0087304469198
0.0241215340793
0.0593912266195
0.117742210627
0.0994791686535
0.0529546327889
0.0232865493745
-0.00470140995458
-0.0194923710078
-0.0156870894134
0.0471808984876
0.0931622385979
0.0800755470991
0.0413814708591
-0.0213507562876
-0.0296471286565
0.003778062528
-0.00365375634283
-0.00883751735091
-0.0250413008034
-0.0921005308628
-0.120155654848
-0.0808627828956
-0.0342375710607
-0.0139481108636
0.00700923474506
0.0165445432067
-0.0198267083615
-0.036133993417
-0.0229324381799
-0.00923469662666
0.00742016313598
0.00730392150581
-0.00981997139752
-0.0166262406856
-0.0191091541201
-0.0243812706321
-0.0109080048278
0.0171939581633
0.0262282751501
0.00176426162943
-0.0364682413638
-0.0135712269694
0.0488812960684
0.0174078345299
-0.068163625896
-0.0546341314912
-0.0051065646112
-0.0132419411093
-0.0318909622729
-0.0458604544401
-0.0379847474396
0.00283657782711
0.00725481379777
0.00216635642573
0.0448873490095
0.0788217782974
0.0512356795371
-0.0216884873807
-0.0510796532035
-0.0122889550403
0.0370385609567
0.0563606806099
0.0534002408385
0.0340384505689
0.00269645056687
0.00530505739152
0.0462294220924
0.0406075567007
-0.0103258648887
0.00181373243686
0.0403397679329
-0.0150161748752
-0.0711322575808
-0.00957975629717
0.0792787671089
0.0893023088574
0.040969196707
-0.00291568273678
-0.0133510725573
-0.0101318405941
-0.0253900364041
-0.0735844448209
-0.097045019269
-0.0408262610435
0.000423750869231
-0.0310794282705
-0.0557235218585
-0.0463217794895
-0.0218783542514
-0.0052284039557
-0.00650946097448
0.0215098895133
0.0473438538611
0.0320580266416
0.0112257665023
-0.0347137227654
-0.0652380138636
-0.0147636346519
0.0294040776789
0.0304829441011
0.0318906679749
0.0365310758352
0.0483691245317
0.0280724652112
0.0184413362294
0.0490880608559
0.0494551211596
0.0296874996275
-0.0135416667908
-0.0244088899344
0.0289839059114
0.0616500675678
0.0637971907854
0.0290580429137
-0.0180385410786
-0.00600537611172
-0.0137513605878
-0.075216576457
-0.0849345251918
-0.0768508911133
-0.0892099887133
-0.0545277521014
0.0190198626369
0.0794372707605
0.0826822966337
0.0439202338457
0.0283686593175
-0.00697079533711
-0.0821180269122
-0.0859185606241
-0.0190145019442
0.0230609532446
0.0417742580175
0.0570339523256
0.0575990192592
0.0752749815583
0.0610457658768
-0.0282101929188
-0.0897150337696
-0.0477481745183
-0.0365247540176
-0.0899487137794
-0.0365001931787
0.0370130874217
0.057466480881
0.0493940711021
0.0026802290231
0.00653346953914
0.0313866585493
-0.00133307487704
-0.0343440547585
0.00252567697316
0.0272103194147
0.0311663262546
0.0167853441089
-0.0452130772173
-0.0236498955637
-0.00997870322317
-0.0212783887982
0.00806332845241
-0.00602855114266
-0.0016329648206
0.0390147678554
0.0487978458405
0.0677194222808
0.0726565942168
0.00087083352264
-0.0420220717788
-0.0645939409733
-0.0743485614657
-0.00497814826667
0.01693322137
-0.0182233247906
0.00375959207304
-0.0239969268441
-0.0595875270665
0.0216599740088
0.0813097655773
0.0692980289459
0.00219884584658
-0.0527823679149
-0.0438081622124
-0.020449815318
-0.000325682223774
0.0316142477095
0.0562178604305
0.0246177017689
-0.0159430801868
-0.0417388342321
-0.0633912757039
-0.0263148061931
0.0738538727164
0.136868432164
0.089990131557
0.0021882019937
-0.0543586462736
-0.0771683454514
-0.0915846452117
-0.10608599335
-0.0630603134632
0.0152909122407
0.0395027957857
0.0470524802804
0.0594796799123
0.0835006386042
0.0861341431737
0.0142898550257
-0.0127347065136
0.00449984706938
-0.0247882623225
-0.00731954909861
0.00208333344199
-0.000703236088157
0.0558074079454
0.0616497918963
-0.000473918393254
-0.0670322626829
-0.0413502641022
0.0274398382753
0.0571743659675
0.0267781820148
-0.000261989596765
0.0262888316065
0.0334293060005
0.0323463454843
-0.00769748073071
-0.0588765740395
-0.0312008690089
0.0172661077231
0.00682839844376
0.00661881035194
-0.00656217569485
-0.053924292326
-0.0458267219365
-0.0246150773019
0.00480075273663
0.043111436069
0.0163861084729
-0.0211582444608
-0.0203998312354
-0.0183227099478
-0.00477135321125
-0.0255612451583
-0.0396728627384
-0.0124713182449
-0.0205340925604
-0.0228251814842
-0.0199748463929
-0.00832392927259
0.010254977271
0.0125217679888
0.0161775555462
0.0078135849908
0.0476928763092
0.0635895058513
0.00956906098872
0.0115790795535
0.0249094124883
0.00492427637801
-0.029227251187
-0.0534781217575
-0.0288031809032
0.0178921651095
0.0780457705259
0.0728238672018
0.0080931680277
-0.00702549051493
-0.0169282462448
-0.0251832287759
-0.0309877004474
-0.0277485921979
0.010925013572
0.0167349223047
0.032263468951
0.049189787358
0.0309763550758
0.0215853750706
0.00263747386634
-0.0161898396909
-0.0291627589613
-0.0140127260238
0.0124543877319
0.0181205607951
0.0401889942586
0.0215572677553
-0.0195723846555
-0.0208217930049
-0.0165939331055
0.00535770179704
0.0214401390404
0.0177776459605
0.0185116212815
0.00314969965257
-0.00153918680735
0.00378161272965
-0.00108102988452
0.00149294966832
0.00878698378801
0.00904594827443
-0.00716996425763
-0.0339508168399
-0.0521174408495
-0.0376419275999
-0.0163710657507
-0.0172522161156
-0.0228339415044
-0.00713318586349
0.019206289202
0.0212507490069
0.0096093127504
0.0240771919489
0.0447112359107
0.0299561657012
0.0395577996969
0.049501594156
0.0396279916167
0.0538961589336
0.0295242276043
-0.0038595974911
-0.00940271560103
-0.0211240649223
-0.0474041216075
-0.0705557912588
-0.062625169754
-0.041415527463
-0.0193710625172
-0.011731127277
-0.0123767685145
0.00385100161657
0.0218670237809
0.0276290774345
0.052369851619
0.0673419088125
-0.000766015786212
-0.0720125958323
-0.0687033832073
-0.0257654078305
0.0162205975503
0.000392883957829
-0.038879673928
-0.0210666917264
-0.0285109896213
-0.0704984217882
-0.045702829957
-0.0192677080631
-0.0235223583877
0.00281683378853
0.0550422817469
0.0456529259682
-0.0150127541274
0.00148939026985
0.0186442639679
-0.0117057450116
-0.0208453685045
-0.0130898021162
0.0326663926244
0.0512988306582
0.00417606066912
-0.0349829867482
-0.0443462915719
-0.0452449359
-0.0329699106514
0.0204712897539
0.0626938790083
0.0652116835117
0.0521067976952
-0.0120290461928
-0.0719524249434
-0.0406308658421
0.00678736623377
0.0103671494871
0.00335896085016
-0.000161330681294
0.00010063785885
-5.8338202507e-05
0.0
0.0
0.0
0.0
0.0
0.0
0.0
0.0
0.0
0.0
0.0
0.0
0.0
0.0
0.0
0.0
0.0
0.0
0.0
0.0
0.0
0.0
0.0
0.0
0.0
0.0
0.0
0.0
0.0
0.0
0.0
0.0
0.0
0.0
0.0
0.0
0.0
0.0
0.0
0.0
0.0
0.0
0.0
0.0
0.0
0.0
0.0
0.0
0.0
0.0
0.0
0.0
0.0
0.0
0.0
0.0
0.0
0.0
0.0
0.0
0.0
0.0
0.0
0.0
0.0
0.0
0.0
0.0
0.0
0.0
0.0
0.0
0.0
0.0
0.0
0.0
0.0
0.0
0.0
0.0
0.0
0.0
0.0
0.0
0.0
0.0
0.0
0.0
0.0
0.0
0.0
0.0
0.0
0.0
0.0
0.0
0.0
0.0
0.0
0.0
0.0
0.0
0.0
0.0
0.0
0.0
0.0
0.0
0.0
0.0
0.0
0.0
0.0
0.0
0.0
0.0
0.0
0.0
0.0
0.0
0.0
0.0
0.0
0.0
0.0
0.0
0.0
0.0
0.0
0.0
0.0
0.0
0.0
0.0
0.0
0.0
0.0
0.0
0.0
0.0
0.0
0.0
0.0
0.0
0.0
0.0
0.0
0.0
0.0
0.0
0.0
0.0
0.0
0.0
0.0
0.0
0.0
0.0
0.0
0.0
0.0
0.0
0.0
0.0
0.0
0.0
0.0
0.0
0.0
0.0
0.0
0.0
0.0
0.0
0.0
0.0
0.0
0.0
0.0
0.0
0.0
0.0
0.0
0.0
0.0
0.0
0.0
0.0
0.0
0.0
0.0
0.0
0.0
