0.0
-3.45039666172e-06
0.00172020657919
0.001174095436
0.000110032153316
-0.00324391154572
-0.0037905133795
-3.0158285881e-05
-0.00270092696883
0.000173174397787
0.00268328166567
0.00451844278723
0.00881139189005
0.00721794040874
0.00534448027611
0.00568439252675
0.00463613774627
0.00190215138718
0.00084895332111
0.00282599823549
0.00267941155471
0.00226104562171
0.000335400021868
-0.0030828693416
-0.00226713879965
-0.00433359574527
-0.00567045109347
-0.00158440787345
0.00115915131755
0.00227241613902
0.00569944316521
0.0058112773113
0.0051566590555
0.00528524117544
0.000661640660837
0.00112483242992
0.00285756657831
-4.21898439527e-05
0.00116661482025
-0.000819225271698
-0.000173509237356
-8.51835357025e-05
-0.00210211169906
-0.000576009973884
-0.00233227177523
0.000424664176535
0.00217026448809
-0.000270695396466
-0.000576368882321
0.00304849701934
0.00102057238109
-0.000546272960491
-0.00201159948483
-0.00236592302099
-0.00309104379267
-0.00487389555201
0.00117497716565
-0.00138191168662
0.00291130063124
0.00018000898126
-0.000555720587727
-0.00339347054251
-0.00368194421753
-0.00183069880586
-0.00486929994076
-0.00115266290959
-0.000273541605566
0.00252158008516
0.00155979092233
0.00882150605321
0.00276171602309
0.00475423410535
0.00427988683805
0.00208229897544
0.00188735092524
-3.40244660038e-05
0.0015216844622
-0.00303191761486
-0.0032607067842
-0.00432846043259
-0.00540856132284
-0.00116031698417
-0.00197768467478
-0.000772711646277
0.00353540363722
-0.00174982903991
0.00161570566706
-0.000171332212631
-0.00287183560431
-0.00403458205983
-0.00339152873494
-0.00421489961445
-0.00231148302555
-0.0015682252124
-0.00149041227996
0.000617283629254
0.000505073578097
0.0020079978276
-0.00372139550745
0.00484456121922
0.00236024009064
0.0024808330927
0.000654454634059
0.00202398002148
-0.0101137878373
-0.0141330882907
-0.00843081902713
0.0102926697582
0.014963154681
0.0130792586133
0.0038514630869
-0.0119165498763
-0.017730852589
-0.0110557880253
-0.0132393836975
-0.0109313409775
-0.0107117630541
-0.0180928502232
-0.00979827065021
-0.00143971689977
0.00262659299187
0.00329592009075
0.00199221726507
-0.00524669187143
-0.0127664227039
-0.00167944747955
0.000489271304104
-0.00255130650476
-0.00520767923445
-0.0146643519402
-0.0218482352793
-0.00546036893502
-0.000580665131565
-0.00514142308384
-0.00328047713265
-0.0125242564827
-0.0117501318455
-0.00177108414937
-1.59171395353e-05
-0.00105869665276
-0.00125909608323
-0.00650961464271
0.00279278494418
0.00072190258652
0.00374048878439
0.00414758408442
0.00489876233041
0.00627194577828
0.00874422769994
0.00620069168508
0.00398343615234
0.00749279558659
0.00103014754131
-0.00220952718519
-6.25614775345e-05
0.0021055820398
0.00295041315258
0.00194950180594
-0.000503361341543
-0.00502519309521
-0.00595463113859
-0.00610213866457
-0.00294381566346
-0.000937986478675
-0.00230387225747
-0.0057380143553
-0.00512266997248
-0.0116367386654
-0.0156875606626
-0.00688391597942
0.0255791042
0.0535854995251
0.0478898584843
0.0172784160823
-0.0194909907877
-0.0299134068191
-0.010646588169
0.0259365998209
0.0206472426653
0.0100244134665
-0.02517519705
-0.0173249579966
-0.0129069499671
-0.00672375177965
0.0118197482079
0.0123268719763
0.00730284396559
-0.0209666453302
-0.00707041705027
-0.00933415442705
-0.0023870493751
-0.00863396842033
-0.00847204215825
0.00660825148225
-0.00199956260622
-0.00307691143826
-0.00538242561743
-0.0214474853128
-0.0214570276439
0.0156713686883
0.0273076705635
0.0141434855759
0.00125473667867
-0.0522576458752
-0.042838934809
-0.00325771491043
0.0275143291801
0.0381644964218
-0.0134336715564
-0.0378336943686
0.00190421519801
0.0177270285785
-0.00436932826415
0.0149855911732
0.00311607751064
-0.0301672983915
-0.0170496925712
-0.0155466319993
-0.00295274169184
0.0103834029287
0.00847497303039
-0.0305172130466
-0.0428955666721
-0.00267872610129
0.00351555645466
0.0122574577108
0.0146935032681
-0.0254797209054
-0.0273168254644
-0.00473903864622
-0.00596925802529
-0.028822356835
0.00307765975595
0.0390291884542
0.0458541251719
0.0130854509771
-0.00549188349396
-0.0170321837068
-0.0474858880043
-0.0502483397722
0.00710796285421
0.0689239129424
0.0332734584808
0.00946045387536
0.00190126243979
0.0105869024992
-0.0169660393149
-0.0419399105012
-0.00387863628566
0.0184438042343
-0.00308319600299
-0.00429181894287
0.0394512787461
0.00699039502069
-0.019330855459
0.0241755880415
0.0056966021657
-0.0289879571646
-0.0406435914338
-0.0353407114744
0.0198207646608
0.0470092631876
0.0347245968878
0.0011339696357
0.000636749784462
-0.00795970484614
0.00591495726258
-0.0139463320374
-0.0203311108053
0.00565992249176
0.0538667626679
0.0319966375828
0.0153745096177
0.012112563476
0.0242736954242
0.0363277755678
0.0530259348452
0.00631188089028
-0.0562997162342
-0.0821765214205
-0.0591331720352
-0.0727210491896
-0.0487485080957
-0.00247685681097
0.0602499693632
0.0573955886066
0.0398083478212
0.031538002193
0.0129226446152
-0.0134373763576
-0.060209877789
-0.0808453932405
-0.0578678064048
-0.00830987654626
0.0166278537363
0.00728979380801
-0.0176196806133
0.0172117352486
0.0426821894944
0.0451368279755
0.0549380145967
0.0469809621572
0.0327875204384
0.0545151978731
-0.0370235927403
-0.117566414177
-0.0617172457278
-0.0150454798713
-0.00520386733115
-0.0075934259221
0.0114900171757
0.0530259348452
0.0497716218233
0.045016605407
0.0563151575625
0.0182907544076
0.00870344787836
-0.0182144604623
-0.00246835546568
0.026220055297
0.0309737864882
-0.00463318312541
-0.00505190668628
0.0130132809281
0.011744662188
0.0302277300507
-0.0148024130613
-0.0438144132495
-0.0624216012657
-0.0435756184161
-0.00983480829746
-0.0485648959875
-0.0148967709392
-0.013850223273
0.00158686935902
-0.00199283380061
-0.0139681035653
0.00456148106605
-0.00478983577341
-0.00472953170538
-0.00916795060039
3.32847957907e-05
0.0327566117048
0.0103746401146
-0.0048016239889
-0.0352801978588
0.0028180279769
0.00146584270988
0.0105857187882
0.0211685243994
0.0582071579993
0.081016227603
-0.011435312219
-0.0577374026179
-0.0351927131414
-0.00429819570854
0.037751108408
0.0458662100136
0.0386137664318
0.023639800027
0.024047575891
0.00050699984422
-0.0346975177526
-0.0246285740286
0.00689965859056
-0.0065863863565
-0.0200587604195
0.01366829779
0.0050625517033
-0.0150088733062
-0.00381052098237
-0.000902148196474
0.0191598124802
0.00491531100124
-0.0150583321229
-0.00747737009078
0.0184438042343
0.0326539315283
-0.00784053467214
-0.0232785604894
-0.0278621148318
-0.00796795729548
-0.00806582067162
-0.0180769059807
-0.0298917535692
-0.0124221108854
0.0169540941715
0.0261407960206
0.0370174497366
0.0158496722579
0.0145914666355
0.0190462898463
0.00039282644866
-0.0500584244728
-0.0558691956103
-0.0338934622705
0.00151473761071
0.0051016616635
-0.0127956392244
-0.00262279715389
0.0319821238518
0.0305383820087
0.0386197939515
-0.00224436749704
-0.012832319364
-0.0155619597062
-0.0168036799878
0.00204639951698
0.0122690256685
0.0114288441837
-0.00278052873909
-0.00719491392374
-0.0317489281297
-0.00555221829563
0.0179964099079
0.0132888378575
0.0127022741362
0.00247559859417
0.0193930957466
0.0243988260627
0.0150542920455
-0.000703595171217
-0.0153863253072
-0.00518047530204
-0.00383229390718
0.00556207401678
0.00970860105008
0.0135762272403
0.0134801156819
-0.00758025282994
-0.0141330808401
-0.00408565113321
0.0172910671681
0.0135084856302
0.00187857251149
-0.0201483108103
-0.0265014376491
-0.00857659149915
-0.0116924410686
-0.00988595932722
0.00988375209272
-0.00417845556512
-0.0125799058005
-0.0160969980061
-0.0021301812958
0.00984947197139
0.0211802572012
0.0201023649424
0.00866837333888
0.00745244277641
-0.0145364757627
-0.000344685191521
0.0148139456287
0.00404194649309
0.0148737616837
0.00191904045641
0.00600413186476
0.00667040655389
-0.00426000915468
0.00743674207479
0.00803657155484
0.00658766226843
-0.0175837315619
0.0161383282393
0.02424855344
0.00595319503918
0.00631187995896
0.00869360566139
-0.0237732697278
-0.0347793735564
-0.00947975274175
-0.00900547485799
-0.00759443454444
-0.0079529536888
-0.0135238301009
-0.000127029023133
-0.0040315259248
-0.00947673432529
-0.00499966647476
-0.00127653160598
-0.0123244337738
0.00718774786219
0.0178023856133
-0.0103078745306
-0.000375178497052
-0.00888774823397
-0.00586024811491
-0.00187314010691
0.0161383282393
-0.00420050229877
-0.0039565898478
-0.019464969635
-0.021438755095
0.000142088101711
-0.00218703434803
-0.00381391006522
0.0184768512845
0.00300622475334
-0.0238873455673
-0.0173825249076
0.00248436885886
-0.0050753839314
0.0118202986196
-0.0154213095084
-0.0118176816031
-0.00809959601611
0.00321599189192
0.0144924642518
0.0018386663869
-0.0160991083831
-0.035727865994
-0.0208911299706
-0.00812032260001
-0.0105274897069
-0.0104145929217
-0.00979827065021
0.00744723947719
0.019679877907
0.0134745994583
-0.00199797912501
-0.019111322239
-0.00760472007096
0.00462479330599
-0.00204267189838
0.00819451641291
0.00853534787893
0.00804999098182
0.0119007425383
0.0111144892871
-0.00635586911812
0.0161411669105
0.013758815825
-0.0102149797603
0.00214848201722
0.00673712231219
0.0119841117412
0.00998271815479
0.00407095812261
0.00233025779016
0.00305433315225
0.00736550521106
0.00236725527793
0.00633020419627
-0.00403458205983
-0.00303142378107
0.00951411575079
-0.00438475701958
0.00125199789181
-3.71601709048e-06
-0.00021090231894
-0.000971996516455
0.00470852572471
-0.00278873718344
-0.00643874378875
-0.000675205257721
-0.00320538482629
-0.00868291314691
-0.0101248146966
-0.0208746269345
0.00217443075962
0.00959362462163
0.00734929693863
0.00196425849572
-0.00593550177291
-0.00538173969835
-0.00846607610583
0.00254526082426
-0.00567994592711
-0.00241000344977
0.00377680873498
-0.00228769890964
-0.00437468662858
-0.0200742464513
-0.0132593745366
-0.00742660602555
0.0151397753507
0.0111460722983
-0.00371687742881
-0.00734839960933
-0.00794506724924
0.0177383404225
0.0170053932816
0.00110102712642
-0.0146252512932
-0.0161673035473
-0.0163698773831
0.0
0.00778876803815
-0.000197016590391
0.00336140044965
0.0100034205243
-0.00299010938033
-0.00278035155497
-0.00648974534124
0.00462923338637
0.00363012286834
-0.0142514444888
-0.0321653150022
-0.017045179382
0.00404130714014
-0.00359651749022
-0.00911952648312
-0.0190995819867
-0.00808758381754
0.00320449052379
-0.00210917880759
-0.00937706325203
-0.0088474182412
-0.0132084302604
4.93280676892e-05
0.00890340283513
0.00789443776011
-0.00286337174475
0.00134474539664
-0.00101876247209
-0.00351010472514
-0.00685252342373
-0.00141973653808
0.00283991522156
0.0176642537117
0.0100187445059
-0.00583176547661
-0.0113936625421
-0.0524495691061
-0.129521369934
-0.218905135989
-0.230164796114
0.00380229018629
0.311689794064
0.453131556511
0.32646292448
0.00913284439594
-0.173996835947
-0.253537505865
-0.102799475193
0.135800868273
0.162680774927
0.0855519622564
-0.0953209847212
-0.175725758076
-0.0790591090918
-0.124775663018
0.00183326960541
0.15668900311
0.275503456593
0.049331061542
-0.0981961861253
0.000404700287618
-0.114170871675
-0.271840453148
-0.184092208743
0.105228610337
0.175766438246
-0.162458851933
-0.180979833007
0.0314491130412
0.016962852329
-0.00773989409208
0.165153846145
0.269974827766
0.163921177387
0.208464592695
-0.374498337507
-0.382607758045
-0.0661453008652
0.0781930461526
0.325233757496
0.0868856683373
-0.360715538263
0.181304872036
0.271457761526
-0.13204215467
-0.012796074152
0.164242193103
-0.145020112395
-0.245479553938
-0.0101923532784
-0.0409408956766
0.209270820022
0.17444011569
-0.021635197103
-0.339843958616
-0.234800264239
0.363850295544
0.134647995234
-0.070441044867
-0.133894696832
-0.0224732719362
-0.163848400116
-0.0609783492982
-0.205604434013
-0.252145767212
0.394509285688
0.694522798061
0.39920014143
0.0232997424901
-0.155234277248
-0.266941189766
-0.624394059181
-0.418042182922
0.193659946322
0.717936873436
0.235552489758
-0.0994844511151
-0.00344674428925
0.158502563834
-0.29294988513
-0.583918392658
0.086353302002
0.288743406534
0.126017704606
0.176808550954
0.230050444603
-0.0777179896832
-0.0610368065536
0.0174398943782
-0.186732888222
-0.344268381596
-0.502648055553
-0.0489299930632
0.483830213547
0.491670310497
-0.0497406236827
-0.125912800431
-0.00324644055218
0.0363112390041
-0.239298030734
-0.285821765661
0.180019631982
0.446715086699
0.483221113682
0.262539744377
0.190165102482
0.184024065733
0.422421634197
0.560837328434
-0.294078350067
-1.04279613495
-0.938627958298
-0.774570763111
-1.00371074677
-0.172549203038
0.747518181801
0.9827491045
0.827771246433
0.270605266094
0.123788014054
0.0135749755427
-0.419675171375
-1.09986948967
-1.09106624126
-0.578492164612
-0.128059029579
0.356095016003
0.232874825597
0.369774699211
0.202799335122
0.245335564017
0.589597523212
0.585093200207
0.17432500422
0.538726389408
0.117849692702
-1.61174404621
-1.02484405041
-0.125656753778
-0.106733128428
-0.241991594434
0.102872796357
0.785709679127
0.775114774704
0.400095880032
0.367930322886
0.668916642666
0.238801091909
-0.195844873786
-0.0892919823527
0.152448952198
0.295100867748
0.379721939564
0.183344498277
-0.0628701299429
-0.065715007484
0.119054973125
0.115317344666
-0.192087650299
-0.412979930639
-0.671624481678
-0.720338284969
-0.477860152721
-0.505393028259
-0.436587244272
-0.133145317435
-0.184157669544
-0.205946028233
-0.0171925034374
-0.0482728406787
0.143832042813
0.153323248029
-0.0830700471997
-0.220454439521
-0.151731997728
0.189492061734
0.408069163561
0.256932616234
-0.118393465877
-0.393692433834
-0.167207539082
0.114565782249
0.0405829101801
0.144088208675
0.510204911232
0.837590456009
0.962851881981
0.37324231863
-0.572236061096
-0.646200180054
-0.271577835083
0.0804904177785
0.481446355581
0.495673894882
0.36009696126
0.443634748459
0.341583192348
0.100152269006
-0.0802208706737
-0.314738512039
-0.404458403587
-0.422297388315
-0.266398131847
-0.104193247855
-0.159594148397
0.0341221094131
0.319308370352
0.0543603859842
-0.176010012627
-0.089843288064
-0.0623392425478
0.125310316682
0.161751300097
-0.169210582972
-0.154982492328
0.183574914932
0.353402614594
0.189127221704
-0.103446342051
-0.362201094627
-0.502233088017
-0.131637468934
0.106973834336
0.0117607237771
-0.114703550935
-0.370387107134
-0.247322767973
0.178057000041
0.330801039934
0.290059328079
0.284900426865
0.184891596437
0.282495737076
0.117328308523
-0.381979227066
-0.866516649723
-0.797364771366
-0.280138522387
0.0253602303565
0.0888490825891
0.092486962676
0.154903367162
0.380781203508
0.303452521563
0.286288529634
-0.0330094248056
-0.22362869978
-0.0677482113242
-0.148487702012
-0.0568891651928
0.0561968684196
0.0260564256459
0.0827613249421
-0.0699182078242
-0.106090910733
-0.1298969239
-0.0439285673201
0.115269638598
0.0453470498323
0.166552826762
0.136700376868
0.137145265937
0.327123701572
0.269278198481
0.110157415271
0.0356828980148
-0.178646475077
-0.226105853915
-0.0581622906029
-0.083987981081
-0.100864551961
0.00251895328984
0.0376073233783
0.0703325644135
0.198499217629
0.225321337581
0.0229533910751
-0.159230783582
-0.131420969963
-0.0471225269139
0.00630867527798
0.0954224765301
0.190711006522
0.205286875367
0.153945475817
0.0714516565204
-0.0660912171006
-0.23811519146
-0.324752569199
-0.240186989307
-0.0813331753016
-0.00636719539762
-0.0288979131728
-0.0179446078837
0.0830586403608
0.172664865851
0.139695286751
0.0242307595909
-0.0764928609133
-0.158465310931
-0.252042919397
-0.300322681665
-0.207332894206
-0.0261044744402
0.103025212884
0.113678812981
0.0732962712646
0.0539361834526
0.0360761992633
0.00345821329392
0.0170554537326
0.0864949673414
0.0835441201925
0.0142765333876
0.0126480376348
0.0190417282283
-0.0852070227265
-0.0917841568589
0.0707413777709
0.139967948198
0.0256296470761
-0.0634323209524
-0.0822095870972
-0.113915674388
-0.120894163847
-0.0201236344874
0.0716464519501
0.0909353941679
0.0865871533751
-0.00643393117934
-0.0697200149298
0.140277683735
0.380845636129
0.326613247395
0.138301074505
0.0622136332095
0.0566852018237
0.00263316510245
-0.136488988996
-0.332680016756
-0.283087670803
-0.0230547543615
0.0161112211645
-0.0771847814322
-0.0761444792151
-0.0925815105438
-0.128274857998
-0.0756249725819
-0.0312674939632
-0.0339267663658
-0.0901005715132
-0.201103895903
-0.0717535242438
0.14325734973
0.0999419987202
0.0950757414103
0.180650740862
0.0812174156308
-0.0964616984129
-0.184147432446
-0.142070785165
0.00293500325643
0.0688699558377
0.0582726299763
0.118630982935
0.0671924427152
-0.118072420359
-0.122955739498
-0.09409365803
-0.145831137896
0.0378246493638
0.19586712122
0.0763188824058
0.021030228585
0.140972524881
0.23580801487
0.116656266153
-0.0432715751231
0.0150038208812
0.0789486318827
-0.0429249592125
-0.0474500395358
-0.0154852122068
-0.142332240939
-0.01817888394
0.159059435129
0.0987595915794
0.0404279530048
-0.0553314127028
-0.156699359417
-0.181211769581
-0.206640586257
-0.131501272321
-0.0278408546001
-0.0166018996388
-0.00830638408661
-0.0832276344299
-0.129394367337
0.0202973093837
0.0855884775519
0.0830244794488
0.0104403980076
-0.169509917498
-0.141207054257
0.0117540350184
0.0593611970544
0.0458701662719
0.0777362585068
0.145063430071
0.239176392555
0.166565224528
0.103891916573
-0.0502244308591
0.0131264552474
0.151461988688
-0.027830619365
-0.144674226642
-0.0164089240134
0.12189733237
0.175973251462
0.188823372126
0.120281487703
0.0663975328207
0.0606385804713
0.0191256664693
-0.115514025092
-0.121159762144
-0.0936639755964
-0.135700047016
0.00390057265759
-0.0471329092979
-0.0655130892992
0.0257578119636
0.00433695316315
0.00634005758911
-0.0128685953096
0.020699929446
0.0256809499115
-0.0585442595184
0.0089819803834
-0.0250850152224
-0.125040113926
-0.186799988151
-0.231160625815
-0.0467870235443
0.0865335837007
0.0825550407171
-0.0257007163018
-0.0208697523922
-0.036094609648
-0.124020427465
-0.0542447119951
-0.0331315211952
0.0108925700188
-0.0287081561983
-0.0660005584359
-0.0157825294882
-0.00889558531344
0.00663179112598
0.0191879626364
0.0634005740285
0.122150965035
0.04562760517
0.0306767448783
0.0455461218953
0.234689801931
0.251264572144
0.0512172169983
-0.160830721259
-0.191356614232
-0.0531607344747
0.0495317913592
0.0891630798578
0.0327735319734
-0.00219521811232
0.0536094270647
0.129393488169
0.0648957192898
-0.0393688417971
-0.00420073885471
0.0257024765015
-0.0135320648551
-0.0970510914922
-0.116987243295
-0.0377853475511
-0.0383717417717
-0.079578705132
-0.102593660355
-0.0412338674068
0.0317907221615
0.0292618907988
0.0298977121711
-0.0464625321329
-0.0360363982618
-0.0279791876674
0.123525775969
0.168859377503
0.02604216896
-0.0353709049523
-0.0287967547774
-0.0196273997426
-0.140285119414
-0.195968419313
-0.135874181986
-0.00286696176045
0.190760284662
0.0671066045761
-0.00950527843088
0.0223176646978
-0.0428095012903
-0.0339145772159
-0.0213622711599
0.0293572042137
0.0809451639652
0.0468718670309
0.0746405869722
0.0628242045641
0.0646861493587
0.0693806856871
0.113721989095
0.114890985191
0.0200324002653
0.00992351956666
0.0371317006648
-0.016888981685
-0.090418882668
-0.0416577905416
-0.0246170610189
-0.0880253911018
-0.0931751877069
-0.089599467814
-0.104666396976
-0.105989657342
-0.0331941358745
0.0822857916355
0.110886879265
0.00649513863027
-0.0788603201509
-0.141377702355
-0.099557608366
-0.0663209035993
-0.06636377424
-0.0461369305849
-0.0386594943702
0.0642412379384
0.082124941051
0.0498176254332
0.202931851149
0.244551971555
0.0933717563748
-0.105804093182
-0.0933838188648
0.00720198685303
-0.00349651090801
0.0412938967347
0.0376765802503
-0.0263565070927
-0.0152624091133
-0.0365790575743
-0.0108219198883
-0.0378612391651
0.0490111298859
0.0264888051897
-0.10446472466
-0.115968033671
0.00745022809133
0.129648923874
0.110526114702
0.0532295033336
-0.0263405460864
-0.0687153637409
-0.186190992594
-0.15284614265
-0.133650973439
-0.0247838608921
0.0810477137566
-0.000389631371945
0.0189705025405
0.0872798487544
0.125858232379
0.0370210036635
-0.018739875406
0.0560299158096
0.0285003166646
0.0137232048437
-0.0452947504818
-0.0456567592919
-0.0186167061329
0.00369677995332
0.0629656687379
0.0315532498062
0.0565017275512
-0.0321299061179
-0.180500745773
-0.115353032947
-0.0269993040711
0.0721509605646
0.104209348559
0.0702890008688
-0.0730066299438
-0.0541862212121
0.0235531535
-0.00360493222252
-0.00999682024121
-0.031766474247
0.00345821329392
-0.0581549406052
-0.0488118939102
0.086767591536
0.07411608845
0.0542315170169
0.020019967109
0.0330320484936
0.0275483559817
-0.00430782139301
0.0408279113472
-0.0210298467427
-0.0735357776284
-0.0499242730439
0.0027094273828
0.0233026649803
-0.0371270664036
-0.00822416134179
0.00640181265771
-0.00467462884262
-0.00664984248579
-0.0599989257753
-0.0940552800894
-0.115012474358
-0.0148682463914
0.0714697390795
0.0581015795469
0.0399268195033
-0.00122130208183
0.0323132909834
0.0603571124375
0.0311601497233
-0.0121257342398
-0.0238372664899
-0.00426042452455
0.0195884220302
0.0190836526453
0.016061482951
0.0348833613098
0.0710056871176
0.0681130215526
0.0217667650431
-0.0135630136356
-0.0527411475778
-0.0548516623676
0.00391037622467
0.0323311164975
0.00113451096695
-0.0341920554638
-0.103866487741
-0.139083147049
-0.0621664263308
-0.0278308130801
0.0309604611248
0.066136136651
0.0340057648718
0.0173554252833
0.00275006936863
0.024374153465
-0.0230000168085
-0.076325006783
-0.0730243399739
-0.0508354119956
0.012646545656
0.00213541369885
-0.0288737080991
0.0122025059536
0.0359600447118
0.0370575338602
0.0239168014377
0.00847280118614
0.0184882134199
0.0362853333354
0.0135058555752
-0.0277320388705
-0.0309547353536
-0.0177763234824
-0.0054221036844
0.020284820348
-0.00840777251869
0.0022255408112
0.0291871167719
0.0131154758856
0.0248129889369
0.0501440912485
0.0169998239726
-0.0169988106936
0.015939027071
0.0236130356789
-0.0350781045854
-0.020137866959
-0.0066757532768
-0.00706354621798
-0.0447680950165
-0.0136605761945
0.0192939322442
0.0447650365531
0.0346679612994
-0.0288848523051
-0.0180131867528
0.0127683086321
0.022408965975
0.00430908845738
-0.0687752589583
-0.0912231951952
-0.0409140214324
-0.0108601227403
0.0257333219051
0.0317689888179
0.0368876084685
0.0414506830275
0.0292926579714
0.00297572254203
-0.0268121194094
-0.0138710131869
-0.00187842955347
-0.0196782071143
-0.0258366949856
0.0191312655807
0.0534776635468
0.0450365804136
0.0191280245781
-0.00597755331546
-0.0136745944619
-0.00152541452553
0.00190535641741
0.00162469130009
0.0297543779016
0.033160161227
0.0126712340862
-0.0123084271327
-0.0426951088011
-0.0339819788933
-0.0270196851343
-0.0368876084685
-0.00106377631892
0.0434912219644
0.0331721976399
0.0178151149303
0.00946104992181
0.01790920645
0.00881810486317
-0.00422129500657
0.00458918232471
-0.0172969829291
-0.0316590815783
-0.0189487654716
-0.0287332572043
-0.0226711705327
-0.0147365052253
0.00249691028148
0.0266644880176
0.0406125299633
-0.00256212195382
-0.0380662344396
0.00876005832106
0.0768339261413
0.0682502612472
0.0348317287862
0.0259365998209
0.0179607830942
-0.022796921432
-0.0234975945204
0.0154397347942
0.0387035869062
0.0395387262106
0.0150494715199
0.0102160489187
0.0280447099358
0.00253069144674
-0.0173638444394
-0.0057223206386
-0.0167561266571
-0.0568924508989
-0.0708293095231
-0.0270887315273
-0.00732466066256
-0.0314286351204
-0.0611951202154
-0.0363626144826
-0.0166486129165
0.00222593639046
0.00640860199928
0.0374735146761
0.0333641394973
0.0177583880723
0.00848861411214
-0.00865139625967
-0.00797499436885
-0.0182070620358
-0.00871157553047
0.0144420852885
0.0312581956387
0.0571614429355
0.0512617938221
0.0429027527571
0.0587452612817
0.0587896257639
0.0288628842682
-0.00599946035072
-0.0183273423463
-0.0245192013681
-0.0291886944324
-0.00845051277429
0.0212215129286
0.0252653136849
0.0197187550366
0.0163813252002
-0.000754912791308
-0.0211361609399
-0.0164871327579
-1.58111215569e-05
0.000989243504591
-0.0186735354364
-0.0383651442826
-0.0401243939996
-0.0212511122227
0.00375926122069
0.022362973541
0.0361756198108
0.0389425083995
0.0263004414737
0.00825389660895
-0.00249990029261
-0.0150577202439
-0.034888278693
-0.0460812486708
-0.0452830418944
-0.0458442531526
-0.0554249472916
-0.0576368868351
-0.0352012515068
-0.00145459512714
0.0110913952813
0.00652604876086
0.010565225035
0.0318974815309
0.0615774951875
0.0646548047662
0.0191678367555
-0.0213019456714
-0.0260525047779
-0.0175851713866
-0.0076392213814
-0.00190441287123
-0.00839460920542
0.00307240150869
0.0415866747499
0.0518654286861
0.0349727272987
0.0246685668826
0.0287965461612
0.0505228899419
0.0625075548887
0.037995763123
-0.00933381635696
-0.0354274064302
-0.0250632781535
-0.00647358316928
0.0096147749573
0.0142853939906
0.00913572963327
0.0144168278202
-0.00227616424672
-0.0353160835803
-0.0358496084809
-0.0253676176071
-0.0311239194125
