0.0
-1.01451696537e-05
-3.97172589146e-05
-8.74211400514e-05
-0.000151961678057
-0.000232043748838
-0.000326372217387
-0.000433651992353
-0.000552587967832
-0.000681884819642
-0.000820247689262
-0.000966381281614
-0.00111899059266
-0.00127678026911
-0.00143845542334
-0.0016027209349
-0.00176828133408
-0.00193384184968
-0.00209810724482
-0.00225978251547
-0.0024175720755
-0.00257018138655
-0.0027163149789
-0.00285467784852
-0.00298397475854
-0.00310291047208
-0.00321019045077
-0.00330451875925
-0.00338460085914
-0.00344914151356
-0.00349684548564
-0.00352641707286
-0.00353656266816
-0.00352598587051
-0.00349339144304
-0.00343748508021
-0.00335697177798
-0.00325055560097
-0.00311694038101
-0.00295483367518
-0.00276293908246
-0.00253996136598
-0.00228460552171
-0.00199557677843
-0.00167157733813
-0.00131131603848
-0.000913496303838
-0.000476822606288
0.0
0.000517830252647
0.00107577932067
0.00167252169922
0.00230673211627
0.00297708529979
0.0036822555121
0.00442091794685
0.00519174616784
0.00599341606721
0.00682460237294
0.00768397795036
0.00857021939009
0.00948200002313
0.0104179950431
0.011376879178
0.0123573271558
0.0133580137044
0.0143776126206
0.0154147986323
0.0164682473987
0.0175366327167
0.0186186302453
0.0197129119188
0.0208181589842
0.021933035925
0.0230562239885
0.024186398834
0.0253222305328
0.0264623984694
0.0276055708528
0.0287504326552
0.0298956464976
0.0310398936272
0.0321818515658
0.0333201885223
0.0344535820186
0.0355807058513
0.0367002338171
0.0378108434379
0.0389112122357
0.0400000028312
0.0410762056708
0.0421400107443
0.0431919209659
0.0442324280739
0.0452620349824
0.0462812408805
0.0472905486822
0.0482904501259
0.0492814518511
0.0502640418708
0.0512387305498
0.0522060096264
0.05316638574
0.0541203431785
0.0550683997571
0.056011043489
0.0569487698376
0.0578820854425
0.0588114894927
0.0597374737263
0.0606605447829
0.0615811981261
0.0624999329448
0.0634172484279
0.0643336474895
0.0652496218681
0.0661656707525
0.0670822933316
0.0680000036955
0.0689192265272
0.0698401555419
0.0707629397511
0.071687720716
0.0726146250963
0.0735438093543
0.0744754076004
0.0754095539451
0.0763463824987
0.0772860497236
0.0782286897302
0.0791744291782
0.0801234170794
0.0810757949948
0.0820317044854
0.0829912647605
0.0839546471834
0.0849219709635
0.0858933776617
0.0868690088391
0.0878489986062
0.0888334959745
0.089822627604
0.0908165499568
0.0918153896928
0.0928192958236
0.0938283875585
0.0948428288102
0.0958627536893
0.0968882888556
0.0979195833206
0.0989567786455
0.10000000149
0.101049311459
0.102104358375
0.103164695203
0.10422988981
0.10529948771
0.10637306422
0.107450179756
0.108530379832
0.109613224864
0.110698282719
0.111785113811
0.112873263657
0.113962307572
0.115051791072
0.116141289473
0.11723035574
0.118318535388
0.119405396283
0.120490498841
0.121573410928
0.12265367806
0.123730868101
0.124804541469
0.125874236226
0.126939550042
0.12800000608
0.129055291414
0.130105465651
0.131150692701
0.132191136479
0.133227005601
0.134258463979
0.135285645723
0.136308774352
0.137327983975
0.138343453407
0.139355361462
0.140363901854
0.141369223595
0.142371475697
0.143370881677
0.144367575645
0.145361751318
0.146353572607
0.147343188524
0.148330822587
0.149316608906
0.150300726295
0.151283368468
0.152264654636
0.153244823217
0.154224008322
0.155202373862
0.156180128455
0.157157406211
0.158134400845
0.15911129117
0.1600882411
0.161065384746
0.162042960525
0.163021117449
0.16400000453
0.164979785681
0.165960520506
0.166942209005
0.167924851179
0.168908521533
0.169893175364
0.170878887177
0.171865642071
0.172853469849
0.173842385411
0.174832418561
0.175823569298
0.176815882325
0.177809342742
0.178804025054
0.179799884558
0.180796980858
0.181795313954
0.18279491365
0.183795794845
0.184797987342
0.185801491141
0.186806350946
0.187812536955
0.188820138574
0.189829111099
0.190839514136
0.191851347685
0.192864626646
0.193879410625
0.194895654917
0.195913434029
0.196932718158
0.19795358181
0.198975995183
0.20000000298
0.201025620103
0.202052742243
0.203081324697
0.204111292958
0.20514254272
0.206175014377
0.207208633423
0.20824329555
0.209278956056
0.210315510631
0.211352899671
0.21239104867
0.21342985332
0.214469268918
0.215509176254
0.216549545527
0.217590257525
0.218631252646
0.219672456384
0.22071377933
0.22175514698
0.222796484828
0.223837733269
0.224878773093
0.225919544697
0.226960003376
0.22800001502
0.229039534926
0.230078548193
0.231117039919
0.232155010104
0.233192414045
0.234229251742
0.235265538096
0.236301228404
0.237336337566
0.238370835781
0.239404693246
0.240437924862
0.241470515728
0.242502450943
0.243533715606
0.244564309716
0.245594203472
0.246623396873
0.247651860118
0.248679608107
0.249706596136
0.25073286891
0.251758337021
0.252783030272
0.253806948662
0.254830062389
0.255852371454
0.256873846054
0.257894486189
0.258914262056
0.259933173656
0.260951250792
0.261968404055
0.262984663248
0.263999998569
0.265014439821
0.266027957201
0.267040550709
0.268052190542
0.269062936306
0.270072728395
0.271081626415
0.272089570761
0.273096591234
0.274102717638
0.275107860565
0.27611207962
0.277115404606
0.278117746115
0.279119193554
0.280119717121
0.281119257212
0.28211787343
0.283115595579
0.284112334251
0.285108178854
0.28610303998
0.287096977234
0.288089990616
0.289082020521
0.290073126554
0.291063308716
0.292052537203
0.293040841818
0.294028192759
0.295014560223
0.296000003815
0.296984523535
0.297968059778
0.298950701952
0.299932360649
0.300913095474
0.301892876625
0.302871763706
0.303849667311
0.304826647043
0.305802732706
0.306777834892
0.307752072811
0.308725357056
0.309697717428
0.310669153929
0.31163969636
0.312609285116
0.313577979803
0.314545750618
0.315512657166
0.316478580236
0.31744363904
0.318407833576
0.319371044636
0.32033342123
0.321294873953
0.322255402803
0.323215067387
0.3241738379
0.325131744146
0.326088696718
0.327044814825
0.32800000906
0.32895436883
0.329908013344
0.330861121416
0.331813842058
0.332766354084
0.333718806505
0.334671407938
0.335624277592
0.336577624083
0.337531596422
0.338486343622
0.339442104101
0.340398937464
0.341357141733
0.342316746712
0.34327802062
0.344241112471
0.345206171274
0.346173346043
0.347142875195
0.348114818335
0.349089473486
0.350066900253
0.351047307253
0.352030903101
0.353017777205
0.35400813818
0.355002194643
0.356000006199
0.357001781464
0.35800743103
0.359016805887
0.360029697418
0.361046105623
0.362065792084
0.363088607788
0.364114493132
0.3651432693
0.366174787283
0.36720892787
0.368245571852
0.369284570217
0.370325744152
0.37136900425
0.372414201498
0.373461186886
0.374509841204
0.375560045242
0.376611620188
0.377664446831
0.37871837616
0.379773288965
0.380829066038
0.381885528564
0.382942557335
0.384000003338
0.385057747364
0.3861156106
0.387173384428
0.388230890036
0.389287948608
0.390344381332
0.391399949789
0.392454504967
0.393507897854
0.394559860229
0.395610272884
0.396658927202
0.397705614567
0.398750185966
0.399792402983
0.400832146406
0.401869177818
0.402903348207
0.403934448957
0.40496224165
0.405986636877
0.407007396221
0.408024340868
0.409037262201
0.410046011209
0.411050379276
0.412050187588
0.41304525733
0.414035350084
0.415020346642
0.416000008583
0.416974335909
0.417943626642
0.418908417225
0.419869184494
0.420826464891
0.421780735254
0.42273247242
0.423682183027
0.424630403519
0.425577551126
0.426524192095
0.427470803261
0.428417891264
0.429365932941
0.430315464735
0.431266903877
0.432220816612
0.433177649975
0.434137970209
0.43510222435
0.436070919037
0.437044531107
0.438023597002
0.439008593559
0.440000027418
0.440998226404
0.442002922297
0.443013697863
0.44403013587
0.445051819086
0.446078300476
0.44710919261
0.448144048452
0.449182450771
0.450223982334
0.451268225908
0.452314794064
0.453363150358
0.454412996769
0.455463826656
0.456515282393
0.457566916943
0.458618313074
0.45966899395
0.460718631744
0.46176674962
0.462812930346
0.463856756687
0.46489778161
0.465935617685
0.466969847679
0.468000024557
0.469025850296
0.470047473907
0.471065163612
0.472079187632
0.473089814186
0.474097251892
0.475101828575
0.476103812456
0.477103412151
0.478100955486
0.479096651077
0.480090796947
0.481083601713
0.482075423002
0.483066469431
0.48405700922
0.485047250986
0.486037582159
0.487028181553
0.488019347191
0.489011317492
0.490004360676
0.490998744965
0.491994708776
0.492992579937
0.493992567062
0.494994968176
0.496000021696
0.497007936239
0.498018652201
0.499031931162
0.50004774332
0.501065850258
0.502086162567
0.503108501434
0.504132688046
0.505158603191
0.506186127663
0.507215023041
0.508245289326
0.509276628494
0.510308980942
0.51134210825
0.512375950813
0.513410329819
0.514445066452
0.515480041504
0.516515135765
0.517550110817
0.518584907055
0.519619345665
0.520653247833
0.52168649435
0.522718906403
0.523750305176
0.52478069067
0.525809705257
0.526837348938
0.527863502502
0.528887867928
0.529910385609
0.530930876732
0.531949162483
0.532965242863
0.533978760242
0.534989714622
0.535997867584
0.537003219128
0.538005411625
0.539004445076
0.540000021458
0.540992200375
0.541981101036
0.542966842651
0.543949604034
0.544929742813
0.545907258987
0.546882390976
0.547855436802
0.54882645607
0.549795746803
0.550763428211
0.551729679108
0.552694857121
0.553658902645
0.554622232914
0.555584847927
0.556547164917
0.557509183884
0.558471143246
0.559433281422
0.560395777225
0.561358809471
0.562322556973
0.563287198544
0.564253032207
0.565220117569
0.566188752651
0.567158997059
0.568131268024
0.569105505943
0.570082068443
0.571061134338
0.572042822838
0.57302737236
0.574014902115
0.57500576973
0.576000034809
0.576997876167
0.5779992342
0.579003930092
0.580011844635
0.581022977829
0.582037091255
0.583054065704
0.584073781967
0.585096180439
0.586121022701
0.587148249149
0.588177680969
0.589209318161
0.590242922306
0.5912784338
0.592315673828
0.593354582787
0.594394922256
0.595436751842
0.596479713917
0.597523868084
0.59856903553
0.599615097046
0.600661814213
0.601709246635
0.602757155895
0.603805482388
0.604854047298
0.605902731419
0.606951415539
0.608000040054
0.609048366547
0.610096514225
0.61114436388
0.612192034721
0.613239407539
0.614286601543
0.615333497524
0.616380214691
0.617426693439
0.618472933769
0.61951893568
0.620564699173
0.621610343456
0.622655689716
0.623700797558
0.624745666981
0.62579035759
0.626834869385
0.627879142761
0.628923177719
0.629967093468
0.631010711193
0.6320540905
0.633097290993
0.634140372276
0.635183215141
0.636225819588
0.63726824522
0.638310432434
0.639352500439
0.640394330025
0.641435980797
0.642477452755
0.643518745899
0.644559860229
0.645600736141
0.646641433239
0.647681951523
0.648722410202
0.649762570858
0.6508025527
0.651842355728
0.652882039547
0.653921544552
0.654960870743
0.65600001812
0.657038927078
0.658076882362
0.659113168716
0.660147130489
0.661177933216
0.662204861641
0.663227200508
0.664244234562
0.665255129337
0.666259229183
0.667255818844
0.668244063854
0.669223308563
0.670192718506
0.671151638031
0.672099351883
0.673035025597
0.673958003521
0.674867451191
0.675762712955
0.676643013954
0.677507638931
0.678355872631
0.679186940193
0.680000007153
0.680795013905
0.68157351017
0.68233782053
0.683090031147
0.683832406998
0.684567153454
0.685296416283
0.686022520065
0.68674749136
0.687473595142
0.688203155994
0.688938200474
0.689680993557
0.690433740616
0.691198647022
0.691977858543
0.69277369976
0.693588316441
0.694423794746
0.695282459259
0.696166455746
0.697078049183
0.698019385338
0.698992609978
0.700000047684
0.701042592525
0.702116250992
0.703215956688
0.704336464405
0.705472588539
0.706619203091
0.707770943642
0.708922922611
0.710069715977
0.711206257343
0.712327361107
0.713427841663
0.714502394199
0.715546071529
0.716553449631
0.717519581318
0.718439042568
0.719306886196
0.720117688179
0.720866560936
0.721548080444
0.722157120705
0.722688555717
0.723137259483
0.723497927189
0.72376537323
0.723934471607
0.724000036716
0.72395837307
0.723811745644
0.723563730717
0.723218262196
0.722778856754
0.72224932909
0.721633315086
0.720934689045
0.72015696764
0.719303965569
0.718379437923
0.717387020588
0.716330468655
0.715213477612
0.714039683342
0.712813019753
0.711536943913
0.710215389729
0.708851933479
0.707450330257
0.706014275551
0.704547524452
0.703053772449
0.701536655426
0.700000047684
0.698447704315
0.696884334087
0.695314526558
0.693743228912
0.692175269127
0.690615296364
0.68906801939
0.687538444996
0.686031103134
0.68455094099
0.683102667332
0.681691110134
0.680320978165
0.6789970994
0.67772424221
0.676507115364
0.675350546837
0.674259364605
0.673238277435
0.672292113304
0.671425580978
0.67064344883
0.669950604439
0.669351696968
0.668851673603
0.668455123901
0.668166875839
0.667991816998
0.667934596539
0.668000042439
0.668190956116
0.668502509594
0.668927788734
0.669459998608
0.670092284679
0.670817792416
0.671629726887
0.672521233559
0.673485398293
0.674515426159
0.675604522228
0.676745831966
0.677932500839
0.679157674313
0.680414497852
0.681696176529
0.682995915413
0.684306740761
0.685621917248
0.68693459034
0.688237905502
0.689524948597
0.690788984299
0.692023158073
0.693220615387
0.694374501705
0.695478022099
0.696524202824
0.69750636816
0.698417663574
0.699251115322
0.700000047684
0.700659394264
0.701231718063
0.701721549034
0.702133238316
0.702471196651
0.702740073204
0.702944099903
0.703087866306
0.703175783157
0.703212201595
0.703201651573
0.703148543835
0.703057408333
0.702932536602
0.7027785182
0.70259976387
0.702400684357
0.702185690403
0.701959311962
0.701725959778
0.701490163803
0.701256155968
0.701028525829
0.700811803341
0.700610280037
0.700428426266
0.700270712376
0.700141608715
0.700045585632
0.699986994267
0.699970304966
0.700000047684
0.700079321861
0.700206577778
0.700378775597
0.700593054295
0.700846552849
0.701136291027
0.701459407806
0.701812982559
0.702194035053
0.70259976387
0.703027188778
0.703473508358
0.703935623169
0.704410731792
0.704895973206
0.705388426781
0.705885052681
0.706383049488
0.706879496574
0.707371473312
0.707856059074
0.708330333233
0.70879149437
0.709236502647
0.709662497044
0.710066556931
0.710445761681
0.710797250271
0.711118102074
0.711405396461
0.711656093597
0.711867511272
0.71203660965
0.712160468102
0.71223628521
0.712261021137
0.712231874466
0.712145805359
0.712000012398
0.711792647839
0.711525797844
0.711202800274
0.710826814175
0.710401237011
0.709929227829
0.709413945675
0.708858847618
0.7082670331
0.707641780376
0.706986367702
0.706303954124
0.705597877502
0.704871356487
0.70412760973
0.70336997509
0.702601611614
0.701825797558
0.701045691967
0.700264751911
0.699486017227
0.69871288538
0.697948455811
0.69719606638
0.696458995342
0.695740461349
0.695043683052
0.694371938705
0.69372844696
0.693116426468
0.692539215088
0.692000031471
0.691501438618
0.691043615341
0.6906260252
0.690248012543
0.689909160137
0.689608991146
0.689346849918
0.689122200012
0.6889346838
0.688783526421
0.688668429852
0.688588738441
0.688543915749
0.688533484936
0.688556849957
0.688613533974
0.68870306015
0.688824772835
0.688978254795
0.68916285038
0.689378201962
0.689623653889
0.68989866972
0.690202713013
0.690535366535
0.690895974636
0.691284120083
0.691699147224
0.692140579224
0.692607939243
0.693100690842
0.693618237972
0.694160044193
0.694725692272
0.695314466953
0.695926070213
0.696559786797
0.697215139866
0.697891652584
0.698588728905
0.699305832386
0.700042426586
0.700798153877
0.701572239399
0.702364265919
0.703173756599
0.70400005579
0.704842686653
0.705701291561
0.706575214863
0.70746409893
0.708367407322
0.709284722805
0.710215508938
0.711159348488
0.712115705013
0.713084220886
0.714064240456
0.715055465698
0.716057360172
0.717069387436
0.718091130257
0.719122171402
0.72016197443
0.721210002899
0.722265899181
0.723329126835
0.724399268627
0.725475728512
0.726558208466
0.727646112442
0.728738903999
0.729836344719
0.730937719345
0.732042610645
0.733150660992
0.734261333942
0.735374093056
0.736488580704
0.737604141235
0.738720536232
0.739837110043
0.740953445435
0.742069125175
0.743183553219
0.744296431541
0.745407104492
0.746515154839
0.747620224953
0.748721659184
0.749819099903
0.75091201067
0.752000033855
0.753082752228
0.754160583019
0.755234062672
0.756303727627
0.757370233536
0.758433997631
0.759495675564
0.760555803776
0.761614918709
0.7626734972
0.763732194901
0.764791607857
0.765852153301
0.766914486885
0.767979025841
0.769046545029
0.770117402077
0.771192252636
0.772271573544
0.773356080055
0.774446070194
0.775542259216
0.776645243168
0.777755439281
0.778873562813
0.780000030994
0.78113502264
0.782277286053
0.783424854279
0.784576177597
0.785729289055
0.786882460117
0.788034081459
0.789182305336
0.790325284004
0.791461348534
0.79258865118
0.793705523014
0.794810116291
0.795900762081
0.796975553036
0.798032820225
0.799070775509
0.800087690353
0.801081776619
0.802051186562
0.802994251251
0.803909242153
0.804794251919
0.805647611618
0.806467592716
0.807252287865
0.808000028133
0.808709144592
0.809378385544
0.810006439686
0.810592234135
0.811134576797
0.811632096767
0.81208384037
0.812488496304
0.81284481287
0.813151776791
0.813408017159
0.813612401485
0.813763797283
0.813860952854
0.813902616501
0.81388771534
0.813815057278
0.813683390617
0.813491523266
0.813238203526
0.812922418118
0.81254273653
0.812098264694
0.811587512493
0.811009526253
0.810362875462
0.809646606445
0.808859348297
0.808000028133
0.807068645954
0.806070208549
0.805010974407
0.803897202015
0.802735209465
0.801531076431
0.80029129982
0.799022018909
0.797729432583
0.796419858932
0.795099556446
0.793774783611
0.792451739311
0.791136801243
0.789836168289
0.788555979729
0.787302672863
0.786082446575
0.784901440144
0.78376609087
0.782682538033
0.781657099724
0.780695974827
0.779805481434
0.778991758823
0.778261184692
0.777620017529
0.77707451582
0.776630759239
0.776295244694
0.776074111462
0.775973618031
0.776000022888
0.776156783104
0.776436030865
0.776826918125
0.777318894863
0.777901113033
0.778562903404
0.77929353714
0.780082285404
0.78091853857
0.781791448593
0.782690286636
0.783604443073
0.784523129463
0.78543561697
0.786331295967
0.787199258804
0.788028895855
0.788809537888
0.789530396461
0.790180683136
0.790749847889
0.79122710228
0.791601657867
0.791862905025
0.792000055313
0.792005181313
0.791881680489
0.79163569212
0.791273355484
0.790800869465
0.790224254131
0.78954988718
0.788783729076
0.787932038307
0.787000894547
0.785996496677
0.784924983978
0.783792495728
0.782605290413
0.781369388103
0.780090928078
0.778776228428
0.777431249619
0.776062309742
0.774675428867
0.773276865482
0.771872699261
0.770469129086
0.76907235384
0.767688393593
0.766323506832
0.764983773232
0.763675451279
0.762404561043
0.761177420616
0.760000050068
0.758877038956
0.757806658745
0.756785511971
0.755810260773
0.754877686501
0.753984153271
0.753126621246
0.752301514149
0.751505553722
0.750735402107
0.749987721443
0.749259114265
0.748546242714
0.747845828533
0.747154414654
0.746468663216
0.745785236359
0.745100796223
0.744412064552
0.743715524673
0.74300801754
0.742286026478
0.741546213627
0.740785360336
0.740000009537
0.739187717438
0.738349437714
0.737487137318
0.736602723598
0.735697925091
0.734774768353
0.733835041523
0.73288077116
0.731913745403
0.730935752392
0.729948878288
0.728954911232
0.727955698967
0.726953208447
0.72594922781
0.724945783615
0.723944604397
0.722947657108
0.721956908703
0.720974028111
0.720001101494
0.719039916992
0.71809232235
0.717160284519
0.716245770454
0.715350449085
0.71447634697
0.713625311852
0.71279925108
0.712000012398
0.711229026318
0.710485398769
0.70976793766
0.709075212479
0.708406090736
0.707759141922
0.707133054733
0.706526517868
0.705938339233
0.705367028713
0.704811513424
0.704270243645
0.703742027283
0.70322561264
0.702719628811
0.702222764492
0.701733708382
0.701251208782
0.700773894787
0.700300514698
0.699829697609
0.699360191822
0.698890686035
0.698419809341
0.697946310043
0.697468876839
0.696986317635
0.69649708271
0.696000039577
0.695494234562
0.694980621338
0.694460391998
0.693935036659
0.693405687809
0.69287365675
0.692340314388
0.691806912422
0.691274881363
0.690745353699
0.690219759941
0.689699292183
0.689185380936
0.688679277897
0.688182294369
0.687695622444
0.687220752239
0.686758875847
0.686311364174
0.685879409313
0.685464441776
0.685067713261
0.684690535069
0.684334218502
0.684000015259
0.683688879013
0.683399915695
0.683131933212
0.682883620262
0.682653844357
0.682441115379
0.682244420052
0.682062387466
0.681893825531
0.681737422943
0.681591868401
0.68145608902
0.681328654289
0.681208431721
0.681094110012
0.680984377861
0.680878162384
0.68077403307
0.680670797825
0.680567145348
0.680462002754
0.680353939533
0.680241703987
0.680124163628
0.680000007153
0.679868340492
0.679729342461
0.679583728313
0.679432153702
0.679275274277
0.679113745689
0.678948104382
0.678779065609
0.678607225418
0.67843323946
0.678257763386
0.678081452847
0.677904903889
0.677728712559
0.677553594112
0.677380144596
0.677209019661
0.677040874958
0.676876306534
0.676715970039
0.676560521126
0.67641055584
0.676266670227
0.676129698753
0.676000058651
0.675878286362
0.675764024258
0.675656676292
0.675555765629
0.67546069622
0.675370931625
0.675285935402
0.675205111504
0.675127983093
0.67505389452
0.674982309341
0.674912810326
0.674844682217
0.674777507782
0.674710690975
0.674643576145
0.674575805664
0.674506604671
0.67443561554
0.674362242222
0.674285769463
0.674205899239
0.674121975899
0.674033403397
0.67393964529
0.673840165138
0.673734486103
0.673621892929
0.673501968384
0.673374116421
0.673237800598
0.67309242487
0.672937512398
0.672772467136
0.672596752644
0.672409832478
0.672211110592
0.672000050545
0.671776473522
0.671541690826
0.671297490597
0.671045482159
0.670787394047
0.670524954796
0.670259833336
0.669993758202
0.669728338718
0.66946542263
0.669206559658
0.668953597546
0.668708145618
0.668471872807
0.668246626854
0.668033957481
0.667835593224
0.667653381824
0.6674888134
0.66734367609
0.667219698429
0.667118549347
0.667041957378
0.666991591454
0.666969180107
0.666976451874
0.667015075684
0.667086660862
0.667192995548
0.667335867882
0.667516827583
0.667737662792
0.668000042439
0.668305277824
0.668653309345
0.669043600559
0.669475734234
0.669949114323
0.670463323593
0.671017944813
0.67161232233
0.672246098518
0.672918796539
0.673629820347
0.674378752708
0.675165116787
0.675988435745
0.676848173141
0.677743911743
0.678675055504
0.679641246796
0.680641949177
0.68167668581
0.682744860649
0.683846175671
0.684979975224
0.686145842075
0.687343358994
0.688571929932
0.689831137657
0.691120445728
0.692439436913
0.693787574768
0.695164382458
0.696569383144
0.698002040386
0.699461936951
0.700948596001
0.70246142149
0.70400005579
