3.58152537956e-05
2.11893402593e-05
1.11416220534e-05
4.45664863946e-06
0.0
-3.42528574038e-06
-7.01118415236e-06
-1.19144178825e-05
-1.93347186723e-05
-3.04400364257e-05
-4.63880569441e-05
-6.8406763603e-05
-9.76459123194e-05
-0.000134425863507
-0.000175797031261
-0.000217908804188
-0.000256929459283
-0.000289247895125
-0.000311822775984
-0.00032187483157
-0.000316583988024
-0.00029296631692
-0.000247592222877
-0.000176933026523
-7.74165600887e-05
5.15240208188e-05
0.000198831126909
0.000350623653503
0.00049280381063
0.000612343894318
0.000699503463693
0.000745209807064
0.000740545743611
0.00068179477239
0.000585533038247
0.000473266001791
0.000366613530787
0.000282486114884
0.000220865855226
0.00017763292999
0.000148608756717
0.000129482665216
0.000115410010039
0.00010133721662
8.23002119432e-05
5.62864770473e-05
3.27432062477e-05
2.37508229475e-05
4.14074202126e-05
9.0991401521e-05
0.000152600885485
0.000200592112378
0.000209260455449
0.000159280942171
5.45921066077e-05
-9.58235759754e-05
-0.00028264633147
-0.000492825347465
-0.000698170333635
-0.000867292226758
-0.000968894688413
-0.000981038436294
-0.000915330077987
-0.000790723715909
-0.0006262389943
-0.000439569936134
-0.000243752860115
-5.08345110575e-05
0.00012710406736
0.000278952968074
0.00039672490675
0.000473124091513
0.000500839378219
0.000475043052575
0.000399464071961
0.000279476545984
0.000120631244499
-6.50006477372e-05
-0.00024278802448
-0.000373969232896
-0.000419365620473
-0.000352408562321
-0.000186449862667
5.71812925045e-05
0.000357437849743
0.000686563667841
0.00099711783696
0.00123783189338
0.0013572005555
0.00132162880618
0.00115152262151
0.000877528626006
0.000530243676621
0.000145431171404
-0.000227926822845
-0.000538265216164
-0.000733775668778
-0.000778751214966
-0.000684645026922
-0.000471359788207
-0.000158607959747
0.000222123679123
0.000607852940448
0.000929555972107
0.0011183359893
0.00112897879444
0.000983321107924
0.00071421317989
0.000354995630914
-5.68501745875e-05
-0.000471064762678
-0.000835585175082
-0.00109781324863
-0.00123337318655
-0.00129039108288
-0.00132833677344
-0.00140747544356
-0.00156172912102
-0.00175753433723
-0.00195145816542
-0.00209927302785
-0.00216271239333
-0.00211777118966
-0.00194260058925
-0.00161482661497
-0.00113718246575
-0.00057105376618
1.42733306348e-05
0.000547913252376
0.000986318918876
0.00134673190769
0.00165521772578
0.00193796970416
0.00220459583215
0.00242704409175
0.00257216673344
0.00260649481788
0.0025111369323
0.00229951343499
0.00198903284036
0.0015971630346
0.00115454231855
0.000719963631127
0.000354508229066
0.00012073655671
4.20263932028e-05
6.13459997112e-05
0.000112854024337
0.000129743319121
7.40074974601e-05
-3.44064064848e-05
-0.000169559571077
-0.00030486547621
-0.00041443479131
-0.000473713764222
-0.000458390888525
-0.000343850057106
-0.000136691814987
9.76444571279e-05
0.000288849580102
0.000365272979252
0.000291704345727
9.85798687907e-05
-0.000177644120413
-0.000500389549416
-0.000832005636767
-0.00113399222028
-0.00136836466845
-0.00149644445628
-0.00150194356684
-0.00140591699164
-0.00123218330555
-0.00100512802601
-0.000727528240532
-0.000367185042705
0.000110128108645
0.00073946476914
0.00150268664584
0.00229816976935
0.00301909958944
0.003557510674
0.00385118625127
0.00390752404928
0.00373904104345
0.00335853220895
0.00281754974276
0.00222478830256
0.00169043708593
0.00132660311647
0.00116738886572
0.00113890739158
0.00116178265307
0.00115550367627
0.00108990189619
0.00100349017885
0.000937643111683
0.000934592797421
0.00101231515873
0.0011569741182
0.00135328690521
0.00158566562459
0.00183670734987
0.00208764220588
0.0023195494432
0.00251371809281
0.00267996825278
0.00286193820648
0.00310367811471
0.00344915082678
0.00386494165286
0.00422871578485
0.00441637029871
0.00430368958041
0.00385918095708
0.00315562472679
0.00226771552116
0.00127101549879
0.000216174026718
-0.000873767537996
-0.00197473680601
-0.00306435232051
-0.00411156238988
-0.00507487356663
-0.00591456471011
-0.00658929627389
-0.00706507777795
-0.00731331249699
-0.00730715505779
-0.00702175265178
-0.00652808882296
-0.00598708773032
-0.0055584134534
-0.0053996858187
-0.00552663300186
-0.00582797219977
-0.00619148928672
-0.00650489702821
-0.00669766264036
-0.00673518562689
-0.0065837870352
-0.00621208269149
-0.0056426981464
-0.00494216522202
-0.00417645508423
-0.00340952794068
-0.00263480981812
-0.00179246568587
-0.000823171110824
0.000329278787831
0.00162699783687
0.00296422909014
0.00423516659066
0.0053349584341
0.00618997821584
0.00674971519038
0.00696473987773
0.00679248571396
0.00631119031459
0.00568064814433
0.00505873048678
0.00459707295522
0.00432329066098
0.00418460089713
0.00412908475846
0.00410420261323
0.00406088400632
0.00395273277536
0.00373398000374
0.00336526148021
0.00288652372546
0.00238521001302
0.00194726325572
0.00164852011949
0.00144942593761
0.00124459038489
0.000930447713472
0.000411718530813
-0.000315347802825
-0.00120414653793
-0.00220833625644
-0.00328202103265
-0.00437051430345
-0.00541612645611
-0.00636161630973
-0.0071550286375
-0.00779741397128
-0.00831351894885
-0.00872775912285
-0.0090571353212
-0.00925520807505
-0.00924651604146
-0.00895674619824
-0.00832592323422
-0.00740602938458
-0.00629768986255
-0.00510057620704
-0.003908587154
-0.00277306116186
-0.00172760779969
-0.000805876567028
-3.46362066921e-05
0.000601182342507
0.00113444100134
0.00159698037896
0.00200785067864
0.002306538634
0.00240297219716
0.00220860936679
0.0016615963541
0.000858043262269
-5.23215749126e-05
-0.000920435588341
-0.00160865124781
-0.00203894777223
-0.00215421663597
-0.0018970790552
-0.00123796472326
-0.000283811910776
0.000814793282188
0.00190976704471
0.00287375692278
0.0036881887354
0.00436351634562
0.00491158012301
0.00534173194319
0.00565742515028
0.00586097734049
0.00595411611721
0.0059508215636
0.00591255351901
0.00591420195997
0.00603015394881
0.00630701798946
0.00668496172875
0.00707951653749
0.00740554044023
0.00758657837287
0.00757676362991
0.00733707938343
0.0068281874992
0.00606070365757
0.00521283363923
0.00449569709599
0.00412293942645
0.00423331744969
0.0047310735099
0.00547531945631
0.00632467865944
0.00710866460577
0.00757185835391
0.00744418008253
0.00645345449448
0.00445585418493
0.001664454001
-0.00164859066717
-0.00520948320627
-0.00873740762472
-0.0119343111292
-0.0144999856129
-0.016132812947
-0.0166632458568
-0.0162541158497
-0.015113520436
-0.0134516162798
-0.0114741316065
-0.00937521737069
-0.00734728621319
-0.00558369932696
-0.00420207064599
-0.00315821380354
-0.00238659908064
-0.00182109046727
-0.00140831049066
-0.00112147966865
-0.000937075063121
-0.000831216108054
-0.000786961521953
-0.000800039561
-0.000867181050126
-0.000985667691566
-0.00111940130591
-0.00117201649118
-0.00104217289481
-0.000627490924671
0.000115971270134
0.00112945958972
0.00234704464674
0.00370245217346
0.00510754296556
0.00644482625648
0.00759487785399
0.0084359170869
0.00890474952757
0.00902423728257
0.00882381014526
0.00833345577121
0.00764983100817
0.00696410099044
0.00647233705968
0.00637096632272
0.00670564826578
0.00731666525826
0.00803385488689
0.00868619419634
0.00912729930133
0.0092472108081
0.0089385509491
0.00809476990253
0.00678972667083
0.00531026069075
0.00395098607987
0.003004479222
0.00253333710134
0.00233453069814
0.00219844654202
0.00191455264576
0.00139305985067
0.000676909345202
-0.000188430494745
-0.00115415058099
-0.0021115441341
-0.00289435195737
-0.00333544262685
-0.00327123934403
-0.00270431837998
-0.00179617444519
-0.000710285035893
0.000392196961911
0.0014336516615
0.00241621211171
0.00334086967632
0.00420808047056
0.00497654918581
0.00556699559093
0.00590095343068
0.00590182607993
0.00554805807769
0.00486282352358
0.00387100758962
0.00260080653243
0.00118034146726
-0.000188362464542
-0.00130689051002
-0.00198212382384
-0.00217423564754
-0.00195285875816
-0.00138738146052
-0.000552183075342
0.000413706584368
0.00132861046586
0.00201451871544
0.0023059011437
0.00224830466323
0.00202014367096
0.00179728539661
0.00174878339749
0.0019368143985
0.00235896697268
0.00301265646704
0.00387962651439
0.0047698947601
0.00539843039587
0.00548416888341
0.00477668875828
0.00335175753571
0.00145723519381
-0.000660832389258
-0.00276587065309
-0.00468691531569
-0.00628899270669
-0.00743862381205
-0.0080344825983
-0.00825121067464
-0.00838940683752
-0.0087456246838
-0.00956490635872
-0.0106853535399
-0.0117702390999
-0.0124851455912
-0.0125326132402
-0.011879445985
-0.010601487942
-0.00877259485424
-0.00650958716869
-0.00419633928686
-0.00231883442029
-0.0013560593361
-0.00168267090339
-0.00302746146917
-0.00488858483732
-0.00676712859422
-0.00821673031896
-0.00906495936215
-0.00923346914351
-0.00864402856678
-0.00728645734489
-0.00548942387104
-0.00368964020163
-0.00232148868963
-0.00171831727494
-0.0017364557134
-0.00209448952228
-0.0025115145836
-0.00274255173281
-0.00270063662902
-0.00234126555733
-0.00162022339646
-0.000554309226573
0.000596724334173
0.00150986225344
0.00186231732368
0.00144382088911
0.000466004596092
-0.000759874994401
-0.00192186539061
-0.00276083918288
-0.0032063818071
-0.00322747905739
-0.00279364944436
-0.00193538574968
-0.000879457569681
0.000106505794975
0.00075352541171
0.00089054601267
0.000642064667773
0.000188439706108
-0.000289202958811
-0.000654061266687
-0.000899028964341
-0.00103947648313
-0.0010909170378
-0.00107442773879
-0.0010251053609
-0.000980398850515
-0.00097783957608
-0.00104751705658
-0.00120018422604
-0.0014437524369
-0.00178665050771
-0.00218088645488
-0.00244742655195
-0.00238984427415
-0.00180916732643
-0.000630765978713
0.0009434747044
0.00268094986677
0.00434365030378
0.00572540843859
0.00667900172994
0.00706703355536
0.00674920529127
0.00574540672824
0.00438804831356
0.00303709786385
0.00206040893681
0.00158905040007
0.00132411089726
0.00092857691925
5.99803133809e-05
-0.00139982101973
-0.00317431916483
-0.00495886197314
-0.00644135149196
-0.00738659221679
-0.00768141495064
-0.007224842906
-0.00591385597363
-0.00387977831997
-0.00160596158821
0.000400474236812
0.00163052673452
0.00191569712479
0.00158448179718
0.000992378219962
0.000499821209814
0.000308759976178
0.000399306882173
0.000740783347283
0.00130062014796
0.00200906186365
0.00275216717273
0.00341514311731
0.00388332875445
0.00418441276997
0.0045208320953
0.00509961415082
0.00612921314314
0.00766696501523
0.00959707517177
0.0117972418666
0.0141424881294
0.0164185576141
0.018315507099
0.0195227842778
0.019729277119
0.0187677331269
0.0166192110628
0.0132713681087
0.00872035697103
0.00332599994726
-0.00220006937161
-0.00714591424912
-0.0108081120998
-0.0129831749946
-0.0139317000285
-0.0139193953946
-0.0132163250819
-0.0120887439698
-0.0107955355197
-0.00959237106144
-0.00872405804694
-0.00812658667564
-0.00748104229569
-0.00647184811532
-0.00479492777959
-0.0024934054818
0.000116951952805
0.00272094993852
0.00501390779391
0.00688031269237
0.00835072156042
0.0094551704824
0.0102278152481
0.010727353394
0.0110304001719
0.0112126264721
0.0113447848707
0.0114109404385
0.0113381063566
0.0110546248034
0.0104963164777
0.00970853492618
0.00880704354495
0.007906710729
0.00711728399619
0.00649450812489
0.00605905149132
0.00583221297711
0.00582675868645
0.00596552481875
0.0061207106337
0.00616533122957
0.00597657915205
0.00547635694966
0.00461197365075
0.00333105120808
0.00159701134544
-0.000463082513306
-0.00264334911481
-0.00473999837413
-0.0065561006777
-0.00799130834639
-0.00898931827396
-0.00949388276786
-0.0094579262659
-0.00891453307122
-0.00793228019029
-0.00657955836505
-0.0049336287193
-0.00313660292886
-0.0013613384217
0.000222640053835
0.00145188975148
0.00221211067401
0.00240921182558
0.00195029180031
0.000784956442658
-0.000859445193782
-0.00264910864644
-0.00425255065784
-0.00536944624037
-0.00589542696252
-0.00579512538388
-0.00503392424434
-0.00361445802264
-0.00175062345807
0.000270403630566
0.00216570799239
0.00367143098265
0.00464277854189
0.00497484300286
0.00456165987998
0.00336041930132
0.00163416669238
-0.000258081010543
-0.00195823144168
-0.00316713331267
-0.00384723511524
-0.00403953250498
-0.00378391635604
-0.00314975692891
-0.00233659031801
-0.00157797185238
-0.0011085056467
-0.00107996561565
-0.00130601599813
-0.00151300278958
-0.00142742134631
-0.000850807584357
0.000121819066408
0.00132391345687
0.00258940900676
0.00375875970349
0.00470609078184
0.00531220668927
0.00545779755339
0.00506896758452
0.00423095235601
0.00306276348419
0.00168564449996
0.000219789188122
-0.00121193029918
-0.00248623336665
-0.00347914732993
-0.00410283682868
-0.00437708105892
-0.00434320047498
-0.00404291087762
-0.00351156108081
-0.0027652955614
-0.00181725202128
-0.00067911145743
0.00063644151669
0.00211740774103
0.00375083135441
0.00552708189934
0.00735995266587
0.00896933954209
0.0100412340835
0.0102597316727
0.00945642590523
0.00784304644912
0.00568592594936
0.00325741828419
0.000802103371825
-0.00149746448733
-0.00346435676329
-0.00492461351678
-0.00580919487402
-0.00630436139181
-0.00662843836471
-0.00700326263905
-0.0075352974236
-0.00807379372418
-0.00843642186373
-0.00843784958124
-0.00797948800027
-0.00714973313734
-0.00605872925371
-0.00481780478731
-0.00355208944529
-0.00241381884553
-0.00155770755373
-0.00113999703899
-0.00121669890359
-0.00164643255994
-0.00226823356934
-0.00291833141819
-0.00350079871714
-0.00404564337805
-0.00459494395182
-0.00519189052284
-0.00585788628086
-0.00657117553055
-0.00730726588517
-0.00804090686142
-0.00869490858167
-0.00910341832787
-0.00909367855638
-0.00849076081067
-0.00724750477821
-0.00553411990404
-0.00353539176285
-0.00143776182085
0.000593644974288
0.00243813823909
0.00397779792547
0.00509449513629
0.00578499073163
0.00622800784186
0.00661250157282
0.00712997373194
0.00786207895726
0.00872453022748
0.00962280668318
0.0104609197006
0.0111217675731
0.011459982954
0.0113301826641
0.0105863716453
0.00926404632628
0.00765417935327
0.00605932390317
0.00478554237634
0.00398848531768
0.00362347136252
0.0036348386202
0.00396546907723
0.00452118460089
0.0051625482738
0.00574769079685
0.00613529235125
0.00625567277893
0.00612975563854
0.00578145962209
0.00523501960561
0.00442878622562
0.00319567136467
0.00136753148399
-0.00122372829355
-0.00448758061975
-0.00802897568792
-0.0114396009594
-0.0143145155162
-0.0164567343891
-0.0179116725922
-0.0187341030687
-0.0189793296158
-0.0187283027917
-0.0180877745152
-0.0171643067151
-0.0160642620176
-0.0147996861488
-0.013284670189
-0.0114332865924
-0.00915839429945
-0.00656978832558
-0.0039754412137
-0.00168987060897
-2.15858744923e-05
0.000964430044405
0.00145943276584
0.00165627500974
0.00174833450001
0.00176363962237
0.0015649999259
0.00101496605203
-2.15975414903e-05
-0.00146691070404
-0.00303566758521
-0.00444035837427
-0.00539305480197
-0.00568221509457
-0.00517213577405
-0.0037322351709
-0.00124215509277
0.0020180537831
0.00540829496458
0.00828578043729
0.0100203379989
0.0105541972443
0.0103472843766
0.00986088067293
0.00955382175744
0.00963081419468
0.010067705065
0.0108360704035
0.0119002778083
0.0130223184824
0.0137962913141
0.0138193806633
0.0127017488703
0.0105017833412
0.00765523547307
0.00459744781256
0.00176042597741
-0.000624341249932
-0.00249394634739
-0.00378767051734
-0.00445225462317
-0.00459169223905
-0.00443570641801
-0.00421269936487
-0.00414636638016
-0.00431038439274
-0.00465861707926
-0.00514386361465
-0.00571618648246
-0.00626696553081
-0.00664494093508
-0.00669976277277
-0.00628802692518
-0.00542911887169
-0.00426626903936
-0.0029414196033
-0.00159709039144
-0.000318204518408
0.000852427852806
0.00187245535199
0.00270226900466
0.00335248443298
0.00387037894689
0.00430219247937
0.00469017541036
0.00498741259798
0.00508227059618
0.00486509781331
0.00423448812217
0.00325473072007
0.00211081164889
0.000986196566373
5.72854914935e-05
-0.00062115304172
-0.00108454248402
-0.00136792717967
-0.00151399860624
-0.00167925772257
-0.00209858384915
-0.00300288130529
-0.00460024597123
-0.00670066103339
-0.00883813388646
-0.010551485233
-0.0113946413621
-0.011228563264
-0.0101268347353
-0.00816390104592
-0.00542919244617
-0.00223911227658
0.000937022676226
0.00363984075375
0.00542865274474
0.00628119008616
0.00645699631423
0.0062114270404
0.00579652236775
0.00536952540278
0.00502131413668
0.00484242103994
0.00491226138547
0.00514824083075
0.00536135816947
0.00536514539272
0.00498554855585
0.00425448734313
0.00334004778415
0.00240886211395
0.00162668316625
0.00112775003072
0.00102436635643
0.00142642797437
0.00243026204407
0.00390969868749
0.00559357088059
0.00721597578377
0.00851633865386
0.00938575901091
0.00981126353145
0.00978151522577
0.00929400790483
0.00847681798041
0.00754085928202
0.00669516436756
0.00613163597882
0.00578693207353
0.0054324013181
0.00484323874116
0.00380823411979
0.00234904256649
0.000638826924842
-0.00114988302812
-0.00284700281918
-0.00429537752643
-0.00535032711923
-0.00586940906942
-0.00572650460526
-0.00503878109157
-0.00408008787781
-0.00312219443731
-0.00242317607626
-0.00202809507027
-0.00184290343896
-0.00177442049608
-0.00172974460293
-0.00163558591157
-0.0014325294178
-0.00106193416286
-0.000471173669212
0.000298234837828
0.00114323175512
0.00196182681248
0.00265497574583
0.0031841348391
0.00354964984581
0.00375252240337
0.00379847921431
0.00376131664962
0.00375971663743
0.00391027145088
0.00432039517909
0.00493747694418
0.00560030434281
0.00615014042705
0.00643095606938
0.00635360134766
0.00587526010349
0.00495445728302
0.00355936028063
0.00182055507321
-2.12208360608e-05
-0.00172718300018
-0.0030707817059
-0.00401530368254
-0.00465812347829
-0.00509549025446
-0.00541795929894
-0.00561018940061
-0.00558139709756
-0.00524231046438
-0.00450773118064
-0.00338224554434
-0.00193428411148
-0.000234894803725
0.00164221890736
0.00354081578553
0.00524619128555
0.00654861098155
0.00724564027041
0.00735135888681
0.00703757954761
0.00647466443479
0.00582832004875
0.00515352608636
0.00441985717043
0.00359851401299
0.0026588072069
0.00156838912517
0.000296300917398
-0.00118880264927
-0.00291349343024
-0.00480215530843
-0.00670032901689
-0.00845406763256
-0.00991007778794
-0.0109519502148
-0.0114936493337
-0.0114511754364
-0.0107474792749
-0.00948621798307
-0.00791713874787
-0.00628672167659
-0.00484236516058
-0.00373131060041
-0.00301916827448
-0.00277046766132
-0.00304256682284
-0.00373185472563
-0.00459930067882
-0.00540649937466
-0.00591662991792
-0.00599302863702
-0.00558764254674
-0.00465503474697
-0.00315608596429
-0.00124887237325
0.000738622155041
0.00247567240149
0.00363781722263
0.0040878849104
0.00386554468423
0.00301354750991
0.0015794497449
-0.000242742782575
-0.00212417822331
-0.00373779935762
-0.00476081203669
-0.00517184427008
-0.0052410075441
-0.00523996399716
-0.00543970707804
-0.0058805285953
-0.0063710026443
-0.00671790540218
-0.00672638509423
-0.00631394330412
-0.00551598705351
-0.00437049521133
-0.00291687529534
-0.00127231690567
0.000369390210835
0.00181410368532
0.00286852731369
0.00353068788536
0.0040092295967
0.00451635057107
0.00526502449065
0.00629477202892
0.00744332838804
0.00854306016117
0.00942593626678
0.00997951906174
0.0101629458368
0.00993801001459
0.00926780700684
0.00822143256664
0.00699738739058
0.00579976523295
0.0048323594965
0.00419125147164
0.00383204850368
0.00370329106227
0.00375280948356
0.00384524394758
0.0037370075006
0.00318181607872
0.0019315299578
-1.03572529042e-06
-0.00223288894631
-0.00436618365347
-0.00599799538031
-0.00685251224786
-0.00684997532517
-0.00592274870723
-0.00400294410065
-0.0012678647181
0.00173328095116
0.00442923698574
0.00624547386542
0.00691807502881
0.00669253105298
0.00584905827418
0.00467390846461
0.00343963666819
0.0023968142923
0.00179090502206
0.00187052891124
0.00267594889738
0.00387850543484
0.00511911232024
0.00603337306529
0.00638583907858
0.00618489086628
0.00546214682981
0.00425040209666
0.00268756784499
0.00112281367183
-7.73050269345e-05
-0.000538634718396
-0.000101115401776
0.000953031179961
0.00229057739489
0.00357547099702
0.00452692387626
0.00498981075361
0.00482500717044
0.00389141053893
0.0022264062427
0.000280733598629
-0.00143754726741
-0.00241466541775
-0.00236184010282
-0.00154985697009
-0.000330892857164
0.000939307908993
0.00198517856188
0.00275373272598
0.00322628347203
0.00338445650414
0.00326807610691
0.00308288820088
0.00306319305673
0.00344578316435
0.00431117042899
0.00525922933593
0.00580089446157
0.00544266821817
0.00388586916961
0.00147086556535
-0.00132639729418
-0.00403214944527
-0.00620782421902
-0.00754385674372
-0.00775920599699
-0.0065723946318
-0.00386939523742
-0.000187474273844
0.00378437084146
0.00735006993636
0.00994829647243
0.0115491617471
0.0122693981975
0.0122225359082
0.0115290088579
0.0103341247886
0.00879041198641
0.00705033820122
0.00526914605871
0.00361600029282
0.00226459070109
0.00138807902113
0.00112233811524
0.00140323361848
0.00209725578316
0.0030719677452
0.00417751725763
0.00515129929408
0.00569175230339
0.00549938390031
0.0043260185048
0.00227922364138
-0.000390596891521
-0.00343553442508
-0.00661009782925
-0.0096904989332
-0.012468226254
-0.0147297689691
-0.0162800699472
-0.0170383751392
-0.0169826410711
-0.0160908997059
-0.0143627850339
-0.0120273670182
-0.00942766107619
-0.00690517108887
-0.00478435773402
-0.00322917080484
-0.00230856030248
-0.00208986992948
-0.00261906767264
-0.00365647231229
-0.00479014869779
-0.00561477802694
-0.00574688706547
-0.00521309534088
-0.00431287754327
-0.00334162148647
-0.00259018992074
-0.00220559095033
-0.00222742324695
-0.00269322330132
-0.00363270984963
-0.00487662432715
-0.00610246649012
-0.00698877871037
-0.00722218398005
-0.00676040677354
-0.00579980621114
-0.00453700637445
-0.00317062158138
-0.00186604261398
-0.000752211548388
4.16623079218e-05
0.000388792075682
0.000274942751275
-0.000197211920749
-0.000922118546441
-0.00179352774285
-0.00270426506177
-0.00354572595097
-0.00421154266223
-0.00459483312443
-0.00466809701174
-0.00450391694903
-0.00417867256328
-0.00376958306879
-0.0033232329879
-0.00284266704693
-0.00232840981334
-0.00178106548265
-0.00123840488959
-0.000796600244939
-0.000555787468329
-0.000616674427874
-0.00103080738336
-0.00176389119588
-0.00277333543636
-0.0040193554014
-0.00532827200368
-0.00627752393484
-0.00642393436283
-0.00531588494778
-0.00281810178421
0.000536251813173
0.00413223262876
0.00735294213519
0.00969704147428
0.0109449960291
0.0109164286405
0.00942859612405
0.006534000393
0.00291776494123
-0.000640307902358
-0.00334740104154
-0.00466789258644
-0.00482394453138
-0.00418167002499
-0.00310857896693
-0.00194457999896
-0.00093579251552
-0.000308444374241
-0.000289041927317
-0.00100071018096
-0.0021634711884
-0.00339377787896
-0.00431072339416
-0.00462039187551
-0.00443740747869
-0.00399263435975
-0.00351531966589
-0.00319489301182
-0.00300756422803
-0.00285924598575
-0.00265671382658
-0.00230415165424
-0.00168681424111
-0.00068440195173
0.000822270521894
0.00289374357089
0.00516644865274
0.00709389988333
0.00813790690154
0.00782733689994
0.0063194190152
0.00407905923203
0.00156428548507
-0.000778936140705
-0.00267982902005
-0.00396169861779
-0.00445425556973
-0.00401802128181
-0.00298340409063
-0.00197414332069
-0.00160314713139
-0.00245288247243
-0.00444625690579
-0.00702933454886
-0.00965831894428
-0.0117897540331
-0.0131427422166
-0.0136571777984
-0.0132741397247
-0.0119428159669
-0.0098336301744
-0.00732103921473
-0.00477948412299
-0.00258383993059
-0.000926547334529
0.000195800865185
0.000792897946667
0.000875107827596
0.00050114444457
-0.000212650324102
-0.00114767672494
-0.00218556658365
-0.00313423527405
-0.00370531878434
-0.00360779114999
-0.00254585058428
-0.000499250192661
0.00210790708661
0.0048254984431
0.00719195976853
0.0088713625446
0.00975151732564
0.0097444858402
0.00876141153276
0.00682405428961
0.00419210875407
0.00115319574252
-0.00200085388497
-0.00503297848627
-0.00782694108784
-0.0102854045108
-0.01231488958
-0.0137969991192
-0.0145411314443
-0.01434632577
-0.0130089949816
-0.0104814404622
-0.00726744486019
-0.00398691324517
-0.0012653961312
0.000398862990551
0.00105268729385
0.000885165354703
8.59677529661e-05
-0.00111759197898
-0.0022971839644
-0.00295970006846
-0.00261698197573
-0.000914518197533
0.00164069130551
0.00421171681955
0.00597686041147
0.00620536273345
0.00495151337236
0.00262307957746
-0.00038007623516
-0.00364876515232
-0.00674951355904
-0.00923440326005
-0.0106659438461
-0.0106456400827
-0.00941001065075
-0.00758982170373
-0.00580754736438
-0.00466255331412
-0.00423800805584
-0.00423168763518
-0.00434490526095
-0.00427919672802
-0.00388017436489
-0.00312318466604
-0.00198629009537
-0.000448904960649
0.00138763920404
0.00330396555364
0.00507608801126
0.00648144958541
0.00738629698753
0.00776746170595
0.00760636199266
0.00688562355936
0.00565466377884
0.00406056502834
0.0022558090277
0.000393164285924
-0.00144088047091
-0.00327108823694
-0.00513386260718
-0.0070661441423
-0.00908791366965
-0.0111818276346
-0.0133293680847
-0.0155103299767
-0.0176111552864
-0.0192898102105
-0.0201701465994
-0.0198706574738
-0.0182115472853
-0.0156193310395
-0.0126342847943
-0.00980022456497
-0.00755246030167
-0.00593968154863
-0.00492509687319
-0.00446689361706
-0.00450205663219
-0.00485782092437
-0.00532930064946
-0.0057127950713
-0.00583974597976
-0.00575568526983
-0.00558474287391
-0.00544891739264
-0.00545590976253
-0.00559720210731
-0.00581161631271
-0.0060387221165
-0.00621710764244
-0.00627308012918
-0.00612704874948
-0.00569956796244
-0.00491371098906
-0.00372354895808
-0.00210518529639
-3.726365685e-05
0.00249416404404
0.00527062080801
0.0078960377723
0.00997795816511
0.0111282998696
0.0113216722384
0.0108840698376
0.0101433191448
0.00943106133491
0.00886866077781
0.0083291567862
0.007678613998
0.00677960924804
0.00554114673287
0.00394075270742
0.00196058535948
-0.00041825597873
-0.00309436675161
-0.00576130021363
-0.00809716526419
-0.00977554917336
-0.0106034977362
-0.0106668099761
-0.0100841978565
-0.00897586531937
-0.00746411317959
-0.00568128377199
-0.00375770358369
-0.00182727037463
-3.29486538249e-05
0.00143769232091
0.0023919660598
0.00263414299116
0.00207135989331
0.00101150153205
-0.000134148387588
-0.000955532945227
-0.00111742550507
-0.000661601661704
0.00025049172109
0.00145957397763
0.00280499598011
0.00411053979769
0.00519778579473
0.00588822178543
0.0060335113667
0.00574152544141
0.00524010602385
0.00475394865498
0.00449087331071
0.00445690471679
0.00454296311364
0.00464329123497
0.00465947762132
0.00463972985744
0.00473189819604
0.00508023845032
0.00582084106281
0.00684900674969
0.00786512158811
0.00857059471309
0.00866850651801
0.00804702751338
0.00677537778392
0.00492655579001
0.00257976585999
2.67946797976e-05
-0.00219573709182
-0.0035504149273
-0.00349477981217
-0.00191941158846
0.000705210666638
0.00387999531813
0.00709881307557
0.00991724897176
0.0119941849262
0.0129977371544
0.012590713799
0.0107145207003
0.00782324932516
0.00441756425425
0.00100257876329
-0.00199387641624
-0.00432511838153
-0.00576632609591
-0.00609114440158
-0.00523793743923
-0.00356780481525
-0.00150584708899
0.000519355467986
0.00217118649743
0.00338469794951
0.00414636451751
0.0044429297559
0.00431875465438
0.00402336800471
0.00385221559554
0.00409968663007
0.00495722284541
0.00617241486907
0.00737659120932
0.0082026515156
0.00835702382028
0.00791351031512
0.00705686490983
0.00597213767469
0.00483579887077
0.00378706329502
0.00295046390966
0.00245063868351
0.00237599038519
0.00257545616478
0.0028014939744
0.00281070149504
0.0023986666929
0.00168438453693
0.000933289411478
0.000406049221056
0.000337792007485
0.000710209831595
0.00137694040313
0.00219426606782
0.00301957223564
0.00374279404059
0.00427267607301
0.0045190337114
0.0044008414261
0.00396696990356
0.00334548600949
0.00266324612312
0.00204622768797
0.00159996026196
0.00141433835961
0.0015768497251
0.00216197432019
0.00299185374752
0.00371074629948
0.00396682368591
0.00342217786238
0.00210151472129
0.000307741604047
-0.00165780133102
-0.00348896463402
-0.00488123483956
-0.00553531013429
-0.0051562236622
-0.00346781476401
-0.000742716249079
0.00227182218805
0.00483831996098
0.0062249857001
0.00626851944253
0.00531307328492
0.0037063031923
0.00180202361662
-8.13761143945e-05
-0.00166012963746
-0.00265539018437
-0.00279578566551
-0.00214879820123
-0.00110106728971
-4.13542256865e-05
0.000644217187073
0.000849309377372
0.000739436596632
0.000482545932755
0.000247861025855
0.000107115316496
3.54368676199e-05
6.64300387143e-06
-6.49403818898e-06
-3.35242621077e-05
-0.000105065249954
-0.000250961951679
-0.000499065499753
-0.000786920834798
-0.000966304331087
-0.000889766437467
-0.00041321630124
0.000415976304794
0.00137085549068
0.00222238525748
0.00274487375282
0.00284179672599
0.00253781699575
0.0018595000729
0.000837393687107
-0.00041371685802
-0.00170541147236
-0.00285107456148
-0.00366705912165
-0.00410393858328
-0.00422407826409
-0.00408965209499
-0.00376283051446
-0.0032706533093
-0.00261473795399
-0.00179655628745
-0.000826906936709
0.000127342063934
0.000788549717981
0.000882048800122
0.000157010101248
-0.00123629916925
-0.0028827607166
-0.0043728845194
-0.00531896855682
-0.00567326648161
-0.00559070101008
-0.0052255098708
-0.00474088219926
-0.00438217446208
-0.00443713320419
-0.00518874917179
-0.00685926899314
-0.00911475624889
-0.0113620609045
-0.0130147831514
-0.0135496640578
-0.0129211815074
-0.0112792477012
-0.00877218227834
-0.00558570493013
-0.00210265000351
0.00122342049144
0.00393812498078
0.00568085582927
0.00651963241398
0.00664895586669
0.00626112055033
0.00556199252605
0.0047954255715
0.00421450752765
0.00407402124256
0.00447888346389
0.0050735604018
0.00541617441922
0.00506032304838
0.00378429354168
0.00192481384147
-0.000100932709756
-0.00187210773584
-0.003102340037
-0.0037793929223
-0.00392109667882
-0.00354589382187
-0.00282171880826
-0.00215190160088
-0.00195245607756
-0.0026408941485
-0.00417158659548
-0.00591070391238
-0.00720552029088
-0.00740590691566
-0.00641235243529
-0.00467658834532
-0.00266314181499
-0.000829555618111
0.000561410677619
0.00140403793193
0.00159591308329
0.00105330115184
-6.07768306509e-05
-0.00143575947732
-0.00276169413701
-0.00374855753034
-0.00428185006604
-0.00432774052024
-0.00385296996683
-0.00285622128285
-0.00152587401681
-0.000112386871479
0.00113233400043
0.00199472159147
0.00241078785621
0.00235658674501
0.00180728209671
0.000822672329377
-0.000292430078844
-0.00119261140935
-0.00152880407404
-0.0012087012874
-0.000684916798491
-0.000469039339805
-0.00107889692299
-0.00268852198496
-0.00493493489921
-0.00742185860872
-0.0097471922636
-0.0116220619529
-0.0128905149177
-0.0134032322094
-0.0130214747041
-0.0119059737772
-0.0104708727449
-0.00912884809077
-0.0082628633827
-0.00780585687608
-0.00740843638778
-0.00672394176945
-0.00543664721772
-0.00349830253981
-0.000985875492916
0.00202755746432
0.00540210027248
0.00868328008801
0.0113093769178
0.012720298022
0.012547057122
0.0110886059701
0.00878868997097
0.0060967952013
0.00340490182862
0.000967139145359
-0.000979765551165
-0.00220238091424
-0.00267963926308
-0.0027720190119
-0.002869164804
-0.00336289498955
-0.00434549432248
-0.00552701530978
-0.00660055223852
-0.00725823035464
-0.00727182114497
-0.00648790877312
-0.00475861411542
-0.00195652549155
0.00166476902086
0.00559605611488
0.00933583453298
0.012397589162
0.0145193850622
0.015544636175
0.0153173748404
0.0137652335688
0.0112905558199
0.00845838245004
0.00582588231191
0.00380356353708
0.0022044708021
0.000695639289916
-0.00105516205076
-0.00323228002526
-0.00561577780172
-0.00792330782861
-0.00986886490136
-0.0112600605935
-0.0120778949931
-0.0123233161867
-0.0119975684211
-0.0112489117309
-0.0104262568057
-0.00988656468689
-0.00997930113226
-0.0105919754133
-0.0111376168206
-0.0110254371539
-0.00968871638179
-0.00718810642138
-0.004065384157
-0.00085649266839
0.00191612902563
0.00402198638767
0.00538621470332
0.0059372279793
0.00563605688512
0.00468762544915
0.00339597044513
0.00206623552367
0.00096300651785
0.000168702623341
-0.000292511103908
-0.000395344279241
-0.000118677460705
0.000542397494428
0.00158969371114
0.0030261175707
0.00474424893036
0.00635097222403
0.00741363409907
0.00749630806968
0.00644118478522
0.00463782018051
0.00252722529694
0.00055532855913
-0.000993163557723
-0.00208123982884
-0.00268822791986
-0.00279573840089
-0.00252312934026
-0.00214843265712
-0.00195223360788
-0.0022083397489
-0.00288977008313
-0.00369163765572
-0.00430817389861
-0.00444015441462
-0.00397670082748
-0.002947317902
-0.00138511683326
0.00065936811734
0.00287218298763
0.00478958850726
0.00595409050584
0.00596054969355
0.00489119905978
0.00305818556808
0.000771004706621
-0.00168673577718
-0.00419391226023
-0.00669483328238
-0.00913476757705
-0.0114760836586
-0.013783200644
-0.0161486398429
-0.0186646711081
-0.021291077137
-0.0234488267452
-0.0244246479124
-0.0235027801245
-0.0202949270606
-0.015533038415
-0.010182227008
-0.00520741939545
-0.00135819881689
0.00125852541532
0.00264754868113
0.00281470874324
0.00190393091179
0.000405574595788
-0.00114265037701
-0.00219916389324
-0.00250909733586
-0.00245455489494
-0.00249225529842
-0.00308564677835
-0.00445377128199
-0.00633274111897
-0.00840816088021
-0.0103623820469
-0.0119512509555
-0.0130626093596
-0.0135994907469
-0.0134637048468
-0.0126340258867
-0.0112154465169
-0.00932640209794
-0.00708345463499
-0.00465451460332
-0.0022869980894
-0.000235708954278
0.00124737119768
0.0020465082489
0.00226480001584
0.00201938999817
0.00142894824967
0.000586966110859
-0.000452968582977
-0.00163964577951
-0.00292265228927
-0.0042160730809
-0.00538027612492
-0.00627181166783
-0.00674760015681
-0.00679120747373
-0.00658783409745
-0.00633520865813
-0.00623360089958
-0.00639745919034
-0.00679688248783
-0.00739052239805
-0.00813707988709
-0.00890662055463
-0.00941357016563
-0.00936209224164
-0.00845097471029
-0.00661407737061
-0.00423898408189
-0.0017560570268
0.000394606613554
0.00196881475858
0.0031429331284
0.00414353748783
0.00520129222423
0.00641496665776
0.00754207093269
0.00829218141735
0.00837160553783
0.00760808214545
0.00619770912454
0.00440643075854
0.00249830912799
0.000719109142665
-0.000751860789023
-0.00174965569749
-0.00211086496711
-0.00174280034844
-0.000899018312339
5.96918507654e-05
0.000776878499892
0.000953076349106
0.000670920067932
0.000167832520674
-0.000324278138578
-0.000595453486312
-0.000664523337036
-0.000673876958899
-0.000761615345255
-0.00106052332558
-0.00158396363258
-0.00225861510262
-0.0030117619317
-0.00376964965835
-0.00444479333237
-0.0049387589097
-0.005154913757
-0.00499513559043
-0.00445823650807
-0.0036783630494
-0.00279499869794
-0.00195061136037
-0.00123275665101
-0.000616800156422
-6.57093623886e-05
0.00045837048674
0.00101830146741
0.00176094844937
0.0028535395395
0.00446239113808
0.00668323785067
0.00920747034252
0.0115794036537
0.0133510604501
0.0141050610691
0.0137900477275
0.0125775923952
0.0106329740956
0.00812964793295
0.00529888411984
0.00243150186725
-0.000183123294846
-0.00225443113595
-0.00366028654389
-0.00456488272175
-0.00515671214089
-0.00562472641468
-0.00618273718283
-0.00711654964834
-0.0087508559227
-0.0114021087065
-0.015354860574
-0.0206791833043
-0.0273430421948
-0.0353146009147
-0.0445589981973
-0.0548361204565
-0.0657472535968
-0.0769073739648
-0.0879133939743
-0.0986614972353
-0.10954977572
-0.121008567512
-0.133479386568
-0.1469502002
-0.160494565964
-0.172733128071
-0.182250738144
-0.187687277794
-0.188010141253
-0.182424455881
-0.170164451003
-0.150462687016
-0.123419426382
-0.0902868434787
-0.052358392626
-0.0108911087736
0.0328303016722
0.0775793641806
0.122086346149
0.165049225092
0.205186128616
0.241515830159
0.27331879735
0.299893796444
0.320573925972
0.33490562439
0.342755317688
0.344013690948
0.338077932596
0.32523599267
0.305501848459
0.27898105979
0.245840832591
0.206280082464
0.161855235696
0.115415595472
0.0697806105018
0.0277624800801
-0.00872077234089
-0.040103122592
-0.067252099514
-0.0910153016448
-0.112170293927
-0.1310967803
-0.147843882442
-0.162495806813
-0.175170585513
-0.185595080256
-0.192207843065
-0.193690910935
-0.188454836607
-0.175015419722
-0.15370208025
-0.126171067357
-0.0940977334976
-0.0591672100127
-0.0230246614665
0.0127500146627
0.0465064756572
0.076507486403
0.101001031697
0.119287729263
0.131476789713
0.137740001082
0.138289794326
0.133564025164
0.124979421496
0.11423753202
0.102911226451
0.0925633385777
0.0830861851573
0.0727918669581
0.0599940419197
0.0429066903889
0.0202343594283
-0.00674096681178
-0.0358802452683
-0.0650732964277
-0.0921634361148
-0.11523078382
-0.132757335901
-0.143236592412
-0.145178362727
-0.137427926064
-0.122208483517
-0.103517927229
-0.0852587595582
-0.0714757367969
-0.0646901577711
-0.0636364147067
-0.0670539140701
-0.0734628140926
-0.081362105906
-0.0889498144388
-0.0942508205771
-0.0953444167972
-0.0902377068996
-0.0774679854512
-0.0583837851882
-0.0353131890297
-0.0105763711035
0.0134051321074
0.0352747626603
0.055620841682
0.0753416568041
0.0953320041299
0.116226218641
0.137650176883
0.158436119556
0.177574679255
0.193976551294
0.206428840756
0.212935224175
0.21093043685
0.198096215725
0.172108739614
0.133500993252
0.0875312760472
0.0394857414067
-0.00499809114262
-0.0403284169734
-0.0643351525068
-0.0777612552047
-0.0814041942358
-0.0761995315552
-0.0632470920682
-0.0455309674144
-0.0268262755126
-0.0108267627656
-0.00135391694494
-0.000532791134901
-0.00694762635976
-0.0191039182246
-0.0354331471026
-0.0543352141976
-0.0747622102499
-0.0963683575392
-0.118844725192
-0.141869843006
-0.16538515687
-0.187658593059
-0.206399604678
-0.219509348273
-0.224953666329
-0.221309944987
-0.208999708295
-0.188874721527
-0.161657065153
-0.128236547112
-0.0901411026716
-0.049525577575
-0.00813590642065
0.0322227925062
0.0695559233427
0.102018147707
0.128096804023
0.146403595805
0.155678793788
0.154788330197
0.143310308456
0.120974712074
0.0877694711089
0.0437232591212
-0.00900816172361
-0.064620859921
-0.117239296436
-0.160617396235
-0.188341215253
-0.198620826006
-0.193964913487
-0.177016094327
-0.150147840381
-0.115936242044
-0.0780757442117
-0.0409674495459
-0.00888886023313
0.0137245450169
0.0245965011418
0.0265714433044
0.0231584534049
0.0178229697049
0.0141160367057
0.0133693227544
0.0140783172101
0.0145557625219
0.01307313703
0.00821142178029
0.00135097047314
-0.0044681369327
-0.006342953071
-0.00126911175903
0.0127640292048
0.0352715440094
0.0647344738245
0.099521741271
0.137958303094
0.177016153932
0.21170951426
0.236669167876
0.246882453561
0.23730994761
0.211136326194
0.177390947938
0.144971325994
0.122949004173
0.117739722133
0.127113908529
0.145492553711
0.167432278395
0.187426716089
0.20023740828
0.201148882508
0.185254782438
0.147574052215
0.0836450383067
-0.00172535376623
-0.0970237031579
-0.190799772739
-0.27177849412
-0.330959707499
-0.367966920137
-0.384333252907
-0.3814907372
-0.36116373539
-0.326519936323
-0.282431095839
-0.233103871346
-0.183372080326
-0.137710317969
-0.097786821425
-0.0634894445539
-0.0348179638386
-0.0116486633196
0.0068788677454
0.0234440490603
0.0410235337913
0.0624835826457
0.0906735882163
0.125431105494
0.163572520018
0.201885670424
0.237032473087
0.265818417072
0.283101916313
0.283036977053
0.260145157576
0.208834588528
0.130177378654
0.0355666577816
-0.0631849393249
-0.154299914837
-0.226155415177
-0.272825300694
-0.291631758213
-0.280100435019
-0.235792145133
-0.160847082734
-0.0667828544974
0.0339630767703
0.128684967756
0.204893916845
0.257300198078
0.285459369421
0.289104282856
0.2680747509
0.224426537752
0.165009051561
0.0974674075842
0.029585627839
-0.030865425244
-0.0792736932635
-0.113255277276
-0.130519330502
-0.128779783845
-0.107984565198
-0.0730562210083
-0.0294671058655
0.0171966813505
0.0613985657692
0.0988725200295
0.126277223229
0.140244185925
0.137428149581
0.116835571826
0.0817154347897
0.0356628336012
-0.0177955497056
-0.0749251544476
-0.130669057369
-0.179231867194
-0.21499286592
-0.232181027532
-0.229450955987
-0.210788726807
-0.180387049913
-0.142525687814
-0.101454868913
-0.0620293393731
-0.0294907540083
-0.00896379165351
-0.00509721785784
-0.0146718723699
-0.0291784647852
-0.0402651615441
-0.0393065363169
-0.0222976040095
0.00724023906514
0.045249056071
0.0874938592315
0.12978464365
0.167823299766
0.196973413229
0.212691485882
0.210759222507
0.193023622036
0.165243089199
0.133028656244
0.102193191648
0.0748373866081
0.048121355474
0.0190244074911
-0.015675522387
-0.057850420475
-0.105760328472
-0.156977698207
-0.209306508303
-0.259916335344
-0.302781939507
-0.330737262964
-0.336636304855
-0.313739657402
-0.262519180775
-0.188122615218
-0.0958663374186
0.00883870292455
0.116801448166
0.214690193534
0.289209872484
0.326670795679
0.322092145681
0.285588085651
0.22846314311
0.162435501814
0.0973019376397
0.0383328907192
-0.00999509822577
-0.043115220964
-0.0585833601654
-0.0620883107185
-0.0614555366337
-0.0645412281156
-0.0773765519261
-0.0954597294331
-0.110586695373
-0.114645883441
-0.100949555635
-0.0745213106275
-0.0455927737057
-0.0243133120239
-0.0199573226273
-0.0321870297194
-0.0556047447026
-0.0848472192883
-0.114462301135
-0.138854205608
-0.152378961444
-0.149464190006
-0.125387370586
-0.0873855873942
-0.0498251542449
-0.0270460806787
-0.0323548987508
-0.0644570365548
-0.113432571292
-0.169333964586
-0.222155094147
-0.262971132994
-0.283338457346
-0.27483689785
-0.230232089758
-0.153342157602
-0.0530639886856
0.0617359243333
0.182073444128
0.299567818642
0.406015694141
0.49318793416
0.554174780846
0.588533401489
0.598066627979
0.5844591856
0.550106406212
0.499535113573
0.437680393457
0.369493365288
0.299072057009
0.228762298822
0.160603061318
0.0967035964131
0.0387958958745
-0.0119417784736
-0.0543708987534
-0.0873794332147
-0.111517198384
-0.128608688712
-0.140485823154
-0.149479269981
-0.161138653755
-0.182396054268
-0.219838097692
-0.277373254299
-0.34738266468
-0.419935137033
-0.485052764416
-0.533934652805
-0.5601593256
-0.557348668575
-0.51955139637
-0.449967354536
-0.358568161726
-0.255567967892
-0.149507388473
-0.0399077795446
0.0759436413646
0.201502516866
0.333756804466
0.457198649645
0.554919064045
0.61027276516
0.617522120476
0.579193592072
0.497955918312
0.379315078259
0.243619710207
0.114212803543
0.0142039945349
-0.0464818142354
-0.0768100693822
-0.0867381468415
-0.085551649332
-0.0755289196968
-0.0557957142591
-0.0256572607905
0.013625564985
0.0563327148557
0.096172221005
0.126651376486
0.139333337545
0.124492064118
0.0727401375771
-0.0190395005047
-0.136526867747
-0.26290088892
-0.381392836571
-0.476525694132
-0.533858120441
-0.537918925285
-0.481944441795
-0.378982752562
-0.245265394449
-0.0969098508358
0.0483477599919
0.171801447868
0.253787577152
0.284138351679
0.275640815496
0.244086191058
0.2047380656
0.166491508484
0.134188890457
0.113517634571
0.106825612485
0.111289300025
0.123765006661
0.141296222806
0.161171108484
0.181416884065
0.199919253588
0.211780428886
0.208600848913
0.181651964784
0.12620139122
0.0543580055237
-0.0184739269316
-0.0772825628519
-0.113962508738
-0.125615179539
-0.109457887709
-0.0688943713903
-0.019732138142
0.0207766871899
0.0373520515859
0.0299406852573
0.00431126356125
-0.0334493741393
-0.0775296613574
-0.122230865061
-0.16137868166
-0.191562995315
-0.217963889241
-0.247120395303
-0.28503203392
-0.329594582319
-0.375144004822
-0.416515797377
-0.445310652256
-0.449632674456
-0.416670173407
-0.340396523476
-0.231407776475
-0.102548405528
0.0336807481945
0.166287228465
0.284437566996
0.379029750824
0.446113049984
0.487224787474
0.502505600452
0.492428034544
0.452982664108
0.379116803408
0.268296837807
0.137778237462
0.0135059030727
-0.0810551419854
-0.136824548244
-0.157567322254
-0.147168442607
-0.113503217697
-0.0706634894013
-0.0333428904414
-0.0128523195162
-0.00446048751473
0.00178711104672
0.0149535536766
0.0311507545412
0.0383452698588
0.0246322397143
-0.0144128203392
-0.0730945691466
-0.14468882978
-0.219643101096
-0.283439993858
-0.320461601019
-0.316968679428
-0.274385601282
-0.20174241066
-0.107091285288
-0.000341395149007
0.106176801026
0.198811411858
0.271374344826
0.328189522028
0.374306172132
0.411804407835
0.439937412739
0.456226289272
0.458623081446
0.445367336273
0.416894882917
0.37305393815
0.318965107203
0.265358835459
0.223462074995
0.199238285422
0.186722278595
0.179379999638
0.171497479081
0.164101853967
0.158879309893
0.158103018999
0.165848612785
0.186973392963
0.226430431008
0.284126371145
0.354784429073
0.430672883987
0.502043247223
0.549549281597
0.552868723869
0.494320899248
0.376488804817
0.205472379923
-0.0126591762528
-0.256865292788
-0.493734538555
-0.693386137486
-0.841473340988
-0.940929412842
-0.991155326366
-0.998000741005
-0.969755709171
-0.915606975555
-0.844846367836
-0.774387061596
-0.722362935543
-0.705143868923
-0.725194513798
-0.77160525322
-0.837310373783
-0.90214818716
-0.932844281197
-0.893791735172
-0.765716314316
-0.567897856236
-0.32488232851
-0.0608432553709
0.196529433131
0.420401334763
0.588280677795
0.700761139393
0.775638997555
0.830836832523
0.878113865852
0.91395431757
0.934036791325
0.930270254612
0.898912549019
0.83252030611
0.72571849823
0.591395378113
0.453989624977
0.337617725134
0.25200688839
0.192441835999
0.153512626886
0.130509331822
0.116634726524
0.105106435716
0.0898021236062
0.0677376016974
0.0377185568213
-0.00211385404691
-0.057344738394
-0.137178272009
-0.248777151108
-0.393376231194
-0.556009590626
-0.72055119276
-0.871202707291
-0.994346439838
-1.08255183697
-1.12723958492
-1.1272983551
-1.08701837063
-1.01010012627
-0.906259596348
-0.788617908955
-0.671461105347
-0.567007362843
-0.472625523806
-0.382346451283
-0.28758046031
-0.184269398451
-0.0723828300834
0.0469790510833
0.167333886027
0.270132482052
0.335068434477
0.344904571772
0.312586069107
0.265678048134
0.231915459037
0.224851682782
0.239989206195
0.272094339132
0.312854379416
0.348166286945
0.361481100321
0.337505847216
0.282276362181
0.217947527766
0.166893497109
0.145170107484
0.151626095176
0.183215305209
0.236960694194
0.306935638189
0.384733349085
0.463337093592
0.535105109215
0.592506170273
0.627954483032
0.634683132172
0.609603345394
0.554327726364
0.469053030014
0.364072352648
0.26299354434
0.190158128738
0.166188538074
0.192422688007
0.26454487443
0.377390623093
0.506364107132
0.603306889534
0.618938326836
0.512446880341
0.290874540806
-0.0250262245536
-0.414259910583
-0.836115598679
-1.22280800343
-1.50592041016
-1.6272405386
-1.5952527523
-1.4470988512
-1.21883046627
-0.947541117668
-0.671743690968
-0.430016845465
-0.257417291403
-0.153179854155
-0.0984133034945
-0.0753071382642
-0.0696603134274
-0.078146673739
-0.0991054549813
-0.130889236927
-0.168323203921
-0.203428894281
-0.228122845292
-0.234300971031
-0.215016975999
-0.163553476334
-0.0731875523925
0.0543745458126
0.20511226356
0.364469587803
0.518216252327
0.654361069202
0.76235049963
0.830608963966
0.853123009205
0.837049543858
0.791781485081
0.726634681225
0.649549901485
0.566867768764
0.484772950411
0.409542351961
0.348190784454
0.308048069477
0.296123445034
0.316656112671
0.363901078701
0.429387271404
0.504810631275
0.578343510628
0.632918179035
0.65114402771
0.616617739201
0.531806707382
0.413920909166
0.280243605375
0.147125482559
0.0253592859954
-0.0766664296389
-0.150313973427
-0.190345942974
-0.201371714473
-0.189671561122
-0.161498069763
-0.122021406889
-0.0747163593769
-0.0228642784059
0.0302853472531
0.0819972753525
0.130063548684
0.172357723117
0.206976369023
0.235400885344
0.260884940624
0.286650657654
0.314905017614
0.342309743166
0.363589257002
0.373740136623
0.368965536356
0.3492872715
0.315494984388
0.268373072147
0.210253804922
0.146648362279
0.083440028131
0.0264143589884
-0.0205380488187
-0.0566939748824
-0.0814244449139
-0.0941541939974
-0.0948054641485
-0.0838227272034
-0.0616779066622
-0.0288987066597
0.0116095589474
0.0550810582936
0.0966768711805
0.131659373641
0.155790328979
0.165221780539
0.156187474728
0.125430777669
0.0757814049721
0.0135872578248
-0.0548603795469
-0.123636767268
-0.189237162471
-0.24955534935
-0.302570879459
-0.346757888794
-0.385569810867
-0.42478504777
-0.470030665398
-0.525822401047
-0.588042259216
-0.648566961288
-0.699529290199
-0.733554601669
-0.748068332672
-0.742640435696
-0.716838359833
-0.671078383923
-0.612887620926
-0.553126037121
-0.502541601658
-0.470868974924
-0.458450317383
-0.460732728243
-0.473225265741
-0.491332828999
-0.508850038052
-0.518707573414
-0.513969540596
-0.488087236881
-0.442000746727
-0.382123500109
-0.314803600311
-0.246459856629
-0.18386362493
-0.134210765362
-0.104441866279
-0.101533979177
-0.123996071517
-0.160322248936
-0.19879552722
-0.227572366595
-0.23937125504
-0.234607905149
-0.214261546731
-0.179335176945
-0.133165583014
-0.0845475941896
-0.0430930294096
-0.0183966495097
-0.0163272526115
-0.0289849508554
-0.0449433848262
-0.0529475137591
-0.0432296134531
-0.0165085345507
0.0220705196261
0.067489027977
0.114647038281
0.157659873366
0.190072476864
0.205605641007
0.197991728783
0.167272880673
0.121067807078
0.0671707540751
0.0134798884392
-0.0345610156655
-0.0771438628435
-0.115146808326
-0.149425208569
-0.180409699678
-0.206345960498
-0.224732756615
-0.233145475388
-0.229212015867
-0.211742028594
-0.180329427123
-0.134625524282
-0.074286647141
-0.0016292813234
0.0776768177748
0.157762527466
0.232922852039
0.298192948103
0.350782930851
0.388691723347
0.409714311361
0.411872506142
0.395938515663
0.36405313015
0.318361878395
0.261062264442
0.194183021784
0.119522042572
0.0388435162604
-0.0462404936552
-0.133113235235
-0.216318696737
-0.28987506032
-0.347655922174
-0.383786797523
-0.396051198244
-0.384548187256
-0.349501937628
-0.291138499975
-0.213598489761
-0.12738648057
-0.0433151461184
0.0281822513789
0.0779423564672
0.106064356863
0.115945823491
0.110910132527
0.094354018569
0.0714427381754
0.0491571910679
0.0343699678779
0.0340216271579
0.0528567507863
0.0896935835481
0.141463771462
0.204962745309
0.277052998543
0.354631096125
0.434887677431
0.515169084072
0.592861175537
0.665361821651
0.733114719391
0.796814024448
0.856370866299
0.911654233932
0.958643019199
0.990051150322
0.998925030231
0.978323101997
0.921419739723
0.828873693943
0.701444983482
0.540361464024
0.347106516361
0.131530597806
-0.0883353948593
-0.294828653336
-0.470813572407
-0.602277517319
-0.68801856041
-0.731851756573
-0.737351715565
-0.708542704582
-0.652003347874
-0.577428281307
-0.493334472179
-0.409431606531
-0.334126502275
-0.267303138971
-0.203878119588
-0.139230310917
-0.0682897344232
0.0119859110564
0.0990957915783
0.189116075635
0.277715653181
0.360528290272
0.433400988579
0.492944091558
0.535774052143
0.558354318142
0.558494746685
0.539579451084
0.508333444595
0.471496790648
0.43611240387
0.407327473164
0.386331230402
0.374960273504
0.374184221029
0.385085582733
0.405525505543
0.42956623435
0.450463980436
0.462439894676
0.459851294756
0.44210511446
0.412235766649
0.373364090919
0.328541696072
0.279857814312
0.229827046394
0.180523917079
0.134189769626
0.0932877585292
0.0584295131266
0.0265733860433
-0.00560080539435
-0.041066583246
-0.0827020406723
-0.130366444588
-0.180682912469
-0.230029046535
-0.275632679462
-0.314099997282
-0.344548881054
-0.368287503719
-0.386849462986
-0.4011297822
-0.413083583117
-0.422903448343
-0.430341362953
-0.435483545065
-0.43870857358
-0.438683271408
-0.434703916311
-0.424335330725
-0.405629038811
-0.376858025789
-0.337916761637
-0.292081713676
-0.244390055537
-0.199439331889
-0.162183582783
-0.135718181729
-0.119067318738
-0.111754707992
-0.113324359059
-0.123167559505
-0.138573348522
-0.154297336936
-0.164861291647
-0.165005773306
-0.149284303188
-0.116658218205
-0.07042786479
-0.0135985687375
0.0515946187079
0.122042790055
0.191904217005
0.25412774086
0.302020162344
0.329226613045
0.329186230898
0.302592009306
0.255739539862
0.194970622659
0.125611916184
0.0530883595347
-0.0173231828958
-0.0805619508028
-0.13182669878
-0.167200624943
-0.183069691062
-0.181558534503
-0.168190896511
-0.148582324386
-0.128281101584
-0.112053282559
-0.100527495146
-0.092461116612
-0.0868941918015
-0.0824999734759
-0.0778693705797
-0.0709952414036
-0.0596641674638
-0.0418926253915
-0.0155672552064
0.0210521575063
0.0647463873029
0.110054597259
0.151773616672
0.184878185391
0.205320268869
0.211391687393
0.202283620834
0.177618920803
0.137242659926
0.0812683179975
0.0146483993158
-0.0551988109946
-0.121032930911
-0.175705969334
-0.21410164237
-0.235316962004
-0.239366129041
-0.22659483552
-0.197900548577
-0.154208347201
-0.0985478311777
-0.0350534878671
0.0316837839782
0.0970868989825
0.157918065786
0.213554412127
0.262538254261
0.303379803896
0.335171967745
0.357045173645
0.368926793337
0.369881719351
0.359278768301
0.337007582188
0.303196132183
0.259794712067
0.20949588716
0.155248403549
0.100365489721
0.0469378791749
-0.00549979880452
-0.0569601655006
-0.107026547194
-0.155272677541
-0.201771274209
-0.247695401311
-0.294196307659
-0.341366708279
-0.389695823193
-0.438252151012
-0.482050120831
-0.517112195492
-0.53769671917
-0.538497805595
-0.517798244953
-0.477857530117
-0.421474665403
-0.351365596056
-0.270827323198
-0.185010924935
-0.100373387337
-0.0224350467324
0.0419596098363
0.0857713520527
0.107466548681
0.11186876893
0.10424554348
0.0893394351006
0.071755297482
0.0538924224675
0.0360395386815
0.0183997489512
0.00081457849592
-0.0167878009379
-0.0357893295586
-0.0583392865956
-0.0866251736879
-0.122802376747
-0.169236049056
-0.222651124001
-0.27734297514
-0.327911883593
-0.369079649448
-0.396226167679
-0.40848082304
-0.404929876328
-0.385010421276
-0.348557680845
-0.296539127827
-0.231444731355
-0.156625196338
-0.0758197307587
0.00704867159948
0.0879343226552
0.163126066327
0.229601934552
0.283858239651
0.321854680777
0.343469887972
0.352131515741
0.35146600008
0.344427019358
0.334851056337
0.324791878462
0.315941035748
0.310138314962
0.309406757355
0.313866347075
0.320569306612
0.325489193201
0.324498265982
0.313455164433
0.291983425617
0.265107423067
0.237359896302
0.214550063014
0.201683878899
0.199730813503
0.206832677126
0.221224665642
0.241029202938
0.263466596603
0.284971803427
0.300577074289
0.30539816618
0.294577986002
0.266067534685
0.221733316779
0.163474485278
0.0928765833378
0.0116893779486
-0.0786251053214
-0.176519915462
-0.280395299196
-0.388831198215
-0.499814718962
-0.608520627022
-0.711425483227
-0.803686499596
-0.880263209343
-0.937613725662
-0.973639070988
-0.986602127552
-0.974794864655
-0.937143206596
-0.876644253731
-0.797943890095
-0.705030679703
-0.602009475231
-0.494034171104
-0.386718392372
-0.285537242889
-0.196203604341
-0.122464209795
-0.0630558282137
-0.0167375691235
0.0179385375232
0.0425155870616
0.059121131897
0.0702770799398
0.0785133764148
0.0864613875747
0.0953065827489
0.103523589671
0.109259009361
0.110583260655
0.10634342581
0.0991423204541
0.0930783003569
0.0921983644366
0.100563794374
0.119815073907
0.149273335934
0.188164487481
0.235807567835
0.289391815662
0.341837376356
0.385478317738
0.412273257971
0.416712880135
0.403253465891
0.379735141993
0.353915274143
0.33331567049
0.320058107376
0.312644988298
0.309603124857
0.309379518032
0.307197391987
0.294747233391
0.26365083456
0.205185130239
0.118464685977
0.0174158234149
-0.0826124995947
-0.165793254972
-0.22055952251
-0.247736796737
-0.250458061695
-0.231804504991
-0.196023717523
-0.152107357979
-0.110451318324
-0.0814685598016
-0.073823839426
-0.0842785388231
-0.105151116848
-0.128780648112
-0.147853031754
-0.158690705895
-0.159257739782
-0.147504553199
-0.12189334631
-0.0859538912773
-0.0457565635443
-0.0073365624994
0.0235329624265
0.0448425672948
0.0565419718623
0.0585688911378
0.0513094961643
0.0392146445811
0.0287683457136
0.026419730857
0.0375015549362
0.0577338635921
0.0784636065364
0.0910593420267
0.0880373716354
0.0697727575898
0.03963393718
0.00100114569068
-0.0422326736152
-0.0838811025023
-0.117109298706
-0.134976089001
-0.133854329586
-0.12142932415
-0.107838533819
-0.103342890739
-0.113077104092
-0.129760801792
-0.144396275282
-0.147869586945
-0.135055631399
-0.107397198677
-0.0668523013592
-0.0154838711023
0.0402598977089
0.0893896669149
0.120880007744
0.124543599784
0.105157762766
0.0772156342864
0.0552231408656
0.0518147796392
0.0664040893316
0.0933849066496
0.127122014761
0.161708056927
0.190148919821
0.205245792866
0.199765384197
0.173946127295
0.140615314245
0.113567076623
0.106378987432
0.122715137899
0.157404005527
0.205153793097
0.260157346725
0.313800245523
0.356044411659
0.376664370298
0.369649708271
0.340721160173
0.297915846109
0.249264210463
0.201295793056
0.158131733537
0.123758487403
0.101643934846
0.0868953019381
0.0691013410687
0.0377926193178
-0.0143447592854
-0.0800619795918
-0.148244172335
-0.20776720345
-0.249868273735
-0.270205408335
-0.264879912138
-0.230541348457
-0.175431475043
-0.116556599736
-0.0710925683379
-0.0525764450431
-0.0567627996206
-0.0743285268545
-0.0956818833947
-0.112978026271
-0.12157856673
-0.117131054401
-0.0957575365901
-0.0614369772375
-0.0235676486045
0.00840707309544
0.0274027846754
0.0360658317804
0.0395607985556
0.0430811867118
0.0511802136898
0.0674923285842
0.0956061258912
0.138145953417
0.188096508384
0.233330279589
0.261564016342
0.263956695795
0.239930942655
0.190277472138
0.115951031446
0.0259812287986
-0.0630547776818
-0.134327575564
-0.173829182982
-0.183895692229
-0.172424703836
-0.147435903549
-0.115785107017
-0.0823796465993
-0.0518971644342
-0.0285240262747
-0.0097968801856
0.010519281961
0.0384358912706
0.0771412998438
0.121197201312
0.163687109947
0.197814911604
0.220309585333
0.231251418591
0.230789497495
0.219255670905
0.198631197214
0.171739414334
0.141067788005
0.106834173203
0.0657792016864
0.0144810387865
-0.049889922142
-0.123265527189
-0.197717383504
-0.26553606987
-0.319466620684
-0.35300847888
-0.359707951546
-0.333611875772
-0.279634892941
-0.211055010557
-0.141202405095
-0.0817890688777
-0.0377532094717
-0.0118212345988
-0.00664443429559
-0.0179958995432
-0.0335204862058
-0.0405567213893
-0.0281530637294
0.00235953577794
0.0448889620602
0.0934842154384
0.141115680337
0.178877040744
0.197735592723
0.189454331994
0.156895413995
0.109648518264
0.0573036149144
0.0077075958252
-0.0380774214864
-0.0802257284522
-0.118926629424
-0.155484884977
-0.192202359438
-0.231414467096
-0.273749947548
-0.311401367188
-0.334922164679
-0.33454477787
-0.306363016367
-0.255774050951
-0.188786059618
-0.111582681537
-0.0325586423278
0.0387868694961
0.0927472114563
0.123232401907
0.1341547966
0.130865588784
0.118676319718
0.102109670639
0.0849797874689
0.0710517093539
0.0631391853094
0.0588866621256
0.0545501746237
0.0462105870247
0.032789349556
0.0180991049856
0.00633699307218
0.00155486352742
0.00535794906318
0.0177905615419
0.0388050451875
0.066652007401
0.0938914939761
0.111874446273
0.11206009984
0.0936373844743
0.0656568929553
0.0375642552972
0.0181135144085
0.00894269067794
0.00816302467138
0.0138925453648
0.0229138899595
0.0280140601099
0.021407391876
-0.00450497400016
-0.0469899699092
-0.0915760397911
-0.123446591198
-0.129233703017
-0.108731776476
-0.0679252371192
-0.0129860416055
0.04879078269
0.106453314424
0.148594617844
0.163901671767
0.150159195065
0.116620078683
0.0729778632522
0.0285927411169
-0.0114835761487
-0.0447171665728
-0.0685412585735
-0.0815748646855
-0.0873389989138
-0.0906213670969
-0.096171207726
-0.106312781572
-0.11884316802
-0.131173029542
-0.140698552132
-0.144635334611
-0.140086501837
-0.124182581902
-0.094743847847
-0.0555731914937
-0.0133778322488
0.0252259206027
0.0550206005573
0.0762345865369
0.0904986336827
0.0994521453977
0.104463607073
0.106383375823
0.105981700122
0.103998683393
0.099137082696
0.0876951813698
0.0659460425377
0.0306289307773
-0.013173520565
-0.0542001612484
-0.0813309103251
-0.0843775942922
-0.0614540092647
-0.0146091645584
0.0541884079576
0.14144936204
0.236083731055
0.324839621782
0.394690304995
0.435852408409
0.449169278145
0.437585175037
0.404065936804
0.353051960468
0.292455613613
0.230640038848
0.175901934505
0.133461847901
0.102663859725
0.0824333429337
0.0715909302235
0.0680394396186
0.0682241991162
0.0685463771224
0.0654162466526
0.0568409152329
0.0429098568857
0.0237978901714
-0.00029189302586
-0.0300589222461
-0.0672153159976
-0.113482020795
-0.17054015398
-0.235282570124
-0.299199730158
-0.353654682636
-0.390098065138
-0.40356951952
-0.393509030342
-0.359512060881
-0.301272720098
-0.224288985133
-0.141145408154
-0.064573764801
-0.00723481038585
0.0250320900232
0.0358908250928
0.0294034834951
0.00970683339983
-0.018343007192
-0.0488232709467
-0.0758468285203
-0.0934371128678
-0.0990872755647
-0.0967414304614
-0.0909454375505
-0.0863071903586
-0.0860661566257
-0.0901862233877
-0.0981612503529
-0.109491094947
-0.123123176396
-0.136179164052
-0.145374938846
-0.147539108992
-0.140327975154
-0.125727534294
-0.107036426663
-0.0875181928277
-0.0701731219888
-0.0559701994061
-0.0449556298554
-0.0371709875762
-0.0326565764844
-0.0312599912286
-0.0327045805752
-0.0367375388741
-0.0431039892137
-0.0526124462485
-0.0671546384692
-0.0885788500309
-0.118816912174
-0.156243726611
-0.193218156695
-0.221565648913
-0.233124345541
-0.2223623842
-0.191580012441
-0.14444899559
-0.0847134068608
-0.0165601037443
0.0523307472467
0.113097690046
0.157017171383
0.17596526444
0.17190118134
0.15350690484
0.129242733121
0.107716456056
0.094184614718
0.089715950191
0.0952235162258
0.111602202058
0.13758276403
0.166924670339
0.192599922419
0.207673668861
0.206536456943
0.189948916435
0.160856559873
0.122163169086
0.0767319202423
0.0276022814214
-0.0222588311881
-0.0698114559054
-0.112085908651
-0.14730335772
-0.175336435437
-0.196222230792
-0.210022687912
-0.216625139117
-0.215370073915
-0.205764904618
-0.187145113945
-0.159125179052
-0.123769372702
-0.0843886509538
-0.0442485362291
-0.00661759916693
0.0260190032423
0.0522410683334
0.0706353038549
0.0797950178385
0.0797715708613
0.0743070021272
0.067654363811
0.0641748905182
0.0676055550575
0.0775948911905
0.0919724628329
0.108594432473
0.12529681623
0.138952210546
0.145600810647
0.141305014491
0.122051499784
0.0864777639508
0.0397927127779
-0.0119284680113
-0.0625604316592
-0.106375925243
-0.140418723226
-0.163075849414
-0.172748371959
-0.167891606688
-0.151104435325
-0.129379406571
-0.109791696072
-0.0995525717735
-0.102929219604
-0.116048045456
-0.13394407928
-0.151630595326
-0.164113044739
-0.167377322912
-0.157959207892
-0.132520571351
-0.0877255275846
-0.0258335825056
0.0437032356858
0.111317329109
0.167280316353
0.204174533486
0.222110137343
0.222770661116
0.20773562789
0.178828060627
0.140674307942
0.099699832499
0.0621647723019
0.03449588269
0.0202156044543
0.0183914322406
0.0278170183301
0.0471755042672
0.074965827167
0.108792096376
0.145778521895
0.183040484786
0.217617943883
0.246528342366
0.266869276762
0.275760382414
0.270293921232
0.249658077955
0.216830760241
0.1751113832
0.127539843321
0.0776645541191
0.0297435503453
-0.0115399481729
-0.0416487567127
-0.0560772493482
-0.0545309484005
-0.0403951592743
-0.0170494168997
0.012042931281
0.0429835356772
0.0710453167558
0.0913229733706
0.0989830344915
0.0901628062129
0.0675455406308
0.0363035537302
0.00154271221254
-0.0315717309713
-0.059090539813
-0.0782836526632
-0.086465395987
-0.0808724090457
-0.0620094165206
-0.0371452309191
-0.0143406130373
-0.001687141601
-0.00587747059762
-0.025024946779
-0.0541026704013
-0.0881259143353
-0.122086264193
-0.150466918945
-0.167581990361
-0.167822703719
-0.145450726151
-0.0998588874936
-0.039808254689
0.0250461343676
0.0850289240479
0.132083699107
0.164630487561
0.18300203979
0.187472909689
0.178505435586
0.159325480461
0.134857475758
0.109992809594
0.0896612107754
0.0754065215588
0.0643274262547
0.0533273071051
0.0392131321132
0.0198354236782
-0.00411162059754
-0.0314942598343
-0.0612119585276
-0.0920403525233
-0.122107259929
-0.149300500751
-0.171507045627
-0.186749100685
-0.19570235908
-0.200953170657
-0.205054149032
-0.210618302226
-0.21850886941
-0.227253898978
-0.235269442201
-0.240950852633
-0.242748990655
-0.239323168993
-0.229335948825
-0.211336836219
-0.18480309844
-0.152712479234
-0.118998095393
-0.0876080393791
-0.0621618516743
-0.043350558728
-0.030356310308
-0.0224004760385
-0.0186650883406
-0.0178204085678
-0.0181665308774
-0.0180254932493
-0.0157011244446
-0.0115615120158
-0.00847864616662
-0.009396831505
-0.0173510629684
-0.033544767648
-0.0558450184762
-0.0817999914289
-0.108949631453
-0.134362787008
-0.153935745358
-0.16335336864
-0.158249542117
-0.13604259491
-0.100925855339
-0.0586950480938
-0.0152265951037
0.0242179278284
0.0572085082531
0.0823332443833
0.0981194227934
0.103644199669
0.101726002991
0.0967760160565
0.0931540355086
0.094631627202
0.0989252254367
0.100665189326
0.0945476591587
0.0756366103888
0.0440665334463
0.0029978104867
-0.0444240532815
-0.0949457883835
-0.143874615431
-0.185761600733
-0.215114280581
-0.226746767759
-0.220667347312
-0.20039114356
-0.169407144189
-0.131275221705
-0.0894365161657
-0.0472209937871
-0.00800693966448
0.0249448064715
0.0500351041555
0.0666853263974
0.0743287727237
0.072684109211
0.0646769627929
0.0550505444407
0.0485175549984
0.049286942929
0.0564922913909
0.0668082162738
0.0769342556596
0.0841415077448
0.0898029059172
0.096903309226
0.1084138304
0.126679286361
0.150843665004
0.179074153304
0.209614768624
0.240067571402
0.265869319439
0.282026708126
0.283493816853
0.268753558397
0.244284614921
0.217561453581
0.196181192994
0.182507067919
0.171206980944
0.156467735767
0.13249604404
0.0983688607812
0.0576894469559
0.0141857601702
-0.0281448177993
-0.0629309490323
-0.0824864432216
-0.0790752023458
-0.0476003028452
0.00373035296798
0.0626741349697
0.116945378482
0.156507730484
0.177318230271
0.176093578339
0.149617776275
0.100503459573
0.0383329503238
-0.0269259791821
-0.0855341330171
-0.131934076548
-0.16293142736
-0.175355538726
-0.167195320129
-0.142171785235
-0.105265118182
-0.0615048222244
-0.0151374321431
0.0307878889143
0.0733899772167
0.109846785665
0.139531299472
0.163276210427
0.181913986802
0.195987999439
0.206733718514
0.215196043253
0.222389355302
0.228023678064
0.229977488518
0.226038664579
0.214307397604
0.195985481143
0.173568531871
0.150029972196
0.127843230963
0.108452789485
0.0931942090392
0.0833362340927
0.0784270912409
0.0766661167145
0.0761581659317
0.0751535594463
0.0726429820061
0.0676145628095
0.059059958905
0.0455018766224
0.0249433815479
-0.00461482675746
-0.0437904857099
-0.0867880135775
-0.126317217946
-0.155133023858
-0.169701755047
-0.170971751213
-0.160070180893
-0.139103502035
-0.115751042962
-0.0994958058
-0.0994627475739
-0.116180554032
-0.139896705747
-0.160395175219
-0.168451890349
-0.161617979407
-0.139356568456
-0.10116532445
-0.0532779693604
-0.00905239861459
0.0177378505468
0.0175039488822
-0.0035017086193
-0.035126734525
-0.0673885270953
-0.0927433371544
-0.105603210628
-0.100242450833
-0.0752234905958
-0.0399920232594
-0.00556039996445
0.0176746360958
0.0280820317566
0.0290239080787
0.0239007938653
0.0160319060087
0.00819098111242
0.00308972899802
0.00281846686266
0.0054741599597
0.00776568846777
0.00641169818118
0.000916678749491
-0.00618404522538
-0.0122189074755
-0.0148226525635
-0.0127975633368
-0.0051636910066
0.00881519448012
0.0260817110538
0.0411624386907
0.0486670322716
0.0455018877983
0.0323706753552
0.0102055231109
-0.0189359597862
-0.0477267056704
-0.0676056221128
-0.0703762620687
-0.0561110042036
-0.0318671539426
-0.00507872365415
0.0172472074628
0.0292087048292
0.0249477550387
5.07068616571e-05
-0.0384810976684
-0.0796415954828
-0.112626485527
-0.134417578578
-0.149720534682
-0.162834569812
-0.177891403437
-0.196591183543
-0.220401227474
-0.249986365438
-0.277769565582
-0.2940505445
-0.288950532675
-0.260296851397
-0.21433788538
-0.157392993569
-0.0966846719384
-0.0374349877238
0.0153832733631
0.0572056658566
0.0875122249126
0.107744067907
0.119772486389
0.123814813793
0.118343219161
0.101608984172
0.0741817429662
0.0407992042601
0.00676184380427
-0.0227426961064
-0.0438893921673
-0.0536063760519
-0.0492786541581
-0.0341559946537
-0.0171843897551
-0.00742651848122
-0.0109737208113
-0.0266111753881
-0.0524284020066
-0.0857079252601
-0.118862107396
-0.143241330981
-0.150563180447
-0.140669614077
-0.120011776686
-0.095449142158
-0.0725786313415
-0.0540903098881
-0.0425582230091
-0.039302252233
-0.0399803481996
-0.0383554399014
-0.0285875294358
-0.0120164481923
0.00496622221544
0.0158288106322
0.0166931562126
0.00774673931301
-0.0106196096167
-0.0364899970591
-0.063188739121
-0.0830043703318
-0.0888847783208
-0.0816418156028
-0.0667899027467
-0.05015469715
-0.035427108407
-0.0236777290702
-0.0158366989344
-0.0123378830031
-0.0115739079192
-0.0114582832903
-0.0100958161056
-0.00708779878914
-0.00285365548916
0.00220650830306
0.00757981278002
0.0125971473753
0.0165404826403
0.0191812347621
0.0219605173916
0.0266110934317
0.034873764962
0.0476342402399
0.0653538107872
0.0885821655393
0.114658512175
0.137259110808
0.149567648768
0.147402599454
0.133604511619
0.112019404769
0.0865762978792
0.0616031512618
0.0420474000275
0.0323556251824
0.032246414572
0.0361041799188
0.0380791760981
0.0352522023022
0.033524248749
0.0403556078672
0.0627579241991
0.101201720536
0.152349159122
0.213363826275
0.27699932456
0.330532819033
0.360559254885
0.357525974512
0.328381806612
0.28265607357
0.229453191161
0.17282050848
0.113714665174
0.0540904961526
-0.00562847498804
-0.0654688999057
-0.125422999263
-0.183924436569
-0.233408823609
-0.265476644039
-0.271959424019
-0.253859132528
-0.220084682107
-0.179422527552
-0.139505892992
-0.101717397571
-0.0667002275586
-0.0349524505436
-0.00580893317237
0.0217098835856
0.0488415658474
0.0750334188342
0.0968935936689
0.110838197172
0.11396393925
0.107936494052
0.0957657322288
0.080294765532
0.0634234771132
0.0462271794677
0.0297065991908
0.0151917627081
0.004099807702
-0.00213499413803
-0.00211187126115
0.00454865582287
0.0174662973732
0.036091171205
0.059421505779
0.0850753486156
0.110597491264
0.133524507284
0.15120485425
0.160478532314
0.1588652879
0.145312473178
0.121886923909
0.0909354239702
0.0550000406802
0.018241038546
-0.0142477573827
-0.0374506004155
-0.0488655939698
-0.050116956234
-0.0431196056306
-0.0298518612981
-0.0130807859823
0.00399500411004
0.018166327849
0.0274091735482
0.0317740216851
0.0314930193126
0.0268133729696
0.0182491540909
0.00646882178262
-0.00775479106233
-0.0240403339267
-0.0427336506546
-0.0642991960049
-0.0890677496791
-0.114828772843
-0.137552082539
-0.153066024184
-0.158345222473
-0.154102802277
-0.141662910581
-0.12235558033
-0.0987769886851
-0.0748447105289
-0.0545069389045
-0.0411412529647
-0.0346216857433
-0.0339290499687
-0.0378481075168
-0.0452137887478
-0.0549724511802
-0.0660880804062
-0.0775837749243
-0.0889048501849
-0.0997330993414
-0.10963524878
-0.118136122823
-0.124347776175
-0.127218991518
-0.125705853105
-0.118926882744
-0.106206022203
-0.0868898034096
-0.0607054717839
-0.0309113953263
-0.00238743773662
0.0199106838554
0.0327764302492
0.0381063446403
0.0386318564415
0.0370653085411
0.0354779101908
0.0351773798466
0.0374195128679
0.0430876798928
0.0494225025177
0.0518479309976
0.0458158776164
0.0288218576461
0.00514315767214
-0.0195886772126
-0.0397665947676
-0.0524193905294
-0.058548938483
-0.0593957304955
-0.0562567971647
-0.0510874390602
-0.0462963804603
-0.0442666746676
-0.0464894995093
-0.0493047684431
-0.0473568066955
-0.0353368334472
-0.0101533057168
0.0253653917462
0.0675131231546
0.112582087517
0.156291738153
0.193604797125
0.219508290291
0.229195952415
0.222441956401
0.202371522784
0.172117471695
0.134908139706
0.0946124717593
0.0553413778543
0.0211364720017
-0.00481938524172
-0.0230989996344
-0.0350675173104
-0.0421068295836
-0.0454137288034
-0.0457986630499
-0.0440222769976
-0.0408344976604
-0.03677771613
-0.0321355387568
-0.0271908659488
-0.022282820195
-0.019379613921
-0.0217863805592
-0.0327704995871
-0.0551844239235
-0.08722050488
-0.124459646642
-0.162590235472
-0.197423055768
-0.22588929534
-0.24534933269
-0.253186941147
-0.24796462059
-0.233626186848
-0.215355113149
-0.198304012418
-0.185471892357
-0.173752084374
-0.159009188414
-0.137075155973
-0.105275891721
-0.0640142485499
-0.014081325382
0.0436769872904
0.105717971921
0.163801923394
0.209453776479
0.234208464622
0.23511095345
0.21671576798
0.183945015073
0.141726151109
0.0955445095897
0.0513980947435
0.0152074862272
-0.00717233493924
-0.0148934544995
-0.0119827101007
-0.00254409364425
0.00931062549353
0.0202291999012
0.0275630336255
0.0287353489548
0.0212844535708
0.00614140555263
-0.0129454657435
-0.0322561562061
-0.0481408312917
-0.0588213279843
-0.0640791431069
-0.0637114867568
-0.0576051287353
-0.0474545806646
-0.0363927893341
-0.0274970214814
-0.0237245094031
-0.0245799459517
-0.0267056915909
-0.0267822202295
-0.0215395539999
-0.0101198144257
0.00617106631398
0.0260202102363
0.0480626188219
0.0699948593974
0.0886442512274
0.100861608982
0.103541269898
0.0970227643847
0.0854377672076
0.072987921536
0.0638804733753
0.0601548142731
0.0609518550336
0.0653020516038
0.0722041130066
0.0803842097521
0.0881677865982
0.0938625782728
0.095755495131
0.0932893380523
0.0881956145167
0.0824414938688
0.0780127197504
0.076191060245
0.0763859450817
0.0777121633291
0.0792790353298
0.0803883299232
0.0811301916838
0.0818043872714
0.0826850011945
0.0841119512916
0.086826890707
0.0917090699077
0.0996182337403
0.111217685044
0.125267073512
0.139516413212
0.151770979166
0.159859478474
0.162505194545
0.159163087606
0.149307668209
0.132421970367
0.109614096582
0.0838814452291
0.0582258850336
0.0357459336519
0.0185195226222
0.00687889801338
0.000951972149778
0.000859895953909
0.006265824195
0.0152814658359
0.0257600694895
0.0355437062681
0.0426458120346
0.0462209545076
0.0458639375865
0.0411682352424
0.031771287322
0.0179839730263
0.000598265847657
-0.0195874460042
-0.0417610704899
-0.0644130334258
-0.0851871594787
-0.101708702743
-0.111575692892
-0.11339828372
-0.108173437417
-0.0971965193748
-0.0817267596722
-0.0633203461766
-0.0445875898004
-0.0285751670599
-0.0182459857315
-0.016402201727
-0.0227771550417
-0.03498467803
-0.0506868138909
-0.0674939677119
-0.0835804790258
-0.0979209989309
-0.109541162848
-0.117490924895
-0.121267996728
-0.121685534716
-0.120062701404
-0.117584556341
-0.115350283682
-0.113706313074
-0.11261370033
-0.112052932382
-0.112000130117
-0.112562119961
-0.113995201886
-0.116557046771
-0.120520114899
-0.125850096345
-0.131577193737
-0.136751115322
-0.140428096056
-0.141648888588
-0.139917269349
-0.134977772832
-0.126581817865
-0.114502847195
-0.0987770631909
-0.0797678008676
-0.057845775038
-0.0333686470985
-0.00681949127465
0.020930159837
0.0488713383675
0.075970210135
0.101134605706
0.122934803367
0.139678835869
0.149764508009
0.151566565037
0.144629716873
0.130504563451
0.110852308571
0.0872196853161
0.0612782500684
0.0343589410186
0.00775343924761
-0.0172905251384
-0.0394732169807
-0.0586341321468
-0.0758763104677
-0.092327028513
-0.10917557776
-0.126925423741
-0.144374042749
-0.159757435322
-0.171302050352
-0.177255183458
-0.177254676819
-0.172066777945
-0.16247600317
-0.149287581444
-0.133622899652
-0.117167927325
-0.10206477344
-0.0903416052461
-0.0838603749871
-0.0822473689914
-0.0836871862411
-0.0864294618368
-0.0886712297797
-0.0891963094473
-0.0879948884249
-0.0852116420865
-0.0811108872294
-0.0758868530393
-0.0701550319791
-0.0647689402103
-0.0605608336627
-0.0584009289742
-0.0584742389619
-0.0595255419612
-0.060130070895
-0.0589584410191
-0.0546393245459
-0.0463463664055
-0.0336174182594
-0.0160492900759
0.00680530397221
0.034252859652
0.0630462318659
0.0897130519152
0.110693365335
0.122538536787
0.124890305102
0.119571425021
0.10840550065
0.0932597965002
0.0763619020581
0.0608721263707
0.0505407303572
0.0489253662527
0.0594855211675
0.081985719502
0.112874425948
0.148708403111
0.185894757509
0.221205860376
0.253291606903
0.28062966466
0.301704317331
0.314998477697
0.319893032312
0.3168207407
0.306149750948
0.287925779819
0.262766033411
0.231203064322
0.194094523787
0.152350753546
0.106972537935
0.0593544356525
0.0115697402507
-0.0343896485865
-0.0761646553874
-0.111431546509
-0.138675540686
-0.15710298717
-0.166058167815
-0.164951756597
-0.153564363718
-0.134198889136
-0.10968760401
-0.0828408822417
-0.0566185377538
-0.0332282148302
-0.0137288505211
0.00108011532575
0.010255693458
0.0129529200494
0.0104496423155
0.00520907621831
-0.000358027085895
-0.00377311860211
-0.00329726189375
0.00083072821144
0.00799964182079
0.0175674688071
0.0288739949465
0.0408912077546
0.0522450506687
0.0615599006414
0.067522123456
0.0688753426075
0.0655353218317
0.0581346862018
0.0473230369389
0.0337947681546
0.0183508954942
0.00237050442956
-0.0124737080187
-0.024561053142
-0.0322074480355
-0.0350146368146
-0.0342564918101
-0.031260676682
-0.0273534320295
-0.02379755117
-0.0213398430496
-0.0203896742314
-0.0213586129248
-0.0246551632881
-0.0302748866379
-0.0369307287037
-0.042774733156
-0.0460727922618
-0.0450245141983
-0.03928508237
-0.0309706479311
-0.0224293097854
-0.0160351619124
-0.0140880793333
-0.0168407354504
-0.0227002538741
-0.0300893094391
-0.037346996367
-0.0430134981871
-0.0456087142229
-0.0437881909311
-0.0363103412092
-0.0218926277012
-0.000405701226555
0.0251401923597
0.050800319761
0.0726019516587
0.0865527018905
0.0906272828579
0.0858323797584
0.0732669457793
0.0539103969932
0.028803344816
-0.000248279306106
-0.0309002846479
-0.0609261393547
-0.0882460474968
-0.111157596111
-0.129204928875
-0.142681464553
-0.151917308569
-0.157438099384
-0.159383401275
-0.157601565123
-0.151550620794
-0.140753000975
-0.124853886664
-0.104035191238
-0.0790203139186
-0.0504684783518
-0.0192539710552
0.0136388512328
0.0468063615263
0.0784824937582
0.107069589198
0.131194218993
0.14929933846
0.161126211286
0.167460039258
0.169207200408
0.167184904218
0.162199452519
0.154989540577
0.146142184734
0.136343896389
0.126407057047
0.116610355675
0.106369256973
0.0951167494059
0.0822291746736
0.0671576857567
0.0500502288342
0.0319585353136
0.0139326592907
-0.00282092113048
-0.0170694552362
-0.0284716933966
-0.0377020053566
-0.0454425737262
-0.0524982474744
-0.0596554651856
-0.0679499655962
-0.0785758718848
-0.0927536040545
-0.111644595861
-0.136094808578
-0.164020836353
-0.19189761579
-0.216403275728
-0.234198927879
-0.243147686124
-0.244256809354
-0.239200800657
-0.229354292154
-0.216264605522
-0.201773226261
-0.187573611736
-0.175229385495
-0.166765838861
-0.163834825158
-0.165487781167
-0.168435543776
-0.169303297997
-0.164452001452
-0.150938272476
-0.128888472915
-0.10037112236
-0.0675311312079
-0.032431576401
0.00318453740329
0.0369922183454
0.0663129463792
0.0884886309505
0.100887730718
0.102516047657
0.0953842550516
0.0818392261863
0.0641558095813
0.044745080173
0.0257551353425
0.00886716227978
-0.00445231189951
-0.0126565741375
-0.014171008952
-0.00930107664317
0.000398368225433
0.0133863734081
0.0280403532088
0.043096486479
0.0581530891359
0.0729132518172
0.0870305299759
0.100232720375
0.112375684083
0.123289421201
0.133289143443
0.142266571522
0.150110989809
0.156064704061
0.158664852381
0.156330645084
0.147396162152
0.130549281836
0.106983534992
0.0794963762164
0.0508248321712
0.0237555317581
0.000489268393721
-0.0175760351121
-0.0290382821113
-0.0325991213322
-0.026933632791
-0.0127102965489
0.0066235200502
0.0275222584605
0.0465547516942
0.0602954626083
0.0679064244032
0.0703283175826
0.0685080438852
0.0634929314256
0.05620803684
0.0478290505707
0.0395215079188
0.0324500240386
0.0278348717839
0.0257675852627
0.0247499216348
0.0231303460896
0.0192661900073
0.0116703053936
0.000592438329477
-0.012705178
-0.0269833691418
-0.0409840010107
-0.0535726659
-0.063917376101
-0.0712071284652
-0.0745759308338
-0.0731623917818
-0.0673964470625
-0.0589555427432
-0.0495105199516
-0.040723413229
-0.033934019506
-0.0291969869286
-0.0260721649975
-0.0241387467831
-0.0229723360389
-0.0218146722764
-0.0194863360375
-0.0147729134187
-0.00642169918865
0.0065467339009
0.0228230860084
0.0400675088167
0.0559846758842
0.0682335272431
0.0754717215896
0.0780477076769
0.0763876438141
0.0709591656923
0.0623566992581
0.0523860491812
0.043426591903
0.0378182530403
0.0379878245294
0.0443430617452
0.0540528669953
0.0639860928059
0.0710212439299
0.0722752958536
0.0661961138248
0.0518433563411
0.0283357724547
-0.00520586548373
-0.0471582300961
-0.0927733629942
-0.137199878693
-0.175496265292
-0.203590199351
-0.221168830991
-0.228679180145
-0.226582020521
-0.215402036905
-0.196935012937
-0.174009934068
-0.149449780583
-0.126147955656
-0.105765230954
-0.0871833562851
-0.0688549876213
-0.0493449568748
-0.027482829988
-0.00373975886032
0.0206596385688
0.0445291697979
0.0666400417686
0.086168885231
0.102706968784
0.115841254592
0.125172197819
0.130654036999
0.13296943903
0.132879182696
0.131080433726
0.128099769354
0.122481167316
0.112133696675
0.09500541538
0.0692374631763
0.0361703597009
-0.000643200590275
-0.0376436635852
-0.0712255835533
-0.098371759057
-0.116762958467
-0.12418743968
-0.118328019977
-0.0991348400712
-0.0714892372489
-0.0408857874572
-0.0129149137065
0.00792732369155
0.0212925653905
0.0278468467295
0.0282626170665
0.023381056264
0.0151781365275
0.00611865753308
-0.00135865830816
-0.00500570610166
-0.0052980221808
-0.00436963513494
-0.00432025780901
-0.00721656810492
-0.0132010430098
-0.0208195913583
-0.0286079254001
-0.0350846685469
-0.0391074232757
-0.0399344861507
-0.0368463844061
-0.029123775661
-0.0178232695907
-0.00623516738415
0.00225848192349
0.00422007730231
-0.00183091242798
-0.0145443473011
-0.0324225947261
-0.0539157539606
-0.0763039141893
-0.0951109454036
-0.105783171952
-0.103672832251
-0.0873544961214
-0.0602205991745
-0.0259720236063
0.0116107929498
0.0487785413861
0.0818194150925
0.107041798532
0.12074650079
0.122656658292
0.116638571024
0.106705226004
0.0969107821584
0.0890870019794
0.0828600376844
0.077811345458
0.0734932646155
0.0691965967417
0.0640345960855
0.0571208186448
0.0477461703122
0.0371596291661
0.0276631284505
0.0215714760125
0.0207793023437
0.0245766360313
0.0313049964607
0.0392928756773
0.0468560196459
0.0521581508219
0.0533548183739
0.0485658086836
0.037603110075
0.023487156257
0.0095901908353
-0.000729548512027
-0.00558364437893
-0.00470142159611
0.00214131781831
0.0148901902139
0.0305452477187
0.0444725453854
0.0519871152937
0.0494487956166
0.0377113260329
0.0187620706856
-0.00538866501302
-0.0321246981621
-0.0577060133219
-0.0783288180828
-0.090314052999
-0.0936980992556
-0.0912903994322
-0.0859457850456
-0.0799988359213
-0.0734486579895
-0.0656737983227
-0.0559598840773
-0.0438715144992
-0.0294887758791
-0.0129360677674
0.00549565302208
0.0232561826706
0.0364011414349
0.0409745126963
0.0346335545182
0.0202234648168
0.00153515243437
-0.017643423751
-0.034215990454
-0.0457640588284
-0.0498373992741
-0.0447946041822
-0.0331580713391
-0.0186898801476
-0.00512614334002
0.0050990912132
0.0112464101985
0.0126589313149
0.00904495082796
0.00251870299689
-0.00392523035407
-0.00728620169684
-0.0065711052157
-0.00374370580539
-0.000972606590949
-0.000344041909557
-0.00304534146562
-0.00996807031333
-0.0219699833542
-0.0383563004434
-0.0562179461122
-0.0725442841649
-0.0848906710744
-0.0942114368081
-0.102928183973
-0.113330572844
-0.125537857413
-0.137196168303
-0.145792603493
-0.148509353399
-0.143337011337
-0.127982243896
-0.100309722126
-0.0626348629594
-0.0208780840039
0.0186827667058
0.0509954877198
0.0747027620673
0.0888656452298
0.0928452834487
0.0891565456986
0.0819410607219
0.0755483135581
0.0716396570206
0.0682258531451
0.0631052106619
0.0544576123357
0.0429581589997
0.0296458620578
0.0156117137522
0.00345117226243
-0.00316578731872
-0.000541641376913
0.0122281340882
0.0305583551526
0.0493678785861
0.0640543177724
0.0732456222177
0.0769809037447
0.0752753987908
0.0687830448151
0.058665767312
0.0462039858103
0.0325696319342
0.0182991102338
0.0038747813087
-0.0100486334413
-0.0219353400171
-0.0301812645048
-0.0332985706627
-0.0315402336419
-0.0266056321561
-0.0203002914786
-0.0137820728123
-0.00680258870125
0.00102507940028
0.0097634345293
0.0181671809405
0.0247553102672
0.0281460173428
0.0284313652664
0.0266090892255
0.0238330662251
0.0210840590298
0.0192216895521
0.0190957300365
0.0213026087731
0.025722021237
0.0320833586156
0.0402447283268
0.049991607666
0.0613237395883
0.074202530086
0.0871027708054
0.0969281494617
0.100413762033
0.0962078943849
0.0860274508595
0.0719437375665
0.0558382309973
0.0395425334573
0.0243127755821
0.0112712532282
-0.000172621803358
-0.0113050825894
-0.0236562918872
-0.0374646298587
-0.05150539428
-0.0641485005617
-0.0739341825247
-0.0790856331587
-0.0777625367045
-0.0685462877154
-0.0529945418239
-0.0330528020859
-0.0107078803703
0.0111307138577
0.0288134980947
0.0391331538558
0.0413335338235
0.0370819568634
0.0281772725284
0.0164731796831
0.00358323496766
-0.00894312933087
-0.0200101938099
-0.0314090326428
-0.0457611605525
-0.0655176714063
-0.0897653922439
-0.116391263902
-0.143402263522
-0.166953936219
-0.181067988276
-0.179992347956
-0.162743002176
-0.135910302401
-0.106623023748
-0.0811068713665
-0.0610267817974
-0.0469211153686
-0.0388195514679
-0.0325561389327
-0.0223107580096
-0.00244729709812
0.025196718052
0.0530046187341
0.0735671892762
0.0835166275501
0.0845296978951
0.0782933533192
0.0672634169459
0.0546328574419
0.0437187701464
0.0369456000626
0.0327728763223
0.0281969159842
0.0205643791705
0.0112523585558
0.00395104056224
0.00216446002014
0.00641685724258
0.0141400527209
0.0225468184799
0.0287703927606
0.0295995417982
0.0216986592859
0.00342825008556
-0.0211181286722
-0.0467505529523
-0.0687399059534
-0.0850832536817
-0.095436103642
-0.0996604934335
-0.0990556553006
-0.0959277674556
-0.0928174182773
-0.0903816595674
-0.0861680284142
-0.0774607136846
-0.0627102479339
-0.0435801371932
-0.0221106205136
-0.00057150865905
0.0173356812447
0.0275522153825
0.0264569167048
0.0151638090611
-0.00126970757265
-0.0176280532032
-0.0300389546901
-0.0366058200598
-0.0354596748948
-0.0259808208793
-0.0113728735596
0.00457564834505
0.0184864569455
0.0293864123523
0.0374902226031
0.0431371815503
0.0467227175832
0.0485726036131
0.0490624159575
0.0484635941684
0.0467404127121
0.0438514910638
0.0397467017174
0.0348085202277
0.0292880237103
0.0235010217875
0.0179821122438
0.0134676788002
0.0105979098007
0.0098711932078
0.0117143830284
0.0164228640497
0.0237866360694
0.03209515661
0.0395053811371
0.0443168245256
0.0459077060223
0.0442108251154
0.0390997156501
0.0308385435492
0.0200023669749
0.00736840069294
-0.00618736352772
-0.0194114055485
-0.0310084801167
-0.0396718196571
-0.044777020812
-0.0459978356957
-0.0430623106658
-0.0372255556285
-0.0307094305754
-0.0259112026542
-0.0237770080566
-0.0229789223522
-0.0220340099186
-0.0195756666362
-0.0150338746607
-0.00796079169959
0.00199203775264
0.0131318522617
0.0221975184977
0.0259210821241
0.0229176804423
0.0153206055984
0.00556641910225
-0.00399187998846
-0.0114934928715
-0.0153368311003
-0.0140321059152
-0.00776467006654
0.00164370320272
0.0122599676251
0.0222923047841
0.0305140074342
0.0357995033264
0.0371367558837
0.0348411872983
0.0299262497574
0.023540398106
0.0170871950686
0.012584160082
0.0121072037145
0.0172537826002
0.0265860427171
0.0377960838377
0.0485440082848
0.0571254789829
0.0625178739429
0.0637166276574
0.0599508695304
0.0521615669131
0.0414770878851
0.0290228463709
0.015889596194
0.00317929661833
-0.00797856133431
-0.0164156518877
-0.0210611913353
-0.0208844952285
-0.0149212460965
-0.00404337514192
0.00938358530402
0.0229017753154
0.0341517291963
0.041211143136
0.0422651544213
0.0355923250318
0.0220233462751
0.0045908712782
-0.0136451609433
-0.0297806710005
-0.0420226976275
-0.0488804914057
-0.0489120185375
-0.0428703501821
-0.033789653331
-0.0247558020055
-0.0183081198484
-0.0142642706633
-0.0116480793804
-0.00941839534789
-0.00714724324644
-0.00529496744275
-0.00438573118299
-0.00496432883665
-0.00770639302209
-0.0132746519521
-0.0223585199565
-0.0345572642982
-0.0468273609877
-0.0558210201561
-0.0582897290587
-0.0537979193032
-0.0442699082196
-0.0316476300359
-0.017809106037
-0.00428585102782
0.00747930584475
0.0161398556083
0.0214860886335
0.0252963434905
0.0294799860567
0.0358208231628
0.0440817736089
0.0526518002152
0.0599139258265
0.0642783641815
0.0646629482508
0.0600974224508
0.0496051125228
0.0335293188691
0.0145077947527
-0.00468710344285
-0.0213358588517
-0.0338816381991
-0.0416642203927
-0.0440255217254
-0.0406162887812
-0.0328262671828
-0.0226342529058
-0.0120271649212
-0.00248340307735
0.00569981755689
0.0123789450154
0.0174204465002
0.0209880210459
0.0235829595476
0.0257091224194
0.0277928058058
0.0292838420719
0.0290526263416
0.0259758904576
0.0190969724208
0.0083049107343
-0.00625945162028
-0.0244507919997
-0.0455703027546
-0.067486487329
-0.0878850147128
-0.104461230338
-0.115681275725
-0.121069923043
-0.120237767696
-0.11285700649
-0.100202381611
-0.0848581492901
-0.0693867728114
-0.0561583042145
-0.0454346649349
-0.0364340953529
-0.0283987950534
-0.0205955673009
-0.0125251170248
-0.00377120240591
0.00607584509999
0.0170137379318
0.0276917945594
0.0365142337978
0.0418961979449
0.0432776287198
0.0421724170446
0.0402981676161
0.0393789894879
0.0402267426252
0.0423634722829
0.0452414117754
0.0483104102314
0.051049862057
0.0529823489487
0.0536388009787
0.0525762103498
0.0499335080385
0.0463002994657
0.0422568172216
0.038317207247
0.0341055244207
0.0287040174007
0.0212167613208
0.0109251979738
-0.0011644763872
-0.013242601417
-0.0234918408096
-0.0303226765245
-0.0335271246731
-0.0334679782391
-0.030501389876
-0.0250968672335
-0.0183587893844
-0.0116002233699
-0.00612982874736
-0.00305373338051
-0.00252983439714
-0.00442424137145
-0.00860695447773
-0.0147718153894
-0.0218507051468
-0.0285622775555
-0.0336364842951
-0.0359246470034
-0.0347535386682
-0.0295769777149
-0.0198552366346
-0.0055181728676
0.0115552684292
0.0290163904428
0.0445112772286
0.0561429448426
0.0638273358345
0.0679384618998
0.0688484013081
0.0669551491737
0.0627519637346
0.0567669011652
0.0495149120688
0.0414764098823
0.0329622291028
0.0242218673229
0.0155087206513
0.00709722843021
-0.00064483366441
-0.00732413912192
-0.0125342309475
-0.0159333478659
-0.0174730829895
-0.0172306802124
-0.015284194611
-0.0117699149996
-0.00734214251861
-0.00288770836778
0.000713945133612
0.00266130431555
0.00301636382937
0.00233586248942
0.00116911786608
7.77662717155e-05
-0.000199866830371
0.00119121582247
0.00508285174146
0.0122684249654
0.0220492128283
0.0323526971042
0.0411356836557
0.046324621886
0.0472491793334
0.0449228584766
0.0404118299484
0.0348029024899
0.0288022216409
0.0224793683738
0.0158565230668
0.00894986651838
0.0017182569718
-0.00602347683161
-0.0144757656381
-0.0238445326686
-0.0340167731047
-0.0437533631921
-0.0516138859093
-0.0561364889145
-0.0562255382538
-0.0527778305113
-0.0473906584084
-0.0416337884963
-0.0369959361851
-0.0340940766037
-0.0330619625747
-0.034028660506
-0.0370902046561
-0.0413992926478
-0.0453416444361
-0.0473160222173
-0.045712325722
-0.0398780740798
-0.0304275471717
-0.0180234257132
-0.00335466791876
0.0126040196046
0.0281857680529
0.0416817851365
0.051349774003
0.0559831634164
0.0563511922956
0.053703147918
0.0492712929845
0.0441990047693
0.0390289723873
0.0340268574655
0.0294627100229
0.0255943238735
0.0224262904376
0.0197699926794
0.0174469947815
0.0152676636353
0.0133221009746
0.0120659368113
0.0119703523815
0.0135232713073
0.0167568381876
0.0205786991864
0.02372292988
0.0249274261296
0.0232239998877
0.0191228836775
0.0136269042268
0.00772597268224
0.0023846430704
-0.00181650801096
-0.00455681188032
-0.00552374776453
-0.00440514227375
-0.0015524327755
0.00189186586067
0.00476246094331
0.00587976444513
0.00449887849391
0.000925122119952
-0.00437676906586
-0.0109690651298
-0.0183611437678
-0.0258103236556
-0.0324723646045
-0.0375098623335
-0.0401367992163
-0.0403561554849
-0.0387492887676
-0.0358914509416
-0.0323663428426
-0.0287927910686
-0.025817098096
-0.0240817889571
-0.0242375992239
-0.0265655368567
-0.03016211465
-0.03397314623
-0.0369096063077
-0.037996314466
-0.0372597761452
-0.0352114103734
-0.0323463529348
-0.0291646141559
-0.0260496791452
-0.0232451241463
-0.0209908261895
-0.0195303075016
-0.0188107378781
-0.0181259028614
-0.0166783537716
-0.0136760948226
-0.00852073635906
-0.0017186193727
0.00582165736705
0.0132203195244
0.0196087714285
0.0248641688377
0.0294675920159
0.0338909551501
0.0386367104948
0.0437235273421
0.0482915304601
0.0513950586319
0.0520536415279
0.0495052523911
0.0437472350895
0.0350106284022
0.023529117927
0.00958245620131
-0.00572727434337
-0.0207356419414
-0.0337889045477
-0.0432036630809
-0.0480313673615
-0.0485948137939
-0.0453262552619
-0.038643553853
-0.0289679672569
-0.0166835021228
-0.0022093791049
0.0140507277101
0.0316444970667
0.0496829487383
0.0669081583619
0.0820928886533
0.0940028652549
0.101867519319
0.105791643262
0.105929896235
0.10243524611
0.0956546515226
0.0865736082196
0.0764620900154
0.0665624439716
0.0581313371658
0.0515968427062
0.0466167479753
0.0428263880312
0.0398462638259
0.0373940132558
0.0354182682931
0.0339546613395
0.0330587886274
0.0327150039375
0.0325307324529
0.0319204963744
0.030316311866
0.0271457768977
0.0221475586295
0.0155000248924
0.0073982225731
-0.00196706037968
-0.0122794089839
-0.0225757025182
-0.031672783196
-0.0384243167937
-0.041698731482
-0.0413374751806
-0.0379928424954
-0.0323147885501
-0.0249718930572
-0.0165820401162
-0.00761341815814
0.00150773266796
0.0103409131989
0.0184606350958
0.0257289614528
0.0321587026119
0.0377501994371
0.0425187647343
0.046469129622
0.0496024638414
0.0519163608551
0.0533416010439
0.0539082661271
0.0535295046866
0.0520869009197
0.0494714081287
0.0455838702619
0.0405607074499
0.0347854346037
0.0286488588899
0.0225345920771
0.0167982447892
0.0119553143159
0.00856218859553
0.00714940298349
0.00822525005788
0.0115667581558
0.0163444280624
0.021742656827
0.0269252434373
0.0311903059483
0.0341067239642
0.0353473611176
0.0345413610339
0.0313490778208
0.0260192863643
0.0192054565996
0.0115609215572
0.00374651071616
-0.00366424489766
-0.01027445402
-0.0157334264368
-0.0196539554745
-0.021678796038
-0.0218956507742
-0.0206816587597
-0.0184123460203
-0.015472298488
-0.0122768105939
-0.00929192267358
-0.00698501011357
-0.00585873099044
-0.00637442152947
-0.00861005671322
-0.0124055948108
-0.017596559599
-0.0240205209702
-0.0314987152815
-0.0397975109518
-0.0487611815333
-0.0582465678453
-0.0680044367909
-0.0773912295699
-0.0855254605412
-0.0915684700012
-0.0946766585112
-0.0943862870336
-0.0909529849887
-0.0849444791675
-0.0768188238144
-0.0670492500067
-0.0563146099448
-0.0454304665327
-0.035221926868
-0.0264885034412
-0.0197535417974
-0.0148776201531
-0.0116600776091
-0.0098863132298
-0.00934382714331
-0.0101140253246
-0.0125490166247
-0.0169980023056
-0.0238038189709
-0.0330872945487
-0.0439137592912
-0.0549157001078
-0.0647335350513
-0.0720153674483
-0.0761181637645
-0.0773675739765
-0.076103053987
-0.0726240724325
-0.0673471689224
-0.0608539097011
-0.0538553148508
-0.0470637120306
-0.0412232540548
-0.0366679951549
-0.0328718051314
-0.0292280036956
-0.0251903515309
-0.0202207509428
-0.0145109500736
-0.00876760482788
-0.00368171953596
4.01494471589e-05
0.0019882756751
0.00261028413661
0.00259425817057
0.00260996026918
0.00333438441157
0.00520760333166
0.00834727659822
0.0128342555836
0.018809447065
0.026335099712
0.0346535295248
0.0426130257547
0.0491142235696
0.0530458949506
0.0537853501737
0.0519003644586
0.0482357442379
0.0435549803078
0.0386421456933
0.0340171121061
0.0298954285681
0.0264602731913
0.0238015539944
0.0220923181623
0.0209680888802
0.0198664534837
0.0182601455599
0.0155988605693
0.0116371521726
0.00682616652921
0.00175802409649
-0.00297364289872
-0.00676967157051
-0.00938060227782
-0.010968211107
-0.0117041915655
-0.0117650395259
-0.0113392584026
-0.0107805598527
-0.0105233248323
-0.0109873004258
-0.012618208304
-0.0155484350398
-0.0190997906029
-0.0223871320486
-0.0245367512107
-0.0246612820774
-0.0224723629653
-0.018505692482
-0.0132916783914
-0.00737171154469
-0.00126786483452
0.00468361517414
0.0103241661564
0.0154955424368
0.0200531035662
0.0239817071706
0.0276595652103
0.0315740220249
0.0361794568598
0.0419859029353
0.0491037629545
0.0567221231759
0.0639939829707
0.0699352920055
0.0735734775662
0.0746029093862
0.0735928341746
0.0709583908319
0.0673713758588
0.063336327672
0.0594072602689
0.0561740025878
0.0542240180075
0.0539558418095
0.0559266284108
0.0597243718803
0.0645274668932
0.0695727393031
0.0741117447615
0.0773830786347
0.0792091861367
0.0793343409896
0.0775019526482
0.0735153853893
0.067446090281
0.0595487616956
0.0502696372569
0.0399990938604
0.0291959233582
0.0184058789164
0.00816865358502
-0.0011216592975
-0.00895203649998
-0.0147935915738
-0.0186915304512
-0.0212048441172
-0.0229105930775
-0.0244040023535
-0.0262266546488
-0.0284061282873
-0.0307079665363
-0.0329480729997
-0.034897852689
-0.0363491438329
-0.0368313379586
-0.035786177963
-0.0327359624207
-0.0271893087775
-0.0188586171716
-0.00860291812569
0.0023373789154
0.0127128493041
0.0212667807937
0.0271919295192
0.0308112781495
0.0325488783419
0.0327939689159
0.0319934822619
0.0305807366967
0.0287809185684
0.0268945451826
0.0251471977681
0.0238161794841
0.0228906832635
0.021775264293
0.0198281276971
0.0164401661605
0.0110167022794
0.00364790647291
-0.00466493563727
-0.0129491118714
-0.0201447568834
-0.025144180283
-0.0274669844657
-0.0274505130947
-0.0254366062582
-0.021729093045
-0.0166473649442
-0.010789484717
-0.00497624045238
7.08648149157e-05
0.00352829112671
0.00457369210199
0.002997496631
-0.000731398584321
-0.00614075921476
-0.0128959845752
-0.0205196160823
-0.0284479297698
-0.0360848456621
-0.0428867638111
-0.0483765378594
-0.0518978610635
-0.0531893335283
-0.05242395401
-0.0496722236276
-0.0450591482222
-0.038661673665
-0.0308702327311
-0.0222591627389
-0.0132200317457
-0.00426190299913
0.00404020398855
0.0113861663267
0.0179042574018
0.0238968282938
0.0295050721616
0.0348124317825
0.0397782735527
0.044109903276
0.0475828237832
0.0498394630849
0.0505321919918
0.0496001057327
0.0471681877971
0.0434931591153
0.038760047406
0.0332421138883
0.027253029868
0.0210207235068
0.0149213690311
0.00934839248657
0.00472972728312
0.00120046362281
-0.00171421072446
-0.0045141838491
-0.00763151608407
-0.0115568116307
-0.0166711118072
-0.0228028930724
-0.029415205121
-0.0360234417021
-0.0421551950276
-0.0475335158408
-0.0519743487239
-0.0553925968707
-0.0577783584595
-0.0590648539364
-0.0593364462256
-0.0587711781263
-0.0578304566443
-0.0568431317806
-0.0563008897007
-0.0565956011415
-0.0578319318593
-0.0598047524691
-0.0622931309044
-0.0651900917292
-0.0682368427515
-0.0712081119418
-0.0735230818391
-0.0749156400561
-0.0748506784439
-0.0729564502835
-0.0689348131418
-0.0629885047674
-0.0554563142359
-0.0467817187309
-0.0373724810779
-0.0273798424751
-0.0173493549228
-0.00795925129205
0.000191536630155
0.00675074011087
0.0111461486667
0.0133547130972
0.0138715412468
0.013256944716
0.0119788693264
0.010506705381
0.00924130901694
0.00832212623209
0.00796271208674
0.00832698307931
0.00957842450589
0.0117753790691
0.015067987144
0.0194066241384
0.0247200578451
0.0309260375798
0.0382255986333
0.0462448894978
0.0545089319348
0.0625891685486
0.0703344717622
0.0771946981549
0.0827387720346
0.0864743888378
0.0880360454321
0.0868457183242
0.082555629313
0.0748732313514
0.0643655955791
0.0519344396889
0.0386647097766
