-0.0353902578354
-0.0354051589966
-0.0353753566742
-0.0353306531906
-0.0353157520294
-0.0353008508682
-0.0352561473846
-0.0352412462234
-0.0352263450623
-0.0351816415787
-0.0351518392563
-0.0351667404175
-0.0350922346115
-0.0350922346115
-0.0350624322891
-0.0350326299667
-0.0350326299667
-0.034973025322
-0.034973025322
-0.0349134206772
-0.0349134206772
-0.0349134206772
-0.0348538160324
-0.03482401371
-0.0348091125488
-0.0347942113876
-0.0347644090652
-0.0347197055817
-0.0347048044205
-0.0347048044205
-0.0346302986145
-0.0346451997757
-0.0346004962921
-0.0345706939697
-0.0345855951309
-0.034511089325
-0.034511089325
-0.0344663858414
-0.0344514846802
-0.0344216823578
-0.0343918800354
-0.0343918800354
-0.0343322753906
-0.0343322753906
-0.0343024730682
-0.0342726707458
-0.0342428684235
-0.0342130661011
-0.0341981649399
-0.0341534614563
-0.0341534614563
-0.0341087579727
-0.0340938568115
-0.0340640544891
-0.0340193510056
-0.0340342521667
-0.0339597463608
-0.033974647522
-0.0339299440384
-0.033900141716
-0.0338852405548
-0.0338703393936
-0.0338107347488
-0.0338107347488
-0.0337511301041
-0.0337511301041
-0.0337213277817
-0.0337213277817
-0.0336617231369
-0.0336319208145
-0.0336319208145
-0.0336021184921
-0.0335425138474
-0.0335425138474
-0.0334978103638
-0.033512711525
-0.0334531068802
-0.033438205719
-0.0333935022354
-0.0333786010742
-0.033363699913
-0.0333189964294
-0.0332891941071
-0.0332742929459
-0.0332593917847
-0.0331997871399
-0.0332146883011
-0.0331699848175
-0.0331401824951
-0.0331103801727
-0.0330805778503
-0.033050775528
-0.0330209732056
-0.0330209732056
-0.0329613685608
-0.0329464673996
-0.0329315662384
-0.032901763916
-0.0328719615936
-0.03282725811
-0.0328421592712
-0.0327825546265
-0.0327676534653
-0.0327229499817
-0.0327080488205
-0.0326782464981
-0.0326633453369
-0.0326186418533
-0.0325888395309
-0.0326037406921
-0.0325292348862
-0.0325292348862
-0.0324696302414
-0.0324696302414
-0.032439827919
-0.0324100255966
-0.0323802232742
-0.0323504209518
-0.0323504209518
-0.0322908163071
-0.0322759151459
-0.0322312116623
-0.0322312116623
-0.0321865081787
-0.0321716070175
-0.0321418046951
-0.0320971012115
-0.0320672988892
-0.032052397728
-0.0320374965668
-0.0319927930832
-0.031977891922
-0.0319480895996
-0.0318884849548
-0.0318884849548
-0.0318735837936
-0.0318288803101
-0.0317990779877
-0.0317990779877
-0.0317394733429
-0.0317245721817
-0.0316798686981
-0.0316798686981
-0.0316202640533
-0.0316202640533
-0.0315755605698
-0.0315606594086
-0.031515955925
-0.0315010547638
-0.0314712524414
-0.0314563512802
-0.0313967466354
-0.0313818454742
-0.031366944313
-0.0313371419907
-0.0312924385071
-0.0312775373459
-0.0312477331609
-0.0312179308385
-0.0311881285161
-0.0311583261937
-0.0311285238713
-0.0310987215489
-0.0310987215489
-0.0310391169041
-0.0310391169041
-0.0309646110982
-0.0309795122594
-0.0309199076146
-0.0309050064534
-0.0308901052922
-0.0308454018086
-0.0308305006474
-0.0307857971638
-0.0307708960027
-0.0307261925191
-0.0306963901967
-0.0307112913579
-0.0306367855519
-0.0306069832295
-0.0306069832295
-0.0305473785847
-0.0305473785847
-0.0305175762624
-0.0304579716176
-0.0304579716176
-0.0304281692952
-0.0303983669728
-0.0303536634892
-0.030338762328
-0.0303089600056
-0.0302642565221
-0.0302493553609
-0.0302344541997
-0.0301897507161
-0.0301450472325
-0.0301599483937
-0.0300854425877
-0.0300854425877
-0.0300407391042
-0.030025837943
-0.0299662332982
-0.0299662332982
-0.0299364309758
-0.0299066286534
-0.029876826331
-0.0298470240086
-0.0298172216862
-0.0297576170415
-0.0297874193639
-0.0297278147191
-0.0296831112355
-0.0296682100743
-0.0296235065907
-0.0296086054295
-0.0296086054295
-0.0295340996236
-0.0295042973012
-0.0295191984624
-0.0294446926564
-0.0294595938176
-0.0293850880116
-0.0293850880116
-0.0293254833668
-0.0293254833668
-0.0292956810445
-0.0292360763997
-0.0292360763997
-0.0292062740773
-0.0291764717549
-0.0291466694325
-0.0290870647877
-0.0290721636266
-0.0290572624654
-0.029027460143
-0.0289827566594
-0.0289678554982
-0.0289231520146
-0.0289082508534
-0.0288635473698
-0.0288486462086
-0.0288039427251
-0.0288039427251
-0.0287592392415
-0.0287145357579
-0.0286847334355
-0.0286549311131
-0.0286549311131
-0.0285953264683
-0.028565524146
-0.0285357218236
-0.0285357218236
-0.0284612160176
-0.0284463148564
-0.0284463148564
-0.0283867102116
-0.0283718090504
-0.0283271055669
-0.0282824020833
-0.0282973032445
-0.0282227974385
-0.0282227974385
-0.0281780939549
-0.0281631927937
-0.028103588149
-0.0281184893101
-0.0280439835042
-0.0280439835042
-0.0279843788594
-0.0279843788594
-0.0279247742146
-0.0279247742146
-0.0278502684087
-0.0278651695698
-0.0278055649251
-0.0278055649251
-0.0277310591191
-0.0277459602803
-0.0276863556355
-0.0276714544743
-0.0276118498296
-0.0276267509907
-0.0275522451848
-0.027567146346
-0.02749264054
-0.02749264054
-0.0274330358952
-0.0274330358952
-0.0273734312505
-0.0273883324116
-0.0272989254445
-0.0273138266057
-0.0272542219609
-0.0272542219609
-0.0271946173161
-0.0271648149937
-0.0271499138325
-0.027105210349
-0.027105210349
-0.027030704543
-0.0270158033818
-0.0270009022206
-0.026956198737
-0.0269114952534
-0.0269114952534
-0.0268518906087
-0.0268369894475
-0.0267922859639
-0.0267922859639
-0.0267326813191
-0.0267028789967
-0.0266730766743
-0.026643274352
-0.0266134720296
-0.026568768546
-0.0265538673848
-0.0265240650624
-0.02649426274
-0.0264495592564
-0.0264346580952
-0.0263899546117
-0.0263750534505
-0.0263303499669
-0.0263154488057
-0.0262409429997
-0.0262409429997
-0.0262111406773
-0.0261962395161
-0.0261217337102
-0.0261217337102
-0.0260621290654
-0.0260621290654
-0.0260025244206
-0.0260025244206
-0.0259280186146
-0.0259429197758
-0.0258833151311
-0.0258386116475
-0.0258535128087
-0.0257939081639
-0.0257492046803
-0.0257343035191
-0.0256896000355
-0.0256896000355
-0.025644896552
-0.0256001930684
-0.0255405884236
-0.0255405884236
-0.0255256872624
-0.0254809837788
-0.0254511814564
-0.0254213791341
-0.0253617744893
-0.0253468733281
-0.0253021698445
-0.0253021698445
-0.0252425651997
-0.0252276640385
-0.025182960555
-0.0251531582326
-0.0251382570714
-0.0250935535878
-0.0250488501042
-0.0250190477818
-0.0250041466206
-0.024959443137
-0.0249296408147
-0.0248998384923
-0.0248402338475
-0.0248402338475
-0.0248104315251
-0.0247508268803
-0.0247508268803
-0.0246912222356
-0.0246912222356
-0.0246316175908
-0.0245869141072
-0.0246018152684
-0.0245422106236
-0.02449750714
-0.0244826059788
-0.0244379024953
-0.0244230013341
-0.0243484955281
-0.0243484955281
-0.0243186932057
-0.0242739897221
-0.0242590885609
-0.0241994839162
-0.0241994839162
-0.0241398792714
-0.024110076949
-0.0240802746266
-0.024035571143
-0.0240206699818
-0.0239908676594
-0.0239610653371
-0.0239163618535
-0.0239014606923
-0.0238269548863
-0.0238418560475
-0.0237673502415
-0.0237822514027
-0.0237077455968
-0.0236779432744
-0.023648140952
-0.0236332397908
-0.0235885363072
-0.0235587339848
-0.0235289316624
-0.0234693270177
-0.0234693270177
-0.0233948212117
-0.0234097223729
-0.0233501177281
-0.0233203154057
-0.0233054142445
-0.023260710761
-0.0232160072774
-0.0231713037938
-0.0231564026326
-0.0231415014714
-0.0230669956654
-0.0230669956654
-0.0230073910207
-0.0230222921818
-0.0229477863759
-0.0229179840535
-0.0228881817311
-0.0228583794087
-0.0228285770863
-0.0227540712804
-0.0227689724416
-0.0227093677968
-0.0227093677968
-0.0226348619908
-0.0226199608296
-0.022575257346
-0.0225603561848
-0.0225156527013
-0.0225007515401
-0.0224262457341
-0.0224262457341
-0.0223666410893
-0.0223666410893
-0.0223219376057
-0.0222772341222
-0.0222474317998
-0.0222176294774
-0.0221729259938
-0.0221282225102
-0.0221282225102
-0.0220686178654
-0.0220537167042
-0.0220090132207
-0.0219792108983
-0.0219345074147
-0.0219196062535
-0.0218451004475
-0.0218451004475
-0.021800396964
-0.0217854958028
-0.021725891158
-0.0216960888356
-0.0216662865132
-0.0216364841908
-0.0216066818684
-0.0215470772237
-0.0215470772237
-0.0214874725789
-0.0214576702565
-0.0214427690953
-0.0213980656117
-0.0213384609669
-0.0213235598058
-0.0213086586446
-0.0212341528386
-0.0212043505162
-0.0212192516774
-0.0211447458714
-0.021114943549
-0.0210851412266
-0.0210255365819
-0.0210404377431
-0.0209510307759
-0.0209361296147
-0.0209063272923
-0.0208765249699
-0.0208467226475
-0.0208169203252
-0.0207722168416
-0.020727513358
-0.0206828098744
-0.0206679087132
-0.0206232052296
-0.0206083040684
-0.0205636005849
-0.0205337982625
-0.0204890947789
-0.0204443912953
-0.0204145889729
-0.0203847866505
-0.0203549843282
-0.0203251820058
-0.0202953796834
-0.0202357750386
-0.0202059727162
-0.0201612692326
-0.0201463680714
-0.020116565749
-0.0200718622655
-0.0200271587819
-0.0199824552983
-0.0199973564595
-0.0199228506535
-0.0198930483311
-0.0198334436864
-0.0198483448476
-0.0197738390416
-0.0197440367192
-0.0197440367192
-0.019654629752
-0.019654629752
-0.0196099262685
-0.0195652246475
-0.0195354223251
-0.0195354223251
-0.0194609165192
-0.0194162130356
-0.0194013118744
-0.0193566083908
-0.0193417072296
-0.019297003746
-0.0192523002625
-0.0191926956177
-0.0191926956177
-0.0191330909729
-0.0191330909729
-0.0190734863281
-0.0190436840057
-0.0190138816833
-0.0189542770386
-0.0189244747162
-0.0189244747162
-0.0188499689102
-0.018835067749
-0.0187605619431
-0.0187754631042
-0.0187009572983
-0.0186860561371
-0.0186413526535
-0.0186115503311
-0.0185966491699
-0.018522143364
-0.018522143364
-0.0184625387192
-0.0184029340744
-0.0184029340744
-0.018373131752
-0.018298625946
-0.0182837247849
-0.0182539224625
-0.0182241201401
-0.0181794166565
-0.0181347131729
-0.0180900096893
-0.0180751085281
-0.0180304050446
-0.0180006027222
-0.0179409980774
-0.0179558992386
-0.0178813934326
-0.0178515911102
-0.0177919864655
-0.0177919864655
-0.0177323818207
-0.0177025794983
-0.0176578760147
-0.0176429748535
-0.0175833702087
-0.0175684690475
-0.017523765564
-0.0174790620804
-0.0174343585968
-0.0174194574356
-0.017374753952
-0.0173300504684
-0.0173002481461
-0.0172704458237
-0.0172108411789
-0.0172108411789
-0.0171512365341
-0.0171214342117
-0.017061829567
-0.017061829567
-0.0170022249222
-0.0169575214386
-0.0169426202774
-0.0168830156326
-0.0168681144714
-0.0168234109879
-0.0167787075043
-0.0167489051819
-0.0167042016983
-0.0166893005371
-0.0166296958923
-0.0165998935699
-0.0165402889252
-0.0165402889252
-0.0164806842804
-0.016450881958
-0.0164210796356
-0.0163912773132
-0.0163167715073
-0.0163018703461
-0.0162571668625
-0.0162422657013
-0.0161677598953
-0.0161826610565
-0.0161081552505
-0.0160783529282
-0.0160336494446
-0.0160187482834
-0.0159591436386
-0.0159293413162
-0.0158697366714
-0.0158697366714
-0.0158101320267
-0.0157803297043
-0.0157356262207
-0.0156909227371
-0.0156909227371
-0.0156164159998
-0.0155717125162
-0.0155568113551
-0.0155121078715
-0.0154972067103
-0.0154376020655
-0.0153928985819
-0.0153779974207
-0.015318392776
-0.0152885904536
-0.0152289858088
-0.0152289858088
-0.015169381164
-0.0151246776804
-0.0151097765192
-0.0150501718745
-0.0150501718745
-0.0149756660685
-0.0149309625849
-0.0149160614237
-0.0148564567789
-0.0148415556177
-0.0147968521342
-0.0147670498118
-0.014707445167
-0.0146776428446
-0.0146627416834
-0.0145733347163
-0.0145882358775
-0.0145286312327
-0.0144690265879
-0.0144690265879
-0.0143945207819
-0.0143796196207
-0.0143498172984
-0.0143051138148
-0.0142604103312
-0.0142157068476
-0.0141859045252
-0.0141262998804
-0.0141113987193
-0.0140666952357
-0.0140368929133
-0.0139772882685
-0.0139772882685
-0.0138878813013
-0.0138729801401
-0.013858078979
-0.0137984743342
-0.0137686720118
-0.0136941662058
-0.013709067367
-0.013634561561
-0.0135898580775
-0.0135749569163
-0.0135153522715
-0.0134855499491
-0.0134706487879
-0.0133961429819
-0.0133663406596
-0.0133365383372
-0.0133067360148
-0.0132322302088
-0.0132173290476
-0.0131875267252
-0.0131577244028
-0.0130832185969
-0.0130683174357
-0.0130236139521
-0.0129789104685
-0.0129342069849
-0.0129044046625
-0.0128895035014
-0.0128149976954
-0.012785195373
-0.0127553930506
-0.0126957884058
-0.0126957884058
-0.0126361837611
-0.0125616779551
-0.0125467767939
-0.0125467767939
-0.0124424686655
-0.0124573698267
-0.012397765182
-0.0123530616984
-0.0122934570536
-0.0123083582148
-0.0122338524088
-0.0121742477641
-0.0121742477641
-0.0121146431193
-0.0120848407969
-0.0120252361521
-0.0120252361521
-0.0119656315073
-0.0119060268626
-0.0118911257014
-0.0118464222178
-0.0118166198954
-0.0117421140894
-0.011712311767
-0.0116974106058
-0.0116527071223
-0.0115931024775
-0.0115782013163
-0.0115334978327
-0.0114738931879
-0.0114440908656
-0.0114142885432
-0.0113546838984
-0.0113397827372
-0.0112652769312
-0.0112652769312
-0.0112056722865
-0.0111609688029
-0.0111460676417
-0.0110715618357
-0.0110417595133
-0.0110268583521
-0.0109523525462
-0.0109225502238
-0.0108927479014
-0.0108331432566
-0.0108331432566
-0.0107437362894
-0.0107437362894
-0.0106841316447
-0.0106543293223
-0.0105798235163
-0.0105947246775
-0.0105351200327
-0.0104606142268
-0.0104308119044
-0.0104159107432
-0.0103712072596
-0.0103116026148
-0.0102967014536
-0.01025199797
-0.0101923933253
-0.0101625910029
-0.0101327886805
-0.0100582828745
-0.0100433817133
-0.0100135793909
-0.00998377706856
-0.00990927126259
-0.009864567779
-0.00984966661781
-0.00980496313423
-0.00976026058197
-0.00970065593719
-0.009685754776
-0.00964105129242
-0.00958144664764
-0.00955164432526
-0.00952184200287
-0.00946223735809
-0.00943243503571
-0.00938773155212
-0.00937283039093
-0.00928342342377
-0.00926852226257
-0.00925362110138
-0.00917911529541
-0.00913441181183
-0.00911951065063
-0.00905990600586
-0.00900030136108
-0.00901520252228
-0.00894069671631
-0.00888109207153
-0.00888109207153
-0.00877678394318
-0.00879168510437
-0.00873208045959
-0.00870227813721
-0.00865757465363
-0.00861287117004
-0.00856816768646
-0.00852346420288
-0.0084787607193
-0.00844895839691
-0.00841915607452
-0.00837445259094
-0.00829994678497
-0.00829994678497
-0.0082403421402
-0.00818073749542
-0.00816583633423
-0.00812113285065
-0.00806152820587
-0.00806152820587
-0.0079870223999
-0.00794231891632
-0.00789761543274
-0.00786781311035
-0.00782310962677
-0.00777840567753
-0.00774860335514
-0.00768899871036
-0.00765919638798
-0.00762939406559
-0.00756978942081
-0.00753998709843
-0.00751018477604
-0.00745058013126
-0.00740587664768
-0.0073611731641
-0.00731646968052
-0.00730156851932
-0.00722706271335
-0.00721216155216
-0.00716745806858
-0.0071078534238
-0.00707805110142
-0.00704824877903
-0.00698864413425
-0.00698864413425
-0.00692903948948
-0.00689923716709
-0.0068694348447
-0.0068694348447
-0.00679492903873
-0.00678002787754
-0.00673532439396
-0.00675022555515
-0.00669062091038
-0.00667571974918
-0.00666081858799
-0.00661611510441
-0.00661611510441
-0.00660121394321
-0.00655651045963
-0.00655651045963
-0.00654160929844
-0.00649690581486
-0.00649690581486
-0.00649690581486
-0.00648200465366
-0.00646710349247
-0.00643730117008
-0.00643730117008
-0.00643730117008
-0.00643730117008
-0.00640749884769
-0.00643730117008
-0.00642240000889
-0.00640749884769
-0.00637769652531
-0.00640749884769
-0.00640749884769
-0.00640749884769
-0.00640749884769
-0.00640749884769
-0.00640749884769
-0.00643730117008
-0.00640749884769
-0.00643730117008
-0.00645220233127
-0.00646710349247
-0.00646710349247
-0.00646710349247
-0.00649690581486
-0.00651180697605
-0.00649690581486
-0.00652670813724
-0.00655651045963
-0.00657141162083
-0.00658631278202
-0.00661611510441
-0.0066310162656
-0.00664591742679
-0.00669062091038
-0.00667571974918
-0.00675022555515
-0.00675022555515
-0.00676512671635
-0.00680983019993
-0.0068694348447
-0.0068694348447
-0.0068843360059
-0.00692903948948
-0.00698864413425
-0.00698864413425
-0.00704824877903
-0.00709295226261
-0.00713765574619
-0.00713765574619
-0.00719726039097
-0.00727176619694
-0.00725686503574
-0.00733137084171
-0.00737607432529
-0.00742077780887
-0.00748038245365
-0.00751018477604
-0.00755488825962
-0.00762939406559
-0.00765919638798
-0.00773370219395
-0.00777840567753
-0.00780820799991
-0.00791251659393
-0.00792741775513
-0.0080019235611
-0.00804662704468
-0.00812113285065
-0.00818073749542
-0.0082403421402
-0.00832974910736
-0.00835955142975
-0.00841915607452
-0.00852346420288
-0.00856816768646
-0.00864267349243
-0.00870227813721
-0.00877678394318
-0.00885128974915
-0.00891089439392
-0.00900030136108
-0.00907480716705
-0.00914931297302
-0.00925362110138
-0.00929832458496
-0.00937283039093
-0.00946223735809
-0.00955164432526
-0.00964105129242
-0.00970065593719
-0.00980496313423
-0.0098794689402
-0.00998377706856
-0.0100433817133
-0.0101625910029
-0.0102221956477
-0.0103414049372
-0.0104159107432
-0.0105202188715
-0.0106245269999
-0.0106841316447
-0.0108033409342
-0.0109225502238
-0.0109821548685
-0.0111162653193
-0.0111609688029
-0.0112950792536
-0.0113546838984
-0.0114142885432
-0.0114738931879
-0.0115334978327
-0.0115931024775
-0.0116229047999
-0.0116676082835
-0.0116825094447
-0.0116825094447
-0.0117272129282
-0.011712311767
-0.0116974106058
-0.011712311767
-0.0116527071223
-0.0116676082835
-0.0115931024775
-0.0115633001551
-0.0115334978327
-0.0114440908656
-0.0114142885432
-0.011324881576
-0.0112354746088
-0.0111311664805
-0.0110864629969
-0.0109523525462
-0.0108331432566
-0.0107437362894
-0.0105947246775
-0.0104606142268
-0.0103414049372
-0.0101625910029
-0.0100433817133
-0.009864567779
-0.00967085361481
-0.00952184200287
-0.00932812690735
-0.00913441181183
-0.00894069671631
-0.00873208045959
-0.00850856304169
-0.00827014446259
-0.00806152820587
-0.00780820799991
-0.0075995917432
-0.00728666735813
-0.00709295226261
-0.00676512671635
-0.00652670813724
-0.00622868491337
-0.00596046401188
-0.00564753962681
-0.00533461524174
-0.00500678969547
-0.00472366809845
-0.0043660402298
-0.00402331352234
-0.00372529006563
-0.00333785987459
-0.00298023200594
-0.00262260413729
-0.00226497650146
-0.00186264503282
-0.00149011600297
-0.00107288360596
-0.000700354517903
-0.000268220901489
0.000149011611938
0.00058114528656
0.000998377799988
0.00144541251939
0.00192224967759
0.00233948230743
0.00281631923281
0.00326335406862
0.00378489471041
0.00423192977905
0.00473856925964
0.00524520827457
0.00576674891636
0.00625848723575
0.00680983019993
0.00731646968052
0.00785291194916
0.00841915607452
0.00894069671631
0.00952184200287
0.0101029863581
0.0106543293223
0.01125037577
0.0118464222178
0.0124126663432
0.0130683174357
0.013634561561
0.0142902126536
0.0149160614237
0.0155419101939
0.0161975622177
0.0168234109879
0.0175088644028
0.0181645154953
0.0188201665878
0.0195354223251
0.0202059727162
0.0209063272923
0.0216066818684
0.0223070364445
0.023037193343
0.0237524490803
0.02449750714
0.0252425651997
0.0259727220982
0.0267624836415
0.02749264054
0.0282525997609
0.0290572624654
0.0297874193639
0.0305473785847
0.0312775373459
0.0320225954056
0.0327378511429
0.0334531068802
0.0341385602951
0.0348836183548
0.0355541706085
0.0362247228622
0.0369250774384
0.0375956296921
0.0382363796234
0.0389218330383
0.0395476780832
0.0401884280145
0.0408291779459
0.041455026716
0.0420510731637
0.0426620207727
0.0432431660593
0.0438541136682
0.0444650612772
0.0450164042413
0.0455528460443
0.0461488924921
0.046685334295
0.0472366772592
0.0478029213846
0.0483095608652
0.0488162003458
0.0493228398263
0.0498592816293
0.0503361187875
0.0508427582681
0.0512897931039
0.0517964325845
0.0522732697427
0.0527054034173
0.0531524382532
0.0536292754114
0.0540465079248
0.0544637404382
0.0548809729517
0.0552982054651
0.0557154379785
0.0561028681695
0.0564753971994
0.0568926297128
0.0572204552591
0.0576227866113
0.0579506121576
0.0583082400262
0.0586658678949
0.05897879228
0.0593364201486
0.0596344433725
0.0599324665964
0.0602453909814
0.0605434142053
0.060826536268
0.0610947571695
0.061362978071
0.0616461001337
0.0618845187128
0.0621676407754
0.0623762570322
0.0625997781754
0.0628679990768
0.0630468130112
0.0632554292679
0.0634491443634
0.0636577606201
0.0638514757156
0.0640153884888
0.0641793012619
0.0643730163574
0.0644773244858
0.0646710395813
0.0647902488708
0.0649094581604
0.06502866745
0.0651478767395
0.0652819871902
0.0653713941574
0.0654309988022
0.0655502080917
0.0656098127365
0.0656694173813
0.0657439231873
0.0657886266708
0.0658333301544
0.065878033638
0.0658929347992
0.0659227371216
0.065952539444
0.0659376382828
0.0659227371216
0.065952539444
0.065878033638
0.0658929347992
0.0658631324768
0.0657886266708
0.0657588243484
0.0657141208649
0.0656396150589
0.0655502080917
0.065490603447
0.0654011964798
0.0652819871902
0.0652074813843
0.0650733709335
0.0649392604828
0.0647902488708
0.0646561384201
0.064492225647
0.0643283128738
0.0641494989395
0.063955783844
0.0637620687485
0.063568353653
0.0633150339127
0.0631213188171
0.0628530979156
0.0626295804977
0.0623464547098
0.0621080361307
0.0617951117456
0.0615268908441
0.061213966459
0.0609457455575
0.0605732165277
0.0602751933038
0.0599324665964
0.0596046410501
0.0592023096979
0.0588744841516
0.0584721527994
0.0580996237695
0.0576823912561
0.0572800599039
0.0568479262292
0.0564604960382
0.0559985600412
0.0555366240442
0.0550895892084
0.0546276532114
0.054135914892
0.0536590777338
0.0531524382532
0.0526457987726
0.0521540604532
0.0515729151666
0.0510960780084
0.0505000315607
0.0499635897577
0.0493675433099
0.0488311015069
0.048220153898
0.0476092062891
0.0470280610025
0.0463873110712
0.0457763634622
0.0451058112085
0.0444948635995
0.0438094101846
0.0431537590921
0.0424832068384
0.0417828522623
0.041067596525
0.04038214311
0.0396668873727
0.0389516353607
0.0381767749786
0.0374466180801
0.0366717576981
0.0359266996384
0.0351518392563
0.0343322753906
0.0335723161697
0.0327378511429
0.0319331884384
0.0310987215489
0.0302642565221
0.0293850880116
0.028565524146
0.0276863556355
0.0267922859639
0.0259429197758
0.0249892454594
0.024110076949
0.023186204955
0.0222921352834
0.0213235598058
0.0203549843282
0.019446015358
0.0184327363968
0.0174790620804
0.0164806842804
0.0154674043879
0.0144690265879
0.0134557476267
0.0124275675043
0.0114142885432
0.0103414049372
0.00928342342377
0.00821053981781
0.00713765574619
0.00603496981785
0.0049471850507
0.00384449935518
0.00271201110445
0.00159442413133
0.000461935967905
-0.000700354517903
-0.00183284271043
-0.00302493548952
-0.00421702861786
-0.00536441756412
-0.00660121394321
-0.00780820799991
-0.00900030136108
-0.0102221956477
-0.0115036955103
-0.0127255907282
-0.0139772882685
-0.0152587881312
-0.0165402889252
-0.0178217887878
-0.0191032886505
-0.0204443912953
-0.0217407923192
-0.0230669956654
-0.0244081001729
-0.0257939081639
-0.0270903091878
-0.0285059195012
-0.029876826331
-0.0312477331609
-0.0326633453369
-0.0340491533279
-0.0354647636414
-0.0368654727936
-0.038206577301
-0.0395476780832
-0.0408142767847
-0.0420510731637
-0.043302770704
-0.0444650612772
-0.0455975495279
-0.0467449389398
-0.0477880202234
-0.0488907061517
-0.0498741827905
-0.0508725605905
-0.0518113337457
-0.0527054034173
-0.0536143742502
-0.054448839277
-0.0552982054651
-0.0560283623636
-0.0568181239069
-0.0575035773218
-0.0581890307367
-0.0588446818292
-0.0594705305994
-0.0600367747247
-0.0605732165277
-0.0610947571695
-0.0615864954889
-0.0620186291635
-0.0624358616769
-0.0628083944321
-0.0631660223007
-0.0634789466858
-0.0637471675873
-0.0640004873276
-0.0641793012619
-0.0643879175186
-0.0645071268082
-0.0646710395813
-0.0647008419037
-0.0647604465485
-0.0647604465485
-0.0647604465485
-0.0646561384201
-0.0646114349365
-0.0644773244858
-0.0642985105515
-0.0641196966171
-0.0639110803604
-0.0636279582977
-0.0633597373962
-0.0630170106888
-0.0626742839813
-0.0622570477426
-0.0618547163904
-0.0613778792322
-0.0608861409128
-0.0603944025934
-0.0597834549844
-0.0592023096979
-0.0585913620889
-0.0579208098352
-0.0572204552591
-0.056520100683
-0.0557303391397
-0.0549554787576
-0.0541061125696
-0.0532567463815
-0.0523626767099
-0.0514239035547
-0.0504851303995
-0.0494569502771
-0.0484436713159
-0.0473856888711
-0.0462681017816
-0.0451654158533
-0.0439733229578
-0.0427812300622
-0.0415742360055
-0.0403076373041
-0.0390112400055
-0.0376552343369
-0.036284327507
-0.0349134206772
-0.0334680080414
-0.0319927930832
-0.0305175762624
-0.028952954337
-0.0274032335728
-0.0258237104863
-0.0241696815938
-0.0225156527013
-0.0207871180028
-0.0190734863281
-0.0173002481461
-0.0155121078715
-0.0136643638834
-0.0118166198954
-0.00990927126259
-0.00794231891632
-0.00600516749546
-0.00400841236115
-0.00195205199998
8.94069598871e-05
0.0021755695343
0.00414252281189
0.0061392779462
0.00812113285065
0.0100433817133
0.0119209280238
0.0138282766566
0.0156909227371
0.0175088644028
0.019297003746
0.0210553389043
0.0228285770863
0.0245273094624
0.0262111406773
0.0278651695698
0.0295191984624
0.0311285238713
0.0327080488205
0.0342428684235
0.0357925891876
0.0372678041458
0.0387579202652
0.0401884280145
0.0416338406503
0.042989846319
0.04437565431
0.045686956495
0.0470280610025
0.0482797585428
0.0495314560831
0.0507831536233
0.0519603453577
0.0531673394144
0.0542551241815
0.0554174147546
0.0564902983606
0.0575929842889
0.0585913620889
0.0596046410501
0.0606030188501
0.0615268908441
0.0624656639993
0.0633895397186
0.0642687082291
0.0650882720947
0.0658929347992
0.0667124986649
0.0674724578857
0.0682026147842
0.0689476728439
0.0696033239365
0.070258975029
0.0708848237991
0.0715106725693
0.0720471143723
0.0726282596588
0.0731199979782
0.07364153862
0.074103474617
0.0745207071304
0.0749528408051
0.0753104686737
0.0756829977036
0.076025724411
0.0763237476349
0.0765919685364
0.0768452882767
0.0770837068558
0.0772476196289
0.0774562358856
0.0775456428528
0.0776946544647
0.0777542591095
0.0778287649155
0.077873468399
0.0778585672379
0.0778436660767
0.0777840614319
0.0777095556259
0.0776052474976
0.0774711370468
0.0773072242737
0.0771433115005
0.0769048929214
0.0766962766647
0.0764131546021
0.0761151313782
0.0757724046707
0.0754743814468
0.0750720500946
0.07463991642
0.0742524862289
0.0737607479095
0.0732988119125
0.0727921724319
0.0722259283066
0.0716894865036
0.0710785388947
0.0704675912857
0.069797039032
0.0691413879395
0.0684261322021
0.0677108764648
0.0669658184052
0.0661909580231
0.0654608011246
0.0647008419037
0.063955783844
0.0632405281067
0.0624656639993
0.0617355071008
0.0610351525247
0.0602751933038
0.0595748387277
0.058829780668
0.0581443272531
0.0573992691934
0.0566989146173
0.0559985600412
0.0552684031427
0.054597850889
0.0538974963129
0.0531524382532
0.0524967871606
0.0518113337457
0.0511258803308
0.0504404269159
0.0497400723398
0.0490844212472
0.0483989678323
0.0477284155786
0.0470876656473
0.0463873110712
0.0457465611398
0.0450760088861
0.0444203577936
0.043764706701
0.0431537590921
0.0424832068384
0.041842456907
0.0412017069757
0.0405460558832
0.0399500094354
0.0393092595041
0.0386983156204
0.0380575656891
0.0374168157578
0.0368356704712
0.0362247228622
0.0355690717697
0.0350177288055
0.0343918800354
0.0337809324265
0.0331699848175
0.0326186418533
0.0319927930832
0.0314265489578
0.0308305006474
0.0302642565221
0.0296682100743
0.0291168671101
0.0285208206624
0.027954576537
0.027418134734
0.0268220882863
0.0262707453221
0.0257343035191
0.0251382570714
0.0246316175908
0.0240802746266
0.0235289316624
0.0229775886983
0.0224560480565
0.0219196062535
0.0213831644505
0.0208467226475
0.0203549843282
0.019803641364
0.019297003746
0.0187903642654
0.0182837247849
0.0177621841431
0.0172406435013
0.0167787075043
0.0162422657013
0.0157803297043
0.0152587881312
0.0147968521342
0.0142753114924
0.0138282766566
0.0133365383372
0.0128746023402
0.012397765182
0.0119060268626
0.0114738931879
0.0109821548685
0.0105202188715
0.0100731840357
0.00961124897003
0.00916421413422
0.00873208045959
0.00827014446259
0.00783801078796
0.00742077780887
0.00695884181187
0.00652670813724
0.00609457446262
0.00567734194919
0.00526010943577
0.004842877388
0.00442564487457
0.00399351119995
0.00360608077608
0.00320374942385
0.00278651691042
0.00239908695221
0.00198185443878
0.00162422645371
0.0012218952179
0.000819563807454
0.000432133645518
5.96046411374e-05
-0.000312924355967
-0.000700354517903
-0.00102818012238
-0.00143051135819
-0.00180304038804
-0.00214576721191
-0.00253319717012
-0.002831220394
-0.00323355174623
-0.00357627845369
-0.00390410399996
-0.00424683094025
-0.0046044588089
-0.00491738272831
-0.00524520827457
-0.00561773730442
-0.00588595820591
-0.00625848723575
-0.00655651045963
-0.0068694348447
-0.00719726039097
-0.00748038245365
-0.00780820799991
-0.00812113285065
-0.00841915607452
-0.00870227813721
-0.00900030136108
-0.00928342342377
-0.00958144664764
-0.0098794689402
-0.0101327886805
-0.0104457130656
-0.0107139339671
-0.0109523525462
-0.0112652769312
-0.0115036955103
-0.0117421140894
-0.0120550384745
-0.0122636547312
-0.0125467767939
-0.012785195373
-0.0130385151133
-0.0132769336924
-0.0135153522715
-0.0137537708506
-0.0139772882685
-0.0142306080088
-0.0144690265879
-0.0146478405222
-0.0149160614237
-0.0151097765192
-0.015318392776
-0.0155270090327
-0.0157505273819
-0.0159293413162
-0.0161826610565
-0.0163167715073
-0.0165700912476
-0.0167340040207
-0.0169277191162
-0.0171214342117
-0.0172704458237
-0.0174939632416
-0.0176429748535
-0.0178217887878
-0.0180006027222
-0.0181645154953
-0.0183284282684
-0.0184625387192
-0.0186562538147
-0.0187903642654
-0.0189542770386
-0.0191032886505
-0.0192224979401
-0.0194162130356
-0.0195056200027
-0.019654629752
-0.019803641364
-0.0198930483311
-0.0200569611043
-0.0201314669102
-0.0202953796834
-0.0204145889729
-0.0205188971013
-0.0205934029073
-0.020727513358
-0.0208318214864
-0.0209361296147
-0.0210255365819
-0.0211298447102
-0.0212043505162
-0.0212937574834
-0.0213682632893
-0.0214576702565
-0.0215470772237
-0.0216066818684
-0.0216960888356
-0.0217556934804
-0.0218152981251
-0.0218898039311
-0.0219047050923
-0.0220090132207
-0.0220239143819
-0.0220984201878
-0.0221580248326
-0.022187827155
-0.0222176294774
-0.0222474317998
-0.0222772341222
-0.0223368387669
-0.0223368387669
-0.0223666410893
-0.0224113445729
-0.0223964434117
-0.0224262457341
-0.0224262457341
-0.0224411468953
-0.0224262457341
-0.0224560480565
-0.0224411468953
-0.0224262457341
-0.0224262457341
-0.0224262457341
-0.0224113445729
-0.0223666410893
-0.0223666410893
-0.0223368387669
-0.0223070364445
-0.0222772341222
-0.0222474317998
-0.0222176294774
-0.0221580248326
-0.0221282225102
-0.0220984201878
-0.0219941120595
-0.0220090132207
-0.0219047050923
-0.0218600016087
-0.0217854958028
-0.021725891158
-0.0216662865132
-0.021576879546
-0.0215172749013
-0.0214576702565
-0.0213235598058
-0.0212788563222
-0.0211745481938
-0.0210851412266
-0.0209957342595
-0.0209063272923
-0.0207871180028
-0.0206828098744
-0.0206083040684
-0.0204741936177
-0.0203549843282
-0.0202357750386
-0.0201314669102
-0.0199973564595
-0.0198632460088
-0.0197440367192
-0.0196248274297
-0.0194758176804
-0.0193119049072
-0.0191926956177
-0.0190436840057
-0.0189244747162
-0.0187307596207
-0.0185966491699
-0.0184327363968
-0.0182688236237
-0.0181049108505
-0.0179409980774
-0.0177621841431
-0.0176131725311
-0.0173896551132
-0.0172406435013
-0.017061829567
-0.0168532133102
-0.0166893005371
-0.0164806842804
-0.0162869691849
-0.0160932540894
-0.0158697366714
-0.0156760215759
-0.0154525032267
-0.0152587881312
-0.0150352707133
-0.0148415556177
-0.0145882358775
-0.0143647184595
-0.0141262998804
-0.0139176836237
-0.0136792650446
-0.0134557476267
-0.0131875267252
-0.0129640093073
-0.0126957884058
-0.0124573698267
-0.0122040500864
-0.0119358291849
-0.0116825094447
-0.0114142885432
-0.0111609688029
-0.0108778467402
-0.0106096258387
-0.0103563060984
-0.0100284805521
-0.00977516174316
-0.00949203968048
-0.0092089176178
-0.00888109207153
-0.00864267349243
-0.00829994678497
-0.0079870223999
-0.00771880103275
-0.00739097548649
-0.00707805110142
-0.00678002787754
-0.00643730117008
-0.0061392779462
-0.00582635356113
-0.00545382453129
-0.00515580130741
-0.00482797622681
-0.00448524951935
-0.0041276216507
-0.00381469703279
-0.00344216800295
-0.0030845401343
-0.00274181342684
-0.0024139881134
-0.00201165676117
-0.00168383109849
-0.00131130206864
-0.000908970774617
-0.00058114528656
-0.000193715080968
-0.000193715080968
