0.0
0.0
0.0
0.0
0.0
0.0
0.0
0.0
0.0
0.0
0.0
0.0
0.0
0.0
0.0
0.0
0.0
0.0
0.0
0.0
0.0
0.0
0.0
0.0
0.0
0.0
0.0
0.0
0.0
0.0
0.0
0.0
0.0
0.0
0.0
0.0
0.0
0.0
0.0
0.0
0.0
0.0
0.0
0.0
0.0
0.0
0.0
0.0
0.0
0.0
0.0
0.0
0.0
0.0
0.0
0.0
0.0
0.0
0.0
0.0
0.0
0.0
0.0
0.0
0.0
0.0
0.0
0.0
0.0
0.0
0.0
0.0
0.0
0.0
0.0
0.0
0.0
0.0
0.0
0.0
0.0
0.0
0.0
0.0
0.0
0.0
0.0
0.0
0.0
0.0
0.0
0.0
0.0
0.0
0.0
0.0
0.0
0.0
0.0
0.0
0.0
0.0
0.0
0.0
0.0
0.0
0.0
0.0
0.0
0.0
0.0
0.0
0.0
0.0
0.0
0.0
0.0
0.0
0.0
0.0
0.0
0.0
0.0
0.0
0.0
0.0
0.0
0.0
0.0
0.0
0.0
0.0
0.0
0.0
0.0
0.0
0.0
0.0
0.0
0.0
0.0
0.0
0.0
0.0
0.0
0.0
0.0
0.0
0.0
0.0
0.0
0.0
0.0
0.0
0.0
0.0
0.0
0.0
0.0
0.0
0.0
0.0
0.0
0.0
0.0
0.0
0.0
0.0
0.0
0.0
0.0
0.0
0.0
0.0
0.0
0.0
0.0
0.0
0.0
0.0
0.0
0.0
0.0
0.0
0.0
0.0
0.0
0.0
0.0
0.0
0.0
0.0
0.0
0.0
0.0
0.0
0.0
0.0
0.0
0.0
0.0
0.0
8.04488081485e-05
-0.000353975308826
0.000908305111807
-0.00256917695515
-0.0207142587751
-0.0160713531077
-0.00484063709155
0.00570090487599
-0.0017475830391
0.00165332562756
0.00165826140437
-0.00951357744634
-0.0114090228453
-0.00170571752824
0.0005895421491
0.000597019505221
-0.000863343535457
0.000403465353884
0.00661657191813
0.00256880023517
0.00364554044791
0.00685887224972
0.00383207923733
0.00613986048847
0.00641831569374
0.00466050487012
0.00610696617514
0.00532008521259
0.00147824396845
0.00255226856098
0.00251540937461
0.000144786594319
0.00299949990585
0.00145705195609
0.000240386536461
0.00263509340584
-0.000435825204477
0.000206015392905
0.00232483912259
0.00121036591008
0.00126833142713
0.00212093209848
0.00225065345876
0.00463834078982
0.00548113370314
0.00445249537006
0.00709847779945
0.00199886155315
0.00530816288665
0.00360531872138
0.00240177055821
0.010561754927
-0.0289657246321
-0.0615222118795
-0.0639056786895
-0.0338131412864
0.00819308776408
0.00295113259926
0.00271904491819
0.00181387609337
-0.00356845441274
-0.00520264357328
-0.0089388852939
0.00279658823274
0.00366818183102
0.00442251889035
0.00950821768492
0.00593097927049
0.00653138756752
0.00578778469935
0.00778657663614
0.00656283972785
0.00400728546083
0.00650827819481
0.000795868923888
0.00275846221484
0.00459918053821
0.0035185595043
0.0074006980285
0.003416742431
0.0090799825266
0.00902100745589
0.0035737042781
0.00609085196629
0.00080861634342
0.000121281511383
-0.000991483568214
-0.005976236891
-0.00630891043693
-0.00780194206163
-0.00461719557643
-0.00207995600067
-0.00318217533641
0.00175877695438
0.006324687507
0.0121332425624
0.0118926493451
0.00928111281246
0.0110770240426
0.00740756420419
0.00746146729216
0.00621145032346
-0.000289979943773
0.000475429609651
-0.000699319818523
-0.00345280137844
-0.00177025538869
-0.00271573266946
-0.00152247166261
0.00289201713167
0.00344277080148
0.00331605784595
0.00338310236111
0.000366377702449
0.00179647654295
0.00433024950325
0.00275412411429
0.00601727515459
0.00723225995898
0.00746218347922
0.011369548738
0.0114155514166
0.0118794823065
0.00823843013495
0.0103603592142
0.00861520785838
0.00171490258072
0.00603747367859
-0.000534060236532
0.00129369855858
-0.000427006278187
-0.00235177809373
0.00199388456531
-0.00421476131305
-0.0015627592802
-0.00620282161981
-0.00327290873975
-0.00565086025745
-0.013082572259
-0.00596371898428
-0.00543608656153
-0.00463773170486
-0.00207124603912
0.000674049777444
0.00151951040607
0.00216616643593
0.00399623997509
0.00342195015401
0.00318434229121
0.00227718707174
0.00286383414641
0.00446537695825
0.00310450675897
0.00717711308971
0.0109462542459
0.00969684496522
0.00748549541458
0.00744447438046
0.0114562623203
0.0130295138806
0.0124558955431
0.00680899620056
0.00943900085986
0.0145931495354
0.00248338375241
0.00555543368682
0.00436396664008
-0.0014147387119
0.00264037912712
-0.00458436692134
0.00775873707607
0.00607469165698
0.00371963134967
0.00896207708865
0.0049268999137
0.00292076147161
-0.00158460135572
0.00654928060248
-0.00650890590623
-0.00200448511168
-0.0030910866335
-0.00277337315492
-0.00443806080148
-0.0467347502708
-0.0671378821135
-0.0708955004811
-0.0254226457328
0.00728704361245
0.000160698778927
0.00330784590915
0.00658241519704
0.00045529747149
-0.0124108623713
-0.00458989897743
0.00380237610079
0.00787741038948
0.00393558247015
0.00885712448508
0.00735905021429
-0.0195070300251
-0.00972575508058
0.00646366132423
-0.000798004854005
-0.000102834215795
-0.00326225883327
-0.000267330760835
0.0029379024636
-0.00727888569236
-0.00706517603248
0.000860264059156
0.00195972225629
-0.000533353886567
0.000541973568033
-0.00124896154739
-0.00128211919218
0.00329791731201
-9.3144546554e-05
0.00194848061074
0.00492771016434
0.00645831553265
0.00912676379085
0.0070913140662
0.0130417225882
0.0121490964666
0.00921675842255
0.00824212469161
0.0073399906978
0.00771828973666
0.00103561859578
0.00203670118935
0.00262039294466
0.00257810438052
0.00226841657422
-0.000510749290697
0.00222142646089
0.00384925119579
0.00703229103237
0.00642367312685
0.00758773833513
0.0102524869144
0.00583929056302
0.00394785357639
0.00417072884738
0.00439802464098
0.0026464399416
0.00240008393303
0.0027113603428
0.00580936623737
-0.006053048186
-0.0252669770271
-0.0204874202609
-0.0121148778126
0.00156133377459
0.00836796592921
-0.0021231637802
-0.000216877437197
-0.00870859064162
-0.0288455151021
-0.0305415894836
-0.0103353019804
0.00801125448197
0.00511245476082
0.0100844632834
0.008146148175
-0.000915277109016
0.00543785234913
0.00304459338076
0.000186866003787
0.000626248074695
0.00224690581672
0.0038218118716
0.000976698705927
0.00416445219889
0.00581513764337
0.00493961852044
0.00182807841338
0.000520893605426
0.000454801542219
-0.00104854512028
-0.000534911931027
-0.00208696722984
0.000485385331558
-0.000456198584288
0.000285094662104
0.00326378201135
-0.000549857446458
0.00464908219874
0.00414506765082
0.00243294378743
0.00378318643197
0.00186034932267
0.00585228763521
0.00309656886384
0.00233110086992
0.00448414124548
0.00218275375664
0.00463114771992
0.00538829248399
0.00174059136771
0.00299608428031
0.000562683620956
-0.000766931159887
0.00409040367231
0.00285428832285
0.0016425549984
-0.0049471068196
-0.0153138274327
-0.0159135330468
-0.00863685179502
0.00134174979758
0.00280158128589
0.0013064132072
0.00628769863397
0.000796459615231
-0.0134737705812
-0.00775329302996
0.00341242365539
0.00427860487252
0.00647012377158
0.00165064621251
0.00985249597579
-0.0146577097476
-0.0685063228011
-0.0694640427828
-0.033191524446
0.00480696093291
-0.00227047083899
-0.00286798924208
0.00644261855632
-0.00470860907808
0.00102132407483
0.00235204468481
0.00803226977587
0.00773738138378
0.00787505414337
0.00935615878552
0.00420673005283
0.00310520757921
0.00361174554564
0.0037637760397
0.00193728553131
0.00568105047569
0.00271833036095
0.0054793395102
0.00324574043043
0.00160237203818
0.00429312279448
-0.00273380684666
0.00274137500674
0.00238041183911
-0.000420171068981
0.00183141930029
0.00142832181882
0.00376243423671
0.0019153066678
-0.000806684256531
-0.00193794618826
-0.00337916053832
-0.00148726685438
-0.000354532356141
-0.00237255473621
-0.00345186353661
-0.00219312729314
0.000361371436156
-0.000956700590905
-0.0031868298538
-0.00151619769167
0.00164778728504
0.00525611359626
0.00611340766773
0.00754450354725
0.0108731137589
0.0117572825402
0.0103662218899
0.0052765160799
0.00192175642587
-0.000946502026636
-0.00476411171257
-0.00374423549511
4.9668851716e-05
0.00288652302697
0.00129242951516
0.00665878970176
0.00754036800936
0.00691303098574
0.0112778842449
0.00547274434939
0.0169060900807
0.0161505993456
0.00624606898054
0.013953126967
0.0100315893069
0.00933317095041
0.00589929101989
0.00158338644542
0.00357762584463
-0.00370075250976
-0.00469524692744
-0.00565081089735
-0.00836647488177
-0.00437646964565
-0.0031359847635
-0.00220117461868
-0.00111781083979
0.000175250897883
0.0034574305173
0.00208269571885
-0.000448513048468
0.000622193212621
0.00218798825517
0.000177892201464
-0.00247977604158
-0.00181709381286
-0.00130379246548
0.000570948352106
0.000937826058362
-2.0936799956e-06
0.00314907287247
0.00411805510521
0.000929119647481
0.00182241387665
0.00477598980069
0.00505407340825
0.0020047489088
0.00127753184643
0.00287916092202
0.00319754797965
0.00291354046203
0.00216713687405
0.00256640883163
0.00320377596654
0.003147584619
-1.36559028761e-05
0.000791541824583
0.00502386502922
-0.00246399687603
-0.0101264948025
-0.0104254372418
-0.00342193618417
0.00616187462583
0.000507286167704
0.000744519813452
0.00392635632306
-0.029050430283
-0.0665439963341
-0.0548192411661
-0.0140460859984
0.00867444742471
0.00338335777633
0.00223202281632
0.00711063155904
-0.0028497336898
0.00328557263128
0.00928066112101
0.00175454420969
0.00533696683124
0.000337666017003
-0.000768424884882
-0.000531763595063
-0.00615354068577
0.000223376657232
-0.00400640722364
-0.00497199967504
0.00215109600686
-0.000551038305275
0.00155607936904
0.00266495812684
-0.00254414486699
-0.000144068952068
0.000117766910989
-0.0011236097198
0.0014148686314
0.00151114666369
0.00306082516909
0.00216625351459
0.00329926866107
0.00449242489412
0.000599407125264
-0.000977689167485
-0.00221198028885
-0.003632749198
-0.00261916150339
-0.000551078701392
-0.00148089358117
9.29568486754e-05
0.00292657501996
0.00251168874092
0.00190768542234
0.00544827710837
0.00578297208995
0.00434797583148
-0.00190478924196
-0.0100434552878
-0.011816304177
-0.0125978486612
-0.00422739516944
-0.002282214351
-0.00138367922045
-0.000802880560514
-0.00477033155039
-0.00618529645726
-0.0162647143006
-0.00565984612331
0.00565443653613
-0.000727068225387
0.00497816922143
0.00817095860839
0.00862894486636
0.00546115357429
0.00559723377228
0.0121494419873
0.00890732929111
0.00530873192474
0.00339892343618
0.00610936246812
0.00502647971734
0.000462351861643
-0.000417939503677
-0.00341007602401
0.000566676841117
-4.64070908492e-05
-0.00576361594722
-0.00186885497533
3.79669581889e-05
-0.000542473222595
-0.00175337784458
-0.00412122067064
-0.00255472725257
-0.00540094450116
-0.00566738750786
-0.00104595837183
-0.00120690662879
-0.000788209727034
0.00121936225332
0.000913707539439
0.00128002767451
0.00307094212621
-0.000978224445134
-0.00354836788028
-0.00103098619729
-0.00317938020453
-0.00204502698034
-0.00263195554726
-0.00204459019005
0.002084616106
0.00259496970102
0.00366097642109
0.0025353867095
0.00758321536705
0.00937647279352
0.00852768030018
0.00572286685929
0.0080959033221
0.00712392525747
0.00133197917603
0.0117128575221
-0.0178156401962
-0.0533062517643
-0.0599748119712
-0.0381217114627
0.00348688685335
0.0065406979993
0.00411986699328
0.00364878377877
0.00197749701329
-0.00110090069938
-0.00653737457469
0.00236984156072
0.00124591705389
-0.000419055315433
0.00172971433494
-3.48218018189e-05
-0.00548386294395
-0.0234150588512
-0.0295895095915
-0.00913095194846
0.00125670211855
4.65153789264e-06
0.00360193359666
0.00238527404144
0.0029488238506
0.00014761397324
0.00188568688463
0.00689318450168
-0.000494074716698
0.00342770339921
0.00557441404089
-0.000291478383588
0.00359230092727
0.00054420059314
0.000543907633983
-0.00412783492357
-0.0357252135873
-0.0809405744076
-0.134732872248
-0.205102488399
-0.254336506128
-0.180226802826
0.0224424675107
0.258630633354
0.447011321783
0.490701347589
0.326723217964
0.0716476887465
-0.0571957118809
-0.133658856153
-0.24621412158
-0.218553170562
-0.112652309239
-0.0718595385551
-0.0446667075157
0.0358410179615
0.127804860473
0.141148880124
0.158943623304
0.116739340127
-0.0432545170188
-0.0531454347074
-0.0133025813848
-0.107042871416
-0.14435890317
-0.134972393513
-0.120216928422
0.0111199822277
0.167078599334
0.141428008676
0.00769318267703
-0.0718473121524
-0.092688024044
-0.0299809072167
-0.0303914584219
-0.104946695268
-0.0855243876576
-0.119801111519
-0.124618448317
0.0185575205833
0.150487080216
0.27695146203
0.27760013938
0.111373238266
-0.0969736501575
-0.199052944779
-0.145833328366
-0.0936581641436
-0.0350484326482
0.0453324429691
0.148748800159
0.178095117211
0.032331854105
-0.0868439376354
-0.0407670661807
0.0517923720181
0.0797976702452
0.0265342723578
-0.101344130933
-0.138758659363
-0.032893024385
0.0784413442016
0.118826203048
0.067666105926
0.0394064411521
0.00370665709488
-0.112605728209
-0.106120489538
-0.0134606985375
0.0168488398194
0.00527242850512
-0.0881177857518
-0.0860268101096
0.0846128836274
0.150275826454
0.0411207489669
-0.0607001073658
-0.0600908175111
-0.0503261052072
-0.0423499532044
-0.0348345302045
-0.0617900677025
0.00239835958928
0.125264331698
0.146452233195
0.0285909827799
-0.0911118835211
-0.031079467386
0.0754132047296
0.117280602455
0.0898742005229
-0.0510300062597
-0.0984502062202
-0.000245580915362
0.0474979765713
0.0257007386535
-0.0224656686187
-0.0856514498591
-0.146443977952
-0.0783735588193
0.104366585612
0.145965397358
0.0931041017175
0.0131625784561
-0.131703808904
-0.16928653419
-0.11845228821
-0.105669029057
-0.00530255679041
0.172559127212
0.0966671705246
-0.0227085761726
0.115326032043
0.0586346536875
-0.0979321971536
-0.0334617942572
-0.0266916248947
-0.0543634556234
-0.0768394768238
-0.188280567527
-0.16634863615
0.0340107642114
0.0798373222351
-0.0428470224142
-0.0327518694103
0.0710908696055
0.178127616644
0.215525612235
0.0179371461272
-0.212857037783
-0.204012945294
-0.0350460484624
0.095485329628
0.133171707392
0.11808115989
0.134437665343
0.255184918642
0.290642619133
0.181085646152
0.188515871763
0.248683720827
0.19769346714
0.126238569617
-0.0883191153407
-0.461700290442
-0.699080467224
-0.861710608006
-0.829071938992
-0.230534344912
0.372362971306
0.33116042614
0.107925325632
0.131490603089
0.182007178664
0.219193413854
0.112338326871
-0.0742219015956
0.200011789799
0.490677177906
0.323409616947
0.100403383374
-0.239176779985
-0.69661462307
-0.840019822121
-0.735154509544
-0.629732728004
-0.323016136885
0.115848660469
0.361965745687
0.68425989151
1.00549447536
0.727131605148
0.126124337316
-0.175436466932
-0.128086179495
0.219295948744
0.373126626015
-0.137575775385
-0.556249976158
-0.54230350256
-0.41542840004
-0.154307335615
-0.116210788488
-0.221239373088
-0.0190351232886
0.286298722029
0.425406724215
0.422004431486
0.434886842966
0.335770308971
0.0245766174048
-0.202569872141
-0.360338181257
-0.467291504145
-0.282625079155
0.0454078018665
0.377039283514
0.751241624355
0.905363559723
0.616562008858
0.131418511271
-0.277936130762
-0.433666050434
-0.247963607311
-0.0203238930553
0.085141018033
-0.0262985005975
-0.311782151461
-0.413137972355
-0.335048794746
-0.191483512521
-0.102549172938
-0.173474803567
-0.190458148718
-0.0787915289402
-0.0816657543182
-0.29358407855
-0.443383991718
-0.354144960642
-0.158494159579
0.190223768353
0.487254172564
0.315826535225
-0.0225643943995
-0.142436787486
-0.0413634963334
0.112779684365
0.130804136395
0.102026574314
0.0285786036402
-0.161327928305
-0.267722278833
-0.147514715791
-0.0199277941138
0.0215452052653
0.178951829672
0.336070328951
0.282720446587
0.114824019372
0.0325853377581
0.0736042782664
0.127089843154
0.239906907082
0.291934669018
0.148071408272
0.0558628290892
0.0129345757887
0.000698007177562
0.0919817388058
-0.00790385436267
-0.109177999198
-0.0355944409966
-0.22857478261
-0.501593053341
-0.478745013475
-0.278174906969
0.0103624742478
0.223316699266
0.180036470294
0.0656415894628
0.0557536296546
0.0357698611915
0.0122687192634
0.0988737866282
0.157082676888
0.0218035262078
-0.124090641737
-0.120875731111
-0.0553581416607
-0.0437244474888
0.0245323255658
0.217905387282
0.231244921684
0.0300008226186
-0.171195670962
-0.202861011028
-0.0910769701004
-0.0796910300851
-0.0692323595285
-0.085578083992
-0.188408702612
-0.10000449419
0.0657189935446
0.154100701213
0.284247338772
0.344337791204
0.266585439444
0.158178880811
0.0223200805485
-0.0606532283127
-0.071755386889
-0.189616948366
-0.271590381861
-0.135654374957
-0.118229165673
-0.242863744497
-0.187095090747
-0.110867537558
-0.0242920350283
0.154402256012
0.147727414966
-0.0344394892454
-0.0724200755358
0.0291406195611
0.0446640737355
0.127452805638
0.137568101287
-0.0119433067739
0.0425601452589
0.106935828924
0.0109233502299
-0.075008302927
-0.0481941476464
0.0473199225962
0.0980610400438
-0.0296162888408
-0.251776248217
-0.217191487551
-0.0421267487109
0.0840465426445
0.148318856955
0.0633995682001
-0.00905419606715
0.0586368441582
0.085530385375
0.0158947277814
-0.0335847437382
0.0279272068292
0.185462743044
0.186880558729
0.0466639176011
-0.0127153452486
-0.0310398116708
-0.0799067243934
-0.111702725291
-0.106420859694
-0.104790128767
-0.11060103029
-0.0515718646348
0.0310735795647
0.0524409338832
0.0523003786802
0.0121394246817
-0.0676328837872
-0.0972747206688
-0.000127288309159
0.0909238904715
0.0768871754408
0.0397813171148
0.0427825860679
0.0718247145414
-0.00759301055223
-0.11802188307
-0.164278149605
-0.175303354859
-0.126817062497
0.0129271242768
0.0789610370994
-0.0108088674024
-0.0125029468909
-0.00973864179105
-0.0474868714809
0.04611479491
0.0412817783654
-0.0538323372602
0.0335097685456
0.10736206919
0.000343465304468
-0.0478990785778
-0.0262725930661
-0.0219640377909
0.0973051860929
0.102102510631
-0.115023359656
-0.114111922681
0.0405866205692
0.0513331964612
0.0630040690303
0.000777777750045
-0.0972253903747
0.000652557413559
0.0462975390255
-0.00650771055371
0.0476780459285
0.121262386441
0.183655634522
0.199928209186
0.0586604289711
-0.0726260766387
-0.0814283788204
-0.0968718081713
-0.105791524053
-0.149728983641
-0.214538648725
-0.139628767967
-0.0209414213896
-0.0113888029009
-0.0263623278588
0.0364338755608
0.0509602688253
0.0395604334772
0.0537076145411
-0.0162128712982
-0.0549028068781
0.00989583320916
0.0204392783344
-0.0503732152283
-0.0547612719238
0.00313123245724
0.0280731506646
0.00987222604454
0.00436059711501
0.063187725842
0.0993792787194
0.0346272103488
0.000798217544798
0.00715811364353
-0.0382499061525
-0.052688639611
-0.0260759033263
-0.0139621933922
0.010969507508
0.106297194958
0.152887001634
0.0930687338114
0.0539476908743
0.03346991539
0.0365932807326
-0.00393938459456
-0.063037827611
0.00789457187057
0.129169568419
0.196689337492
0.140807032585
0.00907716620713
-0.0830876603723
-0.14455319941
-0.148094758391
-0.139061078429
-0.20011086762
-0.209454461932
-0.148662269115
-0.113714054227
-0.0593184754252
-0.00822243373841
0.0763487145305
0.179114997387
0.165077164769
0.116114795208
0.0143195735291
-0.121104709804
-0.0828971341252
0.078477948904
0.101494684815
-0.0296264011413
-0.0642559677362
-0.0430330000818
-0.072353258729
-0.0735648646951
-0.0337121151388
-0.00622970750555
0.0250207688659
0.0871302783489
0.0565732419491
0.0202080793679
0.0274795405567
-0.0282992422581
-0.0348101444542
0.00971508212388
0.0563082993031
0.0826981216669
0.0725638866425
0.0885163173079
0.0989478304982
0.0498089641333
-0.0333531759679
-0.0354914031923
0.0707061812282
0.141114905477
0.0622818991542
-0.117429122329
-0.173863723874
-0.049922902137
0.0704302936792
0.0916327759624
0.0312464553863
-0.0186591465026
-0.049408826977
-0.0848729908466
-0.0511140972376
-0.0258252993226
-0.0727384984493
-0.0883147567511
-0.0210346262902
0.0371188744903
0.00348759768531
-0.0306488964707
-0.059388667345
-0.0926037803292
-0.0377403013408
0.0159194041044
0.0557545013726
0.113566353917
0.087338231504
0.0401907600462
0.0136466883123
-0.032173268497
-0.0651880055666
-0.0831328928471
-0.0776438564062
-0.0633155554533
-0.0408137626946
0.0207570791245
0.0476629436016
-0.00287594785914
-0.0464320033789
-0.0429864153266
-0.00948585011065
0.0210542269051
0.020538482815
0.00165749562439
-0.0318743027747
-0.0434523038566
-0.0181660950184
-0.000971072295215
0.000740431714803
-0.00883857160807
0.0263983160257
0.0811803042889
0.0408407375216
-0.00839823205024
-0.0346550047398
-0.0392974577844
0.03531114012
0.102750904858
0.1179702878
0.113104611635
0.108854167163
0.056948505342
0.00242258794606
-0.0207430887967
-0.0858095958829
-0.107724644244
-0.0334137380123
0.017968269065
0.0417393408716
0.103024192154
0.113688834012
0.0670349895954
0.0317603573203
0.00414355704561
-0.0162683837116
-0.0218467973173
0.0240532997996
0.0865821018815
0.0879138484597
0.0536467730999
-0.00516275223345
-0.036534871906
-0.00100990675855
0.000169745064341
-0.0100404322147
-0.0172216147184
-0.0822925269604
-0.120831355453
-0.0868932157755
-0.037042029202
-0.0149842593819
0.0060741212219
0.0167319979519
-0.0203624218702
-0.0359249264002
-0.0218491461128
-0.00786670763046
0.00906486995518
0.00492627592757
-0.0123011097312
-0.0167655106634
-0.0208455007523
-0.0232072919607
-0.00195646821521
0.0232148151845
0.0217305179685
-0.0166543312371
-0.0368334166706
0.0204773880541
0.0478762611747
-0.0348689630628
-0.0741649344563
-0.0181304160506
-0.00535046169534
-0.0285681542009
-0.0408600047231
-0.0451795756817
-0.00383884296753
0.00943544041365
0.000167477905052
0.040156584233
0.0782370492816
0.0524523258209
-0.022654093802
-0.0504598878324
-0.00754292402416
0.0410813093185
0.0570408888161
0.0510670952499
0.0272039547563
-0.00194282468874
0.0159423239529
0.0534100867808
0.0223876908422
-0.0166801996529
0.0241256896406
0.0269088670611
-0.0526243075728
-0.0534522198141
0.0436413362622
0.0959682911634
0.0635329037905
0.0107452720404
-0.0130688175559
-0.0106964902952
-0.0168628897518
-0.0580929629505
-0.0980689302087
-0.059940610081
-0.00109578494448
-0.0220616199076
-0.0542125441134
-0.0490079782903
-0.0268970541656
-0.00544537371024
-0.0074468748644
0.0164251197129
0.0470380820334
0.0339838527143
0.0139653841034
-0.0297461058944
-0.0660261809826
-0.0197965111583
0.0279548410326
0.0307291671634
0.0317402668297
0.035534966737
0.0484367273748
0.0302706342191
0.0171797536314
0.0469314903021
0.0505478903651
0.0330496542156
-0.00857574306428
-0.0275323316455
0.0207931958139
0.0588574931026
0.0656468644738
0.0394258089364
-0.0120530892164
-0.0117514636368
-0.00365733914077
-0.0591795928776
-0.0883560702205
-0.0762698948383
-0.0869006812572
-0.075398825109
-0.0141906542704
0.0562472827733
0.0901947766542
0.064409211278
0.0335864201188
0.0219083540142
-0.035084195435
-0.0951886102557
-0.0693344399333
-0.00421494571492
0.0270306039602
0.0449732095003
0.0575944669545
0.0580151453614
0.0758616030216
0.0619642399251
-0.0218706987798
-0.0885905101895
-0.0570915341377
-0.0294360406697
-0.0817140340805
-0.0636554658413
0.0170111134648
0.0521801076829
0.0599283464253
0.0258444920182
-0.00404311344028
0.019401807338
0.0272755566984
-0.0141920922324
-0.0324577502906
0.009875388816
0.0271668061614
0.0313723608851
0.018167020753
-0.0415917485952
-0.0306457895786
-0.00730817439035
-0.0229412149638
-5.49950636923e-05
0.00317566492595
-0.0113680874929
0.0187819618732
0.0471754297614
0.0511069595814
0.0764122307301
0.0611793249846
-0.0114053022116
-0.0435260348022
-0.0658075362444
-0.0751797109842
-0.0118844835088
0.0208456050605
-0.0146303400397
-0.00418388610706
-0.00343124940991
-0.0591328553855
-0.0249122474343
0.0582461692393
0.0831189081073
0.053954064846
-0.0175052266568
-0.0549871474504
-0.0407580211759
-0.0194989331067
-0.00068666622974
0.0284891463816
0.055926349014
0.0346859134734
-0.00702307466418
-0.0323250219226
-0.0582447946072
-0.0541502274573
0.015632044524
0.109543062747
0.132925182581
0.0666403472424
-0.0119867781177
-0.0588388368487
-0.0779867768288
-0.0915573313832
-0.10625000298
-0.0730394944549
0.00336321024224
0.0371936559677
0.0434418916702
0.0550246536732
0.0701205506921
0.0935135185719
0.0609186887741
-0.00778946233913
-0.0054311286658
0.000121469733131
-0.0269418656826
-0.00318092340603
0.000953132868744
-0.000250707496889
0.0536915510893
0.0643857493997
0.012669689022
-0.0586894825101
-0.0579486042261
0.00856115948409
0.0509013831615
0.0477123521268
0.0046740998514
0.0091348560527
0.0336468815804
0.0327847935259
0.0264022555202
-0.0244420282543
-0.060514241457
-0.0212134402245
0.0184527989477
0.00586187373847
0.00677550025284
-0.0051456708461
-0.0519716441631
-0.0489165745676
-0.0272798929363
-0.00457781506702
0.0375625044107
0.0313453041017
-0.013901299797
-0.0223100762814
-0.0191517882049
-0.0120118753985
-0.00866587646306
-0.0386577434838
-0.0295135956258
-0.0102953286842
-0.0244096759707
-0.0215227231383
-0.0184640809894
-0.00373206124641
0.0112333465368
0.0137623203918
0.0148693621159
0.00880563631654
0.0497269481421
0.0634762793779
0.0106395361945
0.0100276051089
0.0255121290684
0.0079330354929
-0.0223280079663
-0.052860878408
-0.0374366305768
0.005086584948
0.0616910271347
0.0867658779025
0.0279398616403
-0.00771028082818
-0.00937956571579
-0.0248299203813
-0.0270227044821
-0.0333951748908
-0.00987725332379
0.018959293142
0.0191249083728
0.0433389544487
0.0444499514997
0.025608278811
0.016766153276
-0.00412584515288
-0.0217751357704
-0.0282880906016
-0.00553550198674
0.014032275416
0.0225976854563
0.0412813946605
0.0128016602248
-0.0220031440258
-0.0204534921795
-0.0147862304002
0.00833259057254
0.0212699174881
0.0179917681962
0.0179216191173
0.00244642328471
-0.00132186291739
0.00374261825345
-0.001085179043
0.00143036467489
0.00860419217497
0.00936720240861
-0.00605938909575
-0.0321612022817
-0.0518012978137
-0.0399215854704
-0.0173952169716
-0.0165522173047
-0.0227080993354
-0.0106747634709
0.0167602971196
0.0224320180714
0.0108305998147
0.0194480028003
0.0436423942447
0.0335810594261
0.0339598096907
0.0518811382353
0.0389551445842
0.0515743903816
0.0392503365874
-0.000869391369633
-0.00780201889575
-0.0178175419569
-0.040278673172
-0.067550085485
-0.0670366808772
-0.0461409501731
-0.0246230512857
-0.0111504672095
-0.0135283451527
-0.00106979289558
0.0185204464942
0.026064382866
0.0437943264842
0.0698996335268
0.0225183852017
-0.0617684684694
-0.0748150795698
-0.0376892015338
0.00893164705485
0.0104169389233
-0.0334474518895
-0.0285265874118
-0.0194294545799
-0.065067216754
-0.0562349967659
-0.0197701267898
-0.0246340762824
-0.00546971801668
0.0452707484365
0.055755738169
-0.00638156943023
-0.00780661869794
0.0224423389882
-0.0082782804966
-0.0198985747993
-0.016619682312
0.0239378716797
0.0542763583362
0.0114738624543
-0.0313560180366
-0.0443995855749
-0.0449962876737
-0.0362419188023
0.0142837483436
0.0612165778875
0.065359801054
0.0542686805129
-0.0070944824256
-0.0712043792009
-0.0427715927362
0.00616062339395
0.0104621564969
0.00337941222824
-0.000164224591572
0.000106316496385
-6.15084572928e-05
0.0
0.0
0.0
0.0
0.0
0.0
0.0
0.0
0.0
0.0
0.0
0.0
0.0
0.0
0.0
0.0
0.0
0.0
0.0
0.0
0.0
0.0
0.0
0.0
0.0
0.0
0.0
0.0
0.0
0.0
0.0
0.0
0.0
0.0
0.0
0.0
0.0
0.0
0.0
0.0
0.0
0.0
0.0
0.0
0.0
0.0
0.0
0.0
0.0
0.0
0.0
0.0
0.0
0.0
0.0
0.0
0.0
0.0
0.0
0.0
0.0
0.0
0.0
0.0
0.0
0.0
0.0
0.0
0.0
0.0
0.0
0.0
0.0
0.0
0.0
0.0
0.0
0.0
0.0
0.0
0.0
0.0
0.0
0.0
0.0
0.0
0.0
0.0
0.0
0.0
0.0
0.0
0.0
0.0
0.0
0.0
0.0
0.0
0.0
0.0
0.0
0.0
0.0
0.0
0.0
0.0
0.0
0.0
0.0
0.0
0.0
0.0
0.0
0.0
0.0
0.0
0.0
0.0
0.0
0.0
0.0
0.0
0.0
0.0
0.0
0.0
0.0
0.0
0.0
0.0
0.0
0.0
0.0
0.0
0.0
0.0
0.0
0.0
0.0
0.0
0.0
0.0
0.0
0.0
0.0
0.0
0.0
0.0
0.0
0.0
0.0
0.0
0.0
0.0
0.0
0.0
0.0
0.0
0.0
0.0
0.0
0.0
0.0
0.0
0.0
0.0
0.0
0.0
0.0
0.0
0.0
0.0
0.0
0.0
0.0
0.0
