0.000333545205649
0.000333545205649
0.00097340735374
0.00157242745627
0.00213060481474
0.00264794100076
0.00312443333678
0.00356008321978
0.00395489484072
0.00430886028334
0.00462198257446
0.00489426543936
0.0051257009618
0.00531630171463
0.00546606304124
0.00557496957481
0.0056430362165
0.00567026622593
0.00565665680915
0.00560219585896
0.00550690991804
0.00537074077874
0.00519378948957
0.00497594708577
0.00471727224067
0.00441777938977
0.00407742476091
0.00369622255675
0.00327418069355
0.00281132082455
0.00230757705867
0.00176303717308
0.00117761373986
0.000551372068003
-0.00011571682262
-0.000823652895633
-0.00157243618742
-0.00236203032546
-0.00319253001362
-0.00406378926709
-0.00497593963519
-0.00592897366732
-0.0069227530621
-0.00795741658658
-0.00903293397278
-0.0101493420079
-0.0113064879552
-0.0125045254827
-0.0137434685603
-0.0150231327862
-0.0163436941803
-0.0176846254617
-0.0189638957381
-0.0201610121876
-0.0212759897113
-0.022308818996
-0.0232595186681
-0.0241280645132
-0.024914463982
-0.0256186891347
-0.0262408554554
-0.0267807766795
-0.0272386521101
-0.0276143234223
-0.0279078371823
-0.0281192753464
-0.0282484963536
-0.0282955858856
-0.0282606035471
-0.028143402189
-0.027944099158
-0.0276625491679
-0.0272989850491
-0.0268532875925
-0.0263252872974
-0.025715271011
-0.0250231232494
-0.0242487862706
-0.0233922600746
-0.02245371975
-0.0214329324663
-0.0203300137073
-0.0191449057311
-0.0178777836263
-0.0165283549577
-0.0150969708338
-0.0135833974928
-0.0119875762612
-0.0103095658123
-0.00854959897697
-0.00670732650906
-0.0047831563279
-0.00277644698508
-0.00068801449379
0.00148295646068
0.00373570923693
0.00607082573697
0.00848813168705
0.010987335816
0.0135689619929
0.0162325445563
0.0189783740789
0.0218062773347
0.0247161947191
0.0277086496353
0.0307827126235
0.0339396037161
0.0371779315174
0.0404987931252
0.0439018458128
0.047386739403
0.0509542562068
0.0546032637358
0.0583351030946
0.0621484927833
0.0660443007946
0.0700224414468
0.0740823373199
0.0782245248556
0.0824202597141
0.0865543112159
0.0905980542302
0.094551473856
0.0984145700932
0.102187357843
0.105869777501
0.10946200043
0.11296377331
0.116375267506
0.119696483016
0.122927241027
0.126067891717
0.129118204117
0.132077947259
0.134947702289
0.137726888061
0.140415966511
0.143014356494
0.145522877574
0.147940814495
0.150268658996
0.15250569582
0.154652863741
0.156709685922
0.158676177263
0.160552322865
0.162337899208
0.16403336823
0.165638506413
0.167153760791
0.168577760458
0.169912338257
0.171155199409
0.172309562564
0.173372209072
0.174345433712
0.17522880435
0.176020428538
0.17672264576
0.177334055305
0.17785513401
0.178286790848
0.178626269102
0.17887724936
0.17903791368
0.179107293487
0.17908680439
0.178975045681
0.178774341941
0.178482845426
0.178101927042
0.177627891302
0.177066758275
0.176412969828
0.175670713186
0.174837172031
0.173913300037
0.172899097204
0.171814098954
0.170731902122
0.169673919678
0.168641090393
0.167629674077
0.166641533375
0.165677621961
0.16473698616
0.163817763329
0.162925556302
0.1620529145
0.161206334829
0.160382121801
0.159581184387
0.158802598715
0.158050090075
0.157318994403
0.156610265374
0.155927613378
0.155265435576
0.154629349709
0.154014676809
0.153424218297
0.152857035398
0.152313143015
0.151791602373
0.151294276118
0.150822103024
0.150369480252
0.149942934513
0.149539664388
0.149157822132
0.148802056909
0.148466780782
0.148156657815
0.147870734334
0.147606238723
0.147365033627
0.147148028016
0.146955251694
0.146784812212
0.146636739373
0.146513804793
0.146413221955
0.146336853504
0.146282836795
0.146253034472
0.146243721247
0.146262347698
0.146303325891
0.146361067891
0.146454200149
0.146560370922
0.146694481373
0.146850943565
0.1470297575
0.147232785821
0.147460028529
0.147711485624
0.147983431816
0.148279592395
0.14859996736
0.148944556713
0.149307772517
0.149700790644
0.150114297867
0.150548294187
0.151012092829
0.151494517922
0.151999294758
0.152532011271
0.153083354235
0.15365332365
0.154215842485
0.154761597514
0.155290588737
0.155808404088
0.156303867698
0.156788155437
0.157257527113
0.157708287239
0.158146008849
0.158568829298
0.158973023295
0.159362316132
0.159738570452
0.160098060966
0.160440787673
0.160768613219
0.161081537604
0.161379560828
0.161660820246
0.161927178502
0.162174910307
0.162411466241
0.162629395723
0.16283428669
0.16302241385
0.163195639849
0.163352102041
0.163495525718
0.163618460298
0.163732081652
0.163823351264
0.163903445005
0.163970500231
0.164013341069
0.164052456617
0.164065495133
0.164067357779
0.164054319263
0.16402451694
0.163979813457
0.163920208812
0.16384011507
0.163754433393
0.163642674685
0.163519740105
0.163383767009
0.163231030107
0.163059666753
0.162873402238
0.162675961852
0.162459895015
0.162225201726
0.161979332566
0.161718562245
0.161439165473
0.161144867539
0.160835668445
0.160511568189
0.160170704126
0.159816801548
0.159442409873
0.159062430263
0.158682450652
0.158317372203
0.157961606979
0.157613292336
0.15727801621
0.156953915954
0.156635418534
0.156331807375
0.156037509441
0.155750662088
0.155474990606
0.155210494995
0.154957175255
0.154711306095
0.154476612806
0.154256820679
0.154040753841
0.153835862875
0.153642147779
0.153459608555
0.153284519911
0.153120607138
0.152975320816
0.152822583914
0.152699649334
0.152572989464
0.152461230755
0.152360647917
0.152267515659
0.152181833982
0.152114778757
0.152055174112
0.152003020048
0.151962041855
0.151932239532
0.151913613081
0.15189871192
0.15189871192
0.151913613081
0.151932239532
0.151962041855
0.151999294758
0.152055174112
0.152114778757
0.152185559273
0.152267515659
0.152360647917
0.152461230755
0.152572989464
0.152695924044
0.152826309204
0.152971595526
0.153120607138
0.153284519911
0.153459608555
0.153642147779
0.153835862875
0.154037028551
0.154256820679
0.154476612806
0.154711306095
0.154957175255
0.155210494995
0.155474990606
0.155746936798
0.1560151577
0.156283378601
0.156544148922
0.156797468662
0.157050773501
0.15728919208
0.15753878653
0.157766029239
0.157996997237
0.158227965236
0.158444032073
0.15866009891
0.158868715167
0.159073606133
0.1592784971
0.159472212195
0.159662202001
0.159848466516
0.16002728045
0.160202369094
0.160373732448
0.160541370511
0.160705283284
0.160854294896
0.161003306508
0.16115604341
0.161293879151
0.161431714892
0.161562100053
0.161688759923
0.161807969213
0.161919727921
0.162038937211
0.162143245339
0.162240102887
0.162340685725
0.162430092692
0.162512049079
0.162597730756
0.162675961852
0.162746742368
0.162810072303
0.162873402238
0.162929281592
0.162981435657
0.16302613914
0.163070842624
0.163104370236
0.163134172559
0.163167700171
0.163186326623
0.163197502494
0.163216128945
0.163219854236
0.163223579526
0.163219854236
0.163212403655
0.163197502494
0.163182601333
0.163160249591
0.163134172559
0.163104370236
0.163067117333
0.16302986443
0.162977710366
0.162933006883
0.162880852818
0.162821248174
0.162757918239
0.162690863013
0.162616357207
0.162538126111
0.162459895015
0.162366762757
0.16228108108
0.162187948823
0.162079915404
0.161979332566
0.161871299148
0.161755815148
0.161632880569
0.161517396569
0.161383286119
0.161249175668
0.161115065217
0.160973504186
0.160828217864
0.160675480962
0.160511568189
0.160362556577
0.160191193223
0.16002355516
0.159852191806
0.159665927291
0.159490838647
0.159297123551
0.159103408456
0.15890969336
0.158701077104
0.158499911427
0.15828756988
0.158071503043
0.157847985625
0.157624468207
0.157397225499
0.15716253221
0.156920388341
0.156678259373
0.156424939632
0.156175345182
0.155918300152
0.155661255121
0.15539675951
0.15515089035
0.154912471771
0.154670327902
0.154439359903
0.154215842485
0.153999775648
0.153783708811
0.153586268425
0.153381377459
0.153183937073
0.153005123138
0.152826309204
0.15264749527
0.152479857206
0.152323395014
0.152163207531
0.152017921209
0.151876360178
0.151734799147
0.151611864567
0.151485204697
0.151373445988
0.151257961988
0.15115365386
0.151060521603
0.150967389345
0.150877982378
0.150803476572
0.150725245476
0.150665640831
0.150606036186
0.150546431541
0.150501728058
0.150464475155
0.150427222252
0.15039741993
0.150375068188
0.150360167027
0.150352716446
0.150352716446
0.150352716446
0.150360167027
0.150375068188
0.15040487051
0.150434672832
0.150464475155
0.150501728058
0.150553882122
0.150613486767
0.150665640831
0.150732696056
0.150807201862
0.150889158249
0.150971114635
0.151067972183
0.151164829731
0.151261687279
0.151388347149
0.151492655277
0.151619315147
0.151753425598
0.151880085468
0.152036547661
0.152170658112
0.152342021465
0.152491033077
0.15265494585
0.152841210365
0.1530200243
0.153206288815
0.153392553329
0.153601169586
0.153802335262
0.1540184021
0.154234468937
0.154457986355
0.154688954353
0.154927372932
0.155173242092
0.155426561832
0.155672430992
0.155940651894
0.156208872795
0.156491994858
0.15676766634
0.157058224082
0.157348796725
0.15765427053
0.157952293754
0.158265218139
0.158600494266
0.158913418651
0.159248694777
0.159591421485
0.159934148192
0.160291776061
0.160641953349
0.160984680057
0.161342307925
0.161662682891
0.162005409598
0.162325784564
0.162638708949
0.162951633334
0.163242205977
0.163540229201
0.163830801845
0.164113923907
0.164374694228
0.16465036571
0.16489623487
0.165157005191
0.16539542377
0.165633842349
0.165872260928
0.166080877185
0.166311845183
0.166505560279
0.166714176536
0.166907891631
0.167086705565
0.167280420661
0.167444333434
0.167615696788
0.1677647084
0.167928621173
0.168062731624
0.168204292655
0.168338403106
0.168457612395
0.168576821685
0.168681129813
0.168785437942
0.168874844909
0.168971702456
0.169038757682
0.169120714068
0.169187769294
0.169247373939
0.169299528003
0.169336780906
0.169374033809
0.169411286712
0.169433638453
0.169448539615
0.169463440776
0.169455990195
0.169455990195
0.169441089034
0.169426187873
0.16939638555
0.169336780906
0.169247373939
0.169128164649
0.168979153037
0.168800339103
0.168576821685
0.168345853686
0.168062731624
0.167757257819
0.167429432273
0.167049452662
0.166654571891
0.166229888797
0.1657679528
0.16527621448
0.164747223258
0.164203330874
0.163607284427
0.162996336818
0.162348136306
0.161670133471
0.160969778895
0.160217270255
0.159449860454
0.158645197749
0.157818183303
0.156946465373
0.156052410603
0.155135989189
0.154167413712
0.153183937073
0.152170658112
0.151105225086
0.15003234148
0.148922204971
0.147767364979
0.146612524986
0.145390629768
0.14416128397
0.142887234688
0.141583383083
0.140272080898
0.138901174068
0.137500464916
0.136084854603
0.134639441967
0.133149325848
0.131629407406
0.130079686642
0.128500163555
0.126898288727
0.125251710415
0.123590223491
0.121884040534
0.120140604675
0.118397168815
0.11658667773
0.114761285484
0.112906090915
0.111021094024
0.109113745391
0.107213847339
0.105284146965
0.10335444659
0.101409845054
0.0994503423572
0.097475938499
0.0955015346408
0.0935122296214
0.0915080234408
0.0894889160991
0.0874772593379
0.0854283496737
0.0833868905902
0.0813156291842
0.0792592689395
0.0771656632423
0.0750795006752
0.0729709863663
0.0708550214767
0.068724155426
0.0665858387947
0.0644326210022
0.0622719489038
0.0601038299501
0.0579208098352
0.0557154379785
0.0535026155412
0.0512897931039
0.0490695200861
0.0468119941652
0.0445619188249
0.0422969423234
0.0400245152414
0.0377371907234
0.035434961319
0.0331327319145
0.030800698325
0.0284686665982
0.0261217337102
0.0237673502415
0.0213980656117
0.0190213322639
0.0166371464729
0.0142231574282
0.0118166198954
0.00939518213272
0.00695139123127
0.00450760126114
0.00207126140594
-0.000305473804474
-0.0025853512343
-0.00476092100143
-0.00684708310291
-0.00885874032974
-0.0107660880312
-0.0125765791163
-0.0143051138148
-0.0159442424774
-0.017486512661
-0.0189244747162
-0.0202953796834
-0.0215619783849
-0.0227317195386
-0.0238195043057
-0.0248104315251
-0.0257119517773
-0.0265240650624
-0.0272318702191
-0.0278726201504
-0.0283941607922
-0.028841195628
-0.0291913729161
-0.0294446926564
-0.0296235065907
-0.0296905618161
-0.0296756606549
-0.0295639019459
-0.029377637431
-0.0290721636266
-0.0286996345967
-0.0282227974385
-0.0276491027325
-0.0270009022206
-0.0262483935803
-0.0254139285535
-0.0244751553982
-0.0234395246953
-0.0223442893475
-0.0211223941296
-0.0198185425252
-0.018447637558
-0.016950070858
-0.0153705468401
-0.0137165179476
-0.0119581809267
-0.0101029863581
-0.00815838575363
-0.0061392779462
-0.00403076410294
-0.00198185443878
7.45058014218e-06
0.00192224967759
0.00377744412981
0.00555813265964
0.00726431561634
0.00890344381332
0.0104829659685
0.0119730820879
0.0134259453043
0.0147745003924
0.0160858035088
0.0173002481461
0.0184625387192
0.0195577740669
0.0205710511655
0.0215321760625
0.0224113445729
0.023223457858
0.0239685159177
0.024646518752
0.0252500157803
0.0257864575833
0.0262632947415
0.0266581755131
0.0269785504788
0.0272542219609
0.0274479370564
0.0275596957654
0.0276267509907
0.027604399249
0.027529893443
0.0273734312505
0.0271499138325
0.0268667917699
0.0265017133206
0.0260770302266
0.025570390746
0.0250190477818
0.0243782978505
0.0236704926938
0.0229030828923
0.0220611672848
0.0211447458714
0.0201761703938
0.0191181898117
0.0180080533028
0.0168085098267
0.0155568113551
0.0142380585894
0.0128522505984
0.0113695850596
0.00984966661781
0.00824779272079
0.00657886220142
0.0048354268074
0.00303983665071
0.00114738941193
-0.000789761485066
-0.00280141807161
-0.00488758087158
-0.00704079819843
-0.00926852226257
-0.0115483989939
-0.0139027824625
-0.0162571668625
-0.0186190009117
-0.0209808330983
-0.0233501177281
-0.0257045011967
-0.028066335246
-0.0304281692952
-0.0327900052071
-0.0351518392563
-0.0375285744667
-0.03988295421
-0.0422522388399
-0.0446140728891
-0.0469833575189
-0.0493526421487
-0.051714476198
-0.0540837608278
-0.0564530454576
-0.0588223300874
-0.0611841641366
-0.0635609030724
-0.0659376382828
-0.0682920217514
-0.0706762075424
-0.0730380415916
-0.0754222273827
-0.0777840614319
-0.0801607891917
-0.0825300738215
-0.084906809032
-0.087290994823
-0.0896528288722
-0.0920295640826
-0.094406299293
-0.0967904850841
-0.0991597697139
-0.101536504924
-0.103920690715
-0.106289975345
-0.108674161136
-0.111058346927
-0.113435082138
-0.115811817348
-0.118196003139
-0.120572738349
-0.12295692414
-0.125341117382
-0.127725303173
-0.130102038383
-0.132486224174
-0.134870409966
-0.137262046337
-0.139623880386
-0.141926109791
-0.144124031067
-0.146232545376
-0.148251652718
-0.150188803673
-0.152014195919
-0.153765082359
-0.155419111252
-0.156976267695
-0.158458933234
-0.159829840064
-0.161126241088
-0.162310883403
-0.163421019912
-0.164441749454
-0.165365621448
-0.166185185313
-0.166937693954
-0.167578443885
-0.16814468801
-0.168599173427
-0.168979153037
-0.1692622751
-0.169448539615
-0.169552847743
-0.169567748904
-0.169485792518
-0.169306978583
-0.169038757682
-0.168688580394
-0.168234094977
-0.167705103755
-0.167064353824
-0.166349098086
-0.165529534221
-0.164628013968
-0.163629636168
-0.162541851401
-0.161372110248
-0.160090610385
-0.158734604716
-0.1572817415
-0.155732035637
-0.154092907906
-0.152379274368
-0.150546431541
-0.148646533489
-0.146642327309
-0.144548714161
-0.142380595207
-0.140219926834
-0.138059258461
-0.13592839241
-0.133812427521
-0.131711363792
-0.129625201225
-0.1275613904
-0.125505030155
-0.123471014202
-0.12145190686
-0.11946260184
-0.117473296821
-0.115498892963
-0.113546840847
-0.111617140472
-0.109702341259
-0.107794992626
-0.105917446315
-0.104047350585
-0.102192156017
-0.10035931319
-0.0985413715243
-0.0967457816005
-0.0949576422572
-0.0931844040751
-0.0914409682155
-0.0897049829364
-0.0879913493991
-0.0862777158618
-0.0846013352275
-0.0829324051738
-0.0812858268619
-0.0796466991305
-0.0780299305916
-0.0764206051826
-0.0748485326767
-0.0732764601707
-0.0717267394066
-0.0701919198036
-0.0686720013618
-0.0671669840813
-0.0656843185425
-0.0642240047455
-0.0627636909485
-0.0613331757486
-0.0599175654352
-0.0585094057024
-0.0571235977113
-0.0557675920427
-0.0544041357934
-0.0530779324472
-0.0517591796815
-0.0504478774965
-0.0491738282144
-0.0478923283517
-0.0466108284891
-0.0453591309488
-0.0440999828279
-0.0428482852876
-0.0415891371667
-0.0403597913682
-0.0391378998756
-0.0379011034966
-0.0366792082787
-0.0354796648026
-0.0342652201653
-0.0330656766891
-0.0318735837936
-0.0306889396161
-0.0295117478818
-0.0283345561475
-0.0271722655743
-0.0260099750012
-0.0248551350087
-0.0237077455968
-0.022575257346
-0.0214427690953
-0.0203102808446
-0.0191926956177
-0.0180751085281
-0.0169724225998
-0.0158697366714
-0.014781950973
-0.0136867156252
-0.0126138320193
-0.0115334978327
-0.0104606142268
-0.00940263271332
-0.00835955142975
-0.00730901909992
-0.00625848723575
-0.00523030711338
-0.00419467687607
-0.00318139768206
-0.0021681189537
-0.00114738941193
-0.00016391275858
0.000841915549245
0.00183284271043
0.00280886865221
0.00378489471041
0.00475347042084
0.00571459485218
0.00667571974918
0.00762194348499
0.00856816768646
0.00949949026108
0.0104308119044
0.0113546838984
0.0122636547312
0.0131800761446
0.0140741458163
0.0149756660685
0.0158697366714
0.0167563557625
0.0176206231117
0.0184923410416
0.0193640589714
0.0202208738774
0.0210627894849
0.0219121556729
0.0227466206998
0.0235810857266
0.0244006495923
0.0252202134579
0.026032326743
0.0268295388669
0.0276342015713
0.0284239631146
0.0292062740773
0.0299960356206
0.0307485442609
0.0315308570862
0.0322759151459
0.0330284237862
0.0337734818459
0.0345185399055
0.035248696804
0.0359714031219
0.0366866588593
0.0374093651772
0.0381097197533
0.0388026237488
0.0395029745996
0.0401884280145
0.0408589802682
0.0415518842638
0.0422224365175
0.0428929887712
0.0435784421861
0.0442415438592
0.0449269972742
0.0455975495279
0.046260651201
0.0469461046159
0.0476092062891
0.0482723079622
0.0489503107965
0.0496134124696
0.0502839647233
0.0509470663965
0.0516101680696
0.0522807203233
0.0529438219965
0.0536069236696
0.0542625747621
0.0549256764352
0.0555813275278
0.0562444292009
0.056907530874
0.0575557313859
0.0582188330591
0.0588819347322
0.0595226846635
0.0601783357561
0.0608414374292
0.0614821873605
0.0621303878725
0.0627934932709
0.0634342432022
0.0640824437141
0.0647380948067
0.0653713941574
0.0660270452499
0.0666752457619
0.0673159956932
0.0679567456245
0.0685974955559
0.0692456960678
0.0698789954185
0.0705271959305
0.0711530447006
0.0718012452126
0.0724345445633
0.0730752944946
0.0737085938454
0.0743418931961
0.0749826431274
0.075601041317
0.0762417912483
0.0768676400185
0.0775083899498
0.0781267881393
0.0787600800395
0.0793859288096
0.0800192281604
0.0806376263499
0.0812634751201
0.0818893238902
0.0825077220798
0.0831335708499
0.0837519690394
0.0843778178096
0.0849962159991
0.0856071636081
0.0862404629588
0.0868439599872
0.0874623581767
0.0880807563663
0.0886917039752
0.0893101021647
0.0899210497737
0.0905319973826
0.091135494411
0.0917613431811
0.0923648402095
0.0929608866572
0.0935792848468
0.0941902324557
0.0947862789035
0.0953897759318
0.0960007235408
0.0965967699885
0.0971406623721
0.0976696535945
0.0981241390109
0.0985488221049
0.0989288017154
0.099249176681
0.0995322987437
0.0997707173228
0.0999569818377
0.10011344403
0.100202850997
0.100269906223
0.100269906223
0.10023265332
0.100150696933
0.100024037063
0.0998452231288
0.0996366068721
0.0993534848094
0.0990554615855
0.0986903831363
0.0982955023646
0.0978410169482
0.0973492786288
0.0968053862453
0.0962242409587
0.095590941608
0.0949129387736
0.0941902324557
0.0934228226542
0.0926032587886
0.0917538926005
0.0908449217677
0.0898912474513
0.0888854190707
0.0878572389483
0.0867620036006
0.0856220647693
0.0844523236156
0.0832155272365
0.081948928535
0.0806301757693
0.0792667195201
0.0778660178185
0.0763982534409
0.0749081373215
0.0733658671379
0.0717639923096
0.0701323151588
0.0684410333633
0.0667199492455
0.0649467110634
0.0631213188171
0.0612586699426
0.0593513213098
0.057406719774
0.0555440746248
0.0537559352815
0.0520572029054
0.0504404269159
0.0489205084741
0.0474899969995
0.0461339913309
0.0448673926294
0.0436827503145
0.0426024161279
0.0415891371667
0.0406727157533
0.0398457013071
0.0391006469727
0.0384300947189
0.0378713011742
0.0373721122742
0.0369772315025
0.0366643071175
0.0364407896996
0.0362992286682
0.036247074604
0.0362768769264
0.036396086216
0.0366047024727
0.0369101762772
0.0372752547264
0.037744641304
0.0382959842682
0.0389292836189
0.0396668873727
0.0404790006578
0.0413730703294
0.0423565469682
0.0434294305742
0.0445917211473
0.045835968107
0.0471621714532
0.0485852323472
0.0500902496278
0.051677223295
0.0533610545099
0.0551268421113
0.0569671355188
0.0589117370546
0.0609382949769
0.0630393624306
0.0652447342873
0.0675246119499
0.0699013471603
0.0723525881767
0.0748932361603
0.0775307416916
0.0802427455783
0.0830441638827
0.0859424397349
0.0889152213931
0.0919699594378
0.095091752708
0.0981315895915
0.101052217185
0.103861086071
0.106573097408
0.109158448875
0.111632041633
0.114008776844
0.116243951023
0.118404619396
0.120423726737
0.122345976532
0.124141566455
0.125847756863
0.127427279949
0.128887593746
0.130258500576
0.131495296955
0.132635235786
0.133648514748
0.134572386742
0.135354697704
0.1360476017
0.136621296406
0.137083232403
0.137440860271
0.13767182827
0.13779848814
0.137813389301
0.137716531754
0.137507915497
0.137180089951
0.136747956276
0.136211514473
0.1355484128
0.134773552418
0.133901834488
0.132903456688
0.131793320179
0.130586326122
0.129245221615
0.12781471014
0.126257538795
0.124596051872
0.122807912529
0.120922915637
0.118926160038
0.116817645729
0.11458247155
0.112250439823
0.109799198806
0.107243649662
0.104561440647
0.101782374084
0.0988840982318
0.0958815142512
0.0927597209811
0.0895187184215
0.0861734077334
0.0827312394977
0.0791549608111
0.0754669308662
0.071682035923
0.0677779316902
0.0637546181679
0.0596344433725
0.0553876124322
0.0510439239442
0.0465661250055
0.0419989190996
0.0373125076294
0.0325068831444
0.027604399249
0.0225678067654
0.0174418091774
0.0122189512476
0.00708550168201
0.00206381082535
-0.00286847329699
-0.00767409754917
-0.0123903146014
-0.016987323761
-0.0214576702565
-0.0258460622281
-0.0301226954907
-0.0342801213264
-0.0383406877518
-0.0422745905817
-0.0461116395891
-0.0498369298875
-0.0534653626382
-0.0569671355188
-0.0603720508516
-0.0636652112007
-0.0668466091156
-0.0699236989021
-0.0728964805603
-0.0757426023483
-0.0784993097186
-0.0811368152499
-0.0836700126529
-0.0860989019275
-0.0884085819125
-0.0906214043498
-0.0927150174975
-0.0947043225169
-0.0965893194079
-0.0983551070094
-0.100024037063
-0.101573757827
-0.103019170463
-0.104367725551
-0.105589620769
-0.106699757278
-0.1077279374
-0.108622007072
-0.109419219196
-0.110104672611
-0.110685817897
-0.111147753894
-0.111505381763
-0.111766152084
-0.111907713115
-0.111937515438
-0.111863009632
-0.111676745117
-0.111393623054
-0.110991291702
-0.110477201641
-0.109888605773
-0.109307460487
-0.108756117523
-0.108249478042
-0.107780091465
-0.107340507209
-0.106945626438
-0.106580547988
-0.106245271862
-0.105954699218
-0.105708830059
-0.10547786206
-0.105299048126
-0.105157487094
-0.105038277805
-0.104963771999
-0.104933969676
-0.104933969676
-0.104956321418
-0.105030827224
-0.105135135353
-0.105284146965
-0.105462960899
-0.105671577156
-0.105924896896
-0.106208018959
-0.106550745666
-0.106893472373
-0.107288353145
-0.1077279374
-0.108197323978
-0.108703963459
-0.109232954681
-0.109829001129
-0.110425047576
-0.11108814925
-0.111758701503
-0.112488858402
-0.113248817623
-0.114046029747
-0.114865593612
-0.115744762123
-0.116638831794
-0.11758505553
-0.118561081588
-0.119566909969
-0.120617441833
-0.1217052266
-0.12282281369
-0.123977653682
-0.125169754028
-0.126399099827
-0.127665698528
-0.128969550133
