-0.000148080289364
-0.000148080289364
-0.000443309516413
-0.000737607420888
-0.00102631747723
-0.00131223339122
-0.00159721809905
-0.00187754619401
-0.00215601176023
-0.00243075191975
-0.00270362920128
-0.00297278142534
-0.00323913968168
-0.00350363529287
-0.00376440561377
-0.00402145087719
-0.00427756458521
-0.00452995300293
-0.00477768480778
-0.00502634746954
-0.00526756001636
-0.00551063520834
-0.00574625981972
-0.00598281575367
-0.00621378375217
-0.00644475175068
-0.00666920049116
-0.00689364923164
-0.00711344135925
-0.00733137084171
-0.00754650635645
-0.00775884790346
-0.00796746462584
-0.00817328691483
-0.00837724655867
-0.00857654958963
-0.00877492129803
-0.0089704990387
-0.00916142016649
-0.00935047864914
-0.00953581184149
-0.00971928238869
-0.00990088935941
-0.0100759780034
-0.01025199797
-0.0104233613238
-0.0105928620324
-0.0107577061281
-0.0109216189012
-0.0110808750615
-0.0112382685766
-0.0113937994465
-0.0115446737036
-0.011692753993
-0.0118389716372
-0.0119814639911
-0.0121220936999
-0.0122589981183
-0.0123931085691
-0.0125244250521
-0.0126529475674
-0.0127796074376
-0.0129016106948
-0.0130208199844
-0.0131381666288
-0.0132527193055
-0.0133644780144
-0.0134715801105
-0.0135768195614
-0.0136811276898
-0.0137798478827
-0.0138767054304
-0.0139707690105
-0.0140620386228
-0.0141495829448
-0.0142361959442
-0.0143181523308
-0.0143973147497
-0.0144746145234
-0.0145481890067
-0.0146189695224
-0.0146869560704
-0.0147521486506
-0.0148145472631
-0.0148750832304
-0.0149300312623
-0.0149840479717
-0.0150362020358
-0.0150827681646
-0.0151284029707
-0.0151703124866
-0.0152103593573
-0.0152457496151
-0.0152802085504
-0.0153100108728
-0.0153388818726
-0.0153630962595
-0.0153854480013
-0.0154050057754
-0.0154208382592
-0.0154338767752
-0.0154450526461
-0.0154525032267
-0.0154571598396
-0.0154590224847
-0.0154580911621
-0.0154543658718
-0.0154469152912
-0.0154385333881
-0.015425494872
-0.0154105937108
-0.0153919672593
-0.0153705468401
-0.0153472637758
-0.0153202554211
-0.0152913844213
-0.015256925486
-0.0152224665508
-0.0151842823252
-0.0151423728094
-0.0150986006483
-0.0150520345196
-0.015000811778
-0.0149486577138
-0.0148937096819
-0.0148359676823
-0.0147726377472
-0.0147093078122
-0.0146422525868
-0.0145724033937
-0.0144988289103
-0.0144243231043
-0.0143442293629
-0.0142632042989
-0.0141784539446
-0.0140918409452
-0.0140015026554
-0.013908370398
-0.0138124441728
-0.0137137239799
-0.0136131411418
-0.0135079016909
-0.0133998682722
-0.0132890408859
-0.0131772821769
-0.0130608668551
-0.012940726243
-0.0128205856308
-0.0126948570833
-0.0125691285357
-0.0124368807301
-0.0123037016019
-0.0121686598286
-0.0120280301198
-0.0118864690885
-0.011743045412
-0.0115940338001
-0.0114440908656
-0.0112904226407
-0.0111339604482
-0.0109737729654
-0.0108135854825
-0.0106478100643
-0.0104801720008
-0.0103088086471
-0.0101355826482
-0.00995956268162
-0.00977981835604
-0.00959821045399
-0.00941287726164
-0.00922475010157
-0.00903382897377
-0.00884011387825
-0.00864267349243
-0.00844523310661
-0.00824127346277
-0.00803545117378
-0.00782869756222
-0.00761821819469
-0.00740308267996
-0.00718701584265
-0.00696815503761
-0.00674370629713
-0.00651925755665
-0.00629108352587
-0.00606011552736
-0.00582635356113
-0.00558793498203
-0.0053504477255
-0.00510644121096
-0.00486150383949
-0.0046119093895
-0.0043623149395
-0.00410713255405
-0.00385008729063
-0.00359024829231
-0.00332761532627
-0.00306311971508
-0.00279303616844
-0.0025229526218
-0.00224821269512
-0.00196974724531
-0.00169128167909
-0.00140722829383
-0.00112224370241
-0.000833533646073
-0.000542029738426
-0.000246800482273
4.93600928166e-05
0.000350177258952
0.000652857066598
0.000959262193646
0.00126752990764
0.00157952297013
0.00189431000035
0.00221095979214
0.00253226584755
0.00285543478094
0.00318046635948
0.00350922322832
0.00384263671003
0.00417605042458
0.00451505184174
0.0048540532589
0.00519771082327
0.00554416282102
0.00589340878651
0.00624544871971
0.00659935129806
0.00695791048929
0.00731740100309
0.00768154812977
0.00804848968983
0.0084163621068
0.00878982245922
0.00916421413422
0.00954233109951
0.00992230977863
0.0103069460019
0.0106925135478
0.0110827377066
0.0114748245105
0.0118687739596
0.0122683113441
0.0126678487286
0.013072042726
0.0134790306911
0.0138888126239
0.0143004572019
0.0147158270702
0.0151339909062
0.0155549487099
0.0159787014127
0.0164061784744
0.0168355181813
0.0172676518559
0.0177035108209
0.0181412324309
0.0185826793313
0.0190269201994
0.0194739550352
0.0199228506535
0.0203754734248
0.0208308901638
0.0212909635156
0.0217510368675
0.0222157668322
0.0226814281195
0.0231536086649
0.0236257892102
0.0240998324007
0.0245794635266
0.0250600259751
0.0255461763591
0.0260313954204
0.0265231337398
0.0270148720592
0.0275103356689
0.0280104558915
0.0285105761141
0.0290162842721
0.0295229237527
0.030032357201
0.0305473785847
0.0310623999685
0.0315802171826
0.0321017578244
0.0326298177242
0.0331541523337
0.0336850062013
0.0342177227139
0.0347532331944
0.0352952629328
0.0358344987035
0.0363802537322
0.0369269400835
0.0374773517251
0.0380333513021
0.0385865569115
0.0391462817788
0.039707865566
0.0402741096914
0.0408412851393
0.0414121858776
0.041984949261
0.0425614379346
0.0431416518986
0.0437227971852
0.044307667762
0.0448953323066
0.0454867221415
0.0460809059441
0.0466750897467
0.0472636856139
0.0478420369327
0.0484129376709
0.0489745251834
0.0495295934379
0.0500734858215
0.0506117902696
0.0511379875243
0.0516585968435
0.0521680302918
0.0526718758047
0.0531654767692
0.0536506958306
0.0541266016662
0.0545959882438
0.0550551302731
0.0555058903992
0.0559482686222
0.0563813336194
0.0568078793585
0.0572241805494
0.0576330311596
0.0580316372216
0.0584227927029
0.0588064976037
0.0591790266335
0.0595459677279
0.0599017329514
0.0602509789169
0.060589980334
0.0609215311706
0.0612428374588
0.0615576244891
0.0618640296161
0.0621601901948
0.062448900193
0.0627273693681
0.0630002468824
0.0632628798485
0.0635161995888
0.063763000071
0.063999556005
0.0642267987132
0.064448453486
0.0646589323878
0.0648610293865
0.0650566071272
0.065241008997
0.0654198229313
0.0655865296721
0.0657476484776
0.0658985227346
0.0660419464111
0.0661760568619
0.0663008540869
0.0664200633764
0.0665271654725
0.0666277483106
0.0667190179229
0.066801905632
0.0668773427606
0.0669416040182
0.0669993460178
0.0670496374369
0.067088752985
0.0671204179525
0.0671427696943
0.0671576708555
0.0671651214361
0.0671595335007
0.0671502202749
0.0671278685331
0.0671036541462
0.0670664012432
0.0670179724693
0.0669676810503
0.0669006258249
0.0668317079544
0.066751614213
0.0666659325361
0.0665672123432
0.0664629042149
0.0663474202156
0.0662244856358
0.0660959631205
0.0659562647343
0.0658053904772
0.0656507909298
0.0654850155115
0.0653117895126
0.0651273876429
0.0649392604828
0.0647380948067
0.0645313411951
0.0643134117126
0.0640898942947
0.0638533383608
0.0636149197817
0.0633616000414
0.0631026923656
0.062832608819
0.0625587999821
0.0622719489038
0.0619795136154
0.0616777651012
0.0613667033613
0.0610463283956
0.0607203654945
0.0603813640773
0.060040500015
0.0596828721464
0.0593215189874
0.0589527152479
0.0585727356374
0.0581834428012
0.0577885620296
0.0573825053871
0.0569708608091
0.0565480403602
0.0561177693307
0.0556781850755
0.0552292875946
0.0547766648233
0.0543091408908
0.0538360290229
0.0533536039293
0.052863728255
0.052364539355
0.0518560372293
0.0513419471681
0.050816681236
0.0502839647233
0.0497400723398
0.0491905920208
0.048631798476
0.0480636917055
0.0474899969995
0.0469032637775
0.04631094262
0.0457074455917
0.0450983606279
0.0444799624383
0.0438522510231
0.0432133637369
0.0425726138055
0.0419206880033
0.041255723685
0.0405851714313
0.0399090312421
0.0392217151821
0.0385232269764
0.0378210097551
0.0371057540178
0.0363849103451
0.0356566160917
0.0349152833223
0.0341702252626
0.0334139913321
0.0326503068209
0.0318754464388
0.0310949962586
0.0303052347153
0.0295080225915
0.0286977719516
0.0278819333762
0.0270605068654
0.0262260418385
0.0253822635859
0.0245366226882
0.0236760806292
0.0228099506348
0.0219345074147
0.0210478883237
0.0201575439423
0.0192541629076
0.0183470547199
0.0174269080162
0.016501173377
0.0155642619357
0.0146180381998
0.0136680891737
0.0127069642767
0.0117383887991
0.0107567748055
0.00977329909801
0.00877492129803
0.00777281774208
0.00676140142605
0.00573694659397
0.00470690429211
0.0036712733563
0.00262260413729
0.00156834709924
0.000506639480591
-0.000568106770515
-0.00165216613095
-0.00273622549139
-0.00383704877459
-0.0049434597604
-0.00605918420479
-0.00718422187492
-0.00831484794617
-0.0094547867775
-0.0106059005484
-0.0117626031861
-0.0129323443398
-0.0141039481387
-0.0152904530987
-0.0164806842804
-0.0176820904016
-0.0188928097486
-0.0201109778136
-0.0213365983218
-0.0225715320557
-0.0238157790154
-0.0250656139106
-0.0263284873217
-0.0275988113135
-0.0288747232407
-0.0301618110389
-0.0314563512802
-0.0327602028847
-0.0340733677149
-0.0353939831257
-0.0367201864719
-0.0380631536245
-0.0394042544067
-0.0407639853656
-0.0421218536794
-0.0435002110898
-0.04487484321
-0.0462625138462
-0.0476408712566
-0.0489987395704
-0.0503510199487
-0.0516809485853
-0.0530052892864
-0.0543128661811
-0.0556036792696
-0.0568851791322
-0.0581517778337
-0.0594016127288
-0.0606421343982
-0.0618696175516
-0.0630803406239
-0.0642742961645
-0.0654626637697
-0.0666305422783
-0.0677891075611
-0.0689346343279
-0.070059671998
-0.0711791217327
-0.0722799450159
-0.0733695924282
-0.0744424760342
-0.0755060464144
-0.0765509903431
-0.0775866210461
-0.0786073431373
-0.0796131715178
-0.0806059613824
-0.081587575376
-0.0825505629182
-0.0835023745894
-0.0844430103898
-0.0853668823838
-0.0862777158618
-0.0871736481786
-0.0880584046245
-0.0889282599092
-0.0897850766778
-0.0906288549304
-0.0914558693767
-0.092271707952
-0.0930745080113
-0.0938624069095
-0.0946354046464
-0.0953972265124
-0.0961441472173
-0.0968780294061
-0.0975970104337
-0.0983048155904
-0.0989939942956
-0.0996738597751
-0.100340686738
-0.100992612541
-0.101627774537
-0.102251760662
-0.102866433561
-0.103458754718
-0.104043625295
-0.104613594711
-0.105168662965
-0.105710692704
-0.106239683926
-0.106753773987
-0.107255756855
-0.107743769884
-0.108216881752
-0.108676955104
-0.10912398994
-0.109556123614
-0.109976150095
-0.110381275415
-0.110772430897
-0.111152410507
-0.111515626311
-0.111867666245
-0.112203873694
-0.11252797395
-0.112838104367
-0.113133333623
-0.113416455686
-0.11368560791
-0.113940790296
-0.114182002842
-0.114410176873
-0.114625312388
-0.114824615419
-0.115012742579
-0.115185037255
-0.115345224738
-0.115491442382
-0.115623690188
-0.115741968155
-0.115847207606
-0.115938477218
-0.116015776992
-0.116080038249
-0.116131260991
-0.116166651249
-0.116190865636
-0.116198316216
-0.116196453571
-0.116176895797
-0.116146162152
-0.116100527346
-0.116040922701
-0.115970142186
-0.115881666541
-0.115782946348
-0.115669324994
-0.115542665124
-0.115402035415
-0.115245573223
-0.115077935159
-0.114896327257
-0.114700749516
-0.11449213326
-0.114268615842
-0.11403299123
-0.113781534135
-0.113518901169
-0.113240435719
-0.112949863076
-0.112644389272
-0.112325876951
-0.111994326115
-0.111648805439
-0.111288383603
-0.110915854573
-0.110528424382
-0.110127955675
-0.109714448452
-0.109286040068
-0.108845062554
-0.108390577137
-0.107921652496
-0.10743829608
-0.106941901147
-0.106433868408
-0.105909533799
-0.105370298028
-0.104822210968
-0.104257829487
-0.103678546846
-0.10308855772
-0.102481797338
-0.101862937212
-0.101229637861
-0.10058376193
-0.0999243855476
-0.0992496460676
-0.0985632613301
-0.0978619754314
-0.0971462503076
-0.0964193567634
-0.0956766232848
-0.0949208587408
-0.0941515862942
-0.0933692753315
-0.092571593821
-0.0917632058263
-0.0909375920892
-0.090099401772
-0.08925049752
-0.088382974267
-0.0875051990151
-0.0866125300527
-0.0857086777687
-0.0847875997424
-0.0838544145226
-0.0829067975283
-0.0819456726313
-0.0809743031859
-0.0799847692251
-0.0789833664894
-0.0779666006565
-0.0769386515021
-0.0758972018957
-0.0748406127095
-0.0737686604261
-0.0726890265942
-0.0715902969241
-0.0704766660929
-0.069354891777
-0.0682182088494
-0.0670624375343
-0.0658989846706
-0.0647201612592
-0.0635259747505
-0.062320843339
-0.0610998794436
-0.0598679743707
-0.0586165077984
-0.057359687984
-0.0560819134116
-0.0547962225974
-0.0534895770252
-0.0521775782108
-0.0508478805423
-0.0495032854378
-0.0481491424143
-0.0467777699232
-0.0453910306096
-0.0439949780703
-0.0425833240151
-0.0411625914276
-0.0397239327431
-0.038294468075
-0.0368749015033
-0.0354645289481
-0.0340638197958
-0.0326724238694
-0.0312906913459
-0.0299181547016
-0.0285553969443
-0.0272019524127
-0.0258580539376
-0.0245237015188
-0.0231986623257
-0.0218831691891
-0.0205771047622
-0.019280705601
-0.0179937332869
-0.0167160760611
-0.0154479630291
-0.0141895134002
-0.0129402605817
-0.0117007866502
-0.0104705095291
-0.00924989581108
-0.00803882721812
-0.00683707138523
-0.00564474565908
-0.0044620828703
-0.00328873260878
-0.00212504528463
-0.000970554479863
0.000174040891579
0.00130932300817
0.0024352921173
0.00355171482079
0.00465859193355
0.00575592229143
0.0068438234739
0.00792241189629
0.00899122096598
0.0100509487092
0.0111007820815
0.012141302228
0.0131725091487
0.0141939371824
0.0152059355751
0.0162088535726
0.0172016434371
0.0181854702532
0.0191595163196
0.0201242491603
0.0210796706378
0.0220249630511
0.0229615233839
0.0238881893456
0.0248054265976
0.0257132332772
0.0266114939004
0.0275004412979
0.028379958123
0.0292492322624
0.030110122636
0.0309611186385
0.0318022184074
0.0326343551278
0.0334568321705
0.0342691764235
0.035073839128
0.0358668603003
0.0366519652307
0.0374270603061
0.0381926074624
0.0389483757317
0.0396952927113
0.0404322035611
0.0411600321531
0.0418780818582
0.0425865836442
0.043286472559
0.0439758859575
0.0446559824049
0.045326769352
0.0459877736866
0.0466403998435
0.0472820810974
0.0479149147868
0.0485391318798
0.0491519421339
0.0497568361461
0.05035148561
0.0509368218482
0.0515135452151
0.0520795546472
0.0526367202401
0.053184568882
0.0537214763463
0.0542509332299
0.054769448936
0.0552793480456
0.0557799339294
0.056270275265
0.0567513033748
0.0572223179042
0.0576854199171
0.0581380426884
0.0585813522339
0.0590146481991
0.0594393312931
0.0598537698388
0.0602588951588
0.0606551729143
0.0610407404602
0.0614183917642
0.0617857985198
0.0621438920498
0.0624922066927
0.0628312081099
0.0631599649787
0.0634798780084
0.0637909397483
0.0640926882625
0.0643827915192
0.0646659135818
0.0649383291602
0.0652009621263
0.0654542818666
0.0656982883811
0.0659339129925
0.066158823669
0.0663748905063
0.0665802508593
0.0667772218585
0.0669648870826
0.0671423003078
0.0673104077578
0.0674687325954
0.067619137466
0.0677588358521
0.0678892210126
0.0680098310113
0.0681215897202
0.0682226344943
0.0683157667518
0.0683981925249
0.0684731602669
0.0685350969434
0.0685900449753
0.0686361417174
0.0686720013618
0.0686962157488
0.0687134414911
0.0687213614583
0.0687190294266
0.0687059909105
0.0686850398779
0.0686547681689
0.0686142593622
0.0685644298792
0.0685048252344
0.068437308073
0.0683576762676
0.0682706013322
0.0681737437844
0.0680671036243
0.0679497569799
0.0678254291415
0.0676894560456
0.0675451010466
0.0673914328218
0.0672284513712
0.0670533627272
0.0668726861477
0.0666799023747
0.0664787366986
0.0662682577968
0.0660475343466
0.0658165663481
0.0655790790915
0.065328553319
0.0650705769658
0.0648023560643
0.0645266845822
0.0642389059067
0.0639427453279
0.0636354088783
0.0633224844933
0.0629955902696
0.062664039433
0.0623185150325
0.0619664750993
0.0616013966501
0.0612307302654
0.0608488880098
0.0604595951736
0.0600563324988
0.0596474818885
0.0592293180525
0.0587990470231
0.0583603940904
0.057912427932
0.0574560798705
0.0569876246154
0.0565126501024
0.0560246370733
0.0555319674313
0.0550243966281
0.0545131005347
0.05398690328
0.0534541867673
0.0529102943838
0.0523598827422
0.0517973639071
0.0512264631689
0.0506443865597
0.0500567220151
0.0494560189545
0.0488469339907
0.0482285358012
0.0476017557085
0.0469768382609
0.0463537834585
0.0457344539464
0.045117918402
0.0445041768253
0.0438913665712
0.0432850755751
0.042678784579
0.0420752875507
0.0414764471352
0.0408804006875
0.0402852855623
0.0396938957274
0.0391053035855
0.0385195016861
0.037937425077
0.0373562797904
0.0367797911167
0.0362060964108
0.0356333330274
0.0350652262568
0.0344989821315
0.0339364632964
0.0333758071065
0.0328188762069
0.0322638079524
0.0317124649882
0.0311639141291
0.0306181591004
0.0300733353943
0.0295340996236
0.028996726498
0.0284612160176
0.0279294308275
0.0274004396051
0.026875173673
0.0263508390635
0.0258302297443
0.0253124143928
0.0247973930091
0.024285165593
0.0237766634673
0.0232690926641
0.0227671097964
0.0222651269287
0.0217668693513
0.0212732683867
0.0207805987448
0.0202897917479
0.0198045726866
0.0193193554878
0.0188387930393
0.0183610245585
0.0178860500455
0.0174129381776
0.0169435516
0.0164760276675
0.0160131603479
0.0155521547422
0.0150920813903
0.0146385272965
0.0141849732026
0.0137342130765
0.0132890408859
0.0128429373726
0.0124024217948
0.0119647001848
0.0115279098973
0.0110957762226
0.0106655051932
0.0102380281314
0.0098133450374
0.009392388165
0.00897329300642
0.00855699181557
0.00814534723759
0.00773463351652
0.00732578290626
0.00692252023146
0.00652018887922
0.00612251413986
0.0057248394005
0.00533275259659
0.00494066579267
0.00455416738987
0.00416953116655
0.00378768867813
0.00340864039026
0.00303145474754
0.0026589257177
0.00228825956583
0.00191945570987
0.00155530858319
0.00119302421808
0.000833533646073
0.000477768451674
0.000122934579849
-0.000228174016229
-0.000574626028538
-0.000920146645512
-0.00126287329476
-0.00160187471192
-0.00193994480651
-0.00227242708206
-0.00260397768579
-0.00293273455463
-0.0032568348106
-0.00358000374399
-0.00389944738708
-0.00421609729528
-0.0045308843255
-0.00484194606543
-0.00514928204939
-0.00545661849901
-0.00575836701319
-0.00605825288221
-0.00635534478351
-0.00664871139452
-0.00694114668295
-0.00722985668108
-0.00751577271149
-0.00779796345159
-0.00807829201221
-0.00835582613945
-0.00863056629896
-0.00890158116817
-0.00916980206966
-0.009436160326
-0.00969879329205
-0.00996049400419
-0.0102175390348
-0.0104717900977
-0.0107241785154
-0.0109728416428
-0.0112177794799
-0.011462717317
-0.0117020672187
-0.0119404857978
-0.0121742477641
-0.0124070784077
-0.0126361837611
-0.0128624951467
-0.0130860125646
-0.0133067360148
-0.0135237341747
-0.0137407323346
-0.0139502799138
-0.0141616901383
-0.0143675124273
-0.0145714720711
-0.0147717064247
-0.014970078133
-0.0151656558737
-0.0153584396467
-0.0155474981293
-0.0157337635756
-0.0159172341228
-0.0160988420248
-0.0162776559591
-0.0164518132806
-0.016625970602
-0.0167936086655
-0.0169621780515
-0.0171270221472
-0.0172862783074
-0.0174455344677
-0.0176019966602
-0.0177538022399
-0.0179028138518
-0.0180518254638
-0.0181952491403
-0.0183368101716
-0.0184746459126
-0.0186106190085
-0.0187447294593
-0.0188741832972
-0.0190008431673
-0.0191265717149
-0.0192476436496
-0.0193659216166
-0.019483268261
-0.0195950269699
-0.0197067838162
-0.0198120232671
-0.0199191253632
-0.0200187768787
-0.0201202910393
-0.0202134232968
-0.020309349522
-0.0203978251666
-0.0204863008112
-0.020571982488
-0.0206539388746
-0.0207331012934
-0.020808538422
-0.020883044228
-0.0209528934211
-0.021020879969
-0.0210860725492
-0.0211484711617
-0.0212080758065
-0.0212648864836
-0.0213179718703
-0.0213682632893
-0.0214176233858
-0.0214623268694
-0.0215042363852
-0.0215452145785
-0.0215806048363
-0.0216159950942
-0.021644866094
-0.021675599739
-0.0216998141259
-0.0217230971903
-0.0217407923192
-0.0217594187707
-0.0217733886093
-0.0217854958028
-0.0217929463834
-0.0217985343188
-0.021800396964
-0.0218022596091
-0.0217985343188
-0.0217929463834
-0.0217836331576
-0.0217743199319
-0.0217594187707
-0.0217417236418
-0.0217221658677
-0.0216988828033
-0.0216728057712
-0.0216467287391
-0.0216150637716
-0.0215796735138
-0.0215433519334
-0.0215042363852
-0.0214623268694
-0.0214166920632
-0.0213673319668
-0.0213170405477
-0.021263955161
-0.0212062131613
-0.0211475398391
-0.0210851412266
-0.021020879969
-0.0209510307759
-0.0208821129054
-0.0208066757768
-0.0207312386483
-0.020653007552
-0.0205710511655
-0.0204835068434
-0.020396893844
-0.0203065555543
-0.0202143546194
-0.0201174970716
-0.0200178455561
-0.0199154000729
-0.0198129545897
-0.0197039898485
-0.0195931643248
-0.0194804742932
-0.0193631276488
-0.019246712327
-0.0191237777472
-0.0189989805222
-0.018872320652
-0.018741004169
-0.0186087563634
-0.0184737145901
-0.0183340162039
-0.0181933864951
-0.0180462375283
-0.0179028138518
-0.0177510082722
-0.0175992026925
-0.0174436718225
-0.0172825530171
-0.0171223655343
-0.0169603154063
-0.0167917460203
-0.0166222453117
-0.0164499506354
-0.0162739306688
-0.0160951167345
-0.0159153714776
-0.0157300382853
-0.0155447041616
-0.0153556456789
-0.0151656558737
-0.0149803226814
-0.0147940581664
-0.0146077936515
-0.0144243231043
-0.0142436465248
-0.0140611073002
-0.0138813620433
-0.013702548109
-0.0135237341747
-0.0133486455306
-0.0131716942415
-0.0129993995652
-0.0128252422437
-0.0126548102126
-0.0124834468588
-0.0123139461502
-0.0121463080868
-0.0119786700234
-0.0118128946051
-0.011648981832
-0.0114860003814
-0.0113220876083
-0.0111619001254
-0.0110026439652
-0.0108433878049
-0.0106859942898
-0.0105304634199
-0.0103749325499
-0.0102203330025
-0.0100685274228
-0.00991672184318
-0.00976677983999
-0.00961683690548
-0.00946968793869
-0.0093225389719
-0.00917725265026
-0.0090328976512
-0.0088894739747
-0.00874791294336
-0.0086072832346
-0.0084675848484
-0.00832881778479
-0.00819191336632
-0.00805500894785
-0.00792182981968
-0.00778771890327
-0.00765360845253
-0.00752508593723
-0.00739283813164
-0.00726524693891
-0.00713672442362
-0.00701099587604
-0.00688526732847
-0.00676047010347
-0.0066384668462
-0.00651646358892
-0.0063963229768
-0.00627711368725
-0.0061579043977
-0.00604242039844
-0.00592507375404
-0.00581145239994
-0.00569876236841
-0.00558514101431
-0.00547431362793
-0.0053653488867
-0.00525638414547
-0.00514928204939
-0.00504217995331
-0.00493787182495
-0.00483356416225
-0.00473111867905
-0.00462960451841
-0.00452902168036
-0.00443030148745
-0.00433251261711
-0.00423565506935
-0.00414066016674
-0.00404473394156
-0.00395346432924
-0.00386033183895
-0.00376999354921
-0.00368058658205
-0.00359211093746
-0.00350456661545
-0.00341888493858
-0.00333413458429
-0.00325031555258
-0.00316835916601
-0.00308640277945
-0.0030072403606
-0.00292807794176
-0.00284984684549
-0.00277347839437
-0.00269897258841
-0.00262446678244
-0.00255089229904
-0.00248104310594
-0.00240840017796
-0.00234041363001
-0.00227242708206
-0.00220444053411
-0.00213924795389
-0.00207405537367
-0.00201165676117
-0.00194925803225
-0.00188779074233
-0.00182818609755
-0.00177044409793
-0.0017127020983
-0.00165589142125
-0.00160094338935
-0.00154692668002
-0.00149477261584
-0.00144354987424
-0.00139232713263
-0.00134389835875
-0.00129546958487
-0.00124983477872
-0.00120420008898
-0.00115856528282
-0.00111665576696
-0.00107381492853
-0.00103376805782
-0.000994652509689
-0.000955536903348
-0.000918284000363
-0.000883825065102
-0.000847503484692
-0.000813044549432
-0.000782310904469
-0.000750645936932
-0.000720843614545
-0.000691972614732
-0.000664032937493
-0.000637024582829
-0.000613741518464
-0.000587664544582
-0.000565312802792
-0.00054482370615
-0.000522471964359
-0.000503845512867
-0.000486150354845
-0.000468455225928
-0.000453554064734
-0.000439584226115
-0.000425614387495
-0.000412575871451
-0.00040233132313
-0.000392086774809
-0.000384636194212
-0.000376254291041
-0.000369735033019
-0.00036600974272
-0.000361353129847
-0.000358559162123
-0.000357627839549
-0.000356696516974
-0.000358559162123
-0.000360421807272
-0.000363215774996
-0.000367872387869
-0.000374391645892
-0.000379979581339
-0.000388361484511
-0.000398606032832
-0.000407919258578
-0.000420957774622
-0.000433064968092
-0.000447034806712
-0.00046286729048
-0.000478699774249
-0.000495463609695
-0.000515021383762
-0.000535510480404
-0.00055693089962
-0.000577419996262
-0.000602565705776
-0.000627711357083
-0.000652857066598
-0.000679865421262
-0.0007078050985
-0.000738538743462
-0.00076834106585
-0.000801868678536
-0.000833533646073
-0.000867061258759
-0.000903382839169
-0.000940635742154
-0.000977888703346
-0.00101700425148
-0.00105798244476
-0.00109802931547
-0.00114180147648
-0.00118557363749
-0.00122934568208
-0.00127684313338
-0.00132340926211
-0.00137276935857
-0.00142119813245
-0.0014742835192
-0.00152457493823
-0.00157952297013
-0.00163260835689
-0.00168848771136
-0.00174529838841
-0.00180490303319
-0.00186171371024
-0.00192411232274
-0.00198557972908
-0.00204797834158
-0.0021131709218
-0.00217650085688
-0.00224448740482
-0.0023115426302
-0.00238046050072
-0.00245030969381
-0.00252108997665
-0.00259373313747
-0.00266730762087
-0.00274274474941
-0.00281818187796
-0.00289548165165
-0.00297464407049
-0.00305287516676
-0.00313483155333
-0.00321585661732
-0.00329874432646
-0.00338349468075
-0.00346917635761
-0.00355578935705
-0.00364240235649
-0.00373274064623
-0.00382401025854
-0.00391434878111
-0.004006549716
-0.00410061329603
-0.00419653952122
-0.00429153442383
-0.00438932329416
