-0.792000055313
-0.792141616344
-0.79228323698
-0.792424738407
-0.79256606102
-0.792707324028
-0.792848527431
-0.792989552021
-0.793130517006
-0.793271422386
-0.793412148952
-0.79355275631
-0.793693423271
-0.79383379221
-0.793974161148
-0.794114410877
-0.794254541397
-0.794394671917
-0.794534564018
-0.79467445612
-0.794814109802
-0.794953763485
-0.795093417168
-0.795232832432
-0.795372128487
-0.795511364937
-0.795650541782
-0.795789599419
-0.795928478241
-0.796067297459
-0.796206116676
-0.796344637871
-0.79648321867
-0.796621620655
-0.796759903431
-0.796898245811
-0.797036290169
-0.797174334526
-0.797312200069
-0.797450006008
-0.797587692738
-0.797725260258
-0.797862827778
-0.798000156879
-0.798137485981
-0.798274695873
-0.798411786556
-0.79854875803
-0.798685610294
-0.798822402954
-0.7989590168
-0.799095630646
-0.799232065678
-0.799368441105
-0.799504697323
-0.799640774727
-0.799776911736
-0.799912750721
-0.800048649311
-0.800184369087
-0.800319969654
-0.800455510616
-0.800590991974
-0.800726234913
-0.800861477852
-0.800996482372
-0.801131486893
-0.801266372204
-0.801401257515
-0.801535904408
-0.801670432091
-0.801804959774
-0.801939368248
-0.802073538303
-0.802207708359
-0.8023416996
-0.802475750446
-0.802609562874
-0.802743315697
-0.802876889706
-0.80301040411
-0.80314385891
-0.803277134895
-0.803410291672
-0.803543388844
-0.803676426411
-0.803809225559
-0.803942084312
-0.804074764252
-0.804207324982
-0.804339766502
-0.804472088814
-0.804604291916
-0.804736375809
-0.804868459702
-0.805000305176
-0.805132091045
-0.80526381731
-0.805395424366
-0.805526912212
-0.805658221245
-0.805789589882
-0.8059207201
-0.806051790714
-0.806182682514
-0.806313514709
-0.806444227695
-0.806574881077
-0.806705355644
-0.806835711002
-0.806966125965
-0.807096242905
-0.807226359844
-0.807356238365
-0.807486116886
-0.807615876198
-0.8077455163
-0.807875037193
-0.808004438877
-0.808133840561
-0.808263003826
-0.808392107487
-0.808521032333
-0.80864995718
-0.808778703213
-0.808907389641
-0.80903595686
-0.809164345264
-0.80929261446
-0.809420824051
-0.809548974037
-0.80967694521
-0.809804856777
-0.809932649136
-0.810060203075
-0.810187757015
-0.81031525135
-0.810442566872
-0.810569763184
-0.810696959496
-0.810823917389
-0.810950815678
-0.811077535152
-0.811204254627
-0.811330735683
-0.81145721674
-0.811583518982
-0.81170976162
-0.811835825443
-0.811961829662
-0.812087714672
-0.812213540077
-0.812339127064
-0.812464654446
-0.812590122223
-0.812715470791
-0.812840640545
-0.812965750694
-0.813090741634
-0.813215613365
-0.813340365887
-0.813464999199
-0.813589513302
-0.813713908195
-0.813838303089
-0.813962459564
-0.814086616039
-0.814210474491
-0.814334392548
-0.814458072186
-0.814581692219
-0.814705252647
-0.814828634262
-0.814951956272
-0.815075099468
-0.81519818306
-0.815321087837
-0.815443873405
-0.815566718578
-0.815689265728
-0.815811693668
-0.815934121609
-0.816056311131
-0.816178500652
-0.816300570965
-0.816422402859
-0.816544234753
-0.816665947437
-0.816787540913
-0.816908955574
-0.817030310631
-0.817151546478
-0.817272603512
-0.817393600941
-0.817514538765
-0.817635297775
-0.817755877972
-0.817876517773
-0.81799685955
-0.818117201328
-0.818237364292
-0.818357467651
-0.818477332592
-0.818597197533
-0.818716943264
-0.818836569786
-0.818956077099
-0.819075465202
-0.819194734097
-0.819313764572
-0.819432914257
-0.819551825523
-0.819670557976
-0.819789230824
-0.819907724857
-0.820026159286
-0.820144593716
-0.820262730122
-0.820380747318
-0.82049882412
-0.820616602898
-0.82073444128
-0.82085198164
-0.820969521999
-0.82108682394
-0.821204125881
-0.821321308613
-0.821438252926
-0.821555197239
-0.821672022343
-0.821788728237
-0.821905314922
-0.822021663189
-0.822137951851
-0.822254180908
-0.822370290756
-0.82248622179
-0.82260209322
-0.822717785835
-0.822833418846
-0.822948873043
-0.823064267635
-0.823179483414
-0.823294699192
-0.823409736156
-0.823524594307
-0.823639333248
-0.82375395298
-0.823868572712
-0.823982954025
-0.824097216129
-0.824211359024
-0.824325501919
-0.82443934679
-0.824553132057
-0.824666917324
-0.824780464172
-0.824893951416
-0.825007259846
-0.825120389462
-0.825233578682
-0.825346469879
-0.825459361076
-0.82557207346
-0.825684726238
-0.825797140598
-0.825909614563
-0.826021790504
-0.826133966446
-0.826245903969
-0.826357841492
-0.826469540596
-0.8265812397
-0.826692640781
-0.826804101467
-0.826915323734
-0.827026546001
-0.827137470245
-0.827248454094
-0.827359199524
-0.827469885349
-0.827580332756
-0.827690839767
-0.827801048756
-0.827911317348
-0.828021287918
-0.828131258488
-0.828240990639
-0.82835072279
-0.828460216522
-0.828569769859
-0.828678965569
-0.828788220882
-0.828897237778
-0.829006254673
-0.82911503315
-0.829223692417
-0.82933229208
-0.829440712929
-0.829549133778
-0.829657256603
-0.829765319824
-0.829873323441
-0.829981148243
-0.830088794231
-0.83019644022
-0.83030384779
-0.830411195755
-0.830518364906
-0.830625534058
-0.83073246479
-0.830839276314
-0.830945968628
-0.831052541733
-0.831158995628
-0.83126527071
-0.831371486187
-0.831477582455
-0.831583559513
-0.831689357758
-0.831795096397
-0.831900656223
-0.832006156445
-0.832111477852
-0.832216739655
-0.832321703434
-0.832426667213
-0.832531511784
-0.832636296749
-0.832740783691
-0.832845270634
-0.832949519157
-0.833053767681
-0.833157777786
-0.833261787891
-0.833365499973
-0.83346927166
-0.833572804928
-0.833676159382
-0.833779573441
-0.833882749081
-0.833985745907
-0.834088683128
-0.834191441536
-0.834294199944
-0.834396779537
-0.834499180317
-0.834601342678
-0.834703505039
-0.834805607796
-0.834907531738
-0.835009336472
-0.835111021996
-0.835212469101
-0.835313856602
-0.835415065289
-0.835516273975
-0.835617244244
-0.835718154907
-0.835818886757
-0.835919499397
-0.836020052433
-0.836120426655
-0.836220622063
-0.836320698261
-0.836420714855
-0.836520552635
-0.836620271206
-0.836719870567
-0.83681923151
-0.836918592453
-0.837017834187
-0.837116837502
-0.837215840816
-0.837314605713
-0.837413370609
-0.837511897087
-0.837610244751
-0.83770865202
-0.837806820869
-0.837904810905
-0.838002741337
-0.838100492954
-0.838198184967
-0.838295578957
-0.838392972946
-0.838490247726
-0.838587343693
-0.838684380054
-0.838781177998
-0.838877975941
-0.838974535465
-0.83907097578
-0.839167296886
-0.839263439178
-0.839359521866
-0.839455485344
-0.839551329613
-0.839646995068
-0.839742600918
-0.839837908745
-0.839933276176
-0.840028345585
-0.840123474598
-0.840218305588
-0.840313017368
-0.84040760994
-0.840502142906
-0.840596497059
-0.840690732002
-0.840784847736
-0.840878725052
-0.840972602367
-0.84106618166
-0.841159820557
-0.841253221035
-0.841346502304
-0.841439723969
-0.841532766819
-0.841625630856
-0.841718316078
-0.841810941696
-0.84190350771
-0.8419957757
-0.84208804369
-0.842180073261
-0.842272162437
-0.84236395359
-0.842455625534
-0.842547178268
-0.842638611794
-0.842729926109
-0.842820942402
-0.842912018299
-0.843002855778
-0.843093693256
-0.843184232712
-0.843274712563
-0.843365013599
-0.843455255032
-0.84354531765
-0.843635320663
-0.843725025654
-0.843814730644
-0.843904197216
-0.843993663788
-0.844082951546
-0.84417206049
-0.844261050224
-0.84434992075
-0.844438612461
-0.844527125359
-0.844615638256
-0.844703912735
-0.844792127609
-0.84488016367
-0.844968080521
-0.845055818558
-0.84514349699
-0.845230877399
-0.845318257809
-0.845405459404
-0.845492601395
-0.845579504967
-0.84566628933
-0.845752954483
-0.845839500427
-0.845925927162
-0.846012115479
-0.846098303795
-0.846184253693
-0.846270084381
-0.846355855465
-0.846441447735
-0.846526801586
-0.846612095833
-0.846697330475
-0.846782267094
-0.846867084503
-0.846951961517
-0.847036540508
-0.84712100029
-0.847205340862
-0.847289443016
-0.847373604774
-0.847457408905
-0.847541153431
-0.847624778748
-0.847708284855
-0.847791671753
-0.847874939442
-0.847958028316
-0.848040938377
-0.848123669624
-0.848206341267
-0.848288834095
-0.848371267319
-0.848453521729
-0.848535656929
-0.848617613316
-0.848699390888
-0.848781049252
-0.848862588406
-0.84894400835
-0.849025309086
-0.849106490612
-0.84918743372
-0.849268257618
-0.849348902702
-0.849429488182
-0.849509954453
-0.849590241909
-0.849670350552
-0.84975028038
-0.849830269814
-0.849909961224
-0.849989533424
-0.850068867207
-0.850148260593
-0.850227355957
-0.850306332111
-0.850385308266
-0.850463926792
-0.850542545319
-0.850620985031
-0.85069924593
-0.850777387619
-0.850855529308
-0.850933372974
-0.851011037827
-0.851088643074
-0.851166069508
-0.851243436337
-0.851320624352
-0.851397633553
-0.851474404335
-0.851551175117
-0.851627707481
-0.851704239845
-0.851780533791
-0.851856708527
-0.851932764053
-0.852008581161
-0.85208427906
-0.852159976959
-0.852235376835
-0.852310717106
-0.852385759354
-0.852460861206
-0.852535665035
-0.85261040926
-0.85268497467
-0.852759420872
-0.852833807468
-0.852907896042
-0.852981984615
-0.85305583477
-0.853129446507
-0.853203058243
-0.85327655077
-0.853349745274
-0.853422880173
-0.853495895863
-0.853568792343
-0.85364151001
-0.853714048862
-0.853786408901
-0.853858709335
-0.853930830956
-0.854002833366
-0.854074597359
-0.854146420956
-0.854217946529
-0.854289352894
-0.85436052084
-0.854431688786
-0.854502618313
-0.854573428631
-0.854644060135
-0.854714632034
-0.854784965515
-0.854855239391
-0.854925334454
-0.854995250702
-0.855064988136
-0.855134665966
-0.855204164982
-0.855273485184
-0.855342686176
-0.85541176796
-0.855480611324
-0.855549454689
-0.855618059635
-0.855686545372
-0.85575479269
-0.855823040009
-0.855891048908
-0.855958878994
-0.856026649475
-0.856094181538
-0.856161653996
-0.856228947639
-0.856296062469
-0.85636305809
-0.856429874897
-0.856496632099
-0.856563150883
-0.856629550457
-0.856695711613
-0.856761872768
-0.856827795506
-0.856893599033
-0.856959283352
-0.857024848461
-0.857090115547
-0.857155323029
-0.857220351696
-0.857285320759
-0.857349991798
-0.857414722443
-0.857479155064
-0.857543468475
-0.857607603073
-0.857671678066
-0.857735514641
-0.857799232006
-0.857862710953
-0.857926189899
-0.857989430428
-0.858052551746
-0.858115494251
-0.858178257942
-0.858241021633
-0.858303487301
-0.858365774155
-0.858428001404
-0.858490049839
-0.85855203867
-0.858613789082
-0.85867536068
-0.858736872673
-0.858798146248
-0.858859300613
-0.85892021656
-0.858981132507
-0.859041810036
-0.85910230875
-0.85916274786
-0.859222948551
-0.859283149242
-0.85934305191
-0.859402775764
-0.859462440014
-0.859521865845
-0.859581232071
-0.859640419483
-0.859699487686
-0.859758317471
-0.859817028046
-0.859875679016
-0.859933972359
-0.859992325306
-0.860050439835
-0.860108315945
-0.860166192055
-0.860223770142
-0.860281288624
-0.860338687897
-0.860395908356
-0.860452950001
-0.860509812832
-0.860566556454
-0.860623061657
-0.860679507256
-0.86073577404
-0.860791921616
-0.860847830772
-0.860903739929
-0.860959291458
-0.861014783382
-0.861070215702
-0.861125409603
-0.861180484295
-0.861235260963
-0.861290097237
-0.861344635487
-0.861398994923
-0.861453294754
-0.861507356167
-0.86156129837
-0.861615180969
-0.861668765545
-0.861722230911
-0.861775577068
-0.861828804016
-0.861881732941
-0.861934602261
-0.861987352371
-0.862039983273
-0.862092316151
-0.862144589424
-0.862196683884
-0.862248599529
-0.862300336361
-0.862351953983
-0.862403512001
-0.862454771996
-0.862505912781
-0.862556934357
-0.862607717514
-0.862658500671
-0.86270904541
-0.862759292126
-0.862809479237
-0.862859666348
-0.862909436226
-0.862959265709
-0.863008856773
-0.863058269024
-0.863107442856
-0.863156676292
-0.863205611706
-0.863254308701
-0.863303005695
-0.863351464272
-0.863399803638
-0.863447904587
-0.863496005535
-0.863543868065
-0.863591492176
-0.863639056683
-0.863686442375
-0.863733708858
-0.863780677319
-0.863827526569
-0.863874316216
-0.863920927048
-0.863967299461
-0.86401361227
-0.864059746265
-0.864105641842
-0.864151418209
-0.864197075367
-0.864242494106
-0.864287853241
-0.864332914352
-0.864377975464
-0.864422798157
-0.864467442036
-0.86451202631
-0.864556312561
-0.864600479603
-0.86464458704
-0.864688396454
-0.864732086658
-0.864775657654
-0.864818990231
-0.864862322807
-0.864905297756
-0.864948272705
-0.864991009235
-0.865033626556
-0.865075945854
-0.865118324757
-0.86516046524
-0.865202307701
-0.865244030952
-0.865285694599
-0.865327179432
-0.865368425846
-0.865409612656
-0.865450620651
-0.865491390228
-0.865532040596
-0.865572571754
-0.86561280489
-0.86565297842
-0.865693032742
-0.865732967854
-0.865772604942
-0.865812063217
-0.865851461887
-0.865890681744
-0.865929722786
-0.86596852541
-0.866007268429
-0.866045832634
-0.866084158421
-0.866122364998
-0.866160452366
-0.866198301315
-0.866236031055
-0.866273581982
-0.866311073303
-0.866348206997
-0.866385281086
-0.86642229557
-0.866459012032
-0.866495549679
-0.866532027721
-0.866568267345
-0.866604268551
-0.866640329361
-0.866676092148
-0.866711616516
-0.866747140884
-0.86678224802
-0.866817414761
-0.866852343082
-0.866887152195
-0.866921782494
-0.866956233978
-0.866990506649
-0.867024600506
-0.867058515549
-0.867092311382
-0.867125988007
-0.867159485817
-0.867192685604
-0.867225885391
-0.86725884676
-0.86729156971
-0.867324233055
-0.867356717587
-0.867388963699
-0.867421209812
-0.867453157902
-0.867484927177
-0.867516517639
-0.867547988892
-0.86757928133
-0.867610394955
-0.86764138937
-0.867672145367
-0.867702782154
-0.867733299732
-0.867763578892
-0.867793738842
-0.867823779583
-0.867853581905
-0.867883205414
-0.867912650108
-0.867941915989
-0.867971122265
-0.868000030518
-0.868028879166
-0.868057549
-0.868085980415
-0.868114292622
-0.868142485619
-0.868170440197
-0.868198394775
-0.868226110935
-0.868253707886
-0.868281185627
-0.868308663368
-0.868335843086
-0.8683629632
-0.868389904499
-0.868416905403
-0.868443667889
-0.86847037077
-0.868497014046
-0.868523478508
-0.86854994297
-0.868576347828
-0.868602573872
-0.868628799915
-0.868654966354
-0.868680953979
-0.868706941605
-0.86873292923
-0.86875885725
-0.868784725666
-0.868810474873
-0.868836224079
-0.868861973286
-0.868887722492
-0.868913352489
-0.868939101696
-0.868964791298
-0.868990421295
-0.869015932083
-0.86904156208
-0.869067192078
-0.869092822075
-0.869118452072
-0.869144082069
-0.869169712067
-0.869195461273
-0.86922109127
-0.869246840477
-0.869272649288
-0.869298517704
-0.86932438612
-0.869350254536
-0.869376242161
-0.869402289391
-0.869428277016
-0.86945438385
-0.869480609894
-0.869506895542
-0.869533240795
-0.869559705257
-0.869586229324
-0.869612812996
-0.869639575481
-0.869666278362
-0.869693279266
-0.86972028017
-0.869747340679
-0.869774580002
-0.869802057743
-0.869829535484
-0.86985707283
-0.86988478899
-0.869912743568
-0.869940698147
-0.869968891144
-0.869997262955
-0.87002581358
-0.870054364204
-0.870083153248
-0.870112240314
-0.870141267776
-0.870170593262
-0.870200097561
-0.870229780674
-0.870259702206
-0.870289742947
-0.870319962502
-0.87035048008
-0.870381116867
-0.870412051678
-0.870443165302
-0.870474398136
-0.870506048203
-0.870537757874
-0.870569765568
-0.870601952076
-0.870634436607
-0.870667159557
-0.870700120926
-0.870733439922
-0.870766878128
-0.870800554752
-0.870834648609
-0.87086892128
-0.870903491974
-0.870938301086
-0.870973408222
-0.871008813381
-0.871044456959
-0.871080458164
-0.871116757393
-0.871153354645
-0.871190369129
-0.871227562428
-0.871265053749
-0.871302902699
-0.871341109276
-0.871379673481
-0.871418476105
-0.871457695961
-0.87149721384
-0.871537148952
-0.871577322483
-0.871617972851
-0.871658861637
-0.871700227261
-0.871741890907
-0.871783971786
-0.871826469898
-0.871869206429
-0.871912419796
-0.871956110001
-0.872000038624
-0.872044503689
-0.872089147568
-0.872134327888
-0.872179746628
-0.872225403786
-0.872271299362
-0.872317433357
-0.872363805771
-0.872410297394
-0.872456967831
-0.872503697872
-0.872550427914
-0.872597336769
-0.87264418602
-0.872690975666
-0.872737824917
-0.872784435749
-0.872831106186
-0.8728774786
-0.872923731804
-0.872969865799
-0.873015642166
-0.873061299324
-0.873106598854
-0.873151540756
-0.873196065426
-0.873240411282
-0.873284220695
-0.873327553272
-0.873370528221
-0.873412907124
-0.873454749584
-0.873496115208
-0.873536765575
-0.873576939106
-0.873616397381
-0.873655080795
-0.873693168163
-0.873730480671
-0.873767018318
-0.873802781105
-0.873837709427
-0.873871743679
-0.873904824257
-0.87393707037
-0.873968303204
-0.873998701572
-0.874027848244
-0.874056220055
-0.874083280563
-0.874109387398
-0.874134302139
-0.874158143997
-0.874180734158
-0.87420207262
-0.874222099781
-0.874240994453
-0.874258458614
-0.874274551868
-0.87428945303
-0.87430280447
-0.874314725399
-0.874325215816
-0.874334275723
-0.874341726303
-0.874347686768
-0.874351978302
-0.87435477972
-0.874355852604
-0.874355256557
-0.874352931976
-0.874348938465
-0.874343156815
-0.874335467815
-0.874326109886
-0.874314844608
-0.874301791191
-0.874286651611
-0.874269723892
-0.874250769615
-0.87422978878
-0.874206721783
-0.874181687832
-0.874154448509
-0.874125182629
-0.874093770981
-0.874060094357
-0.87402433157
-0.873986244202
-0.873945832253
-0.873903214931
-0.873858213425
-0.873810827732
-0.873761177063
-0.87370890379
-0.87365436554
-0.873597204685
-0.873537540436
-0.873475372791
-0.873410582542
-0.873343288898
-0.873273253441
-0.873200595379
-0.873125314713
-0.873047173023
-0.872966349125
-0.872882723808
-0.872796297073
-0.87270706892
-0.872614920139
-0.872519910336
-0.8724219203
-0.872320950031
-0.872217059135
-0.872110009193
-0.872000038624
-0.871887028217
-0.87177079916
-0.871651649475
-0.871529459953
-0.871404349804
-0.871276259422
-0.871145308018
-0.87101149559
-0.870874941349
-0.870735406876
-0.870593190193
-0.870448291302
-0.870300590992
-0.870150208473
-0.869997262955
-0.869841575623
-0.869683384895
-0.869522631168
-0.869359314442
-0.86919349432
-0.869025290012
-0.868854641914
-0.868681669235
-0.868506252766
-0.868328392506
-0.868148326874
-0.867966115475
-0.86778151989
-0.867594778538
-0.867405831814
-0.867214620113
-0.867021381855
-0.866826117039
-0.866628825665
-0.866429388523
-0.866228044033
-0.866024672985
-0.865819513798
-0.865612328053
-0.865403234959
-0.86519241333
-0.864979803562
-0.864765286446
-0.864549100399
-0.864331245422
-0.864111721516
-0.863890528679
-0.863667666912
-0.863443255424
-0.863217353821
-0.862989783287
-0.862760901451
-0.86253041029
-0.862298607826
-0.862065374851
-0.861830711365
-0.861594796181
-0.861357450485
-0.861118912697
-0.860879182816
-0.860638201237
-0.860396027565
-0.860152721405
-0.859908342361
-0.859662890434
-0.859416306019
-0.859168767929
-0.858920097351
-0.858670592308
-0.858420193195
-0.858168721199
-0.857916533947
-0.85766351223
-0.857409715652
-0.85715508461
-0.856899678707
-0.856643617153
-0.856386899948
-0.856129407883
-0.855871498585
-0.855612814426
-0.855353653431
-0.855094015598
-0.854833900928
-0.854573309422
-0.854312181473
-0.854050695896
-0.853788971901
-0.853526771069
-0.853264331818
-0.853001654148
-0.852738678455
-0.852475523949
-0.852212190628
-0.851948678493
-0.851685106754
-0.851421415806
-0.851157605648
-0.850893855095
-0.850630164146
-0.850366353989
-0.850102841854
-0.849839270115
-0.849575817585
-0.849312663078
-0.849049627781
-0.848786771297
-0.848524212837
-0.848262012005
-0.848000049591
-0.847738444805
-0.847477316856
-0.847216486931
-0.846956193447
-0.846696436405
-0.84643727541
-0.846178650856
-0.845920681953
-0.845663368702
-0.845406770706
-0.845150947571
-0.844895899296
-0.844641625881
-0.844388365746
-0.84413588047
-0.843884468079
-0.843633949757
-0.843384563923
-0.843136131763
-0.842888951302
-0.842642843723
-0.842397987843
-0.842154204845
-0.841911911964
-0.841670811176
-0.841431081295
-0.841192662716
-0.840955853462
-0.840720355511
-0.840486466885
-0.840254068375
-0.840023338795
-0.83979421854
-0.83956682682
-0.839340984821
-0.839116990566
-0.838894844055
-0.838674485683
-0.838455975056
-0.838239431381
-0.838024795055
-0.837812185287
-0.837601602077
-0.837392985821
-0.837186694145
-0.836982309818
-0.836780309677
-0.836580455303
-0.836382985115
-0.836187660694
-0.835994780064
-0.835804343224
-0.835616230965
-0.835430681705
-0.835247576237
-0.835067152977
-0.834889173508
-0.834713935852
-0.834541320801
-0.834371387959
-0.834204256535
-0.834039986134
-0.833878457546
-0.833719789982
-0.83356398344
-0.83341127634
-0.833261489868
-0.833114802837
-0.832971096039
-0.832830488682
-0.83269315958
-0.832558870316
-0.832427918911
-0.832300186157
-0.832175791264
-0.83205473423
-0.831937193871
-0.831822931767
-0.831712186337
-0.831605017185
-0.831501245499
-0.831401288509
-0.831304848194
-0.831212103367
-0.831122934818
-0.831037640572
-0.830956220627
-0.830878436565
-0.83080470562
-0.830734789371
-0.830668866634
-0.830606997013
-0.830549120903
-0.830495297909
-0.830445587635
-0.830399930477
-0.830358564854
-0.83032143116
-0.830288589001
-0.830260038376
-0.830235898495
-0.830216109753
-0.830200731754
-0.830189883709
-0.830183506012
-0.830181658268
-0.830184459686
-0.830191791058
-0.8302038908
-0.830220758915
-0.830242216587
-0.830268621445
-0.830299854279
-0.830335855484
-0.83037674427
-0.830422759056
-0.830473661423
-0.83052957058
-0.830590605736
-0.830656766891
-0.830728054047
-0.830804467201
-0.830886244774
-0.830973207951
-0.831065475941
-0.831163108349
-0.831266283989
-0.831374645233
-0.831488668919
-0.831608176231
-0.831733167171
-0.831863820553
-0.832000017166
-0.832141876221
-0.832289338112
-0.832442164421
-0.832600355148
-0.83276361227
-0.832931816578
-0.833105027676
-0.833282887936
-0.833465278149
-0.833652257919
-0.833843410015
-0.834038972855
-0.834238469601
-0.834441959858
-0.834649205208
-0.834860026836
-0.835074484348
-0.83529227972
-0.835513472557
-0.835737586021
-0.835964858532
-0.836194872856
-0.836427628994
-0.836663007736
-0.836900889874
-0.837141036987
-0.837383329868
-0.837627708912
-0.837874054909
-0.83812212944
-0.838371872902
-0.83862310648
-0.838875770569
-0.839129686356
-0.839384675026
-0.839640676975
-0.83989739418
-0.84015494585
-0.840412974358
-0.840671658516
-0.840930461884
-0.84118950367
-0.841448545456
-0.841707587242
-0.841966211796
-0.842224657536
-0.842482566833
-0.842739760876
-0.842996239662
-0.843251883984
-0.843506395817
-0.843759834766
-0.844011902809
-0.844262599945
-0.844511628151
-0.844759047031
-0.845004558563
-0.845248103142
-0.845489680767
-0.845728814602
-0.845965623856
-0.846199989319
-0.846431672573
-0.846660554409
-0.846886634827
-0.847109556198
-0.847329378128
-0.847545802593
-0.847758829594
-0.847968280315
-0.848173975945
-0.848375916481
-0.848573744297
-0.848767518997
-0.848957061768
-0.84914213419
-0.849322795868
-0.849498689175
-0.84966981411
-0.849836111069
-0.849997341633
-0.850153386593
-0.85030400753
-0.85044914484
-0.850588798523
-0.850722670555
-0.850850641727
-0.85097271204
-0.851088523865
-0.851198136806
-0.851301431656
-0.85139811039
-0.851488173008
-0.851571321487
-0.851647615433
-0.851716816425
-0.851778864861
-0.85183352232
-0.851880788803
-0.851920425892
-0.851952195168
-0.851976215839
-0.851992249489
-0.852000057697
-0.851999700069
-0.851990997791
-0.8519744277
-0.851949870586
-0.851917386055
-0.851877212524
-0.851829528809
-0.851774215698
-0.851711452007
-0.85164141655
-0.851564228535
-0.851480007172
-0.851388692856
-0.851290583611
-0.85118573904
-0.851074278355
-0.850956201553
-0.85083168745
-0.850700855255
-0.850563883781
-0.850420713425
-0.850271642208
-0.850116610527
-0.8499558568
-0.849789321423
-0.849617362022
-0.84943985939
-0.849257111549
-0.84906899929
-0.848875880241
-0.848677754402
-0.848474621773
-0.848266780376
-0.848054111004
-0.847837090492
-0.847615420818
-0.84738945961
-0.847159087658
-0.846924722195
-0.846686303616
-0.846443891525
-0.846197783947
-0.845947921276
-0.845694363117
-0.845437288284
-0.845176935196
-0.844913363457
-0.844646513462
-0.844376623631
-0.844103813171
-0.84382802248
-0.843549609184
-0.843268573284
-0.842985033989
-0.842698991299
-0.842410802841
-0.842120289803
-0.841827809811
-0.841533243656
-0.841236829758
-0.840938746929
-0.840638935566
-0.840337693691
-0.8400349617
-0.839730858803
-0.839425563812
-0.839119195938
-0.838811814785
-0.838503479958
-0.838194489479
-0.837884664536
-0.837574481964
-0.837263703346
-0.83695268631
-0.83664137125
-0.836329877377
-0.836018443108
-0.835707068443
-0.835395932198
-0.835085093975
-0.834774672985
-0.834464788437
-0.83415555954
-0.833846986294
-0.833539366722
-0.833232581615
-0.832926928997
-0.832622468472
-0.832319378853
-0.832017481327
-0.831717193127
-0.831418633461
-0.831121623516
-0.830826580524
-0.830533385277
-0.830242216587
-0.829953312874
-0.829666554928
-0.829382240772
-0.829100370407
-0.828821182251
-0.828544616699
-0.82827091217
-0.828000068665
-0.827732205391
-0.827467441559
-0.827205598354
-0.826946794987
-0.826690971851
-0.826438009739
-0.826188147068
-0.825941205025
-0.8256970644
-0.825455963612
-0.825217664242
-0.824982345104
-0.82474976778
-0.824520170689
-0.824293375015
-0.82406938076
-0.823848307133
-0.823629915714
-0.823414325714
-0.823201715946
-0.822991728783
-0.822784483433
-0.822579979897
-0.822378218174
-0.82217925787
-0.82198292017
-0.821789324284
-0.821598410606
-0.821410059929
-0.82122451067
-0.82104152441
-0.82086122036
-0.820683538914
-0.820508480072
-0.820335865021
-0.820165932178
-0.819998562336
-0.819833755493
-0.819671571255
-0.819511771202
-0.819354534149
-0.819199740887
-0.819047510624
-0.818897843361
-0.818750500679
-0.818605601788
-0.8184633255
-0.818323254585
-0.818185687065
-0.818050563335
-0.817917883396
-0.817787408829
-0.817659437656
-0.817533731461
-0.817410409451
-0.817289352417
-0.817170679569
-0.817054212093
-0.816940128803
-0.81682831049
-0.816718637943
-0.816611349583
-0.816506266594
-0.816403329372
-0.816302776337
-0.816204249859
-0.816107928753
-0.816013813019
-0.815921902657
-0.815832078457
-0.815744400024
-0.815658867359
-0.815575480461
-0.815494060516
-0.815414845943
-0.815337657928
-0.815262496471
-0.815189361572
-0.815118312836
-0.815049350262
-0.814982235432
-0.814917266369
-0.81485414505
-0.814793109894
-0.814733922482
-0.814676821232
-0.814621508121
-0.814568161964
-0.814516663551
-0.814467072487
-0.814419448376
-0.814373552799
-0.814329624176
-0.814287543297
-0.814247250557
-0.814208805561
-0.814172148705
-0.814137220383
-0.814104139805
-0.814072787762
-0.814043104649
-0.814015269279
-0.813989162445
-0.813964784145
-0.813942074776
-0.813921034336
-0.813901662827
-0.813883960247
-0.813867986202
-0.813853561878
-0.81384074688
-0.813829600811
-0.813820004463
-0.813812077045
-0.813805580139
-0.813800692558
-0.813797414303
-0.813795685768
-0.81379544735
-0.813796699047
-0.813799500465
-0.813803613186
-0.813809335232
-0.813816547394
-0.813825130463
-0.813835263252
-0.813846588135
-0.813859522343
-0.813873827457
-0.813889443874
-0.813906431198
-0.813924849033
-0.813944518566
-0.813965499401
-0.813987970352
-0.814011514187
-0.814036548138
-0.814062774181
-0.814090251923
-0.814119040966
-0.814148962498
-0.814180195332
-0.814212679863
-0.814246356487
-0.8142811656
-0.814317166805
-0.814354300499
-0.814392626286
-0.814432144165
-0.814472675323
-0.814514458179
-0.814557313919
-0.814601123333
-0.814646184444
-0.81469219923
-0.81473916769
-0.814787387848
-0.814836442471
-0.814886629581
-0.814937770367
-0.814989924431
-0.815043032169
-0.815097093582
-0.815152108669
-0.815208017826
-0.815264940262
-0.815322816372
-0.815381407738
-0.815441071987
-0.815501511097
-0.815562784672
-0.815624892712
-0.815687894821
-0.815751612186
-0.815816342831
-0.815881609917
-0.815947890282
-0.816014826298
-0.816082537174
-0.816151022911
-0.816220104694
-0.816290080547
-0.816360652447
-0.816431939602
-0.816503942013
-0.816576600075
-0.816649913788
-0.816723763943
-0.816798388958
-0.816873550415
-0.816949367523
-0.817025780678
-0.81710267067
-0.817180335522
-0.817258358002
-0.817336976528
-0.817416191101
-0.817495763302
-0.817575991154
-0.817656517029
-0.817737698555
-0.817819356918
-0.817901432514
-0.817983806133
-0.818066716194
-0.818150043488
-0.818233788013
-0.818317890167
-0.818402409554
-0.818487226963
-0.818572402
-0.818657875061
-0.81874370575
-0.818829894066
-0.818916320801
-0.819003105164
-0.819090127945
-0.819177389145
-0.819264948368
-0.819352567196
-0.819440603256
-0.819528698921
-0.819617092609
-0.819705724716
-0.819794476032
-0.819883346558
-0.819972336292
-0.820061445236
-0.820150792599
-0.820240139961
-0.820329606533
-0.820419251919
-0.8205088377
-0.82059854269
-0.820688247681
-0.820778012276
-0.820867717266
-0.820957541466
-0.821047306061
-0.821137011051
-0.821226716042
-0.821316421032
-0.821406066418
-0.82149553299
-0.821584999561
-0.821674346924
-0.821763575077
-0.821852684021
-0.821941673756
-0.822030544281
-0.822119176388
-0.822207689285
-0.822296082973
-0.822384059429
-0.82247209549
-0.822559714317
-0.822647154331
-0.822734296322
-0.822821199894
-0.822907865047
-0.822994172573
-0.82308024168
-0.823166072369
-0.823251366615
-0.823336482048
-0.823421180248
-0.823505520821
-0.823589503765
-0.823673129082
-0.823756277561
-0.823839008808
-0.823921442032
-0.824003338814
-0.824084758759
-0.824165701866
-0.824246227741
-0.824326217175
-0.824405670166
-0.82448464632
-0.824563145638
-0.824641048908
-0.824718296528
-0.82479506731
-0.824871242046
-0.824946939945
-0.825021862984
-0.82509624958
-0.825169980526
-0.82524305582
-0.825315475464
-0.825387239456
-0.825458288193
-0.825528740883
-0.825598299503
-0.825667262077
-0.825735509396
-0.825802922249
-0.825869679451
-0.825935602188
-0.826000750065
-0.826065123081
-0.826128602028
-0.826191306114
-0.826253116131
-0.826314151287
-0.826374292374
-0.8264336586
-0.826492011547
-0.826549470425
-0.826605975628
-0.826661646366
-0.82671636343
-0.826770186424
-0.826822936535
-0.826874792576
-0.826925575733
-0.826975405216
-0.82702422142
-0.827071964741
-0.827118694782
-0.82716435194
-0.827208995819
-0.82725250721
-0.827294945717
-0.827336370945
-0.827376484871
-0.827415585518
-0.827453553677
-0.827490389347
-0.827525913715
-0.827560484409
-0.827593684196
-0.827625632286
-0.827656507492
-0.827686071396
-0.827714383602
-0.827741503716
-0.827767252922
-0.827791810036
-0.827815115452
-0.827836930752
-0.827857553959
-0.827876865864
-0.827894806862
-0.827911317348
-0.827926576138
-0.82794034481
-0.827952682972
-0.827963650227
-0.827973306179
-0.827981352806
-0.827988088131
-0.82799333334
-0.827996969223
-0.827999293804
-0.828000068665
