0.0
-9.14100291993e-06
0.00170446303673
0.00120817497373
0.000257239647908
-0.00292346603237
-0.00411342550069
-0.000323131302139
-0.00215522921644
-0.000932091672439
0.00250969361514
0.00377852423117
0.0079835774377
0.00813655089587
0.00525087537244
0.00578163890168
0.00472694076598
0.00184666470159
0.00110346451402
0.00297864247113
0.00241939886473
0.00166041741613
-0.00288184429519
-0.00228171190247
-0.00537338014692
-0.00324316392653
0.00114136910997
0.00332018756308
0.00617140484974
0.00520088104531
0.00345110869966
0.000589710427448
0.00231485115364
0.00072691810783
-0.000813793390989
0.000635612406768
-0.00233905366622
-0.00080114667071
-0.00158512464259
0.00232551037334
-0.000690680230036
0.00157014629804
0.00156701100059
-0.000633004296105
-0.00235190731473
-0.00222587585449
-0.00518224807456
0.0011962489225
-0.00172910664696
0.00368438032456
-0.00233148830011
-0.000459838978713
-0.0050672898069
-0.00104546674993
-0.00504184467718
-0.001151696546
0.000409015832702
0.00182982219849
0.00341682205908
0.00780458282679
0.00224292231724
0.00553546100855
0.00338702346198
0.00173235731199
0.00088798860088
0.00086336984532
-0.00026602690923
-0.00388746708632
-0.00345821329392
-0.00570516102016
-0.00236484408379
-0.00143811421003
-0.00166411849204
0.00300875259563
-0.000732070533559
0.00113003479782
-0.000171332212631
-0.00267313467339
-0.00435977801681
-0.00293704634532
-0.00460895523429
-0.00120132020675
-0.00229528709315
0.000363981613191
-0.000838681182358
0.00340878916904
-0.00396985374391
0.00457314681262
0.00235168938525
0.00230547552928
0.00107774324715
1.26394079416e-05
-0.0140006886795
-0.0116022368893
3.17157100653e-05
0.0166259817779
0.0126721533015
0.00688290689141
-0.0112598845735
-0.0176503676921
-0.0105495667085
-0.0139678092673
-0.00903028156608
-0.0148062976077
-0.0154057359323
-0.00515735149384
0.00260503985919
0.00268247537315
0.00307117006741
-0.00460381153971
-0.0126971714199
-0.000904095650185
-0.000878010701854
-0.0017635403201
-0.00802780408412
-0.0176169592887
-0.0179270133376
0.00115983118303
-0.0051873200573
-0.00262540276162
-0.00986008625478
-0.0136596579105
-0.00209374632686
-1.09011789391e-05
-0.000998754985631
-0.00200675334781
-0.00501952273771
0.00272029312328
0.00125664856751
0.00423489417881
0.00510316435248
0.00491852499545
0.008185967803
0.00778592517599
0.00337938591838
0.00757811451331
0.00115077418741
-0.00215400150046
4.7032317525e-05
0.00341326324269
0.0014042519033
0.00270180171356
-0.0047446815297
-0.00349466851912
-0.00744795240462
-0.00357892969623
-0.00165666569956
-0.00153529748786
-0.00549622066319
-0.00512954033911
-0.0119048869237
-0.0156501866877
-0.00254396558739
0.0351522229612
0.0554849803448
0.0374639779329
-0.00221031182446
-0.0284687466919
-0.0218499712646
0.0187609381974
0.0227520540357
0.0126509973779
-0.0238053184003
-0.0167718939483
-0.0140017829835
-0.0018712017918
0.0109339198098
0.0153315197676
-0.00743166357279
-0.0146676274016
-0.00799303222448
-0.00517886783928
-0.00585551420227
-0.0103404484689
0.0058880886063
-0.00178778031841
-0.00262732384726
-0.00749279558659
-0.0241916179657
-0.0130233187228
0.0275451596826
0.0176511108875
0.0138491997495
-0.0355556458235
-0.0519854985178
-0.0101408362389
0.024600353092
0.0385151952505
-0.0173652675003
-0.0344852097332
0.0125228781253
0.00795504730195
0.00103581929579
0.0166796874255
-0.0195905584842
-0.0240561347455
-0.0153599875048
-0.00585896009579
0.00957554485649
0.0083886878565
-0.0334954448044
-0.0383709520102
0.00467302277684
0.000667867134325
0.0213604290038
-0.00657025538385
-0.0321160592139
-0.0115956310183
-0.0012224932434
-0.0280504487455
0.000166874582646
0.0396462120116
0.0435477793217
0.00691642658785
-0.00746839446947
-0.0265533197671
-0.0558906234801
-0.0274080466479
0.0552137829363
0.049261841923
0.0109226480126
0.0027459836565
0.0103105399758
-0.019776519388
-0.0384897589684
0.00450985459611
0.0160008184612
-0.0130056450143
0.0203942470253
0.0299478396773
-0.0205498225987
0.0144973862916
0.0134011963382
-0.0285706613213
-0.0413522496819
-0.0293686538935
0.0275706294924
0.0495740287006
0.0175332035869
0.00192349450663
-0.00689000682905
0.00271515594795
-0.007907547988
-0.0217885859311
0.00411213748157
0.054912365973
0.025609023869
0.0154009815305
0.0145772676915
0.0305475499481
0.0481839217246
0.0284480471164
-0.0419824980199
-0.0829592049122
-0.0593013167381
-0.072824396193
-0.0423673689365
0.0139661282301
0.0692296177149
0.04425002262
0.038566313684
0.0167076345533
-0.00349926343188
-0.0554019697011
-0.0806744843721
-0.0534739196301
-0.00182580738328
0.0197928100824
-0.00795476231724
-0.00452446518466
0.0361193343997
0.0457913316786
0.052532479167
0.0489323437214
0.0338340774179
0.0497425347567
-0.0706956237555
-0.106251694262
-0.0321817547083
-0.00758322421461
-0.00648191431537
0.00423671863973
0.0507352687418
0.0490118674934
0.0482089407742
0.0485520325601
0.0139183895662
-0.00403458205983
-0.0156360026449
0.0186488851905
0.0338119268417
-0.00175777322147
-0.00436059059575
0.012474344112
0.0165968071669
0.0217439960688
-0.0365405976772
-0.0503906458616
-0.0602059327066
-0.00685173273087
-0.0473625175655
-0.0150444125757
-0.0145281851292
0.00667056813836
-0.0113367242739
-0.0041369474493
-0.000451982516097
-0.00501299463212
-0.00633138557896
-0.00617552781478
0.0318090803921
0.0103746401146
-0.00839110463858
-0.0328383333981
0.00867660716176
0.00130409537815
0.0166157204658
0.0359192974865
0.0832543969154
0.0210475791246
-0.0593784414232
-0.0365170314908
-0.00478705577552
0.0391987897456
0.0460522659123
0.0337096266448
0.0230473186821
0.0193724725395
-0.0213277880102
-0.0344485267997
-0.00105039507616
0.00108602724504
-0.02212299034
0.012280870229
0.00359174865298
-0.0138328531757
-0.00436122855172
0.0065253409557
0.0180194787681
-0.00821679271758
-0.0133449742571
0.00835484825075
0.0356844328344
-0.00289526046254
-0.0230474285781
-0.0272548757493
-0.00564730213955
-0.0107876863331
-0.0220442339778
-0.0283340662718
0.00582423526794
0.0218596346676
0.0360833890736
0.0214477106929
0.0130851697177
0.0193388890475
0.0
-0.0526354163885
-0.053560346365
-0.0248260851949
0.00440088380128
0.00130635080859
-0.0176018662751
0.0233931373805
0.0278444383293
0.04097603634
0.00884639564902
-0.0133524360135
-0.0142687251791
-0.0176619030535
0.00204022298567
0.0127038192004
0.00933732930571
-0.00381738413125
-0.0136749241501
-0.0297732017934
0.0121037466452
0.0143563896418
0.0146883875132
0.0038674089592
0.0142887048423
0.0257185548544
0.0152613362297
-0.00190592755098
-0.0144521389157
-0.00461225630715
-0.00157632981427
0.0089730815962
0.0102169187739
0.0165937356651
-0.00260362238623
-0.0138456365094
-0.00514916563407
0.0178003069013
0.0119362073019
-0.00347016472369
-0.0269601047039
-0.0171680003405
-0.00790792424232
-0.0137535855174
0.00846442487091
-0.00343337235972
-0.0126315914094
-0.0151636917144
0.00380102312192
0.0136365285143
0.0239522829652
0.0109774209559
0.00902044121176
-0.0126801151782
7.51668630983e-05
0.013109610416
0.00595229119062
0.013287294656
-0.00105172023177
0.0117253474891
-0.00546120572835
0.00631253002211
0.00707981735468
0.00705728912726
-0.0170463193208
0.0217838957906
0.0199983604252
0.00251819565892
0.011687848717
-0.00789526104927
-0.036381855607
-0.0165619291365
-0.00652755517513
-0.00890837330371
-0.00758115947247
-0.0129171982408
0.000576368882321
-0.00621706573293
-0.00852567143738
-0.00271779415198
-0.0044417581521
-0.00927278120071
0.0229936726391
-0.00629506446421
-0.00199234345928
-0.00767789455131
-0.00606085313484
-0.00176762824412
0.0159607231617
-0.00721694529057
-0.00329551007599
-0.0260174162686
-0.0107040461153
0.00146161695011
-0.00740366382524
0.0136614367366
0.00961821526289
-0.0213340502232
-0.0186955593526
0.00224097608589
-0.00295413215645
0.00838479027152
-0.0200894139707
-0.00751158315688
-0.00472036795691
0.0127043649554
0.00723270187154
-0.0121037466452
-0.0339782014489
-0.0218617226928
-0.00823440030217
-0.0103304414079
-0.0109843481332
-0.00664096465334
0.0172164347023
0.0161009095609
0.00652128085494
-0.0170417912304
-0.0113036325201
0.00457540899515
-0.00208558305167
0.00868946220726
0.00800748448819
0.00793513841927
0.0144311990589
0.00232807220891
0.00138925737701
0.0218178313226
-0.00580750219524
-0.00217338674702
0.00718734413385
0.0112608866766
0.00979827065021
0.00426547974348
0.0011780441273
0.00516679929569
0.00598544068635
0.00284228031524
0.00383059098385
-0.00918344594538
0.0105563243851
-0.00266876094975
0.000542226654943
3.32209201588e-05
-0.000257998355664
-0.000355199619662
0.00428435206413
-0.00526960473508
-0.00519111426547
0.00157924741507
-0.00884174741805
-0.00669780373573
-0.0211336780339
-0.00309654162265
0.0102228857577
0.00722537888214
0.000901558203623
-0.00509282853454
-0.00870588049293
-0.00288184429519
7.8637367551e-06
-0.00641495501623
0.0032942853868
-0.00159545335919
-0.00200679269619
-0.0195340979844
-0.0131746847183
-0.00579361477867
0.0183258727193
0.00452659232542
-0.00421580020338
-0.0110643804073
0.00688138278201
0.0220160931349
0.00339835742489
-0.0130091300234
-0.0162885319442
-0.0163494125009
0.00350487232208
0.00556511804461
-0.000518468266819
0.00892797019333
0.002629871713
-0.00353491958231
-0.00561333401129
0.00101343216375
0.00576807092875
-0.0132564837113
-0.0324076600373
-0.0134664876387
0.0030413789209
-0.00355899543501
-0.0139347957447
-0.0172396432608
-0.000625804066658
0.00149746821262
-0.00760355964303
-0.00865852739662
-0.0126740839332
-0.00282484246418
0.00802256911993
0.0081547787413
-0.00289783347398
0.00117216270883
-0.000998271512799
-0.00538459699601
-0.00493610650301
0.000576368882321
0.0119290687144
0.0150223169476
-0.00474802823737
-0.010952109471
-0.0589185282588
-0.146840378642
-0.244370475411
-0.145480662584
0.2020175457
0.441648215055
0.354017287493
-3.30641341861e-05
-0.195373922586
-0.236631497741
0.0234649814665
0.180601730943
0.105553478003
-0.0758433267474
-0.169691994786
-0.084753498435
-0.104640491307
0.0822929218411
0.2489913553
0.128769621253
-0.103357888758
-0.000375746923964
-0.145051270723
-0.283658802509
-0.0542602576315
0.194512411952
-0.0472570620477
-0.219830349088
0.0290141571313
0.0175438467413
-0.000979871372692
0.254758805037
0.173235446215
0.250940799713
-0.155199974775
-0.449854463339
-0.101849772036
0.0702636986971
0.335932552814
-0.0231849476695
-0.290397197008
0.333355933428
0.0703941509128
-0.135561913252
0.156916022301
-0.0395742282271
-0.272349357605
-0.0176862590015
-0.0400514416397
0.228833928704
0.135246261954
-0.0966080054641
-0.399789363146
0.0614337809384
0.330848842859
-0.0507204607129
-0.106843799353
-0.0410653948784
-0.142312079668
-0.0696120634675
-0.219792187214
-0.195493921638
0.515013456345
0.648263931274
0.247647538781
-0.088452398777
-0.184283941984
-0.503209114075
-0.562359571457
0.0436080545187
0.698133409023
0.278526216745
-0.099658228457
0.0189476534724
0.134455278516
-0.461489766836
-0.411070972681
0.29462018609
0.181944131851
0.139469951391
0.239617556334
0.00158161635045
-0.0967715978622
0.0268930550665
-0.190308108926
-0.369404703379
-0.470317006111
0.14465919137
0.552279949188
0.259649634361
-0.177209019661
-0.0182721614838
0.0385220833123
-0.185801520944
-0.302230775356
0.197226971388
0.46588999033
0.44734621048
0.217891007662
0.17638874054
0.260140001774
0.596287608147
0.0746437907219
-0.951099455357
-0.992788136005
-0.763344526291
-1.0054923296
-0.105260267854
0.7936668396
1.00092661381
0.687155425549
0.193913966417
0.0974772721529
-0.0873787105083
-0.750109314919
-1.20382750034
-0.836167395115
-0.356195956469
0.181557953358
0.307711035013
0.285737544298
0.33219408989
0.155006244779
0.440853983164
0.667560040951
0.333417087793
0.270230174065
0.60867857933
-0.912556409836
-1.58474111557
-0.396866619587
-0.077610000968
-0.190949499607
-0.157340601087
0.518051683903
0.874911785126
0.550954341888
0.305347472429
0.60068655014
0.43298175931
-0.148126795888
-0.127373069525
0.132673531771
0.294533252716
0.374423116446
0.119198910892
-0.0935182124376
0.014582304284
0.167221859097
-0.124228261411
-0.406525343657
-0.709146142006
-0.630915403366
-0.465683728456
-0.47851061821
-0.122554838657
-0.232168540359
-0.0708338245749
-0.0521950237453
0.179432153702
0.0236311238259
-0.207433924079
-0.0981112346053
0.355350136757
0.27655211091
-0.237125128508
-0.289587110281
0.116845749319
0.0376674607396
0.432019263506
0.877973735332
0.781793177128
-0.45289093256
-0.596329748631
-0.133942380548
0.38746368885
0.50475949049
0.362728714943
0.44596529007
0.212752074003
-0.00405899761245
-0.252232313156
-0.390201717615
-0.42489862442
-0.340843588114
-0.136759221554
-0.125753983855
-0.141409665346
0.0982297286391
0.31811863184
0.155959159136
-0.121490210295
-0.16213132441
-0.0901589170098
-0.0760959535837
-0.00328311370686
0.158810287714
0.185923978686
-0.0299789924175
-0.225568130612
-0.14407029748
0.111419968307
0.310570836067
0.340375214815
0.161808460951
-0.0773852840066
-0.290278166533
-0.497620075941
-0.370339661837
0.0339687131345
0.0772334262729
-0.0172565877438
-0.215960085392
-0.380587041378
-0.0312460921705
0.322066992521
0.291110038757
0.296345025301
0.186005681753
0.28700119257
-0.0422961041331
-0.682971358299
-0.886456847191
-0.338887751102
0.0319074913859
0.0970244184136
0.0864413231611
0.280281126499
0.351303845644
0.28769505024
0.0673334896564
-0.236969649792
-0.0731988474727
-0.141799941659
-0.0794783756137
0.0528077743948
0.0241208095104
0.0777618512511
0.0180230345577
-0.119803853333
-0.0955937579274
-0.132534787059
-0.0754000321031
0.0911064147949
0.0841622278094
0.0508534163237
0.146220967174
0.184449240565
0.109886810184
0.122382804751
0.252201259136
0.341870337725
0.298932433128
0.185789167881
0.106770835817
0.0727384537458
0.00125315098558
-0.127192750573
-0.23272369802
-0.239793807268
-0.154162988067
-0.0639546737075
-0.0467750951648
-0.0825715363026
-0.112421914935
-0.100864551961
-0.0516937598586
0.00280632078648
0.0330083891749
0.0376028865576
0.0419057756662
0.071263179183
0.132234141231
0.203155204654
0.242520719767
0.21403709054
0.111147545278
-0.0302562080324
-0.139316082001
-0.168325781822
-0.130852714181
-0.0735307559371
-0.0287561193109
0.00655697099864
0.0649397224188
0.148556336761
0.203284695745
0.202602788806
0.156795710325
0.0849448218942
-0.0361431762576
-0.208478614688
-0.322732895613
-0.245783284307
-0.0664156153798
-0.00791396293789
-0.0345007032156
0.0714697390795
0.177266463637
0.0592981800437
-0.0915772840381
-0.22312836349
-0.291620969772
-0.0582295954227
0.119957059622
0.0720717161894
0.0448940470815
2.34858453041e-05
0.0798845589161
0.0454076491296
0.0166917592287
-0.0537619814277
-0.0456805787981
0.142424240708
-0.0343671031296
-0.0844078883529
-0.128625079989
0.0173522979021
0.0906707048416
0.0575919859111
-0.0659300535917
0.316104859114
0.291087120771
0.069072663784
0.0468049384654
-0.110187500715
-0.355610698462
-0.0308656208217
-0.0356795489788
-0.0755043253303
-0.119778066874
-0.0706366300583
-0.0290493108332
-0.0999460667372
-0.163031950593
0.147274583578
0.0733680054545
0.180267974734
0.00106016313657
-0.179222226143
-0.103529401124
0.065584756434
0.0615635663271
0.12326323241
-0.0996711179614
-0.103715360165
-0.137461438775
0.015655444935
0.183426707983
0.0180276632309
0.11722509563
0.233678534627
0.0402693115175
-0.0294510740787
0.084033280611
-0.0509217716753
-0.021658828482
-0.0743339657784
-0.106819525361
0.141667023301
0.109226666391
0.0403140708804
-0.0677469074726
-0.16397061944
-0.188427522779
-0.200417339802
-0.092872209847
-0.0184979196638
-0.0144092217088
-0.0149537371472
-0.10360956192
-0.119406923652
0.024247078225
0.0862330719829
0.0804819688201
0.0560227707028
-0.0979312211275
-0.191569238901
-0.100993014872
0.0241904165596
0.0608376264572
0.0409989915788
0.0686217695475
0.0951256677508
0.178326293826
0.23838250339
0.170598194003
0.124385468662
0.00649521313608
-0.0667888745666
0.0873557552695
0.136615738273
-0.0463985539973
-0.145551085472
-0.0398196280003
0.0987845212221
0.165566250682
0.19150057435
0.15484341979
0.0810989663005
0.0634005740285
0.0465884171426
-0.0610417462885
-0.143357977271
-0.0808766633272
-0.142944961786
-0.0132785877213
-0.0407706126571
-0.0602536760271
0.025964487344
0.00212812470272
0.0011758536566
-0.00616525858641
0.0411199294031
-0.0440726131201
-0.00682056555524
-0.0163693930954
-0.126511052251
-0.200591802597
-0.204319506884
0.00808833818883
0.10078946501
0.0402136668563
-0.0445252098143
-0.00522210635245
-0.0928472131491
-0.100501336157
-0.0345821343362
-0.022848887369
0.0153541946784
-0.0506969317794
-0.0590528175235
-0.0154397003353
-0.00925342272967
0.00150954176206
0.0148490788415
0.0287672933191
0.0873862430453
0.1195159778
0.0529561042786
0.0278273187578
0.0283506121486
0.0957190468907
0.269206315279
0.250059187412
0.0856422632933
-0.0909246429801
-0.221325650811
-0.140309035778
-0.0304049979895
0.056070137769
0.0909418314695
0.0436795651913
0.000244835857302
0.0215703230351
0.101328209043
0.122521728277
0.017656525597
-0.0408626943827
0.00830497778952
0.022791756317
-0.0205734111369
-0.103470854461
-0.114277020097
-0.0367388986051
-0.0385720394552
-0.0795328766108
-0.102593660355
-0.0401982180774
0.031959567219
0.0302345640957
0.0238749496639
-0.048778180033
-0.0356702059507
-0.0074189719744
0.162440404296
0.126363202929
-0.0141726136208
-0.0349505655468
-0.017047394067
-0.0873708724976
-0.203451141715
-0.143563687801
-0.0148835452273
0.192259266973
0.0383028052747
0.0044211675413
0.000838761567138
-0.0518075600266
-0.018886083737
0.0096723632887
0.0826372429729
0.0473762266338
0.0766570568085
0.0603669397533
0.0660425573587
0.0926511958241
0.126387327909
0.0249676797539
0.0136215295643
0.0319609455764
-0.0543817430735
-0.0763866081834
-0.0134856197983
-0.0815084129572
-0.093161277473
-0.090204641223
-0.110913798213
-0.0835599824786
0.0337032414973
0.120926015079
0.0249317996204
-0.0763847157359
-0.142460241914
-0.0850920751691
-0.0703170001507
-0.055052485317
-0.0471491031349
0.0149222770706
0.0991585031152
0.0384159721434
0.180668756366
0.249020576477
0.0978892147541
-0.10973161459
-0.0832305327058
0.00964883901179
-0.00141170271672
0.0496242009103
0.0213278084993
-0.027983205393
-0.0163859128952
-0.0339430011809
-0.0153966555372
-0.0274193324149
0.0723300278187
-0.0252049490809
-0.122658126056
-0.0857983157039
0.0689599364996
0.133185207844
0.0913617312908
0.0165768414736
-0.0421760343015
-0.120007753372
-0.191055491567
-0.130259364843
-0.105384103954
0.0603875443339
0.0378951244056
-0.00547355040908
0.0661969482899
0.119610287249
0.0734885931015
-0.026316024363
0.0513772293925
0.0312693528831
0.0141271343455
-0.0484219416976
-0.0394723676145
-0.0183732341975
0.0273696202785
0.0558221116662
0.0368467494845
0.0291366968304
-0.162713751197
-0.129931911826
-0.0280866045505
0.080724671483
0.10302285105
0.0165551397949
-0.0958067551255
0.0181709080935
-0.00186317262705
-0.0114962561056
-0.0259365998209
-0.00705097103491
-0.0822422206402
0.0672992095351
0.0748459100723
0.0501176044345
0.0158858783543
0.0423574261367
-0.00537231191993
0.0392126329243
-0.0304065328091
-0.0690559819341
-0.0339894294739
0.0312449801713
-0.0233990214765
-0.0185537170619
0.00822049658746
-0.00481714308262
-0.00839535426348
-0.0638571083546
-0.0984223634005
-0.111344836652
-0.00591175723821
0.0714697390795
0.0596361458302
0.0468155965209
0.0121129900217
0.00147148943506
0.0445146001875
0.0604902654886
0.0424992293119
0.0118145868182
-0.0169779621065
-0.0258246175945
-0.0151171619073
-0.00117497856263
0.015084432438
0.0226706974208
0.0189655032009
0.0148515980691
0.0186140872538
0.0306226145476
0.0496921427548
0.0727095752954
0.0773716196418
0.0556957758963
0.0256071612239
0.00151481945068
-0.02092580311
-0.0477984435856
-0.0625808387995
-0.0441937968135
0.00157590699382
0.0321872793138
0.0205003656447
-0.00812666397542
-0.038824249059
-0.099725805223
-0.143515855074
-0.0810666531324
-0.0326552540064
0.00563434651121
0.067654311657
0.0416290983558
0.0216821171343
0.00159282993991
0.0243401266634
-0.0317482128739
-0.0782415419817
-0.0691908895969
-0.0147823542356
0.015130196698
-0.0296211987734
0.0167590752244
0.0381513945758
0.0320842675865
0.0116062052548
0.0165197756141
0.0357107184827
-0.00105598603841
-0.0365218259394
-0.0188082419336
-0.00776713248342
0.018979948014
-0.0121900551021
0.0187985617667
0.0226496942341
0.0155146578327
0.0501750074327
0.0176108181477
-0.0170866139233
0.0237924512476
0.0100338431075
-0.0391930826008
-0.0126098543406
-0.00430143717676
-0.018015710637
-0.0440420210361
0.00190610368736
0.0238161254674
0.0503624379635
0.0228385254741
-0.032391063869
-0.0159660503268
0.0123693607748
0.0217951517552
0.0130943208933
-0.0463114455342
-0.0957744792104
-0.0660152062774
-0.0269304830581
-0.000704123289324
0.030957184732
0.0312408935279
0.0368876084685
0.0419859439135
0.0318194851279
0.0137468744069
-0.0204642862082
-0.023398373276
-0.00477393483743
-0.00615300284699
-0.0252517573535
-0.0205728989094
0.0256542265415
0.053767029196
0.0459940545261
0.0228549689054
-0.0013702387223
-0.0139811364934
-0.00716540357098
0.00244769942947
-0.000175179797225
0.00769972242415
0.0344010442495
0.0316032357514
0.0132850855589
-0.00778653938323
-0.0365162529051
-0.0419990904629
-0.0265902169049
-0.0311738960445
-0.0351057909429
-0.000642344471999
0.0403458215296
0.0394403710961
0.023932999
0.0144888404757
0.00913551729172
0.0177794042975
0.0132682472467
-0.00328616937622
0.0002936879755
0.00254877773114
-0.0187881123275
-0.0321551561356
-0.0226883199066
-0.0209486819804
-0.0301158186048
-0.0219924263656
-0.0151089178398
-0.00820433162153
0.0149232661352
0.0308266337961
0.0406623519957
0.0118898209184
-0.0333591401577
-0.0291432123631
0.0178278628737
0.0724681839347
0.0799968987703
0.0489210896194
0.0316956676543
0.0259365998209
0.0224667117
-0.00185259967111
-0.0317872688174
-0.0204360727221
0.0102698104456
0.0326180048287
0.0421851538122
0.0369997359812
0.0169670321047
0.00593329966068
0.0216743499041
0.0258350316435
0.00225689774379
-0.0166355054826
-0.0119036035612
-0.00474895490333
-0.0196037273854
-0.0508406683803
-0.0747089534998
-0.0554538071156
-0.0198538005352
-0.00738528603688
-0.0199849959463
-0.0551900602877
-0.0564841516316
-0.0338317900896
-0.0192371439189
-0.000898911384866
0.00218302826397
0.0123880552128
0.0386824198067
0.0368686020374
0.0209988765419
0.0157038737088
0.00367272412404
-0.00882193166763
-0.00819771923125
-0.0129330363125
-0.0190591365099
-0.00319013278931
0.0145430946723
0.0267790108919
0.0481384135783
0.0590617321432
0.0484264940023
0.0426512956619
0.0541753433645
0.0630219578743
0.052312579006
0.0257820039988
-0.00228453497402
-0.0160018447787
-0.020498836413
-0.0261455681175
-0.0292633362114
-0.0159994941205
0.0103398803622
0.0252334550023
0.0246209800243
0.0200571380556
0.0178530048579
0.0101449182257
-0.00846891198307
-0.0219511426985
-0.0177362430841
-0.0040554846637
0.00364126032218
-0.00451480643824
-0.0229503754526
-0.0384955964983
-0.0413297340274
-0.028846597299
-0.00765681453049
0.0115538081154
0.0259365998209
0.0370520614088
0.0391813330352
0.029416449368
0.0134677672759
0.00126842758618
-0.00652826111764
-0.0206388421357
-0.0375993326306
-0.0461363643408
-0.045688547194
-0.0446584075689
-0.0506759360433
-0.0585667453706
-0.0549245327711
-0.0339810326695
-0.00591704947874
0.0102009642869
0.00913312379271
0.00616444973275
0.0107178017497
0.0259365998209
0.0490756332874
0.0678726732731
0.0622977353632
0.0275342110544
-0.00950657948852
-0.0266212839633
-0.0251627378166
-0.0186120010912
-0.0112701142207
-0.00382052827626
-0.00247468287125
-0.00826072040945
-0.00306528783403
0.0240236744285
0.050986494869
0.0495564118028
0.035115391016
0.0255586933345
0.0255229193717
0.0386680103838
0.0588150396943
0.0592859946191
0.0292972736061
-0.0143051240593
-0.0356739573181
-0.0247317235917
-0.00653234682977
0.00959115009755
0.0141902565956
0.00922190211713
0.0142087647691
-0.0110546071082
-0.0398721024394
-0.0290484875441
-0.0276396851987
-0.0414680577815
-0.0404127798975
-0.0336276441813
-0.0171538032591
-0.00815503299236
0.00695397518575
0.00885698292404
0.0233575906605
0.00970532093197
-0.0118300030008
0.0128514254466
0.00243004807271
-0.00244696368463
-0.0175088383257
-0.0051873200573
0.00252091279253
0.000970436085481
0.0109399827197
0.018974205479
0.0436134077609
0.0407229475677
0.0352409668267
0.00472074560821
0.00261706789024
0.0135412039235
0.013567533344
-0.0234194006771
-0.0543140135705
-0.0484532266855
-0.0279027186334
0.024957427755
0.0294652357697
-0.0254485886544
-0.0364981219172
-0.00797128491104
-0.0189282372594
-0.0176664013416
-0.00869914889336
0.0129427742213
0.0474787913263
0.0469892472029
0.0127456318587
-0.0159741342068
-0.0168422274292
-0.0175123251975
-0.0127801857889
0.00350184063427
0.00651090219617
-0.0118164056912
-0.0172743294388
0.0144216744229
-0.00576368859038
