-0.00253629218787
-0.00253629218787
-0.00739302206784
-0.0119259692729
-0.0161351338029
-0.0200205165893
-0.0235821157694
-0.0268199425191
-0.029733993113
-0.0323242098093
-0.0345907174051
-0.0365333966911
-0.0381523258984
-0.0394474156201
-0.0404187850654
-0.0410663746297
-0.0413900986314
-0.0413901284337
-0.0410663485527
-0.0404188148677
-0.0394473895431
-0.0381523258984
-0.0365333966911
-0.0345907174051
-0.0323242247105
-0.0297339260578
-0.0268199928105
-0.0235820766538
-0.0200205240399
-0.0161351636052
-0.0119259925559
-0.0073928963393
-0.00253639859147
0.00264419917949
0.0081486068666
0.0139765897766
0.0201283246279
0.0266040433198
0.0334038026631
0.0405266731977
0.0479736477137
0.0557444281876
0.0638389587402
0.0722571834922
0.0809998586774
0.0900653228164
0.0994549319148
0.109168417752
0.119205646217
0.129457563162
0.139487266541
0.149185582995
0.158552601933
0.167588293552
0.176292538643
0.184665605426
0.192707046866
0.200417459011
0.207796573639
0.21484388411
0.2215603441
0.227945148945
0.23399874568
0.239721015096
0.245111986995
0.250171631575
0.254899710417
0.259296476841
0.263362169266
0.267096310854
0.270499378443
0.273570418358
0.27631175518
0.278719216585
0.2807970047
0.282543689013
0.283957898617
0.285041958094
0.285793095827
0.286215424538
0.286303460598
0.286061763763
0.285489469767
0.284584224224
0.283348351717
0.281780958176
0.279881983995
0.277652382851
0.275092184544
0.272197633982
0.269050687551
0.265951246023
0.262977540493
0.260126769543
0.257401704788
0.25480145216
0.25232693553
0.249975353479
0.247750416398
0.245647490025
0.243672162294
0.241819754243
0.240094020963
0.238489344716
0.237014129758
0.235660925508
0.234431579709
0.233328893781
0.232351005077
0.231496050954
0.230767756701
0.230163320899
0.229683697224
0.229328855872
0.229099750519
0.228993579745
0.229012206197
0.229155629873
0.229427576065
0.22980569303
0.23023223877
0.230696037412
0.231195226312
0.231726080179
0.232296049595
0.232899546623
0.233536571264
0.234207123518
0.23491679132
0.235659986734
0.236434847116
0.237246960402
0.238094463944
0.238977357745
0.239890053868
0.24084559083
0.241830930114
0.242851659656
0.243907779455
0.244997426867
0.246124327183
0.247282892466
0.248480573297
0.249709919095
0.250976532698
0.252272933722
0.253610312939
0.254981219769
0.256383776665
0.257823616266
0.259298831224
0.260805696249
0.262327492237
0.263761729002
0.265084207058
0.266298651695
0.267399460077
0.268394112587
0.269278883934
0.270050019026
0.270711243153
0.271264463663
0.271707773209
0.272037446499
0.272260963917
0.272370874882
0.272374600172
0.272266566753
0.272044897079
0.271715223789
0.271275639534
0.27072802186
0.270066767931
0.269297510386
0.268418341875
0.267423689365
0.266328454018
0.26511400938
0.263821333647
0.262543559074
0.261306762695
0.26011094451
0.258967280388
0.25786459446
0.256795436144
0.255782157183
0.254802405834
0.253867357969
0.252977013588
0.25213509798
0.251330435276
0.250563025475
0.249851480126
0.249173477292
0.248543903232
0.247955307364
0.2474039644
0.246908500791
0.246446564794
0.24602933228
0.245660528541
0.245321527123
0.245042130351
0.244796261191
0.244591370225
0.244438633323
0.244319424033
0.244248643517
0.244222566485
0.244237467647
0.24428589642
0.244393929839
0.244539216161
0.244721755385
0.244945272803
0.245183691382
0.245422109962
0.245660528541
0.245917573571
0.246163442731
0.246427938342
0.246688708663
0.246956929564
0.247228875756
0.247508272529
0.247787669301
0.248078241944
0.248365089297
0.248670563102
0.248964861035
0.24927406013
0.249583259225
0.2498999089
0.250220298767
0.250548124313
0.25087594986
0.251214951277
0.251546502113
0.251900404692
0.252243131399
0.252600759268
0.252958387136
0.253319740295
0.253695994616
0.254061073065
0.254444777966
0.254821032286
0.255215913057
0.255603343248
0.25600194931
0.256404280663
0.256780534983
0.257145613432
0.25749206543
0.257812440395
0.2581179142
0.258404761553
0.258665531874
0.258915126324
0.259138643742
0.259347259998
0.259537249804
0.259701162577
0.259853899479
0.259976834059
0.260092318058
0.260177999735
0.260248780251
0.260300934315
0.260330736637
0.260341912508
0.260334461927
0.260312110186
0.260259956121
0.260192900896
0.2601146698
0.260002911091
0.259879976511
0.259753316641
0.25962293148
0.25949254632
0.259350985289
0.259209424257
0.259071588516
0.258922576904
0.258777290583
0.25862455368
0.258464366198
0.258307904005
0.258147716522
0.257983803749
0.257816165686
0.257648527622
0.257473438978
0.257298350334
0.25711581111
0.256936997175
0.25674700737
0.256568193436
0.25636702776
0.256173312664
0.255979597569
0.255778431892
0.255577266216
0.25536864996
0.255160033703
0.254943966866
0.254727900028
0.254519283772
0.254288315773
0.254064798355
0.253833830357
0.253610312939
0.25337934494
0.253148376942
0.252909958363
0.252686440945
0.252448022366
0.252224504948
0.251986086369
0.25175511837
0.251531600952
0.251285731792
0.251054763794
0.250831246376
0.250585377216
0.250361859798
0.2501308918
0.249885007739
0.249654039741
0.249430522323
0.249184653163
0.248961135745
0.248715266585
0.248484298587
0.248253330588
0.248007461429
0.24777649343
0.247545525432
0.247307106853
0.247076138854
0.246837720275
0.246591851115
0.246360883117
0.246129915118
0.245884045959
0.245660528541
0.245414659381
0.245183691382
0.244945272803
0.244721755385
0.244475886226
0.244244918227
0.244021400809
0.24377553165
0.243559464812
0.243321046233
0.243090078235
0.242859110236
0.242635592818
0.242397174239
0.242173656821
0.241942688823
0.241726621985
0.241480752826
0.241264685988
0.241048619151
0.240802749991
0.240594133735
0.240363165736
0.240132197738
0.2399161309
0.239692613482
0.239476546645
0.239238128066
0.239029511809
0.238798543811
0.238589927554
0.23841111362
0.238277003169
0.238180145621
0.238127991557
0.238113090396
0.238150343299
0.238217398524
0.238336607814
0.238493070006
0.238686785102
0.238940104842
0.239208325744
0.239551052451
0.239901229739
0.240318462253
0.240772947669
0.241264685988
0.241793677211
0.242382273078
0.242985770106
0.243663772941
0.244356676936
0.245101734996
0.24589894712
0.246718510985
0.247590228915
0.248514100909
0.249452874064
0.250443816185
0.251412391663
0.252343714237
0.253222882748
0.254102051258
0.254921615124
0.255703926086
0.256471335888
0.257194042206
0.257879495621
0.258535146713
0.259160995483
0.259749591351
0.260293483734
0.260815024376
0.261299312115
0.261746346951
0.262163579464
0.262551009655
0.262893736362
0.263206660748
0.26348233223
0.263728201389
0.263944268227
0.26411563158
0.264257192612
0.26436150074
0.264436006546
0.264465808868
0.264443457127
0.264376401901
0.264264643192
0.264108181
0.263892114162
0.263638794422
0.263348221779
0.26299059391
0.262603163719
0.262163579464
0.261671841145
0.261142849922
0.260554254055
0.259935855865
0.259257853031
0.258542597294
0.257775187492
0.256948173046
0.256098806858
0.255189836025
0.254236161709
0.253230333328
0.252187252045
0.251092016697
0.249952062964
0.24876742065
0.24752317369
0.246249124408
0.244915470481
0.243581816554
0.242322668433
0.241197630763
0.240191802382
0.239320084453
0.238567575812
0.237934276462
0.237427636981
0.237055107951
0.23678688705
0.23666022718
0.236652776599
0.236771985888
0.237010404468
0.237382933497
0.237859770656
0.238478168845
0.239208325744
0.240080043674
0.241063520312
0.242173656821
0.24340300262
0.244766458869
0.246249124408
0.247858449817
0.249549731612
0.251173973083
0.252693891525
0.254109501839
0.255420804024
0.2566203475
0.257723033428
0.258713960648
0.259600579739
0.260382890701
0.261060893536
0.261642038822
0.262089073658
0.262461602688
0.262707471848
0.26286393404
0.262908637524
0.262849032879
0.262670218945
0.262409448624
0.262029469013
0.261545181274
0.260956585407
0.260256230831
0.259459018707
0.258557498455
0.257544219494
0.256456434727
0.255405902863
0.254422426224
0.25350600481
0.252656638622
0.251859426498
0.251144170761
0.250495970249
0.2498999089
0.249385818839
0.248923882842
0.248536452651
0.248201176524
0.247955307364
0.247761592269
0.247634932399
0.247560426593
0.247582778335
0.24764983356
0.247791394591
0.247992560267
0.248260781169
0.248596057296
0.248990938067
0.249467775226
0.249996766448
0.250600278378
0.251263380051
0.251978635788
0.252678990364
0.253319740295
0.253953039646
0.254526734352
0.255078077316
0.255584716797
0.256046652794
0.256478786469
0.256881117821
0.257223844528
0.257566571236
0.257834792137
0.258088111877
0.258281826973
0.258460640907
0.258594751358
0.258684158325
0.25874376297
0.258773565292
0.25874376297
0.258699059486
0.258609652519
0.258475542068
0.258311629295
0.258103013039
0.257849693298
0.257596373558
0.257253646851
0.256910920143
0.256538391113
0.256091356277
0.25562942028
0.2551227808
0.254571437836
0.254020094872
0.25337934494
0.252738595009
0.252038240433
0.251337885857
0.250548124313
0.249758347869
0.24889408052
0.248044714332
0.247225150466
0.246435388923
0.245690330863
0.24503467977
0.244379028678
0.24378298223
0.243261441588
0.242754802108
0.242322668433
0.241920337081
0.241562709212
0.241294488311
0.241011366248
0.240832552314
0.240653738379
0.240579232574
0.240504726768
0.240489825606
0.24053452909
0.240623936057
0.240758046508
0.240936860442
0.24116037786
0.241458401084
0.241771325469
0.24215875566
0.242561087012
0.243067726493
0.243559464812
0.244140610099
0.244766458869
0.245422109962
0.246137365699
0.246882423759
0.247716888785
0.248566254973
0.249460324645
0.250339508057
0.251173973083
0.251978635788
0.252783298492
0.253528356552
0.254243612289
0.254929065704
0.255599617958
0.256210565567
0.256806612015
0.257357954979
0.257909297943
0.258401036263
0.258877873421
0.259310007095
0.259727239609
0.260084867477
0.260457396507
0.26074051857
0.261038541794
0.261291861534
0.261515378952
0.261679291725
0.261858105659
0.261977314949
0.262081623077
0.262141227722
0.262171030045
0.262171030045
0.262156128883
0.262081623077
0.262036919594
0.261962413788
0.261917710304
0.261843204498
0.261798501015
0.261723995209
0.261679291725
0.26161968708
0.261560082436
0.261500477791
0.261440873146
0.261411070824
0.261336565018
0.261276960373
0.261217355728
0.261172652245
0.261127948761
0.261068344116
0.261008739471
0.260978937149
0.260904431343
0.260844826698
0.260800123215
0.260770320892
0.260710716248
0.260651111603
0.260606408119
0.260546803474
0.260517001152
0.260457396507
0.260412693024
0.26036798954
0.260323286057
0.260278582573
0.260218977928
0.260174274445
0.260129570961
0.2601146698
0.260040163994
0.25999546051
0.259950757027
0.259920954704
0.259876251221
0.259831547737
0.259786844254
0.259727239609
0.25948882103
0.259071588516
0.25849044323
0.257700681686
0.256732106209
0.255584716797
0.254258513451
0.252723693848
0.251024961472
0.24914740026
0.247061237693
0.244811162353
0.242352470756
0.239729866385
0.236928448081
0.23391841352
0.230744466186
0.227361902595
0.22381542623
0.220075234771
0.216156229377
0.212058410048
0.207766875625
0.203266724944
0.198751673102
0.194624051452
0.191077575088
0.188052639365
0.185593947768
0.183686599135
0.182315692306
0.181525930762
0.1812428087
0.181525930762
0.182390198112
0.183761104941
0.185698255897
0.188186749816
0.191226586699
0.194802865386
0.198960289359
0.203654155135
0.208869561553
0.214666113257
0.220999106765
0.227898344398
0.235334023833
0.243306145072
0.251859426498
0.260636210442
0.268414616585
0.274926424026
0.280126929283
0.284031033516
0.286653637886
0.287935137749
0.287994742393
0.28669834137
0.284135341644
0.280275940895
0.275120139122
0.268638134003
0.260919332504
0.251844525337
0.24153290689
0.229865297675
0.216960892081
0.202700480819
0.187218174338
0.170379862189
0.152260065079
0.132858753204
0.112175934017
0.0901669189334
0.0668615102768
0.0422745905817
0.0163912773132
-0.0104159107432
-0.0366568565369
-0.0620037280023
-0.086367122829
-0.10985135287
-0.132381916046
-0.154003500938
-0.174656495452
-0.194430336356
-0.213250502944
-0.231131896377
-0.248104318976
-0.264137983322
-0.279247760773
-0.29344856739
-0.306665897369
-0.319018930197
-0.330388516188
-0.340864032507
-0.350400775671
-0.359013646841
-0.366687744856
-0.373437970877
-0.379279226065
-0.384151905775
-0.38808581233
-0.390842527151
-0.39245185256
-0.39282438159
-0.391989916563
-0.389993160963
-0.386819213629
-0.382393568754
-0.376835435629
-0.370040506124
-0.362068384886
-0.35288926959
-0.342532962561
-0.330969661474
-0.318214267492
-0.304281711578
-0.289142131805
-0.272795557976
-0.255271792412
-0.23654101789
-0.216633066535
-0.195533022285
-0.173211082816
-0.149726867676
-0.125005841255
-0.0991374179721
-0.0720620155334
-0.043764706701
-0.0143051138148
0.0163614749908
0.0477284155786
0.0778883695602
0.106319777668
0.1330524683
0.158071503043
0.18137691915
0.202983602881
0.222876653075
0.241041168571
0.257506966591
0.272274017334
0.28532743454
0.296667218208
0.30629336834
0.314205855131
0.320419639349
0.324934691191
0.327706307173
0.32879409194
0.32816824317
0.325828760862
0.321760743856
0.316008895636
0.30854344368
0.299364328384
0.288471579552
0.275880098343
0.261545181274
0.245541319251
0.227823838592
0.208362922072
0.1872330755
0.164836630225
0.143080949783
0.12245773524
0.102922312915
0.0844895765185
0.0672191381454
0.0510066710413
0.0359416007996
0.0219792108983
0.00910460948944
-0.00263750529848
-0.0132769336924
-0.0227838736027
-0.0312179308385
-0.0385046005249
-0.0446885786951
-0.0497698746622
-0.0537484847009
-0.0565946064889
-0.0583380423486
-0.0589489899576
-0.0585019551218
-0.056907530874
-0.0541806183755
-0.0503808222711
-0.0454634390771
-0.0394284687936
-0.0322759151459
-0.0240057688206
-0.0146478405222
-0.00417232513428
0.00743567897007
0.0198185425252
0.0318139791489
0.0430494509637
0.0535696707666
0.0633746385574
0.0724345445633
0.0807791873813
0.0883936807513
0.0952631160617
0.101432196796
0.106856219471
0.111579887569
0.115528695285
0.118777148426
0.121310345829
0.123113386333
0.124156467617
0.124499194324
0.124111764133
0.122994177043
0.121146433055
0.118568532169
0.115290276706
0.111252062023
0.106498591602
0.101014964283
0.0948011800647
0.0878721401095
0.0802129432559
0.0718235969543
0.0626742839813
0.0528544150293
0.0422745905817
0.0309646110982
0.0189542770386
0.00618398142979
-0.00728666735813
-0.0215172749013
-0.0364482402802
-0.0518411360681
-0.0667124986649
-0.0807493850589
-0.0939965173602
-0.106394283473
-0.118002288043
-0.128820538521
-0.138774514198
-0.147953629494
-0.156313180923
-0.163853153586
-0.170603379607
-0.176519140601
-0.181630238891
-0.185936674476
-0.189408645034
-0.192090854049
-0.193953499198
-0.195026382804
-0.195234999061
-0.194683656096
-0.193282946944
-0.19110737741
-0.188097342849
-0.184267744422
-0.179633483291
-0.174194559455
-0.167936071754
-0.160872921348
-0.153005123138
-0.144302845001
-0.13479590416
-0.124648205936
-0.114455811679
-0.104397527874
-0.0945031568408
-0.0847130939364
-0.0750422477722
-0.0655353069305
-0.0561624728143
-0.0468790493906
-0.0377893447876
-0.0287741404027
-0.0199228506535
-0.0112056722865
-0.00260770297609
0.00584125472233
0.014171003364
0.0223815422505
0.0304281692952
0.0383704900742
0.0461488924921
0.0538378916681
0.061362978071
0.0687539577484
0.0760108232498
0.0831633731723
0.0901520177722
0.0970363542438
0.103756777942
0.110357992351
0.11683999747
0.123187892139
0.129386782646
0.135451555252
0.14141201973
0.147193670273
0.15290081501
0.158429130912
0.163838252425
0.169128164649
0.174269065261
0.179275855422
0.184148535132
0.188931807876
0.193521365523
0.198006615043
0.202372655272
0.206574782729
0.210657700896
0.214651212096
0.218480810523
0.222221001983
0.225827082992
0.229328855872
0.232696518302
0.235959872603
0.239089116454
0.242128953338
0.245004877448
0.247806295753
0.250473618507
0.25300681591
0.255435705185
0.257760286331
0.259950757027
0.262007117271
0.263974070549
0.265806913376
0.267535448074
0.269114971161
0.270619988441
0.27197599411
0.273197889328
0.274360179901
0.27534365654
0.27622282505
0.277012586594
0.277668237686
0.278189778328
0.278621912003
0.278890132904
0.279098749161
0.279143452644
0.279083848
0.278919935226
0.278607010841
0.27821958065
0.277668237686
0.277012586594
0.276267528534
0.275358557701
0.274360179901
0.27322769165
0.272005796432
0.270679593086
0.269457697868
0.268369913101
0.267416238785
0.266626477242
0.265941023827
0.265419483185
0.265032052994
0.264778733253
0.264644622803
0.264674425125
0.264853239059
0.265136361122
0.265583395958
0.266134738922
0.266879796982
0.267714262009
0.268712639809
0.269830226898
0.271126627922
0.272497534752
0.274047255516
0.275745987892
0.277549028397
0.279530882835
0.281617045403
0.283747911453
0.285565853119
0.286892056465
0.28783082962
0.288277864456
0.288292765617
0.287905335426
0.287055969238
0.285744667053
0.284016132355
0.281825661659
0.27921795845
0.276148319244
0.272661447525
0.268697738647
0.264316797256
0.25948882103
0.254228711128
0.24852155149
0.242352470756
0.235766157508
0.228747710586
0.221252426505
0.213339909911
0.204995259643
0.196173772216
0.186935052276
0.177279099822
0.167310222983
0.157013520598
0.146448612213
0.135585665703
0.124379985034
0.112935893238
0.101163975894
0.0890791341662
0.0767409801483
0.0640600919724
0.0510960780084
0.0378489494324
0.0242888908833
0.0104159107432
-0.00372529006563
-0.0181645154953
-0.0329166650772
-0.0479668341577
-0.0633299350739
-0.0789463445544
-0.0949203893542
-0.111117951572
-0.12768805027
-0.144496560097
-0.161662682891
-0.179067239165
-0.196814522147
-0.214830026031
-0.232845529914
-0.249609336257
-0.264808535576
-0.278443098068
-0.290498137474
-0.301033258438
-0.309944152832
-0.317320197821
-0.323146551847
-0.327393382788
-0.330075591803
-0.331193178892
-0.330761045218
-0.328734487295
-0.325158208609
-0.320047110319
-0.313326716423
-0.30505657196
-0.295251607895
-0.28383731842
-0.270888209343
-0.256359577179
-0.24028120935
-0.222623333335
-0.203430637717
-0.182643517852
-0.160291776061
-0.136375427246
-0.110939137638
-0.0838786289096
-0.0552833043039
-0.0251233559102
0.00660121394321
0.0391900539398
0.0698119401932
0.0977218076587
0.122994177043
0.145554542542
0.165447577834
0.182658419013
0.197187051177
0.209063276649
0.218227490783
0.224709495902
0.228539094329
0.22967158258
0.228121861815
0.223919734359
0.216990694404
0.207409247756
0.195160493255
0.180214628577
0.162571653724
0.14229118824
0.119313590229
0.0936388894916
0.0653117895126
0.034287571907
0.00128149974626
-0.030875204131
-0.0614970885217
-0.0905841514468
-0.118121497333
-0.144153833389
-0.168591722846
-0.191539511085
-0.212922677398
-0.232785925269
-0.251099467278
-0.267878174782
-0.283122062683
-0.296801328659
-0.308975577354
-0.319614976645
-0.32867488265
-0.336244672537
-0.342234939337
-0.346720188856
-0.34964081645
-0.351041525602
-0.35089251399
-0.349193781614
-0.345990031958
-0.341221660376
-0.334933370352
-0.327080458403
-0.317722529173
-0.306785106659
-0.294342637062
-0.280752778053
-0.267595052719
-0.255286693573
-0.243812784553
-0.233143553138
-0.223383292556
-0.214382991195
-0.206276759505
-0.198990091681
-0.192537888885
-0.186920151114
-0.182151779532
-0.178217872977
-0.175103530288
-0.172853454947
-0.171437844634
-0.170856699347
-0.171110019088
-0.172182902694
-0.17413495481
-0.17687676847
-0.18049775064
-0.184953197837
-0.190213307738
-0.196337684989
-0.203073009849
-0.209569916129
-0.21557508409
-0.221103414893
-0.226199612021
-0.230789169669
-0.234931692481
-0.238567575812
-0.241756424308
-0.244498237967
-0.246718510985
-0.248491749167
-0.249803051353
-0.250622630119
-0.250995159149
-0.250861048698
-0.250294804573
-0.249236807227
-0.247687086463
-0.245720133185
-0.243231639266
-0.240296110511
-0.236898645759
-0.233009442687
-0.228628501296
-0.223830327392
-0.218525514007
-0.212758764625
-0.206515178084
-0.199809655547
-0.192746505141
-0.185906872153
-0.179365262389
-0.173181280494
-0.167280420661
-0.161737188697
-0.15652179718
-0.151634216309
-0.147044658661
-0.142827630043
-0.138878822327
-0.135317444801
-0.1320540905
-0.129103660583
-0.126495957375
-0.124216072261
-0.122264020145
-0.120624892414
-0.11932849139
-0.118345014751
-0.11770426482
-0.117376439273
-0.117376439273
-0.117719165981
-0.118374817073
-0.119358293712
-0.120639793575
-0.122308723629
-0.124260775745
-0.126451253891
-0.128403306007
-0.1300573349
-0.131338834763
-0.132337212563
-0.133007764816
-0.133335590363
-0.133350491524
-0.133007764816
-0.132381916046
-0.131398439407
-0.130116939545
-0.128477811813
-0.126525759697
-0.124245874584
-0.121667973697
-0.118717543781
-0.115469090641
-0.111877910793
-0.107988707721
-0.103741876781
-0.0991821214557
-0.0942945405841
-0.0890791341662
-0.0835508033633
-0.0777840614319
-0.0722408294678
-0.0669956207275
-0.0620782338083
-0.057443972677
-0.0531822405756
-0.0491738282144
-0.0455081425607
-0.0421404801309
-0.0391006469727
-0.0363886356354
-0.0339448451996
-0.0318586826324
-0.0300556402653
-0.0285804253072
-0.0274330358952
-0.0265538673848
-0.026032326743
-0.0258088093251
-0.0259131174535
-0.0262856464833
-0.0270158033818
-0.0280588846654
-0.0293850880116
-0.0310391169041
-0.0329166650772
-0.0347495079041
-0.0364035367966
-0.037893652916
-0.0392198525369
-0.04038214311
-0.0414103232324
-0.0422596894205
-0.0429600439966
-0.0434964857996
-0.0438690148294
-0.0440776310861
-0.0441372357309
-0.0440478287637
-0.0437796078622
-0.0433623753488
-0.0427812300622
-0.0420361720026
-0.0411421023309
-0.0400841198862
-0.0388622283936
-0.0374913215637
-0.0359714031219
-0.0342428684235
-0.0324100255966
-0.0304430704564
-0.028565524146
-0.0268369894475
-0.0252276640385
-0.0237673502415
-0.0224411468953
-0.0212490539998
-0.0202059727162
-0.0192821025848
-0.018522143364
-0.0178962945938
-0.017374753952
-0.0170320272446
-0.0167936086655
-0.0167042016983
-0.0167787075043
-0.0169426202774
-0.0173002481461
-0.0177472829819
-0.0183433294296
-0.0191181898117
-0.0199675541371
-0.0209808330983
-0.0221431236714
-0.0234395246953
-0.0248700361699
-0.026419756934
-0.0281482916325
-0.0299811344594
-0.0319629907608
-0.0340789556503
-0.0363439321518
-0.0387281179428
-0.0412613116205
-0.0439286194742
-0.0467300377786
-0.049680467695
-0.0527650080621
-0.0558942519128
-0.0586956702173
-0.0610500536859
-0.0630021095276
-0.0645220279694
-0.0656098127365
-0.0662803649902
-0.0665187835693
-0.0663548707962
-0.0657290220261
-0.0647157430649
-0.0632405281067
-0.061362978071
-0.0590681992471
-0.0563114844263
-0.0531673394144
-0.0495910607278
-0.0455528460443
-0.0411421023309
-0.036284327507
-0.0309944134206
-0.0252872686833
-0.0191479921341
-0.0125914802775
-0.00560283614323
0.00181794154923
0.00965595245361
0.0178962945938
0.0265836697072
0.0357180833817
0.0452399216592
0.0552087984979
0.0655949115753
0.0763088464737
0.0870078727603
0.0975727960467
0.108033411205
0.118345014751
0.128552317619
0.138655304909
0.148594379425
0.158444032073
0.168174490333
0.17775593698
0.1872330755
0.196591004729
0.205829724669
0.214934334159
0.22393463552
0.232785925269
0.241547808051
0.250175595284
0.258684158325
0.267043709755
0.275328755379
0.283449888229
0.291466712952
0.299379229546
0.307142734528
0.314801901579
0.322326987982
0.329747766256
0.33703443408
0.344201892614
0.351250141859
0.358164280653
0.364974111319
0.371664732695
0.378206342459
0.384658545256
