0.0
-2.08460005524e-05
0.00167028326541
0.00127381389029
0.000463569595013
-0.00240590376779
-0.00433982070535
-0.000905081105884
-0.00156684149988
-0.00141085335054
0.0025126808323
0.0042166095227
0.00907326024026
0.00576368859038
0.00582640198991
0.00433892011642
0.000549188815057
0.00297153089195
0.00228832894936
-0.00169341405854
-0.0022855612915
-0.00589194986969
-7.08373845555e-05
0.00230547552928
0.00621725339442
0.00534885190427
0.00172173825558
0.00206504063681
0.000292285869364
0.000883783213794
-0.00074974691961
-0.000725672405679
-0.000647384498734
-0.00232449476607
0.00167079339735
0.00061986153014
-0.000597120728344
0.00284959375858
0.0
-0.00180771655869
-0.00230319122784
-0.00436008907855
-0.00167865271214
-0.000337270699674
0.00292170792818
-0.00121198757552
0.000571746728383
-0.00565934972838
-0.000576368882321
-0.00529632950202
-0.00115151144564
0.000890333321877
0.00121287163347
0.00578203517944
0.00534659251571
0.00353188975714
0.00465357769281
0.00209467275999
0.00172910664696
0.000304136134218
0.000436244910816
-0.00391633436084
-0.00358053809032
-0.0057281809859
-0.00131837953813
-0.00209991098382
0.000263128749793
0.00326212309301
-0.00228237593547
0.00242715561762
-0.00347213516943
-0.00382991880178
-0.00320256710984
-0.00459962850437
-0.00121555733494
-0.00230547552928
0.000600845029112
-0.000535521015991
0.00249791075476
-0.00338181736879
0.00480371341109
0.00230917148292
0.00125361699611
0.00230123079382
-0.00666205678135
-0.014445014298
-0.00788116641343
0.0142577849329
0.013063329272
0.0115273771808
-0.00848058983684
-0.0178810246289
-0.0108655225486
-0.0139784133062
-0.00865033548325
-0.01651747711
-0.0124655477703
-0.0020409587305
0.00248497212306
0.00381845724769
-0.00181624561083
-0.0106014916673
-0.00438517984003
0.000416598864831
-0.00184377061669
-0.00861898623407
-0.0188700929284
-0.0129915000871
0.000576368882321
-0.00516891060397
-0.00404391810298
-0.0149553865194
-0.00583880022168
-0.000276279286481
-0.0011480525136
-0.0008521383279
-0.00640866719186
0.0029552616179
0.00115273776464
0.00419234437868
0.00519230496138
0.0057100597769
0.00879495497793
0.00472266739234
0.00606240425259
0.00439253961667
-0.00218851817772
-0.000133561392431
0.00290539162233
0.0013224685099
0.0026346645318
-0.00576368859038
-0.00476848939434
-0.00621127337217
-0.00279594608583
-0.000551439763512
-0.00404512975365
-0.00568736204877
-0.00903073791414
-0.0156065402552
-0.00682113692164
0.0309421792626
0.055462796241
0.0371100232005
-0.00519908638671
-0.0293948128819
-0.0159194394946
0.0258391331881
0.0194851253182
0.00143882795237
-0.028300717473
-0.00979566946626
-0.0124915456399
0.0115115689114
0.0127169722691
0.00115273776464
-0.0178813952953
-0.00750276492909
-0.00539711164311
-0.00636854255572
-0.00924093369395
0.00692216167226
-0.00429416261613
-0.00114993460011
-0.0138490376994
-0.0253561716527
0.00852188188583
0.0276657063514
0.0146135417745
-0.0132346199825
-0.0577571839094
-0.0196268353611
0.0194487199187
0.0403503291309
-0.0147139281034
-0.0340161584318
0.0154875209555
0.00345821329392
0.00610990729183
0.0109510086477
-0.028877209872
-0.0161334238946
-0.0144077315927
0.00288746971637
0.0139739597216
-0.0167307928205
-0.0452392548323
-0.00461095105857
0.00230848439969
0.0184438042343
-0.000993283232674
-0.0322766564786
-0.0114985341206
-0.00230547552928
-0.0288113672286
0.00922190211713
0.0452882386744
0.0340057648718
-0.0012213087175
-0.0121037466452
-0.0435997843742
-0.0495677217841
0.021946689114
0.0662824213505
0.0157193057239
0.0051873200573
0.00776258530095
-0.0132564837113
-0.0401863195002
0.00461095105857
0.0148335471749
-0.0138328531757
0.029959211126
0.0161383282393
-0.0193697139621
0.0276657063514
-0.0105754360557
-0.0311272572726
-0.0459151268005
0.00926208961755
0.0458386987448
0.031092684716
0.000782374117989
-0.00462168455124
0.000496885390021
-0.00636088848114
-0.0217130482197
0.00751141319051
0.0558040291071
0.0195965413004
0.0140331666917
0.0190082676709
0.0342516601086
0.0530400574207
-0.00404537655413
-0.0714087039232
-0.0695711672306
-0.0685677453876
-0.0563426017761
-0.00403458205983
0.0652097463608
0.0477788411081
0.0391678065062
0.0172039568424
-0.00478267995641
-0.0590163581073
-0.0814334228635
-0.041804086417
0.00555859459564
0.0178674347699
-0.0171269569546
0.0151643771678
0.0440139807761
0.045962844044
0.0578005686402
0.0309014245868
0.0549195334315
-0.0286150723696
-0.116398915648
-0.0429613478482
-0.00870184786618
-0.00625705439597
0.00438061542809
0.0530259348452
0.0452507287264
0.0538652762771
0.0337296873331
0.0119046857581
-0.0179431438446
0.00384692382067
0.0332347564399
0.0108525529504
-0.00952025596052
0.0129669494927
0.0162190422416
0.0181023105979
-0.040922190994
-0.0582493208349
-0.0403404608369
-0.0203953813761
-0.039241079241
-0.0094911204651
-0.00299363629892
-0.00331658008508
-0.00878471136093
0.000734673405532
-0.00501398323104
-0.00706205004826
-0.000822637521196
0.0325075238943
0.00657549733296
-0.0256617348641
-0.0118491128087
0.00308995554224
0.0109065091237
0.0242074932903
0.0748488679528
0.0461704097688
-0.0579802915454
-0.0377739295363
-0.00559122208506
0.0400568023324
0.0459480397403
0.0302535668015
0.0237041637301
0.0110896266997
-0.0324088521302
-0.0239485390484
0.0090662157163
-0.016805447638
-0.00586836691946
0.0167146977037
-0.0147850392386
-0.00404240982607
-0.000118974596262
0.0196008700877
-0.00412145396695
-0.0144208911806
0.00639012269676
0.0357369482517
-0.00426650280133
-0.0236311238259
-0.025293238461
-0.00403458205983
-0.0132145993412
-0.0259318146855
-0.0203642193228
0.015542880632
0.0268567949533
0.0351851209998
0.0116172749549
0.0190096758306
0.0121161248535
-0.0408520847559
-0.0568794459105
-0.0317002870142
0.00384791614488
0.00168931321241
-0.017323538661
0.0278317816556
0.0283298306167
0.039617754519
-0.00520620588213
-0.0120839336887
-0.0189257096499
-0.00664077326655
0.0101782968268
0.0131515078247
-0.00275079649873
-0.00997602660209
-0.0310101341456
0.0121037466452
0.013948822394
0.0144469505176
0.00257976120338
0.0203108917922
0.0219592601061
0.0124276913702
-0.0123344138265
-0.00773042207584
-0.00436046626419
0.00576368859038
0.0095937307924
0.0163265801966
0.00126730790362
-0.0136091029271
-0.00493374234065
0.0183523390442
0.0101427268237
-0.00973024405539
-0.0284511204809
-0.00910765025765
-0.0132102267817
-0.00194655416999
0.00628436543047
-0.0125848697498
-0.0161383282393
-0.000661107711494
0.0115788551047
0.0240384396166
0.012127016671
0.0091626830399
-0.0124173592776
0.00127855874598
0.0117904413491
0.00773641793057
0.0103746401146
0.00146566214971
0.00853098928928
-0.00316441385075
0.00727998511866
0.0125248264521
-0.0135548608378
0.00917710363865
0.0241015646607
0.00365555239841
0.0108334124088
-0.00722887506709
-0.0366049185395
-0.0132564837113
-0.00882649514824
-0.00620818184689
-0.0115273250267
-0.00796617846936
0.000220491332584
-0.00920090544969
-0.00629254616797
-0.00114921003114
-0.0126544386148
0.0138328531757
0.00594767462462
-0.0057712723501
-0.00529258465394
-0.00646086782217
-0.00199602427892
0.0153520414606
-0.00873464904726
-0.00684718275443
-0.0260409209877
-0.00110432924703
-0.00297044822946
0.00188960228115
0.0172910671681
-0.0145357456058
-0.0244285240769
0.00262143532746
-0.00438907323405
0.00886884983629
-0.0201791599393
-0.00736835598946
-0.00235151755624
0.0143672022969
0.00172910664696
-0.0195666477084
-0.0361101999879
-0.00990066304803
-0.0104697011411
-0.010192069225
-0.00896531995386
0.0150485206395
0.0161518007517
0.00464802188799
-0.0188680924475
-0.0058121625334
0.00271173007786
0.00192016328219
0.0100304493681
0.00806735735387
0.012423587963
0.00634005758911
-0.000778509129304
0.0218084044755
-0.00741330953315
0.000749533937778
0.00653245067224
0.0138310557231
0.00596887851134
0.00463832356036
0.00114843307529
0.00750201288611
0.00224639801309
0.00639557419345
-0.00903362687677
0.00922190211713
-0.00201727263629
0.000805650546681
-3.67522115994e-05
-0.000798535067588
0.0022742068395
0.000861805106979
-0.00671702856198
-0.000421355071012
-0.00602329382673
-0.00676028244197
-0.0199690293521
-0.00408898340538
0.00996379368007
0.0078583015129
-0.00230547552928
-0.00335047347471
-0.011544209905
0.00175592268351
-0.004621416796
-0.00221703038551
0.0029446692206
-0.00128379708622
-0.0130155635998
-0.017170149833
-0.00979827065021
0.013636784628
0.00900150556117
-0.00410662451759
-0.0108779268339
0.0077465926297
0.0204899162054
0.00119501398876
-0.0165812782943
-0.0144186941907
-0.0110624805093
0.00863646995276
0.000256532424828
0.00403458205983
0.00740394322202
-0.00401465594769
-0.00472245411947
-0.000442471209681
0.00605596695095
-0.0140114864334
-0.0339075177908
-0.0067355716601
0.000366187596228
-0.00415604142472
-0.0181708149612
-0.0107574071735
0.00320086348802
-0.00345821329392
-0.00926650688052
-0.0109186582267
-0.00672202697024
0.00687384046614
0.00883078761399
-0.00288391136564
0.000871124851983
-0.00115523498971
-0.00655759032816
-0.00285096443258
0.00224990095012
0.0184820424765
0.00469866814092
-0.00749279558659
-0.0297880060971
-0.112105280161
-0.213978886604
-0.21422123909
0.10183608532
0.410037636757
0.401252150536
0.0532629676163
-0.178653597832
-0.244652554393
0.0127865122631
0.180412605405
0.0997783839703
-0.106628239155
-0.14205391705
-0.102670624852
-0.0488693527877
0.149158641696
0.269608318806
-0.0676326751709
-0.0207617841661
-0.0887170061469
-0.275923877954
-0.116398535669
0.183300465345
-0.00952624343336
-0.228908285499
0.0275638382882
0.0174801535904
-0.00172910664696
0.24679017067
0.186511352658
0.237023666501
-0.0400145314634
-0.479869306087
-0.191883265972
0.0184688027948
0.225206807256
0.280044049025
-0.327205598354
0.00695100100711
0.333604902029
-0.0948453396559
-0.0335097759962
0.160978853703
-0.19636900723
-0.172910660505
-0.0251449234784
0.103864870965
0.21336953342
-0.0220839288086
-0.383040904999
0.0140751088038
0.323281347752
-0.0604119114578
-0.122121922672
-0.0253602303565
-0.164675876498
-0.0538484677672
-0.22123914957
-0.239973336458
0.392349243164
0.697177827358
0.439104288816
0.0704279914498
-0.13895368576
-0.210951328278
-0.544264137745
-0.555830717087
0.00881006475538
0.66916424036
0.360585182905
-0.0979438796639
0.00613852031529
0.134847134352
-0.49817815423
-0.304619789124
0.324794888496
0.137608349323
0.176335915923
0.204610943794
-0.137031242251
0.0298617649823
-0.102153420448
-0.28340357542
-0.500700294971
-0.123789131641
0.47993016243
0.464189887047
-0.115850880742
-0.073007889092
0.0109607279301
-0.0404511466622
-0.355043232441
-0.0123984497041
0.390709608793
0.50095808506
0.283941984177
0.189753308892
0.1988825351
0.525960385799
0.276979267597
-0.896667301655
-0.982708930969
-0.793747246265
-0.861843466759
0.493045598269
0.958402752876
0.803946852684
0.21071203053
0.0985792353749
-0.0853644087911
-0.694561779499
-1.1769452095
-1.08179438114
-0.71895813942
-0.437673717737
-0.188652053475
0.0985753163695
0.326275378466
0.352794110775
0.256257146597
0.238478437066
0.332144886255
0.375216126442
0.223382472992
0.157856762409
0.345647603273
0.608855545521
0.617187023163
0.237290501595
0.354751467705
0.524390220642
-1.20519518852
-1.34985589981
-0.174645155668
-0.107165843248
-0.235798463225
0.401483386755
0.867575883865
0.441347360611
0.41175147891
0.586928009987
-0.127638965845
-0.0961868688464
0.195248991251
0.357701361179
0.260870665312
-0.0548922643065
-0.048991356045
0.155870079994
0.0128835393116
-0.313922613859
-0.543653547764
-0.759807109833
-0.538726866245
-0.48432636261
-0.461428791285
-0.125995606184
-0.220749273896
-0.102032087743
-0.0498378612101
0.155138880014
0.0512596927583
-0.200934752822
-0.0990076214075
0.367488801479
0.238654688001
-0.30263787508
-0.191290229559
0.107460640371
0.0908550843596
0.576806366444
0.960543096066
0.484143704176
-0.659658968449
-0.484960108995
-0.0737752169371
0.401169985533
0.525388896465
0.366424590349
0.426068842411
0.40124925971
0.188354328275
0.0250296536833
-0.136886715889
-0.31421405077
-0.390201717615
-0.419063806534
-0.417356610298
-0.323489695787
-0.176185071468
-0.104563109577
-0.131215423346
-0.159278303385
-0.0917019918561
0.0711358785629
0.242427617311
0.319308370352
0.268204569817
0.129514396191
-0.0279406197369
-0.142526715994
-0.175707891583
-0.140945613384
-0.0940120518208
-0.0787033364177
-0.060991819948
0.0407719984651
0.190850973129
0.128530263901
-0.169988125563
-0.168715700507
0.167964994907
0.353351414204
0.167897894979
-0.144854173064
-0.428978234529
-0.430290222168
0.0203082580119
0.0772334262729
-0.0130695812404
-0.163276523352
-0.374863445759
-0.303742647171
-0.00473904283717
0.264247924089
0.332165360451
0.298188298941
0.295799016953
0.30410271883
0.243773847818
0.185380786657
0.209347292781
0.267096459866
0.281268000603
0.194138050079
0.0189529936761
-0.205208316445
-0.458207249641
-0.698558092117
-0.868018805981
-0.921065688133
-0.845480203629
-0.663505971432
-0.430396646261
-0.212061345577
-0.0580736137927
0.0253602303565
0.0602659359574
0.0817519724369
0.0993972495198
0.101537913084
0.0878586769104
0.0945344343781
0.144150480628
0.234995990992
0.331170260906
0.383285313845
0.379138499498
0.343878120184
0.306424021721
0.286037176847
0.285445600748
0.288524448872
0.24860213697
0.107480026782
-0.105167463422
-0.235571026802
-0.183773800731
-0.0731988474727
-0.112364292145
-0.141464784741
-0.00864271074533
0.0516754761338
0.0350612215698
0.0721770450473
-0.0997994318604
-0.0955032780766
-0.135729387403
0.04073394835
0.0806782767177
0.0853578671813
0.188305780292
0.0980770662427
0.196541786194
0.339146494865
0.283934473991
0.153859317303
0.0905777290463
0.0489477999508
-0.0513515248895
-0.171519681811
-0.243176802993
-0.23983643949
-0.180587023497
-0.106687940657
-0.0569555461407
-0.0440646968782
-0.0588546507061
-0.084511205554
-0.106355935335
-0.113933950663
-0.100864551961
-0.06805870682
-0.0251321624964
0.0133742764592
0.0339914001524
0.0376425795257
0.0400450155139
0.0617559179664
0.11430554837
0.186179175973
0.238386183977
0.225321337581
0.126682832837
-0.024675887078
-0.142697617412
-0.166090101004
-0.117306962609
-0.0565226264298
-0.0143221318722
0.0311239194125
0.113078400493
0.189233601093
0.208757072687
0.17184998095
0.103729866445
-0.00824683438987
-0.181626573205
-0.317385315895
-0.261529505253
-0.077320240438
-0.00693324906752
-0.0349963642657
0.0714697390795
0.177032157779
0.0528012737632
-0.0959971547127
-0.225388422608
-0.294340342283
-0.0922586247325
0.106239236891
0.0983657240868
0.0575439333916
0.039364438504
0.00345821329392
0.0179218426347
0.0840309336782
0.0917580351233
0.0299780741334
0.00348321581259
0.0265805888921
-0.0156131293625
-0.115106001496
-0.020680507645
0.142363116145
0.0323724783957
-0.0732161402702
-0.104565508664
-0.105010583997
0.0571581125259
0.0913532078266
0.033362314105
-0.0601705759764
0.272770434618
0.372492909431
0.165994241834
0.0660083815455
0.0606867969036
0.0371811725199
-0.0164422597736
-0.101405292749
-0.216477483511
-0.314090937376
-0.355684965849
-0.328348100185
-0.242604240775
-0.126711606979
-0.0230547543615
0.0310657676309
0.0239714756608
-0.0224060732871
-0.0692347884178
-0.0867287963629
-0.0784752294421
-0.0731962546706
-0.0905186980963
-0.117355972528
-0.127953886986
-0.104665644467
-0.0664353594184
-0.0392798483372
-0.0284235309809
-0.0312671363354
-0.0426538437605
-0.0823727324605
-0.157323181629
-0.202134341002
-0.147006809711
-0.00454999459907
0.126300856471
0.147889092565
0.0938734486699
0.0761956274509
0.127836123109
0.179827094078
0.143277138472
0.031136777252
-0.0863740965724
-0.163577318192
-0.187170356512
-0.147908568382
-0.0531475096941
0.0379841662943
0.0690741613507
0.0564551837742
0.0696746408939
0.114647075534
0.118942007422
0.0306850634515
-0.090380243957
-0.149178743362
-0.122955739498
-0.0858789607882
-0.101674936712
-0.141239792109
-0.135793283582
-0.0505621284246
0.0789856240153
0.175923809409
0.192983031273
0.146618708968
0.0761091932654
0.0241995193064
0.0157235153019
0.0484845973551
0.10475102067
0.16829970479
0.219628840685
0.235189288855
0.202470183372
0.128574490547
0.0380986258388
-0.0305970851332
-0.0488541275263
-0.0129010016099
0.048528727144
0.0842063128948
0.0581974647939
-0.0121037466452
-0.0703417882323
-0.0613719113171
-0.0118052801117
-0.0103683779016
-0.0801024958491
-0.14395865798
-0.115170784295
0.00434170430526
0.118459284306
0.160889431834
0.141449168324
0.100625224411
0.0686789155006
0.051096688956
0.0351585000753
0.0135122537613
-0.0148388594389
-0.0486668758094
-0.086669921875
-0.124979555607
-0.155927434564
-0.170661970973
-0.182649746537
-0.204586938024
-0.178097978234
-0.0576614327729
-0.0163240581751
-0.00772547442466
-0.11023490876
-0.0492424219847
0.0861349254847
0.0823851823807
-0.10220927
-0.166595458984
0.00288184429519
0.0608863979578
0.041933812201
0.0695814788342
0.0905982106924
0.146505922079
0.215966299176
0.237276017666
0.196251630783
0.156711801887
0.133595615625
0.0859255045652
0.00172910664696
-0.0674808621407
-0.0324399396777
0.0937944501638
0.15164886415
0.0585417635739
-0.0922994986176
-0.145038366318
-0.070195928216
0.0486229136586
0.132298022509
0.171033963561
0.190973639488
0.174337938428
0.114020295441
0.0706933960319
0.0634005740285
0.0553935803473
0.0156944692135
-0.0846283212304
-0.145493909717
-0.104584865272
-0.0867732167244
-0.13778822124
-0.110797971487
-0.00653604837134
0.00563167128712
-0.0676351189613
-0.0832590088248
-0.0194483231753
0.0248540043831
0.0179395843297
0.00398033857346
0.00339091615751
0.00634005758911
-0.000668735301588
-0.0113596739247
-0.0113122481853
0.00575117208064
0.0307282526046
0.0407521314919
0.0137586351484
-0.0405857935548
-0.0550747662783
0.000439737545094
0.0179555360228
-0.0806916430593
-0.135539636016
-0.210614532232
-0.200249969959
0.0120476363227
0.10183134675
0.0171264223754
-0.0333537012339
-0.0359325893223
-0.118138775229
-0.0345821343362
-0.00784653052688
-0.0154618602246
-0.0632000267506
-0.0114255314693
-0.00488451262936
0.0147503372282
0.0431692786515
0.123117804527
0.0463951416314
0.0311239194125
0.0670595169067
0.280637323856
0.186944633722
-0.0341166853905
-0.220026820898
-0.113251172006
0.0107438098639
0.092933088541
0.0459851250052
-0.00230547552928
0.0567425489426
0.130585163832
0.0168679691851
-0.0321926213801
0.0255777873099
-0.00952451117337
-0.108909219503
-0.0893637612462
-0.0274907592684
-0.0705757513642
-0.102593660355
-0.0173514671624
0.0295026190579
0.042473051697
-0.0379308760166
-0.0362160690129
-0.0148136904463
0.166683018208
0.106537945569
-0.0252305194736
-0.032904740423
-0.0158663075417
-0.134870320559
-0.192947298288
-0.128449440002
0.0427608005702
0.188237890601
0.0271547865123
0.00162007543258
0.0140148606151
-0.048902798444
-0.0318634212017
-0.0209648869932
0.00821560900658
0.0764890834689
0.0655565187335
0.047587197274
0.068674467504
0.075312294066
0.0628242045641
0.0612767860293
0.064963594079
0.0660867914557
0.0685334131122
0.0786078572273
0.0966711565852
0.116323292255
0.128968685865
0.129442945123
0.116379886866
0.0921410322189
0.0621140673757
0.032853025943
0.0108573408797
0.000596354308072
0.00307298707776
0.0170590095222
0.0330266021192
0.0363219492137
0.0141813168302
-0.0381541103125
-0.0886740833521
-0.0639769434929
-0.0128260180354
-0.067786552012
-0.0963966548443
-0.0893407836556
-0.104546919465
-0.0973017215729
0.0173872243613
0.121037766337
0.0179890301079
-0.0864553302526
-0.141113445163
-0.0744146704674
-0.0715435221791
-0.0516782142222
-0.046886805445
0.0202489160001
0.0998177081347
0.0380649268627
0.154072791338
0.253934204578
0.152904465795
-0.0626439005136
-0.119441069663
-0.00327747222036
-0.00288184429519
0.0380491055548
0.0348276905715
-0.0281898789108
-0.016879286617
-0.0285807158798
-0.0268982406706
0.0177318062633
0.0394200906157
-0.108201898634
-0.102593660355
0.0613244585693
0.132021859288
0.0835527256131
-0.00281610526145
-0.0516796112061
-0.161452546716
-0.171632900834
-0.131258055568
-0.0772584527731
0.0694242790341
0.0436367876828
-0.011140037328
0.0300652999431
0.0813535377383
0.115850143135
0.120804652572
0.0609970875084
-0.00950494222343
-0.0230407323688
0.0186701789498
0.05376598984
0.0517951101065
0.032229822129
0.0208142213523
0.0159855056554
-0.0093862824142
-0.047633048147
-0.0569062270224
-0.0304882694036
-0.0184438042343
-0.00147015100811
0.0577371306717
0.0414373613894
0.045524597168
0.0144432540983
-0.167972683907
-0.12780149281
-0.027978213504
0.0800223350525
0.103170029819
0.0228861961514
-0.0979430153966
0.0126935672015
0.00161946576554
-0.0064194672741
-0.0321265868843
0.00359629653394
-0.0739246383309
-0.00381847191602
0.0962023437023
0.0613756999373
0.0344059281051
0.0231403317302
0.036012545228
-0.00571922585368
0.040922190994
-0.0317274369299
-0.0702653452754
-0.0392634831369
0.0261225998402
-0.00955296866596
-0.0300476308912
0.0105140367523
-0.00610769866034
-0.00183256878518
-0.0541258789599
-0.0917923301458
-0.115056999028
-0.0083922194317
0.0726188197732
0.0564546473324
0.0344320014119
-0.00287003116682
0.0403458215296
0.0590487420559
0.0276927221566
-0.0132869603112
-0.0242430008948
-0.00650774501264
0.0162460468709
0.0212170127779
0.0148237990215
0.024044405669
0.050062276423
0.078728556633
0.0564841516316
0.0145289953798
-0.0169975738972
-0.0532436296344
-0.0567236356437
-0.00403334340081
0.0330344364047
0.00939583592117
-0.0235640779138
-0.0800790861249
-0.143802091479
-0.0858789607882
-0.0325646921992
0.0094961989671
0.0680624172091
0.0387896820903
0.020049514249
0.00210410589352
0.0244145654142
-0.0302394386381
-0.0780262425542
-0.0709114447236
-0.0306082256138
0.0224442202598
-0.0229095332325
-0.00749909877777
0.0317397415638
0.0382581874728
0.026801686734
0.00922190211713
0.018158942461
0.036155667156
0.00916444603354
-0.0316490642726
-0.0273275151849
-0.0175151433796
0.000163366625202
0.0188170149922
-0.00950150564313
0.000645959924441
0.0276181586087
0.0210694503039
0.00979827065021
0.0346264615655
0.0502656884491
0.0328105725348
0.00283095403574
-0.0163836572319
-0.00805072020739
0.0185387115926
0.0338949635625
0.02134777233
-0.00748653430492
-0.0315817035735
-0.0391930826008
-0.0323858819902
-0.0210133437067
-0.0128792421892
-0.00901362579316
-0.00653311051428
-0.00380870955996
-0.00539052579552
-0.0226925089955
-0.0457842499018
-0.0242074932903
0.0132131874561
0.0321304313838
0.0490400865674
-0.0193502269685
-0.0179979857057
0.0163486860693
0.0188373140991
-0.0672601163387
-0.0729393288493
-0.0157987270504
0.0322766564786
0.0338179767132
0.0397057347
0.0152459843084
-0.027165254578
-0.00254809996113
-0.022403743118
-0.00205666781403
0.0541735999286
0.0302288327366
-0.00760287605226
-0.00764917396009
0.00173792685382
0.0132650975138
0.0341507978737
0.00445840088651
-0.0381910391152
-0.0303525198251
-0.0348664522171
-0.0051873200573
0.0447621867061
0.0225491765887
0.00979532767087
0.0195879694074
-0.00228769844398
0.00438165431842
-0.0203669965267
-0.027190586552
-0.0236421599984
-0.0242074932903
-0.0143009750172
0.0140392715111
0.0384898036718
0.0110258394852
-0.0385617762804
0.0131992455572
0.0808424130082
0.0622129365802
0.033550389111
0.0260260757059
0.0224783867598
0.00025386310881
-0.0281340368092
-0.0304956063628
-0.0122533189133
0.00830777548254
0.0243906248361
0.0349049754441
0.0408735387027
0.0423928685486
0.0374639779329
0.0256592966616
0.0110969403759
0.00598121993244
0.0172577723861
0.0279478244483
0.0186289269477
-0.00504549359903
-0.0173866506666
-0.00982772000134
-0.00584620749578
-0.0272375233471
-0.0644555613399
-0.0677087903023
-0.0238759387285
-0.00737804174423
-0.0404258258641
-0.0564841516316
-0.0259377136827
0.000127910228912
0.00658756121993
0.0422971658409
0.0220052953809
0.0116744190454
-0.00882193166763
-0.00837550126016
-0.0195983313024
-0.00403458205983
0.0144187174737
0.0250110905617
0.0400272831321
0.0546911358833
0.0591372959316
0.0539045333862
0.0459230169654
0.0423662476242
0.049008667469
0.0609555505216
0.0587896257639
0.0289243105799
-0.00952463038266
-0.0208612084389
-0.0293855145574
0.0103039871901
0.0237485636026
0.0155617808923
-0.0212286822498
-0.00034962646896
-0.0177174471319
-0.0407025553286
0.000576368882321
0.0327839106321
0.0345101244748
0.00591176142916
-0.011132308282
-0.0397898294032
-0.0460119023919
-0.0469931587577
-0.0590738393366
-0.0408138036728
0.0010168007575
0.00970478635281
0.00692039774731
0.0259365998209
0.0617726817727
0.0574522651732
-0.00331505294889
-0.0274764336646
-0.018410295248
-0.00621429644525
-0.00356468837708
-0.00550149893388
0.0371711663902
0.0500598549843
0.0293990690261
0.0255524516106
0.0494892522693
0.0599423646927
0.0117787467316
-0.034375064075
-0.0211637150496
0.00291108991951
0.0145987831056
0.0101323015988
0.00702208233997
-0.0371161848307
-0.0288819596171
-0.0311239194125
