0.0
-2.94673864119e-05
-0.000112256711873
-0.00023994872754
-0.00040412414819
-0.000596363795921
-0.00080824829638
-0.00103135849349
-0.00125727511477
-0.00147757900413
-0.00168385065626
-0.00186767114792
-0.00202062097378
-0.00213428074494
-0.00220023165457
-0.00221005408093
-0.00215532886796
-0.00202763685957
-0.00181855878327
-0.00151967536658
-0.00112256710418
-0.000618815072812
0.0
0.000739790848456
0.00159644300584
0.00256333569996
0.00363384792581
0.00480135902762
0.00605924753472
0.0074008917436
0.00881967227906
0.0103089669719
0.0118621559814
0.0134726185352
0.0151337310672
0.0168388728052
0.0185814276338
0.020354770124
0.022152280435
0.0239673405886
0.0257933214307
0.0276236087084
0.0294515807182
0.0312706157565
0.0330740958452
0.0348553918302
0.0366078875959
0.0383249633014
0.0400000028312
0.0416280664504
0.0432109907269
0.044752292335
0.0462554991245
0.0477241352201
0.0491617172956
0.0505717769265
0.0519578233361
0.0533233843744
0.0546719878912
0.0560071505606
0.057332392782
0.0586512461305
0.0599672235548
0.0612838454545
0.0626046508551
0.0639331415296
0.0652728453279
0.0666272938251
0.0680000036955
0.0693937093019
0.0708080008626
0.0722416862845
0.0736935585737
0.0751624405384
0.0766471102834
0.0781463980675
0.0796590894461
0.0811839923263
0.0827199220657
0.0842656567693
0.0858200266957
0.0873818174005
0.0889498516917
0.0905229076743
0.0920998081565
0.0936793386936
0.0952603369951
0.0968415662646
0.098421856761
0.10000000149
0.101575002074
0.103146575391
0.104714654386
0.106279164553
0.107840016484
0.109397128224
0.110950447619
0.112499862909
0.114045314491
0.115586720407
0.117123998702
0.118657074869
0.120185866952
0.121710300446
0.123230293393
0.124745763838
0.126256644726
0.127762839198
0.129264295101
0.130760908127
0.13225261867
0.133739322424
0.135220974684
0.136697471142
0.138168737292
0.139634713531
0.141095295548
0.142550423741
0.144000008702
0.14544403553
0.146882712841
0.148316323757
0.149745121598
0.151169419289
0.152589470148
0.154005527496
0.155417919159
0.156826853752
0.1582326442
0.159635573626
0.161035880446
0.162433877587
0.163829788566
0.165223941207
0.166616603732
0.16800801456
0.169398471713
0.170788243413
0.172177627683
0.173566862941
0.174956217408
0.17634601891
0.177736490965
0.179127916694
0.18052059412
0.181914776564
0.183310732245
0.184708759189
0.186109125614
0.187512099743
0.188917949796
0.190326943994
0.191739395261
0.193155527115
0.194575637579
0.196000009775
0.197428807616
0.198861867189
0.200298935175
0.201739698648
0.203183889389
0.204631268978
0.206081554294
0.207534462214
0.208989739418
0.210447102785
0.211906284094
0.213367030025
0.214829042554
0.216292068362
0.217755824327
0.219220042229
0.220684453845
0.222148805857
0.223612800241
0.225076183677
0.226538673043
0.22800001502
0.229459971189
0.230918541551
0.232375770807
0.233831703663
0.235286399722
0.236739873886
0.23819218576
0.239643365145
0.241093486547
0.242542549968
0.243990644813
0.245437785983
0.246884033084
0.248329415917
0.249773994088
0.251217782497
0.252660870552
0.254103273153
0.255545020103
0.256986200809
0.258426815271
0.259866923094
0.261306554079
0.262745797634
0.264184653759
0.265623182058
0.267061412334
0.268499433994
0.269937247038
0.271374881268
0.27281242609
0.274249881506
0.275687366724
0.27712482214
0.278562366962
0.280000001192
0.281437814236
0.282875776291
0.284313946962
0.28575232625
0.287190943956
0.288629770279
0.290068894625
0.291508257389
0.292947947979
0.294387996197
0.295828312635
0.297269016504
0.298710107803
0.30015155673
0.301593452692
0.303035736084
0.304478496313
0.305921703577
0.30736541748
0.308809608221
0.310254335403
0.311699599028
0.313145428896
0.314591825008
0.316038817167
0.317486405373
0.318934649229
0.320383489132
0.321833044291
0.323283284903
0.324734210968
0.326185822487
0.327638238668
0.329091399908
0.330545306206
0.332000017166
0.333455562592
0.334911882877
0.336369097233
0.337827146053
0.339286029339
0.340745806694
0.342206507921
0.343668073416
0.345130562782
0.346593976021
0.348058372736
0.349523663521
0.350989967585
0.352457225323
0.353925526142
0.355394780636
0.356865078211
0.358336418867
0.359808802605
0.361282199621
0.362756729126
0.364232331514
0.365709006786
0.367186814547
0.368665724993
0.370145797729
0.371627002954
0.373109400272
0.374592930079
0.37607768178
0.377563625574
0.379050791264
0.380539178848
0.38202881813
0.38351970911
0.385011851788
0.386505305767
0.388000011444
0.389496028423
0.390993237495
0.392491489649
0.393990784883
0.395490825176
0.396991670132
0.398493081331
0.399995028973
0.401497334242
0.402999937534
0.404502660036
0.406005442142
0.407508164644
0.409010708332
0.410512894392
0.412014693022
0.41351595521
0.415016531944
0.416516363621
0.41801533103
0.41951328516
0.421010106802
0.422505766153
0.424000024796
0.425492912531
0.426984578371
0.428475260735
0.429965257645
0.431454837322
0.432944148779
0.434433490038
0.435923159122
0.437413364649
0.438904315233
0.440396308899
0.441889613867
0.443384438753
0.444881051779
0.446379691362
0.447880595922
0.449384093285
0.450890302658
0.452399551868
0.453912109137
0.455428183079
0.456948012114
0.458471894264
0.460000008345
0.461532533169
0.463068813086
0.464608162642
0.466149836779
0.467693090439
0.469237178564
0.470781356096
0.472324937582
0.473867177963
0.475407272577
0.476944595575
0.478478312492
0.480007737875
0.481532126665
0.483050733805
0.484562844038
0.486067712307
0.487564593554
0.48905274272
0.490531474352
0.49200001359
0.493457883596
0.494905471802
0.496343553066
0.497772783041
0.499193876982
0.50060749054
0.502014279366
0.503414988518
0.504810333252
0.506200969219
0.507587552071
0.508970797062
0.510351479053
0.511730134487
0.513107597828
0.514484465122
0.515861392021
0.51723921299
0.518618583679
0.520000040531
0.521384298801
0.522771656513
0.524162054062
0.525555789471
0.526952981949
0.528353691101
0.529758036137
0.531166195869
0.532578408718
0.533994615078
0.535415053368
0.536839783192
0.538269042969
0.539702951908
0.541141629219
0.542585134506
0.544033586979
0.54548728466
0.546946167946
0.548410534859
0.549880445004
0.55135601759
0.552837431431
0.554324746132
0.555818140507
0.557317793369
0.55882370472
0.560336172581
0.561855137348
0.56338095665
0.564913630486
0.56645321846
0.568000018597
0.569553911686
0.571114361286
0.572680473328
0.57425147295
0.575826764107
0.577405273914
0.578986465931
0.580569446087
0.582153379917
0.583737611771
0.585321366787
0.586903750896
0.588484048843
0.590061485767
0.591635227203
0.593204557896
0.594768702984
0.596326828003
0.597878158092
0.599421918392
0.600957274437
0.60248363018
0.604000031948
0.605505943298
0.607001662254
0.608487606049
0.609964251518
0.611432015896
0.612891435623
0.614342987537
0.615787029266
0.617224037647
0.618654549122
0.620078980923
0.621497750282
0.622911393642
0.62432038784
0.625725090504
0.62712597847
0.628523647785
0.629918396473
0.631310760975
0.632701218128
0.634090185165
0.635478138924
0.636865496635
0.638252854347
0.639640510082
0.641029000282
0.642418801785
0.643810331821
0.64520406723
0.646600484848
0.648000001907
0.649403095245
0.650809645653
0.652219712734
0.653633236885
0.655050039291
0.656470119953
0.65789347887
0.659320056438
0.660749673843
0.662182331085
0.663618087769
0.665056705475
0.666498243809
0.667942643166
0.669389724731
0.670839548111
0.672292053699
0.673747122288
0.675204694271
0.67666476965
0.678127229214
0.679592072964
0.68105918169
0.682528555393
0.684000015259
0.685473680496
0.686949253082
0.688426613808
0.689905524254
0.691386044025
0.692867815495
0.694350719452
0.695834636688
0.697319328785
0.698804736137
0.700290560722
0.701776742935
0.703263163567
0.704749524593
0.706235766411
0.707721710205
0.709207177162
0.710691988468
0.712176024914
0.71365904808
0.715140998363
0.716621696949
0.718100845814
0.719578444958
0.721054315567
0.722528219223
0.724000036716
0.725469648838
0.726936876774
0.728401660919
0.729864001274
0.731323778629
0.732780873775
0.734235227108
0.735686719418
0.737135350704
0.738580942154
0.740023612976
0.741463005543
0.742899179459
0.744332134724
0.745761632919
0.747187674046
0.748610138893
0.750029027462
0.751444101334
0.752855479717
0.754262983799
0.755666553974
0.757066011429
0.758461356163
0.759852528572
0.761239409447
0.762621939182
0.764000058174
0.765373826027
0.766744077206
0.768111824989
0.769478321075
0.770844399929
0.772211074829
0.773579537868
0.774950861931
0.776325821877
0.777705729008
0.779091536999
0.780484199524
0.781884849072
0.783294558525
0.784714281559
0.786145031452
0.787588000298
0.789044082165
0.790514469147
0.792000055313
0.793501496315
0.795017957687
0.796548128128
0.79809063673
0.799644112587
0.80120742321
0.802779078484
0.804357886314
0.805942475796
0.80753159523
0.809123814106
0.810717880726
0.812312543392
0.813906431198
0.815498232841
0.817086577415
0.818670272827
0.82024794817
0.821818292141
0.823379993439
0.824931681156
0.8264721632
0.828000068665
0.829514324665
0.831015348434
0.832503736019
0.833980083466
0.83544498682
0.836899161339
0.838343083858
0.839777469635
0.841202914715
0.842620015144
0.844029486179
0.845431804657
0.846827685833
0.848217666149
0.849602460861
0.85098272562
0.852358937263
0.853731751442
0.855101823807
0.856469810009
0.857836306095
0.859201908112
0.8605671525
0.861932814121
0.863299489021
0.864667713642
0.866038143635
0.867411375046
0.868788063526
0.870168805122
0.871554255486
0.872945070267
0.874341726303
0.87574493885
0.877155303955
0.878573477268
0.880000054836
0.881435334682
0.882878780365
0.884329319
0.885786056519
0.887247979641
0.888714194298
0.890183806419
0.891655802727
0.893129229546
0.894603252411
0.896076738834
0.897548913956
0.899018764496
0.900485336781
0.901947677135
0.903404831886
0.904855906963
0.906299889088
0.907735943794
0.909162998199
0.910580158234
0.911986529827
0.913381099701
0.914762914181
0.916131079197
0.917484641075
0.918822586536
0.920144081116
0.921448171139
0.922733724117
0.924000024796
0.925246536732
0.926474928856
0.92768740654
0.928886115551
0.930073201656
0.931250870228
0.932421386242
0.933586776257
0.934749245644
0.935911118984
0.937074363232
0.938241302967
0.939414024353
0.940594851971
0.941785752773
0.942989051342
0.944206833839
0.945441305637
0.946694731712
0.947969138622
0.949266850948
0.950589954853
0.951940596104
0.953321039677
0.954733371735
0.956179857254
0.957662582397
0.959183812141
0.960745692253
0.9623503685
0.964000046253
0.96569532156
0.967430353165
0.969197809696
0.970990359783
0.97280049324
0.974620997906
0.976444363594
0.978263378143
0.980070471764
0.981858432293
0.983619868755
0.985347270966
0.987033367157
0.988670825958
0.990252196789
0.991770148277
0.993217289448
0.99458616972
0.995869576931
0.997060060501
0.998150169849
0.999132633209
1.0
1.00074779987
1.00138235092
1.00191307068
1.00234901905
1.00269961357
1.00297403336
1.00318145752
1.0033313036
1.0034327507
1.00349509716
1.00352740288
1.0035392046
1.00353956223
1.00353777409
1.00354301929
1.00356471539
1.00361204147
1.00369417667
1.00382041931
1.00400006771
1.00424039364
1.00454127789
1.00490057468
1.00531613827
1.00578570366
1.00630736351
1.00687897205
1.00749838352
1.00816345215
1.00887203217
1.00962209702
1.01041138172
1.01123785973
1.01209950447
1.01299405098
1.01391935349
1.01487338543
1.01585400105
1.01685917377
1.01788663864
1.01893424988
1.02000010014
1.02108180523
1.02217721939
1.02328407764
1.02440011501
1.02552294731
1.02665042877
1.02778017521
1.02890992165
1.03003752232
1.03116059303
1.03227674961
1.03338384628
1.03447949886
1.03556168079
1.03662776947
1.03767573833
1.0387032032
1.03970777988
1.04068744183
1.04163956642
1.04256224632
1.04345309734
1.04430961609
1.04512965679
1.04591107368
1.04665136337
1.04734861851
1.04800009727
1.04860460758
1.04916465282
1.04968321323
1.05016362667
1.0506093502
1.05102336407
1.05140900612
1.05176961422
1.0521081686
1.05242836475
1.0527330637
1.0530257225
1.0533093214
1.05358743668
1.05386316776
1.05413985252
1.0544205904
1.05470883846
1.05500745773
1.0553201437
1.0556499958
1.05599999428
1.05637288094
1.0567663908
1.05717790127
1.05760478973
1.05804395676
1.05849289894
1.05894839764
1.05940806866
1.05986893177
1.06032812595
1.06078290939
1.06123054028
1.06166815758
1.06209290028
1.06250202656
1.06289279461
1.0632622242
1.06360769272
1.06392633915
1.06421542168
1.06447196007
1.06469333172
1.0648765564
1.0650190115
1.06511771679
1.06517004967
1.06517314911
1.06512403488
1.06502020359
1.064858675
1.0646365881
1.06435132027
1.06400001049
1.06358110905
1.06309831142
1.06255686283
1.06196165085
1.06131768227
1.06063020229
1.0599039793
1.05914449692
1.0583564043
1.05754494667
1.05671513081
1.0558719635
1.05502068996
1.05416619778
1.05331337452
1.05246770382
1.05163395405
1.050817132
1.05002248287
1.04925489426
1.04851961136
1.04782140255
1.04716575146
1.04655718803
1.0460010767
1.04550254345
1.04506635666
1.04469764233
1.04440176487
1.04418337345
1.0440479517
1.04400002956
1.04404330254
1.04417347908
1.04438507557
1.04467213154
1.04502904415
1.04544997215
1.0459291935
1.04646098614
1.04703938961
1.04765892029
1.0483134985
1.04899764061
1.04970550537
1.05043137074
1.05116939545
1.05191373825
1.05265891552
1.05339884758
1.0541280508
1.05484068394
1.05553078651
1.05619287491
1.05682122707
1.05740976334
1.05795288086
1.0584448576
1.0588799715
1.05925238132
1.05955636501
1.05978620052
1.05993592739
1.06000006199
1.05997431278
1.05986130238
1.05966496468
1.05938959122
1.05903923512
1.0586180687
1.05813014507
1.05757975578
1.05697071552
1.05630755424
1.05559420586
1.05483460426
1.05403327942
1.05319404602
1.05232107639
1.05141866207
1.05049061775
1.0495415926
1.04857516289
1.04759573936
1.04660749435
1.04561436176
1.04462051392
1.04363024235
1.04264760017
1.04167664051
1.04072165489
1.03978645802
1.03887557983
1.03799271584
1.03714239597
1.03632855415
1.03555524349
1.03482675552
1.03414714336
1.03352057934
1.03295111656
1.03244280815
1.03200006485
1.03162527084
1.03131508827
1.03106486797
1.03086960316
1.03072428703
1.03062427044
1.030564785
1.03054070473
1.03054726124
1.03057980537
1.03063309193
1.03070271015
1.03078353405
1.03087067604
1.03095936775
1.03104484081
1.03112208843
1.03118634224
1.03123271465
1.0312564373
1.0312525034
1.03121614456
1.03114235401
1.03102648258
1.0308637619
1.03064906597
1.03037774563
1.03004467487
1.02964532375
1.02917456627
1.02862787247
1.02799999714
1.02728784084
1.02649390697
1.02562236786
1.02467703819
1.02366232872
1.02258205414
1.02144050598
1.02024161816
1.01898944378
1.01768827438
1.01634180546
1.01495456696
1.01353037357
1.01207327843
1.01058745384
1.00907707214
1.00754594803
1.00599837303
1.00443840027
1.00287008286
1.0012973547
0.999724507332
0.998155593872
0.996594548225
0.995045602322
0.993512749672
0.992000043392
0.990511655807
0.98905134201
0.987623095512
0.986230671406
0.984878182411
0.983569264412
0.982307851315
0.981097877026
0.979943215847
0.978847682476
0.977815210819
0.976849734783
0.97595500946
0.975134909153
0.974393486977
0.973734378815
0.973161637783
0.972679078579
0.972290575504
0.972000062466
0.971809744835
0.971715569496
0.971711874008
0.97179299593
0.97195327282
0.972187042236
0.972488641739
0.972852349281
0.973272502422
0.973743498325
0.974259614944
0.974815189838
0.975404500961
0.976022005081
0.976661980152
0.977318704128
0.977986514568
0.978659808636
0.979332864285
0.980000019073
0.980656981468
0.981304585934
0.98194527626
0.982581198215
0.983214795589
0.983848154545
0.984483599663
0.985123574734
0.98577016592
0.986425817013
0.987092673779
0.987773120403
0.988469362259
0.989183783531
0.989918529987
0.990675926208
0.99145835638
0.992268025875
0.993107199669
0.993978202343
0.994883298874
0.995824754238
0.996804893017
0.997825980186
0.998890221119
1.0
1.00115573406
1.00234985352
1.00357317924
1.00481641293
1.00607025623
1.00732553005
1.00857257843
1.00980257988
1.01100587845
1.01217329502
1.01329553127
1.01436328888
1.01536726952
1.01629829407
1.017146945
1.01790380478
1.0185598135
1.01910555363
1.01953172684
1.01982903481
1.01998829842
1.02000010014
1.01985836029
1.0195697546
1.01914429665
1.01859200001
1.01792263985
1.01714622974
1.01627278328
1.01531207561
1.01427412033
1.0131688118
1.01200604439
1.01079595089
1.00954830647
1.00827312469
1.00698018074
1.00567960739
1.00438117981
1.00309503078
1.00183081627
1.00059878826
0.99940854311
0.998270332813
0.997193813324
0.996189117432
0.995266139507
0.994434773922
0.993704974651
0.993086636066
0.992589771748
0.992224276066
0.992000043392
0.991924285889
0.991993069649
0.992199718952
0.992537379265
0.992999613285
0.993579506874
0.994270443916
0.995065748692
0.99595862627
0.996942400932
0.998010456562
0.999156057835
1.00037252903
1.00165295601
1.00299096107
1.00437963009
1.00581240654
1.00728237629
1.00878310204
1.01030766964
1.01184952259
1.01340186596
1.01495802402
1.01651132107
1.01805496216
1.01958239079
1.02108693123
1.02256166935
1.02400004864
1.02539646626
1.02674901485
1.02805745602
1.02932083607
1.03053891659
1.0317107439
1.03283596039
1.03391396999
1.03494405746
1.03592562675
1.03685808182
1.03774094582
1.03857326508
1.03935492039
1.04008495808
1.04076313972
1.04138839245
1.04196035862
1.0424785614
1.04294216633
1.04335057735
1.04370355606
1.04400002956
1.04424011707
1.04442584515
1.04455947876
1.04464364052
1.0446805954
1.04467284679
1.04462301731
1.04453325272
1.0444060564
1.04424405098
1.04404962063
1.04382526875
1.0435731411
1.0432959795
1.04299616814
1.04267609119
1.04233813286
1.04198491573
1.04161882401
1.04124224186
1.04085755348
1.04046750069
1.04007411003
1.03968012333
1.03928792477
1.03889977932
1.0385184288
1.03814613819
1.03778541088
1.03743863106
1.03710830212
1.03679680824
1.03650665283
1.03624033928
1.03600001335
1.03578782082
1.03560221195
1.03544139862
1.03530371189
1.03518688679
1.03508925438
1.03500878811
1.03494369984
1.0348918438
1.03485167027
1.03482091427
1.03479790688
1.03478074074
1.03476727009
1.034755826
1.0347443819
1.03473114967
1.03471410275
1.03469145298
1.03466105461
1.03462135792
1.03457009792
1.0345056057
1.03442597389
1.03432917595
1.03421330452
1.03407657146
1.03391695023
1.03373253345
1.03352153301
1.03328204155
1.03301203251
1.03270959854
1.0323728323
1.03200006485
1.03158986568
1.0311447382
1.03066730499
1.03016090393
1.02962839603
1.02907264233
1.02849686146
1.02790403366
1.02729690075
1.02667880058
1.02605247498
1.02542078495
1.02478730679
1.02415442467
1.02352547646
1.02290332317
1.02229106426
1.02169156075
1.02110791206
1.02054309845
1.02000010014
1.0194811821
1.01898646355
1.01851499081
1.01806628704
1.01763939857
1.01723384857
1.01684868336
1.01648342609
1.01613712311
1.01580929756
1.01549899578
1.01520562172
1.01492846012
1.01466667652
1.01441979408
1.01418697834
1.01396751404
1.0137604475
1.0135654211
1.01338160038
1.01320815086
1.01304459572
1.01288998127
1.01274359226
1.01260483265
1.01247298717
1.01234734058
1.01222705841
1.01211154461
1.01200008392
1.01189219952
1.01178908348
1.01169204712
1.01160264015
1.01152217388
1.01145207882
1.0113940239
1.01134908199
1.01131892204
1.01130485535
1.01130831242
1.01133084297
1.01137375832
1.01143848896
1.01152646542
1.01163911819
1.01177799702
1.01194429398
1.012139678
1.01236534119
1.01262295246
1.01291370392
1.01323914528
1.01360070705
1.01399981976
1.01443779469
1.01491630077
1.01543653011
1.01600003242
1.01660656929
1.01724994183
1.01792216301
1.01861524582
1.01932144165
1.02003276348
1.02074122429
1.02143895626
1.02211821079
1.02277076244
1.02338898182
1.02396500111
1.02449047565
1.02495801449
1.02535939217
1.02568697929
1.02593243122
1.02608823776
1.02614629269
1.02609884739
1.02593767643
1.02565515041
1.02524328232
1.02469420433
1.02400004864
1.02315688133
1.02217745781
1.02107846737
1.01987671852
1.01858913898
1.01723241806
1.01582336426
1.01437878609
1.01291537285
1.01144993305
1.00999927521
1.00858032703
1.00720965862
1.00590419769
1.00468063354
1.00355577469
1.00254642963
1.00166940689
1.00094151497
1.00037944317
1.0
0.999815642834
0.999820947647
1.00000619888
1.00036156178
1.00087738037
1.0015437603
1.00235116482
1.00328958035
1.00434935093
1.00552070141
1.00679397583
1.00815939903
1.00960695744
1.0111271143
1.01271009445
1.01434612274
1.01602554321
1.01773834229
1.01947486401
1.02122557163
1.02298033237
1.02472949028
1.02646350861
1.02817249298
1.02984678745
1.03147625923
1.03305160999
1.03456270695
1.03600001335
1.03735637665
1.03863489628
1.03984177113
1.04098260403
1.04206335545
1.04309010506
1.04406857491
1.04500460625
1.04590427876
1.04677319527
1.04761755466
1.0484431982
1.04925572872
1.05006146431
1.0508660078
1.05167531967
1.05249536037
1.05333197117
1.05419099331
1.05507838726
1.05599999428
1.05695998669
1.05795526505
1.05898058414
1.06003129482
1.06110239029
1.06218874454
1.06328558922
1.06438791752
1.06549060345
1.06658899784
1.0676779747
1.06875276566
1.0698081255
1.07083928585
1.07184123993
1.07280898094
1.07373774052
1.07462251186
1.07545804977
1.0762398243
1.07696270943
1.07762157917
1.07821166515
1.0787280798
1.07916581631
1.0795198679
1.07978522778
1.07995700836
1.08003020287
1.08000004292
1.07986366749
1.07962739468
1.07929968834
1.07888913155
1.07840418816
1.07785344124
1.07724535465
1.07658851147
1.07589137554
1.07516241074
1.07441031933
1.07364332676
1.07287025452
1.07209944725
1.07133948803
1.07059884071
1.06988608837
1.06920969486
1.06857812405
1.0680000782
1.06748223305
1.06702518463
1.06662774086
1.06628847122
1.06600654125
1.06578040123
1.06560921669
1.06549143791
1.06542611122
1.06541192532
1.06544756889
1.06553220749
1.06566429138
1.0658428669
1.06606650352
1.06633412838
1.06664466858
1.06699681282
1.0673892498
1.06782102585
1.06829071045
1.06879711151
1.06933927536
1.06991589069
1.07052564621
1.07116758823
1.07184028625
1.07254254818
1.07327342033
1.07403147221
1.0748155117
1.07562434673
1.07645690441
1.07731211185
1.07818841934
1.07908475399
1.08000004292
