0.0
-1.21801695059e-05
-7.07766548658e-06
-3.35179083777e-06
-9.8758130207e-07
0.0
-3.74083811039e-07
-2.1098326215e-06
-5.22220989296e-06
-9.69625216385e-06
-1.554692426e-05
-2.27592590818e-05
-3.13332602673e-05
-4.12838890043e-05
-5.25961804669e-05
-6.51803638902e-05
-7.89616096881e-05
-9.38651137403e-05
-0.000109801076178
-0.000126619881485
-0.000144201825606
-0.000162367345183
-0.000181011666427
-0.000199910384254
-0.000218913832214
-0.000237797590671
-0.000256397033809
-0.000274502701359
-0.000291890115477
-0.000308379734633
-0.000323762040352
-0.000337842560839
-0.000350441696355
-0.000361349986633
-0.000370417779777
-0.000377480493626
-0.00038241839502
-0.000385096820537
-0.000385381164961
-0.000383211445296
-0.000378542899853
-0.000371315574739
-0.000361499609426
-0.000349109963281
-0.00033422143315
-0.0003168489784
-0.000297067454085
-0.000274996476946
-0.000250800745562
-0.000224629853619
-0.000196618449991
-0.000167005986441
-0.000136016868055
-0.000103890561149
-7.08664374542e-05
-3.72138565581e-05
-3.23208405462e-06
3.07796144625e-05
6.45369364065e-05
9.77406161837e-05
0.000130076427013
0.000161230113008
0.000190917417058
0.000218824061449
0.000244680733886
0.000268203119049
0.000289136834908
0.00030722754309
0.000322265725117
0.000334056850988
0.000342391431332
0.000347119843354
0.000348152330844
0.000345354172168
0.000338650599588
0.000328026624629
0.00031346725882
0.00029500250821
0.000272647244856
0.000246506271651
0.000216729196836
0.000183435739018
0.000146790480358
0.00010700293933
6.4312487666e-05
1.89884940482e-05
-2.87146722258e-05
-7.84977455623e-05
-0.000130016574985
-0.00018292698951
-0.00023691476963
-0.000291590840789
-0.000346566201188
-0.000401466764743
-0.00045590341324
-0.000509487173986
-0.000561829016078
-0.000612539763097
-0.00066121557029
-0.000707527156919
-0.000751070561819
-0.000791516446043
-0.000828520860523
-0.000861754408106
-0.000890962954145
-0.000915816985071
-0.000936062482651
-0.000951504625846
-0.000961919140536
-0.000967111380305
-0.000966931809671
-0.000961260753684
-0.000950023240875
-0.000933144590817
-0.000910534930881
-0.00088222429622
-0.000848257506732
-0.000808664481156
-0.00076349003939
-0.000712884066161
-0.00065695104422
-0.000595885619987
-0.000529822369572
-0.000459000846604
-0.000383645383408
-0.000304025394144
-0.000220395217184
-0.000133054127218
-4.23313249485e-05
5.14589664817e-05
0.000147987550008
0.000246865383815
0.000347748311469
0.000450247258414
0.000553988211323
0.000658552104142
0.00076357985381
0.000868622621056
0.000973306247033
0.00107722671237
0.00117997999769
0.0012811771594
0.00138038420118
0.00147725699935
0.00157140649389
0.00166245840956
0.0017500538379
0.00183383363765
0.00191348360386
0.00198868941516
0.00205910694785
0.00212449673563
0.00218457472511
0.00223908596672
0.00228779180907
0.00233051204123
0.00236705271527
0.00239723385312
0.00242092064582
0.00243799388409
0.00244837836362
0.00245198467746
0.00244876765646
0.00243869726546
0.00242180353962
0.00239808671176
0.00236760638654
0.00233042240143
0.00228666956536
0.00223643751815
0.00217984616756
0.00211710482836
0.00204837811179
0.00197387556545
0.00189380673692
0.00180841085967
0.00171795743518
0.00162273063324
0.00152298493776
0.00141903455369
0.00131119368598
0.00119980657473
0.00108515727334
0.000967635132838
0.000847554241773
0.000725273683202
0.000601152714808
0.000475550274132
0.000348810717696
0.000221307986067
9.33862829697e-05
-3.46102351614e-05
-0.000162322452525
-0.000289406190859
-0.000415547256125
-0.000540401495527
-0.000663684506435
-0.000785067211837
-0.000904250366148
-0.00102097948547
-0.00113498524297
-0.00124602834694
-0.0013538391795
-0.00145823857747
-0.00155901676044
-0.00165597931482
-0.00174894649535
-0.00183779897634
-0.00192241661716
-0.00200266530737
-0.00207843957469
-0.00214969506487
-0.00221635680646
-0.00227842479944
-0.00233580940403
-0.00238856999204
-0.00243669212796
-0.00248022051528
-0.00251918518916
-0.00255364575423
-0.00258367718197
-0.00260936934501
-0.00263079674914
-0.00264807930216
-0.00266132201068
-0.00267065898515
-0.00267618056387
-0.0026780362241
-0.00267636030912
-0.00267127272673
-0.00266289315186
-0.00265135639347
-0.00263679702766
-0.00261932006106
-0.00259902956896
-0.0025760459248
-0.0025504285004
-0.00252229743637
-0.00249171233736
-0.00245871813968
-0.00242337491363
-0.00238569709472
-0.0023457298521
-0.00230344338343
-0.00225885258988
-0.00221192766912
-0.00216263835318
-0.00211092503741
-0.00205672765151
-0.00199998682365
-0.00194061209913
-0.00187852920499
-0.00181364803575
-0.00174586405046
-0.00167510239407
-0.00160124327522
-0.00152422697283
-0.00144394859672
-0.00136034830939
-0.00127335137222
-0.00118292786647
-0.00108904775698
-0.00099168124143
-0.000890858180355
-0.000786623393651
-0.000679021992255
-0.000568143499549
-0.000454122782685
-0.00033713929588
-0.000217372609768
-9.50023240875e-05
2.96573634841e-05
0.000156307185534
0.000284617941361
0.000414245441789
0.000544785754755
0.000675759918522
0.000806719239336
0.000937199627515
0.00106666260399
0.00119452446233
0.00132024649065
0.00144324521534
0.00156293716282
0.0016787085915
0.00178994622547
0.0018960662419
0.0019964852836
0.00209061964415
0.00217790110037
0.00225779041648
0.00232979399152
0.00239349296317
0.00244842329994
0.00249419617467
0.00253051239997
0.00255717709661
0.0025739360135
0.00258060963824
0.00257722800598
0.00256383582018
0.00254050805233
0.0025073341094
0.00246467371471
0.00241291546263
0.00235243351199
0.00228370679542
0.00220737885684
0.0021241675131
0.00203482131474
0.00194007356185
0.00184089643881
0.00173829263076
0.00163323502056
0.00152678566519
0.0014200520236
0.00131421629339
0.00121044542175
0.0011099067051
0.00101379700936
0.000923313666135
0.000839653599542
0.000763953954447
0.000697307172231
0.000640760699753
0.000595331948716
0.000562008528505
0.000541583576705
0.000534730381332
0.000542167166714
0.000564537360333
0.000602140265983
0.000655170355458
0.000723867153283
0.000808335258625
0.000908305402845
0.00102337356657
0.00115318072494
0.00129721791018
0.00145458756015
0.00162425695453
0.00180519383866
0.00199629087001
0.00219603651203
0.00240280013531
0.00261498056352
0.00283087184653
0.00304851378314
0.00326581159607
0.00348071521148
0.00369111471809
0.003894751193
0.00408934941515
0.00427260575816
0.00444221543148
0.00459594884887
0.00473157642409
0.00484683923423
0.00493956683204
0.00500781508163
0.00504972739145
0.00506340386346
0.00504710897803
0.00499949557707
0.00491935154423
0.00480549549684
0.00465681962669
0.00447288993746
0.00425340747461
0.0039980430156
0.00370667665266
0.00337987695821
0.00301837758161
0.00262292590924
0.00219445046969
0.00173458177596
0.0012451603543
0.000727997045033
0.00018508170615
-0.000380966928788
-0.000967350846622
-0.00157130160369
-0.0021899016574
-0.00281975395046
-0.00345738744363
-0.00409925542772
-0.00474181165919
-0.00538127031177
-0.00601374171674
-0.00663537858054
-0.0072423373349
-0.00783081632107
-0.00839702878147
-0.0089372061193
-0.00944763608277
-0.00992499757558
-0.0103660123423
-0.0107674635947
-0.0111262397841
-0.0114398868755
-0.0117061007768
-0.0119225746021
-0.0120872016996
-0.0121987387538
-0.0122561231256
-0.012258307077
-0.0122044691816
-0.0120947435498
-0.0119294729084
-0.0117090037093
-0.0114339469001
-0.0111058149487
-0.010726314038
-0.0102972099558
-0.00982043333352
-0.00929870642722
-0.00873496197164
-0.00813210289925
-0.0074932128191
-0.00682188244537
-0.00612189667299
-0.00539702689275
-0.0046510589309
-0.00388812250458
-0.00311237736605
-0.00232796836644
-0.00153907050844
-0.00074979866622
3.57474491466e-05
0.000813482678495
0.00157935183961
0.00232967431657
0.00306082842872
0.00376919377595
0.00445129815489
0.00510423909873
0.0057251881808
0.00631140777841
0.00686026317999
0.00736988522112
0.00783852208406
0.00826446898282
0.00864619854838
0.00898293405771
0.00927412137389
0.0095191905275
0.0097177401185
0.00987014174461
0.00997690483928
0.0100385835394
0.0100558670238
0.0100300693884
0.0099626602605
0.00985511764884
0.00970901641995
0.009526418522
0.0093094650656
0.00906030926853
0.00878118351102
0.00847453903407
0.00814293697476
0.00778887420893
0.00741493934765
0.00702367769554
0.00661772210151
0.00619966117665
0.00577205372974
0.00533732306212
0.00489787943661
0.00445608654991
0.0040142936632
0.00357450568117
0.00313872774132
0.00270890537649
0.00228693895042
0.00187432451639
0.00147249863949
0.00108286796603
0.000706779013854
0.000345159671269
-1.1521781289e-06
-0.000331318558892
-0.000644576328341
-0.000940551399253
-0.00121894455515
-0.00147947156802
-0.00172189273871
-0.00194629828911
-0.00215282244608
-0.00234161503613
-0.00251287058927
-0.00266699306667
-0.00280444649979
-0.0029256795533
-0.00303117115982
-0.00312150479294
-0.00319729419425
-0.00325916777365
-0.00330773880705
-0.0033436359372
-0.00336751737632
-0.0033800418023
-0.00338182249106
-0.0033734429162
-0.00335551681928
-0.00332859787159
-0.00329325441271
-0.00324996514246
-0.0031991947908
-0.0031414211262
-0.00307706394233
-0.00300649669953
-0.00293004885316
-0.00284807966091
-0.00276088807732
-0.00266877375543
-0.00257196091115
-0.00247071869671
-0.00236530206166
-0.00225591985509
-0.00214281189255
-0.00202620238997
-0.0019063311629
-0.00178345199674
-0.0016578346258
-0.00152974843513
-0.00139947747812
-0.00126736611128
-0.00113378826063
-0.000999103067443
-0.000863699649926
-0.000728056882508
-0.000592668482568
-0.000458028225694
-0.000324629916577
-0.000193072133698
-6.39832942397e-05
6.20530263404e-05
0.000184393386007
0.000302394386381
0.000415352726122
0.0005226249923
0.000623522908427
0.000717388000339
0.000803561939392
0.000881386338733
0.000950232730247
0.00100954750087
0.0010587918805
0.001097442233
0.00112501962576
0.00114115013275
0.00114556436893
0.00113796303049
0.00111810665112
0.00108595029451
0.0010415391298
0.000984887825325
0.000916101271287
0.000835508748423
0.000743513985071
0.000640536192805
0.000527024210896
0.000403711223044
0.000271390308626
0.000130839558551
-1.70881485246e-05
-0.000171360312379
-0.000330824754201
-0.000494404113851
-0.000660901365336
-0.000829059456009
-0.000997501891106
-0.0011649269145
-0.00132994283922
-0.00149118783884
-0.00164721079636
-0.00179661985021
-0.0019379935693
-0.00207001529634
-0.0021913680248
-0.00230070529506
-0.00239677005447
-0.00247845496051
-0.0025447125081
-0.00259446585551
-0.00262675667182
-0.00264086714014
-0.00263615348376
-0.00261197285727
-0.00256778602488
-0.00250336900353
-0.00241861655377
-0.00231340900064
-0.00218773190863
-0.00204192916863
-0.00187647913117
-0.00169181649107
-0.00148849433754
-0.00126744084992
-0.00102964323014
-0.000776149099693
-0.000508005789015
-0.000226649892284
6.64522522129e-05
0.000369804300135
0.000681879988406
0.00100091355853
0.00132509460673
0.00165258266497
0.00198155199178
0.00231005740352
0.0026361385826
0.00295779085718
0.00327308359556
0.00358005682938
0.00387681019492
0.00416139839217
0.00443195039406
0.00468673137948
0.00492406543344
0.0051422608085
0.00533971749246
0.00551508786157
0.0056671006605
0.00579449813813
0.00589608447626
0.00597106618807
0.00601869449019
0.0060382662341
0.00602915370837
0.00599116133526
0.00592415593565
0.00582806114107
0.00570287788287
0.00554900988936
0.00536701036617
0.00515738874674
0.00492078857496
0.00465822638944
0.00437082489952
0.00405970728025
0.0037260542158
0.00337140797637
0.0029973690398
0.00260553858243
0.00219757785089
0.00177540164441
0.0013409408275
0.000896140234545
0.000443005003035
-1.63998338394e-05
-0.000479934533359
-0.000945474370383
-0.00141092436388
-0.00187412986998
-0.00233299611136
-0.00278539815918
-0.00322925602086
-0.00366259459406
-0.00408346904442
-0.0044899485074
-0.00488014752045
-0.00525237619877
-0.00560503220186
-0.00593647081405
-0.00624514976516
-0.00652981223539
-0.00678924703971
-0.00702225603163
-0.00722773326561
-0.00740489922464
-0.00755303679034
-0.00767145678401
-0.00775953056291
-0.00781700480729
-0.00784369930625
-0.00783943478018
-0.00780413625762
-0.00773807335645
-0.0076416041702
-0.00751507421955
-0.00735891703516
-0.0071739400737
-0.0069610113278
-0.00672096945345
-0.00645475648344
-0.00616364460438
-0.00584893487394
-0.00551194511354
-0.00515406671911
-0.00477691553533
-0.00438216747716
-0.00397154316306
-0.00354673340917
-0.00310962391086
-0.00266215996817
-0.0022062715143
-0.00174387393054
-0.00127697247081
-0.000807572097983
-0.000337707897415
0.000130659987917
0.000595571356826
0.00105511082802
0.00150734838098
0.00195041310508
0.00238259974867
0.00280221691355
0.00320761906914
0.00359718990512
0.00396958272904
0.00432352581993
0.00465773232281
0.00497100548819
0.00526246102527
0.00553129287437
0.00577669218183
0.00599796976894
0.0061947084032
0.00636665197089
0.00651348708197
0.00663500512019
0.00673130946234
0.00680259475484
0.00684904074296
0.00687091704458
0.00686876196414
0.00684314547107
0.00679469387978
0.00672402139753
0.00663201231509
0.00651954766363
0.00638751126826
0.00623684516177
0.00606859754771
0.0058838292025
0.00568361999467
0.00546906050295
0.00524124363437
0.00500133587047
0.00475043058395
0.00448964908719
0.00422009918839
0.0039428435266
0.00365897384472
0.00336953741498
0.00307550770231
0.00277782650664
0.00247748242691
0.00217535719275
0.00187228957657
0.00156907201745
0.00126645329874
0.00096522597596
0.000666018808261
0.000369415240129
7.6043754234e-05
-0.000213542007259
-0.000498833309393
-0.00077941105701
-0.0010548265418
-0.00132464570925
-0.00158853933681
-0.00184619333595
-0.00209726346657
-0.00234145042486
-0.00257849972695
-0.00280817225575
-0.00303021352738
-0.00324436905794
-0.00345044443384
-0.00364820007235
-0.00383742642589
-0.00401788437739
-0.0041893646121
-0.00435161218047
-0.00450440309942
-0.00464748265222
-0.00478059658781
-0.00490347575396
-0.00501582026482
-0.00511736189947
-0.00520778540522
-0.00528677692637
-0.00535400724038
-0.00540917692706
-0.0054519274272
-0.00548192858696
-0.00549885211512
-0.00550235388801
-0.00549211911857
-0.00546784838662
-0.00542922830209
-0.00537597341463
-0.00530784530565
-0.00522463396192
-0.00512614520267
-0.00501218438148
-0.00488269142807
-0.00473765190691
-0.00457703508437
-0.00440082652494
-0.00420925114304
-0.00400253199041
-0.00378089514561
-0.00354463863187
-0.00329427164979
-0.00303034833632
-0.00275345123373
-0.00246419478208
-0.00216344627552
-0.00185213377699
-0.00153121480253
-0.00120166200213
-0.000864717236254
-0.000521682319231
-0.000173829263076
0.000177480324055
0.000530705205165
0.000884244334884
0.00123649660964
0.0015858609695
0.00193057174329
0.00226884824224
0.00259892479517
0.00291900592856
0.00322732562199
0.00352207385004
0.00380146945827
0.00406376225874
0.00430733570829
0.00453057372943
0.00473192101344
0.0049098348245
0.00506308954209
0.00519053265452
0.00529099674895
0.00536341918632
0.00540717225522
0.00542174652219
0.00540661858395
0.0053613842465
0.00528620835394
0.00518137495965
0.00504716904834
0.00488402321935
0.00469295633957
0.00447516469285
0.00423181569204
0.00396422622725
0.00367432599887
0.00336413574405
0.0030357351061
0.00269129360095
0.00233345991001
0.00196503242478
0.00158880883828
0.00120761734433
0.000824675196782
0.000443229451776
6.65420302539e-05
-0.000302110071061
-0.000659390061628
-0.00100193114486
-0.00132635154296
-0.00162934453692
-0.00190781254787
-0.00215871795081
-0.00237902346998
-0.00256581092253
-0.0027166865766
-0.00282937544398
-0.00290163350292
-0.00293138064444
-0.00291734491475
-0.00285844923928
-0.00275360094383
-0.0026019923389
-0.00240377290174
-0.00215934636071
-0.00186914717779
-0.00153383333236
-0.00115517084487
-0.000735209381673
-0.000275984057225
0.00022021564655
0.000750067993067
0.00130995176733
0.00189627567306
0.00250525423326
0.003132233629
0.00377235072665
0.0044207428582
0.00507241208106
0.0057218959555
0.00636352505535
0.00699170166627
0.00760075449944
0.00818496849388
0.00873858295381
0.00925588142127
0.00973119214177
0.0101592931896
0.0105350529775
0.0108533380553
0.0111092263833
0.0112987076864
0.0114179654047
0.0114632146433
0.011430984363
0.0113190580159
0.0111256269738
0.0108487894759
0.0104870954528
0.0100406492129
0.00950995832682
0.00889550335705
0.00819822680205
0.0074207005091
0.00656591868028
0.00563691928983
0.00463706813753
0.00357136316597
0.00244511640631
0.00126372999512
3.28595233441e-05
-0.00124058162328
-0.00254933629185
-0.00388616207056
-0.00524363759905
-0.00661356234923
-0.00798755791038
-0.009357242845
-0.0107141947374
-0.0120498677716
-0.0133556602523
-0.0146230114624
-0.0158434361219
-0.0170090664178
-0.0181121062487
-0.0191447865218
-0.0200996436179
-0.0209703743458
-0.0217509847134
-0.0224354676902
-0.0230182744563
-0.0234954860061
-0.0238636601716
-0.0241193231195
-0.0242595002055
-0.0242832154036
-0.0241899639368
-0.0239792671055
-0.0236511342227
-0.0232075918466
-0.0226511787623
-0.0219844579697
-0.0212103873491
-0.020333789289
-0.0193599145859
-0.0182940009981
-0.017141642049
-0.0159098282456
-0.0146058481187
-0.0132370451465
-0.0118109183386
-0.010335771367
-0.00882013328373
-0.00727251870558
-0.00570147112012
-0.00411569979042
-0.00252392841503
-0.000934925221372
0.000642690923996
0.00220076506957
0.00373129127547
0.00522623490542
0.00667780032381
0.00807925220579
0.00942406896502
0.0107057699934
0.0119181601331
0.0130565427244
0.0141165014356
0.0150936385617
0.0159839875996
0.0167851559818
0.0174952112138
0.0181121658534
0.0186344757676
0.0190622191876
0.0193958859891
0.0196359734982
0.0197833180428
0.0198402386159
0.0198094584048
0.0196936428547
0.0194957666099
0.0192199777812
0.0188706722111
0.0184522811323
0.0179693996906
0.0174273680896
0.0168316923082
0.0161878783256
0.0155015243217
0.0147784948349
0.0140246860683
0.0132460230961
0.0124484011903
0.0116374781355
0.0108189228922
0.0099983625114
0.0091813178733
0.00837269891053
0.00757727725431
0.00679984083399
0.00604496989399
0.00531631428748
0.00461739115417
0.00395164173096
0.00332229817286
0.0027315299958
0.00218122289516
0.00167330680415
0.00120942795184
0.000790109857917
0.000415666989284
8.63684690557e-05
-0.000197755667614
-0.000437678041635
-0.000634610769339
-0.000789780751802
-0.000904609507415
-0.000981341581792
-0.00102241593413
-0.00103027164005
-0.00100749754347
-0.000957220618147
-0.000882703170646
-0.000787206983659
-0.000674069102388
-0.000546865630895
-0.00040918783634
-0.000264686736045
-0.000116953568067
3.04803488689e-05
0.000174098604475
0.000310429721139
0.000436047033872
0.000547928037122
0.000643124920316
0.000718704774044
0.000771899474785
0.000800524372607
0.000802574388217
0.000776044384111
0.000719138712157
0.000630780123174
0.000510175537784
0.000356471951818
0.000169026025105
-5.19078712387e-05
-0.000305925728753
-0.00059254874941
-0.000911178416573
-0.00126033322886
-0.0016383373877
-0.00204356014729
-0.00247413036413
-0.00292755011469
-0.00340109528042
-0.00389208784327
-0.00439768424258
-0.0049145934172
-0.00543938810006
-0.00596865685657
-0.00649891328067
-0.00702646141872
-0.00754757458344
-0.00805848371238
-0.0085554914549
-0.00903494749218
-0.00949324481189
-0.00992673262954
-0.010331925936
-0.0107056507841
-0.0110448850319
-0.0113465450704
-0.0116077614948
-0.0118262711912
-0.0119999945164
-0.0121268099174
-0.0122048584744
-0.0122330635786
-0.0122105898336
-0.0121365804225
-0.0120104243979
-0.0118324495852
-0.011603211984
-0.0113232480362
-0.0109933661297
-0.0106152864173
-0.0101909562945
-0.0097223483026
-0.00921163428575
-0.00866177584976
-0.00807599071413
-0.00745748030022
-0.00680959736928
-0.00613630609587
-0.00544170755893
-0.00472996057943
-0.00400524074212
-0.00327206635848
-0.00253506121226
-0.00179880450014
-0.00106791954022
-0.000346940301824
0.000359539437341
0.00104697083589
0.00171055307146
0.00234689679928
0.00295167020522
0.00352090853266
0.00405079405755
0.00453826133162
0.00498040532693
0.00537432497367
0.00571739953011
0.00600793911144
0.00624452158809
0.00642574066296
0.0065504447557
0.00661863107234
0.00663058552891
0.00658659264445
0.0064872042276
0.00633417163044
0.00612947065383
0.00587511947379
0.00557339331135
0.00522756855935
0.00484117632732
0.00441777845845
0.00396109977737
0.00347562972456
0.00296605122276
0.00243706279434
0.00189342256635
0.00134030811023
0.000783001421951
0.000226769087021
-0.000323136424413
-0.000861478038132
-0.00138304836582
-0.00188262527809
-0.00235512130894
-0.00279591302387
-0.00320049491711
-0.00356436427683
-0.00388324144296
-0.0041536684148
-0.00437245890498
-0.00453639635816
-0.00464254617691
-0.00468912813812
-0.00467466004193
-0.00459763268009
-0.00445689074695
-0.00425253948197
-0.00398505851626
-0.00365486578085
-0.00326275476255
-0.00281078880653
-0.00230133230798
-0.00173679541331
-0.00111982529052
-0.000454207445728
0.000255958148045
0.00100663152989
0.0017934886273
0.00261145713739
0.00345518020913
0.00431936047971
0.00519856717438
0.00608691945672
0.00697847781703
0.00786722451448
0.00874722190201
0.00961296632886
0.0104575576261
0.0112755000591
0.0120609709993
0.0128085846081
0.013513058424
0.0141691425815
0.0147717474028
0.0153166977689
0.0157999843359
0.0162176098675
0.016565868631
0.016842180863
0.0170442909002
0.0171698927879
0.0172170568258
0.0171851255
0.0170737691224
0.0168826580048
0.0166118200868
0.016262575984
0.0158365685493
0.0153354462236
0.0147611824796
0.0141169056296
0.0134060271084
0.0126319872215
0.0117984227836
0.0109099447727
0.00997132342309
0.00898736342788
0.0079630324617
0.0069038067013
0.00581534253433
0.00470325071365
0.00357321859337
0.00243106600828
0.00128264364321
0.000133802299388
-0.00100966717582
-0.00214224332012
-0.00325850932859
-0.00435298867524
-0.00542038446292
-0.00645656930283
-0.0074560069479
-0.0084147118032
-0.00932845287025
-0.010193827562
-0.0110077280551
-0.0117670111358
-0.0124688185751
-0.0131113408133
-0.0136930383742
-0.0142123959959
-0.0146681293845
-0.0150600457564
-0.0153882615268
-0.0156528539956
-0.0158541556448
-0.0159934889525
-0.016072390601
-0.0160924289376
-0.0160553473979
-0.0159636549652
-0.0158200412989
-0.0156272146851
-0.0153879886493
-0.0151056544855
-0.0147836245596
-0.0144250541925
-0.0140338987112
-0.0136135229841
-0.0131675647572
-0.0126997046173
-0.0122135309502
-0.0117125343531
-0.0112001542002
-0.0106798317283
-0.0101549178362
-0.00962836202234
-0.00910302158445
-0.00858176779002
-0.0080673256889
-0.00756186340004
-0.00706743076444
-0.00658606458455
-0.00611964613199
-0.00566943502054
-0.00523656792939
-0.0048221363686
-0.00442711263895
-0.00405187066644
-0.00369664980099
-0.00336165912449
-0.00304686208256
-0.00275220815092
-0.00247703609057
-0.00222082063556
-0.00198300927877
-0.00176267360803
-0.00155882537365
-0.0013704476878
-0.00119653774891
-0.00103589787614
-0.000887301808689
-0.000749521947
-0.000621331797447
-0.000501519127283
-0.00038887176197
-0.000282163004158
-0.000180240662303
-8.20126660983e-05
1.34935808092e-05
0.000107325562567
0.000200440656045
0.000293616758427
0.000387542007957
0.000482949864818
0.00058051320957
0.000680695811752
0.000783871568274
0.00089052633848
0.00100091693457
0.0011152732186
0.00123378937133
0.00135658553336
0.00148382561747
0.00161555490922
0.00175180332735
0.00189260020852
0.0020379612688
0.00218793028034
0.00234252377413
0.00250177062117
0.00266574579291
0.00283453939483
0.00300830090418
0.0031871648971
0.00337131228298
0.00356099614874
0.00375651591457
0.0039581861347
0.00416632182896
0.00438132509589
0.00460363179445
0.00483369128779
0.00507193570957
0.00531879998744
0.00557477772236
0.00584030291066
0.00611582351848
0.00640168460086
0.0066981697455
0.0070056100376
0.00732424203306
0.00765406573191
0.0079950094223
0.00834703817964
0.0087099596858
0.00908324774355
0.00946623273194
0.00985826924443
0.0102585908026
0.0106659140438
0.0110788177699
0.011495904997
0.0119156381115
0.0123359058052
0.0127544924617
0.013169169426
0.0135775404051
0.0139767639339
0.0143638299778
0.014735750854
0.0150894224644
0.0154213728383
0.0157280620188
0.0160059239715
0.0162513684481
0.0164606831968
0.0166300982237
0.0167558752
0.016834301874
0.0168618466705
0.0168350227177
0.0167503580451
0.0166045036167
0.0163946468383
0.0161181371659
0.0157723147422
0.0153547264636
0.0148638160899
0.0142982974648
0.0136568211019
0.0129383904859
0.0121431834996
0.0112722143531
0.010324944742
0.00930269621313
0.00820768624544
0.00704250624403
0.00580970849842
0.00451223179698
0.00315443030559
0.00174101837911
0.000276738835964
-0.00123339390848
-0.00278303399682
-0.00436553824693
-0.00597424805164
-0.00760226277635
-0.00924175884575
-0.0108846351504
-0.0125228045508
-0.0141473067924
-0.0157510209829
-0.0173244290054
-0.0188587475568
-0.0203452557325
-0.0217754077166
-0.0231407172978
-0.0244326647371
-0.0256429817528
-0.0267642624676
-0.0277892742306
-0.0287108253688
-0.0295218471438
-0.0302175581455
-0.0307927466929
-0.0312424618751
-0.0315622314811
-0.0317496880889
-0.0318028368056
-0.0317198112607
-0.0314992442727
-0.0311420597136
-0.0306501816958
-0.0300243273377
-0.0292669106275
-0.028382262215
-0.027375260368
-0.0262508075684
-0.0250142663717
-0.0236729346216
-0.0222345981747
-0.0207077655941
-0.0190991945565
-0.0174189843237
-0.0156769733876
-0.0138829732314
-0.0120469229296
-0.0101794125512
-0.00829205289483
-0.00639370363206
-0.00449594203383
-0.00260916771367
-0.000743765209336
0.00108988105785
0.00288165500388
0.00462242821231
0.00630243867636
0.00791456364095
0.00944944284856
0.0109002115205
0.0122603746131
0.0135234929621
0.0146829662845
0.015736175701
0.0166789870709
0.0175079870969
0.018220262602
0.0188150759786
0.0192922521383
0.0196513682604
0.0198932774365
0.0200200378895
0.020034538582
0.019939661026
0.0197387207299
0.0194367077202
0.0190391913056
0.0185513570905
0.0179790183902
0.0173290595412
0.0166086498648
0.0158249698579
0.0149853201583
0.0140975518152
0.0131700728089
0.0122100189328
0.0112257441506
0.0102250985801
0.00921589694917
0.00820593349636
0.00720284273848
0.00621359888464
0.00524540059268
0.00430406723171
0.00339656998403
0.00252820970491
0.00170404394157
0.000929085421376
0.0002080067934
-0.0004559555382
-0.00105963123497
-0.00160078809131
-0.00207657995634
-0.00248607504182
-0.0028287039604
-0.00310386833735
-0.00331136863679
-0.00345241138712
-0.00352859869599
-0.00354148610495
-0.00349296978675
-0.00338606792502
-0.0032242317684
-0.00301067112014
-0.00274897017516
-0.00244346447289
-0.00209871865809
-0.00171928014606
-0.00130977237131
-0.000875190540683
-0.000420637545176
4.88294899696e-05
0.000528138014488
0.00101230479777
0.00149640708696
0.00197547744028
0.00244469661266
0.00289973663166
0.00333642447367
0.00375053985044
0.00413809996098
0.00449591409415
0.00482105091214
0.00511051621288
0.00536161381751
0.00557264825329
0.00574219878763
0.00586882792413
0.00595138035715
0.00598979229107
0.00598424114287
0.0059349690564
0.00584240444005
0.00570802483708
0.00553355133161
0.00532073620707
0.00507147284225
0.00478851329535
0.00447467109188
0.00413316208869
0.00376693485305
0.00337959220633
0.0029748310335
0.00255639129318
0.0021280136425
0.00169363280293
0.00125719851349
0.000822442758363
0.000393695547245
-2.55651375483e-05
-0.000431718275649
-0.000821142806672
-0.00119035085663
-0.00153658527415
-0.00185671052895
-0.00214811693877
-0.00240822858177
-0.00263527804054
-0.00282782502472
-0.002984107472
-0.00310292467475
-0.00318394647911
-0.00322710792534
-0.00323227792978
-0.00319961970672
-0.00313032814302
-0.00302573037334
-0.00288733025081
-0.00271669472568
-0.00251633743756
-0.00228886678815
-0.00203720689751
-0.00176412938163
-0.00147301773541
-0.00116782577243
-0.00085209554527
-0.000529403507244
-0.00020416166808
0.000119675663882
0.000438097020378
0.000746671285015
0.00104163738433
0.0013186277356
0.00157375459094
0.00180320104118
0.00200318265706
0.00217053457163
0.00230165873654
0.00239344011061
0.00244340067729
0.00244924821891
0.00240866257809
0.00231968658045
0.00218113302253
0.001992353471
0.00175230042078
0.00146071263589
0.00111777707934
0.00072469265433
0.000282069551758
-0.00020928880258
-0.000746751087718
-0.00132848019712
-0.00195148086641
-0.00261379522271
-0.00331122963689
-0.00404071202502
-0.00479779951274
-0.00557931838557
-0.00637992843986
-0.00719567853957
-0.00802106317133
-0.00885203946382
-0.0096826851368
-0.010508146137
-0.0113235637546
-0.0121229710057
-0.0129018472508
-0.0136542739347
-0.014375699684
-0.0150603689253
-0.0157038364559
-0.0163015928119
-0.0168485157192
-0.0173402875662
-0.0177731886506
-0.0181431788951
-0.0184467323124
-0.0186803732067
-0.0188414212316
-0.0189275760204
-0.0189363453537
-0.0188657809049
-0.0187147855759
-0.0184825789183
-0.0181680880487
-0.0177713129669
-0.0172926783562
-0.0167330950499
-0.0160934459418
-0.0153745189309
-0.0145794758573
-0.0137104932219
-0.0127701470628
-0.0117612713948
-0.0106877218932
-0.00955355167389
-0.00836284458637
-0.00711989076808
-0.00582975149155
-0.00449767848477
-0.0031289246399
-0.00172889546957
-0.00030349046574
0.00114127574489
0.00259938859381
0.00406477134675
0.00553118344396
0.00699159363285
0.00844118185341
0.00987295247614
0.0112808151171
0.0126580847427
0.0140000153333
0.0153000149876
0.0165520850569
0.0177520830184
0.01889407821
0.0199725031853
0.0209839679301
0.0219234600663
0.022787604481
0.0235718004405
0.0242735147476
0.0248902793974
0.0254190061241
0.0258575491607
0.0262046977878
0.0264593325555
0.0266205780208
0.026687739417
0.0266611445695
0.0265418384224
0.0263304505497
0.0260280612856
0.02563681826
0.0251591540873
0.0245974902064
0.023954520002
0.0232338681817
0.0224394518882
0.021575698629
0.0206455811858
0.0196542926133
0.018607031554
0.0175093170255
0.0163653027266
0.0151816271245
0.0139629282057
0.0127154709771
0.0114456210285
0.0101580983028
0.00886010564864
0.00755698559806
0.00625403458253
0.00495829153806
0.00367419444956
0.00240873801522
0.00116689247079
-4.68366779387e-05
-0.00122619618196
-0.00236681639217
-0.00346387084574
-0.00451385509223
-0.00551175186411
-0.00645427824929
-0.00733778532594
-0.00815961696208
-0.00891775451601
-0.00960896350443
-0.0102315060794
-0.0107843643054
-0.0112667940557
-0.0116780651733
-0.0120179252699
-0.0122866034508
-0.012485364452
-0.0126152103767
-0.0126774162054
-0.0126743428409
-0.0126086613163
-0.0124830408022
-0.0123003739864
-0.0120645258576
-0.0117795877159
-0.0114496434107
-0.0110788103193
-0.0106723215431
-0.0102351559326
-0.00977247115225
-0.0092892460525
-0.00879146158695
-0.00828454457223
-0.00777391670272
-0.00726568326354
-0.00676513463259
-0.00627762172371
-0.00580913573503
-0.00536464387551
-0.00494951754808
-0.00456811720505
-0.00422560190782
-0.0039261947386
-0.00367374508642
-0.00347166089341
-0.00332316360436
-0.00323144020513
-0.00319826276973
-0.00322507182136
-0.00331327482127
-0.00346396374516
-0.00367669714615
-0.00395057955757
-0.00428467011079
-0.00467774923891
-0.00512693682685
-0.00562886940315
-0.00618020258844
-0.00677725300193
-0.00741520617157
-0.00808773562312
-0.00878952909261
-0.00951515045017
-0.0102567151189
-0.0110076349229
-0.0117600811645
-0.0125060938299
-0.0132382865995
-0.0139478659257
-0.0146264107898
-0.0152655327693
-0.0158568937331
-0.0163921322674
-0.016862925142
-0.0172610767186
-0.0175792612135
-0.0178105011582
-0.01794735156
-0.0179832279682
-0.0179129354656
-0.0177316460758
-0.0174347665161
-0.0170178655535
-0.0164790116251
-0.0158168561757
-0.0150300879031
-0.0141179468483
-0.0130823273212
-0.011925984174
-0.0106509551406
-0.00926179718226
-0.00776328332722
-0.00616385648027
-0.00446885544807
-0.00268658227287
-0.000827085052151
0.00109879032243
0.00308022717945
0.00510596949607
0.0071628568694
0.00923823844641
0.0113161792979
0.0133849158883
0.0154273351654
0.0174304097891
0.0193778406829
0.0212544761598
0.0230454318225
0.0247358679771
0.0263118594885
0.0277571436018
0.0290605183691
0.0302080530673
0.0311886817217
0.0319898873568
0.0326028168201
0.0330193415284
0.0332313366234
0.0332316793501
0.0330168604851
0.0325846076012
0.031932875514
0.0310600623488
0.0299697108567
0.0286662969738
0.0271531622857
0.0254362747073
0.023527842015
0.0214371401817
0.0191778484732
0.0167599450797
0.0142010711133
0.0115186339244
0.00873002503067
0.00585340475664
0.00290975812823
-7.92977589299e-05
-0.00309363706037
-0.00610825838521
-0.00910310819745
-0.0120518356562
-0.0149340126663
-0.017723724246
-0.0204014349729
-0.0229425020516
-0.025327321142
-0.0275324359536
-0.0295416731387
-0.0313362367451
-0.0328978188336
-0.0342116244137
-0.0352654233575
-0.0360484048724
-0.0365506373346
-0.0367632135749
-0.036683563143
-0.0363104566932
-0.035641901195
-0.0346794500947
-0.0334300138056
-0.0319010987878
-0.0301027707756
-0.028044808656
-0.0257438980043
-0.0232177637517
-0.0204841271043
-0.0175640136003
-0.0144787235186
-0.0112564899027
-0.00791915599257
-0.00449619116262
-0.00101483496837
0.0024955808185
0.00600572163239
0.00948613975197
0.012907220982
0.0162376631051
0.0194495264441
0.0225156042725
0.0254067126662
0.0280973389745
0.030564295128
0.0327814146876
0.0347320660949
0.0363963209093
0.0377571098506
0.0387988723814
0.0395142585039
0.0398953929543
0.039935387671
0.039630305022
0.0389846861362
0.0380030088127
0.0366915203631
0.0350583679974
0.0331212505698
0.0308971479535
0.0284024402499
0.0256617870182
0.0226988214999
0.0195451173931
0.0162277687341
0.0127773601562
0.00923110451549
0.00562330521643
0.00199000048451
-0.0016302340664
-0.00520066684112
-0.00868248101324
-0.0120352674276
-0.0152226882055
-0.0182084161788
-0.0209563523531
-0.0234292112291
-0.0255935229361
-0.0274227876216
-0.0288874525577
-0.0299602821469
-0.0306176338345
-0.0308436080813
-0.0306236241013
-0.0299435872585
-0.0287936888635
-0.0271730683744
-0.025086838752
-0.0225342009217
-0.019524179399
-0.016075802967
-0.0122080361471
-0.00794123858213
-0.00330203422345
0.00167598517146
0.00695236865431
0.0124918324873
0.018253814429
0.0241824183613
0.0302347596735
0.0363531447947
0.0424843765795
0.0485727339983
0.0545582398772
0.0603781603277
0.0659728422761
0.0712732225657
0.0762282386422
0.0807745680213
0.0848533511162
0.0884126350284
0.091399140656
0.0937594473362
0.095441378653
0.096405595541
0.0966141745448
0.0960299670696
0.0946179404855
0.0923577994108
0.0892326459289
0.0852301642299
0.0803390741348
0.0745598971844
0.067906960845
0.0603925250471
0.0520311594009
0.0428513586521
0.0329037383199
0.022220082581
0.0108542824164
-0.00114435178693
-0.0137013215572
-0.026754014194
-0.0402260385454
-0.0540338680148
-0.0680934488773
-0.0823071226478
-0.09658331424
-0.110829912126
-0.12494328618
-0.138812825084
-0.152334854007
-0.165417686105
-0.177943944931
-0.189809471369
-0.200920522213
-0.211168646812
-0.220462605357
-0.228718414903
-0.235835939646
-0.241743758321
-0.246369302273
-0.249648556113
-0.251515209675
-0.251922875643
-0.250841528177
-0.248241171241
-0.24409070611
-0.238388568163
-0.231144025922
-0.222379013896
-0.212101086974
-0.200354889035
-0.187195450068
-0.172697424889
-0.156910359859
-0.139918610454
-0.121834166348
-0.102762460709
-0.082800462842
-0.0620809495449
-0.0407312847674
-0.0188993401825
0.00328621920198
0.0256671924144
0.0480998270214
0.0704291537404
0.0924995020032
0.114147365093
0.135231211782
0.155598342419
0.175096645951
0.193580508232
0.210938721895
0.227025195956
0.241728812456
0.254935860634
0.266566962004
0.276539862156
0.284762233496
0.291198074818
0.295810610056
0.298567473888
0.29944524169
0.298305749893
0.29533174634
0.290549427271
0.284004092216
0.275775581598
0.265955865383
0.254621684551
0.241883203387
0.227854549885
0.212685599923
0.196486458182
0.179411634803
0.161615625024
0.143245711923
0.124466620386
0.105435572565
0.086301535368
0.0672313347459
0.0483825691044
0.0299086887389
0.0119293918833
-0.00540986238047
-0.0219681188464
-0.0376534536481
-0.052352886647
-0.0659475624561
-0.0783281624317
-0.0894450247288
-0.099264241755
-0.107738621533
-0.114831857383
-0.120545007288
-0.124882668257
-0.127849161625
-0.129467949271
-0.129786610603
-0.128856837749
-0.126730233431
-0.123477004468
-0.119183264673
-0.113938100636
-0.10782712698
-0.100953325629
-0.093419700861
-0.0853353366256
-0.0768022537231
-0.067926697433
-0.0587846077979
-0.0495439209044
-0.0403048209846
-0.0311732366681
-0.022239940241
-0.0136001789942
-0.00534209609032
0.00245994352736
0.00972968712449
0.0163979679346
0.0224044080824
0.0277020670474
0.0322499610484
0.0360019393265
0.0389370061457
0.041038993746
0.0422984324396
0.0427042841911
0.0422643944621
0.0409959964454
0.0389176905155
0.0360469706357
0.032421246171
0.0280803330243
0.0230675116181
0.0174207556993
0.0112027637661
0.0044655771926
-0.0027304966934
-0.010319407098
-0.0182360690087
-0.0264145620167
-0.0347935892642
-0.043299626559
-0.0518745556474
-0.0604481622577
-0.0689507722855
-0.0773226320744
-0.085503064096
-0.0934323817492
-0.101047769189
-0.108297035098
-0.115127563477
-0.121494963765
-0.127348914742
-0.132646903396
-0.137357696891
-0.141445487738
-0.144883051515
-0.147641867399
-0.149706736207
-0.151064649224
-0.151703104377
-0.151613995433
-0.150799572468
-0.149269297719
-0.146954238415
-0.143932402134
-0.140224665403
-0.135849922895
-0.130830645561
-0.125191792846
-0.118958972394
-0.112165980041
-0.104853875935
-0.0970458388329
-0.0887949690223
-0.0801350921392
-0.071121186018
-0.0617959201336
-0.0522052496672
-0.0424132794142
-0.0324644744396
-0.0224170796573
-0.0123235639185
-0.00222988403402
0.00781521666795
0.0177578963339
0.0275443550199
0.0371478497982
0.0465263053775
0.0556399859488
0.064433157444
0.0728726759553
0.0809180811048
0.0885254368186
0.0956600829959
0.102288730443
0.108395986259
0.113969050348
0.118989765644
0.123456768692
0.127331033349
0.130533486605
0.133178502321
0.135253444314
0.136757269502
0.137691438198
0.13805937767
0.137867823243
0.137134417892
0.135887235403
0.134157806635
0.131978288293
0.129384368658
0.12641812861
0.123061187565
0.119295798242
0.11525233835
0.110960781574
0.106446594
0.101743996143
0.0968878120184
0.0919120386243
0.086854532361
0.0817572697997
0.0766579434276
0.0715968906879
0.0666017904878
0.0617067851126
0.0569421760738
0.052323628217
0.0478348024189
0.0435409545898
0.0394606404006
0.0356145054102
0.0320110246539
0.0286637470126
0.0255812052637
0.0227739159018
0.0202466156334
0.0179981477559
0.0160295497626
0.0143396286294
0.0129249151796
0.0117751983926
0.0108807487413
0.0102319298312
0.00981608591974
0.00961755495518
0.00961971841753
0.00980591680855
0.0101585350931
0.0106576941907
0.0112832887098
0.012014741078
0.0128311831504
0.0137111451477
0.014630577527
0.015571648255
0.0165127683431
0.017432808876
0.0183130763471
0.0191334020346
0.0198735836893
0.0205174162984
0.0210487674922
0.0214458368719
0.0216971859336
0.0217911973596
0.0217172708362
0.0214645434171
0.0210237074643
0.0203892719001
0.0195570252836
0.0185224469751
0.0172827783972
0.0158383399248
0.0141919599846
0.0123445242643
0.0103006567806
0.00806617271155
0.00564905349165
0.00305531942286
0.000295289471978
-0.00262011541054
-0.0056801722385
-0.00887586455792
-0.0121909407899
-0.0156179722399
-0.019129967317
-0.0227013900876
-0.026325494051
-0.0299880672246
-0.0336693450809
-0.0373560339212
-0.041030395776
-0.0446752496064
-0.0482792854309
-0.0518279224634
-0.0553142912686
-0.0587302073836
-0.0620703026652
-0.0652764067054
-0.0683307573199
-0.071266323328
-0.0740702450275
-0.076731570065
-0.0792395547032
-0.0815895497799
-0.0837777480483
-0.0858123525977
-0.0876996964216
-0.089452445507
-0.0909977257252
-0.0923337936401
-0.0935287028551
-0.0945739895105
-0.0954606756568
-0.0961831435561
-0.0967431291938
-0.0971465781331
-0.0974049270153
-0.0975321680307
-0.0975148305297
-0.0972338989377
-0.0968283489347
-0.0962837710977
-0.0955839455128
-0.094715051353
-0.0936682149768
-0.092441432178
-0.0910352244973
-0.0894528031349
-0.087696403265
-0.0856465697289
-0.0833886787295
-0.0809368789196
-0.0782702416182
-0.0753732398152
-0.0722327828407
-0.0688424706459
-0.0651964172721
-0.061296209693
-0.0571454837918
-0.0527406968176
-0.0480306856334
-0.0430790632963
-0.0379033088684
-0.0325056537986
-0.0268877688795
-0.0210629943758
-0.0150439739227
-0.00884420517832
-0.00248169689439
0.00402248604223
0.01064812392
0.0173751190305
0.0241759642959
0.0309841297567
0.0377845279872
0.04454953596
0.0512517541647
0.057853974402
0.0643310323358
0.0706461295485
0.0767718851566
0.0826785266399
0.0883343890309
0.0937133878469
0.0987939536572
0.103552274406
0.107961118221
0.112004481256
0.115666463971
0.118931204081
0.121783643961
0.124215118587
0.126217842102
0.127785772085
0.12891459465
0.129607930779
0.129837170243
0.129646629095
0.129042685032
0.12804068625
0.126653924584
0.124896891415
0.122787170112
0.12034470588
0.117593571544
0.114554047585
0.111247770488
0.107671499252
0.103878445923
0.0998930484056
0.0957448109984
0.0914589166641
0.0870599746704
0.0825738236308
0.0780303254724
0.0734468773007
0.068851403892
0.0642669275403
0.0597115010023
0.0552098117769
0.0507782027125
0.0464332960546
0.0421981289983
0.0380844548345
0.0341095067561
0.0302805230021
0.0266163162887
0.0231234319508
0.019807798788
0.0166761018336
0.0137308668345
0.0109658185393
0.00838126521558
0.00597923435271
0.00375852780417
0.00171785964631
-0.000149829764268
-0.00184966856614
-0.00338838086464
-0.0047710603103
-0.00600552046672
-0.00710237026215
-0.00807206239551
-0.0089251305908
-0.00967364571989
-0.0103184459731
-0.0108791505918
-0.0113680250943
-0.0117943258956
-0.0121664134786
-0.0124925132841
-0.0127809029073
-0.0130406692624
-0.0132804913446
-0.0135076977313
-0.0137300835922
-0.0139495665208
-0.0141599969938
-0.0143813546747
-0.0146143706515
-0.0148592106998
-0.0151166878641
-0.0153857460245
-0.0156651306897
-0.0159540828317
-0.0162529814988
-0.0165616907179
-0.0168636087328
-0.0171553660184
-0.0174460504204
-0.0177290029824
-0.0179968215525
-0.0182423405349
-0.0184595193714
-0.0186436455697
-0.0187914241105
-0.0189007055014
-0.0189693644643
-0.0189616438001
-0.0189037788659
-0.0187898986042
-0.0186143796891
-0.0183725338429
-0.0180605072528
-0.0176781192422
-0.0172276981175
-0.0167123619467
-0.0161347948015
-0.0154929133132
-0.0147767867893
-0.0140091702342
-0.0131928119808
-0.012332206592
-0.0114350616932
-0.0105129294097
-0.00957713555545
-0.00863979011774
-0.00771490950137
-0.00681929197162
-0.00596943078563
-0.00517552578822
-0.00445563206449
-0.00383361033164
-0.00333090359345
-0.0029701446183
-0.00277395080775
-0.00276711699553
-0.00297560612671
-0.00342547893524
-0.00414235377684
-0.00515315681696
-0.00648350361735
-0.00816096458584
-0.010214548558
-0.0126584777609
-0.0155271356925
-0.0188506692648
-0.0226570609957
-0.0269696675241
-0.031810104847
-0.0371920801699
-0.0431372523308
-0.0496557056904
-0.0567584633827
-0.0644467249513
-0.0727217793465
-0.0815852060914
-0.0910304784775
-0.101044125855
-0.111602194607
-0.122685365379
-0.134272262454
-0.146319195628
-0.158773481846
-0.17159357667
-0.184718385339
-0.198085695505
-0.211609691381
-0.225202873349
-0.238790184259
-0.252258628607
-0.265501052141
-0.278391808271
-0.290819823742
-0.302658140659
-0.313750684261
-0.323968350887
-0.333163410425
-0.341187536716
-0.347889721394
-0.353116124868
-0.356718480587
-0.358551353216
-0.35847261548
-0.356338053942
-0.352012425661
-0.345382928848
-0.336334139109
-0.324762552977
-0.310564011335
-0.293694645166
-0.274094521999
-0.25170943141
-0.226520448923
-0.198566615582
-0.167879521847
-0.134477540851
-0.0984766632318
-0.0599702186882
-0.0190987102687
0.0240088086575
0.069163993001
0.11615268141
0.164738863707
0.214451178908
0.265037149191
0.316204309464
0.367598891258
0.418867856264
0.469616889954
0.519466519356
0.56797003746
0.614744663239
0.659384250641
0.701473534107
0.74064719677
0.776550531387
0.808827280998
0.837132096291
0.860027968884
0.878121495247
0.891149461269
0.898795187473
0.900776028633
0.896901071072
0.886995315552
0.870911359787
0.848610281944
0.820132434368
0.785546302795
0.744904398918
0.698428332806
0.645789980888
0.587620913982
0.524563014507
0.456976532936
0.385179877281
0.309625506401
0.230779707432
0.149163126945
0.065410554409
-0.0199895724654
-0.106431983411
-0.193206846714
-0.279729902744
-0.36519625783
-0.44857403636
-0.529358208179
-0.606900632381
-0.680599033833
-0.749822735786
-0.814010322094
-0.872545063496
-0.924901664257
-0.970711052418
-1.00952875614
-1.04099035263
-1.06484496593
-1.08091270924
-1.08899962902
-1.08894908428
-1.07968592644
-1.06239366531
-1.03713011742
-1.00399518013
-0.963286459446
-0.915288746357
-0.860329568386
-0.798780739307
-0.731198728085
-0.658124506474
-0.580063998699
-0.497635543346
-0.411533236504
-0.322490036488
-0.231200665236
-0.138316035271
-0.0446830429137
0.0489860028028
0.141940802336
0.233397513628
0.322667956352
0.409065067768
0.491788327694
0.570008397102
0.643182575703
0.71074193716
0.772189557552
0.827057361603
0.87493532896
0.915413916111
0.948150217533
0.972958266735
0.989679396152
0.998134016991
0.998253881931
0.990120589733
0.973837971687
0.949495971203
0.917300701141
0.87760168314
0.830756545067
0.777097046375
0.717089474201
0.651265799999
0.580219388008
0.504479587078
0.424708127975
0.341568678617
0.255759984255
0.168062731624
0.0790778398514
-0.0103620495647
-0.0995510593057
-0.187744066119
-0.274176508188
-0.358187615871
-0.439078062773
-0.516151964664
-0.588747799397
-0.656370103359
-0.718395233154
-0.774301409721
-0.823639035225
-0.86605733633
-0.901224672794
-0.928765416145
-0.948484838009
-0.960291326046
-0.964095890522
-0.959810078144
-0.947479307652
-0.927291870117
-0.899408876896
-0.86400192976
-0.821405947208
-0.772000730038
-0.716226696968
-0.654507339001
-0.587320029736
-0.515296638012
-0.439004391432
-0.359081566334
-0.276139140129
-0.190918281674
-0.104122549295
-0.0164121799171
0.0715087130666
0.158890336752
0.245067730546
0.329333782196
0.410978466272
0.489420562983
0.564041078091
0.63418841362
0.699345588684
0.759055733681
0.812867760658
0.860331296921
0.901075184345
0.934845864773
0.961448013783
0.980627715588
0.992256164551
0.996324300766
0.992851793766
0.981851458549
0.963420987129
0.937773764133
0.905166149139
0.865846455097
0.82009100914
0.768341302872
0.71106672287
0.648613810539
0.58154541254
0.51034373045
0.435605704784
0.357854604721
0.277703225613
0.195713981986
0.112538568676
0.0287881307304
-0.0549760684371
-0.13817179203
-0.220178321004
-0.300457328558
-0.378408700228
-0.453581392765
-0.525496721268
-0.593642532825
-0.657632291317
-0.717057526112
-0.771601915359
-0.82099121809
-0.864887356758
-0.903159439564
-0.935635447502
-0.962193071842
-0.982723355293
-0.997242212296
-1.00578784943
-1.00842523575
-1.00522899628
-0.996364116669
-0.98203676939
-0.962481319904
-0.93791860342
-0.908637702465
-0.87500500679
-0.837332367897
-0.795960724354
-0.751269459724
-0.703647971153
-0.653514802456
-0.601234316826
-0.547195255756
-0.491786509752
-0.435398519039
-0.378440767527
-0.3212261796
-0.264119774103
-0.207428053021
-0.151467517018
-0.0965208858252
-0.0428039804101
0.00941268540919
0.0599131658673
0.108576714993
0.155267462134
0.199807137251
0.242154240608
0.282208681107
0.319981694221
0.355425983667
0.38853853941
0.419368892908
0.447985649109
0.474429428577
0.498771846294
0.521115243435
0.541564524174
0.560224831104
0.577205896378
0.592624425888
0.606597542763
0.619242727757
0.630669295788
0.64097481966
0.650256037712
0.658605456352
0.666106581688
0.672817468643
0.678782224655
0.684063434601
0.688686013222
0.692655920982
0.695974767208
0.698642790318
0.700640141964
0.70192450285
0.702449381351
0.702170729637
0.701027750969
0.698945879936
0.695850253105
0.691664040089
0.686305642128
0.679692804813
0.671741783619
0.662369191647
0.651498556137
0.639052927494
0.624966919422
0.609171152115
0.591604828835
0.572246551514
0.551039755344
0.527968525887
0.502998828888
0.476161390543
0.447437644005
0.416848480701
0.384446889162
0.350275784731
0.314374834299
0.276837229729
0.23773214221
0.197185382247
0.155264019966
0.112114839256
0.0678478702903
0.0226100869477
-0.0234297644347
-0.0701461657882
-0.117353498936
-0.164898589253
-0.212606474757
-0.260279655457
-0.307736039162
-0.354832172394
-0.401313394308
-0.447037398815
-0.491796940565
-0.535429239273
-0.577730238438
-0.618518352509
-0.65764015913
-0.694895744324
-0.730160474777
-0.763256371021
-0.794053196907
-0.822395145893
-0.848186314106
-0.871290326118
-0.891592979431
-0.909038007259
-0.923540890217
-0.935025632381
-0.943448185921
-0.948782086372
-0.951013326645
-0.950130522251
-0.946126639843
-0.939046978951
-0.928940176964
-0.915255665779
-0.898614227772
-0.879089355469
-0.856764256954
-0.831732332706
-0.80405163765
-0.773863255978
-0.741282045841
-0.706436038017
-0.669475018978
-0.630519449711
-0.589785337448
-0.547434151173
-0.503649652004
-0.45863121748
-0.412595003843
-0.365757018328
-0.318355441093
-0.270554095507
-0.222617298365
-0.174699887633
-0.12704205513
-0.0796887949109
-0.0329578444362
0.0129722813144
0.0579162947834
0.101682081819
0.144084095955
0.184938028455
0.2240562886
0.261252045631
0.296363115311
0.329257935286
0.359818339348
0.387940168381
0.413548588753
0.436614394188
0.456781119108
0.474093288183
0.488720059395
0.50059735775
0.5096976161
0.515970468521
0.519391298294
0.519976437092
0.517796933651
0.512946367264
0.505535364151
0.495693236589
0.483601510525
0.468835622072
0.451873630285
0.432942926884
0.412138938904
0.389571607113
0.365410804749
0.33980473876
0.312976449728
0.285150170326
0.256593108177
0.227493941784
0.197865307331
0.167827367783
0.137728869915
0.107700280845
0.0779320821166
0.0486633777618
0.0200800318271
-0.00758854718879
-0.0341603048146
-0.0594612285495
-0.0833475217223
-0.105700619519
-0.126491010189
-0.145541965961
-0.162707567215
-0.177838101983
-0.190820038319
-0.20155133307
-0.21001277864
-0.216211482882
-0.219834789634
-0.22111043334
-0.219997003675
-0.216437637806
-0.210416913033
-0.201964914799
-0.191142946482
-0.178063929081
-0.162854060531
-0.145269930363
-0.125624135137
-0.103901065886
-0.0802121385932
-0.0546985529363
-0.0275437552482
0.00107010640204
0.0309859383851
0.0620258823037
0.094202324748
0.127448797226
0.161586627364
0.196345105767
0.23146545887
0.266758710146
0.302096277475
0.337103456259
0.37169060111
0.406089544296
0.439993739128
0.473061531782
0.505067765713
0.535847961903
0.565369844437
0.593243896961
0.619053959846
0.643427312374
0.666027843952
0.68654936552
0.704775631428
0.720642983913
0.734251916409
0.745483636856
0.7532736063
0.758757412434
0.761645257473
0.761706888676
0.758827328682
0.753035247326
0.744477689266
0.733377218246
0.718755662441
0.701207518578
0.680956542492
0.657873034477
0.631963014603
0.603298604488
0.572092473507
0.538560390472
0.502908051014
0.464495152235
0.423903763294
0.381233781576
0.336628258228
0.290198892355
0.242160797119
0.192783117294
0.142287150025
0.090898014605
0.0388190038502
-0.0139426533133
-0.0672263130546
-0.120877496898
-0.174606561661
-0.228205785155
-0.281370669603
-0.333838820457
-0.385376870632
-0.435835212469
-0.484959721565
-0.532655477524
-0.578395783901
-0.622073054314
-0.663842916489
-0.70344543457
-0.740700542927
-0.77536123991
-0.807261645794
-0.836196959019
-0.862026333809
-0.884653329849
-0.90400236845
-0.91998898983
-0.932546496391
-0.941663503647
-0.947317540646
-0.949482023716
-0.948131263256
-0.942577362061
-0.93357872963
-0.921148657799
-0.905318439007
-0.886147022247
-0.863745093346
-0.838203549385
-0.809643745422
-0.778198897839
-0.744035243988
-0.707341969013
-0.668278455734
-0.627064526081
-0.583896636963
-0.539015889168
-0.492624044418
-0.444999337196
-0.396337002516
-0.346879839897
-0.296921402216
-0.246656805277
-0.196350321174
-0.146268472075
-0.0966084823012
-0.047623090446
0.000469448277727
0.04744874686
0.0930731296539
0.137191474438
0.179583981633
0.220092326403
0.258539378643
0.294782727957
0.328681200743
0.360127002001
0.388986229897
0.415194272995
0.438673019409
0.459369808435
0.476886630058
0.491495519876
0.503184974194
0.511949062347
0.517794489861
0.520753502846
0.520868241787
0.518175840378
0.512730240822
0.504607200623
0.493896633387
0.480681687593
0.465068161488
0.447180747986
0.427147716284
0.405100822449
0.381188035011
0.35557577014
0.328405380249
0.299542814493
0.269493997097
0.238467648625
0.206620693207
0.174127981067
0.141159176826
0.10787447542
0.0744531974196
0.0410938709974
0.00798239558935
-0.0246968436986
-0.0567778982222
-0.0880581736565
-0.118335962296
-0.147247463465
-0.17468303442
-0.200486138463
-0.224460765719
-0.2464415133
-0.266264766455
-0.283789634705
-0.298884063959
-0.311427563429
-0.321329832077
-0.32852357626
-0.332440763712
-0.333366751671
-0.331308066845
-0.326200246811
-0.317982643843
-0.306630373001
-0.292180776596
-0.274672418833
-0.254167020321
-0.230766907334
-0.204412087798
-0.175364643335
-0.143952712417
-0.110323496163
-0.0746804848313
-0.0371743775904
0.00196319585666
0.0424712598324
0.0841551870108
0.126776427031
0.169752106071
0.212730422616
0.255414396524
0.297494977713
0.338636219501
0.378517895937
0.416835457087
0.45336741209
0.487906873226
0.51978802681
0.548375308514
0.573921442032
0.596111893654
0.614626824856
0.629236876965
0.639819502831
0.646293282509
0.648618340492
0.646471083164
0.639269769192
0.627844274044
0.612095236778
0.591992497444
0.56757581234
0.538932681084
0.506259977818
0.469831645489
0.429689526558
0.385804653168
0.339160084724
0.290032923222
0.238585531712
0.185143083334
0.130023270845
0.0735729411244
0.0161573719233
-0.0418739467859
-0.0998515859246
-0.157248720527
-0.213732615113
-0.268919944763
-0.322474718094
-0.374030828476
-0.423308253288
-0.470081359148
-0.51413500309
-0.554460704327
-0.591007530689
-0.623817503452
-0.652589559555
-0.677128493786
-0.697292149067
-0.713020443916
-0.724292635918
-0.731169521809
-0.733752906322
-0.730784833431
-0.723588585854
-0.712196886539
-0.69665235281
-0.677026867867
-0.653458237648
-0.626177430153
-0.595443487167
-0.561529695988
-0.52475976944
-0.484863191843
-0.442669302225
-0.398667424917
-0.353108882904
-0.306261092424
-0.258410334587
-0.209862902761
-0.160959094763
-0.111976742744
-0.0632507950068
-0.0150915738195
0.0322017930448
0.0781019628048
0.122386917472
0.164795637131
0.205140769482
0.243172556162
0.27867937088
0.311537712812
0.341586798429
0.368694543839
0.392783939838
0.413783282042
0.430996537209
0.444885551929
0.455443173647
0.462643057108
0.466472387314
0.466944366693
0.464129537344
0.458109110594
0.448979109526
0.436879426241
0.421973675489
0.404410481453
0.384050220251
0.361219644547
0.336359113455
0.309611439705
0.2811653018
0.251209020615
0.219978928566
0.18764936924
0.154488652945
0.120699703693
0.0865122750401
0.0521837323904
0.0178830251098
-0.0161162409931
-0.0495130904019
-0.0820784419775
-0.113613091409
-0.1439460814
-0.172874599695
-0.200225189328
-0.225869908929
-0.249627441168
-0.271377503872
-0.291010797024
-0.308441728354
-0.323578506708
-0.33634313941
-0.346426546574
-0.353853642941
-0.358744412661
-0.361066818237
-0.360828340054
-0.358037859201
-0.352709025145
-0.34488171339
-0.334636300802
-0.322043567896
-0.307199895382
-0.290214717388
-0.271227508783
-0.250357091427
-0.227652817965
-0.203211501241
-0.177417904139
-0.150422424078
-0.122394628823
-0.0934949666262
-0.0639006644487
-0.0337916649878
-0.00335249723867
0.0272289384156
0.0577659420669
0.0880610719323
0.117967419326
0.147288858891
0.175885811448
0.203389376402
0.229659825563
0.254593402147
0.278048455715
0.299888461828
0.319969058037
0.338185936213
0.354402542114
0.368539243937
0.380522221327
0.390290558338
0.397789686918
0.402999609709
0.405915796757
0.406528860331
0.404333561659
0.399858266115
0.393124312162
0.384156167507
0.372991085052
0.359706670046
0.34436878562
0.327074021101
0.307916641235
0.287048071623
0.264596492052
0.240710943937
0.215538218617
0.189240887761
0.161904618144
0.133742943406
0.10507478565
0.0760556906462
0.046869572252
0.0176763832569
-0.0113341165707
-0.0399960204959
-0.0681044757366
-0.0955135151744
-0.122048668563
-0.14755025506
-0.171862855554
-0.194863587618
-0.216407299042
-0.236371904612
-0.254359155893
-0.270498424768
-0.284707605839
-0.296901583672
-0.307005137205
-0.314989030361
-0.320808857679
-0.324440807104
-0.325875103474
-0.325138062239
-0.322258114815
-0.317267715931
-0.310226351023
-0.301213741302
-0.290313661098
-0.277609378099
-0.263211071491
-0.2471806705
-0.229563564062
-0.210650250316
-0.19059215486
-0.169534698129
-0.147612452507
-0.124995999038
-0.101835280657
-0.0783023759723
-0.0545370317996
-0.0307111423463
-0.00699630659074
0.0164582375437
0.0394933372736
0.0619483962655
0.0836915299296
0.104581318796
0.124469295144
0.143243551254
0.16078543663
0.176986545324
0.191749036312
0.204985186458
0.216626822948
0.22661113739
0.234869450331
0.241369262338
0.246088460088
0.24900496006
0.250104039907
0.249402150512
0.246885955334
0.242609903216
0.236624747515
0.228992700577
0.219787791371
0.209066987038
0.196923673153
0.183435901999
0.168720185757
0.152870118618
0.135999828577
0.118221722543
0.0996689870954
0.0804541260004
0.0607106871903
0.040558423847
0.0201469995081
-0.000411001499742
-0.02097168006
-0.0414203293622
-0.061612226069
-0.08143684268
-0.10078625381
-0.11954266578
-0.137594163418
-0.15484906733
-0.171216219664
-0.186595857143
-0.200920939445
-0.214109838009
-0.226100966334
-0.236826390028
-0.246249333024
-0.254324525595
-0.261017173529
-0.266303479671
-0.270187407732
-0.272672683001
-0.273770242929
-0.273502796888
-0.271918356419
-0.269067674875
-0.264665454626
-0.259059518576
-0.25229036808
-0.244395390153
-0.235413685441
-0.225394636393
-0.21439756453
-0.202511683106
-0.189817547798
-0.17642802
-0.162434011698
-0.147949039936
-0.13293389976
-0.117459736764
-0.101675927639
-0.0856540799141
-0.0694644674659
-0.0532097667456
-0.0369868464768
-0.0209011919796
-0.00504684634507
0.0105006592348
0.0256783477962
0.040472663939
0.0548375882208
0.068703263998
0.0819707214832
0.0945563092828
0.10638679564
0.117438443005
0.127707183361
0.136966913939
0.145404651761
0.152986854315
0.159644424915
0.165314719081
0.169972836971
0.173642158508
0.176387354732
0.177956551313
0.178560391068
0.178221270442
0.176894590259
0.174580365419
0.171322956681
0.16720084846
0.162302151322
0.156321778893
0.149602785707
0.142123833299
0.133890241385
0.124968469143
0.11545778811
0.105475708842
0.0949862524867
0.0839730128646
0.0725597664714
0.0608046203852
0.0487821996212
0.0365895144641
0.0243371259421
0.0121073937044
-0.000107037718408
-0.0122760534286
-0.0243210177869
-0.0361531078815
-0.0476621314883
-0.0587696097791
-0.0694004446268
-0.0794935822487
-0.0889555960894
-0.0978676080704
-0.106128416955
-0.113626152277
-0.120296798646
-0.126092895865
-0.13101644814
-0.134970799088
-0.137851923704
-0.139784857631
-0.140695020556
-0.140521556139
-0.139231219888
-0.136830821633
-0.133357107639
-0.12885029614
-0.123079538345
-0.116233810782
-0.108301997185
-0.0992846041918
-0.0892045870423
-0.0781103074551
-0.0660531520844
-0.0531139522791
-0.0393638424575
-0.0247804094106
-0.00942325405777
0.00665817921981
0.0233901925385
0.0406748466194
0.0584137253463
0.0765189155936
0.0948639512062
0.113370604813
0.131932914257
0.150491639972
0.168765991926
0.186836019158
0.20460242033
0.2219594419
0.238769710064
0.254914313555
0.270267695189
0.284708708525
0.298123300076
0.31043189764
0.321531713009
0.331344753504
0.3397795856
0.346781730652
0.35227394104
0.3561886549
0.358183950186
0.35849198699
0.357068955898
0.353869557381
0.348857283592
0.34202003479
0.33337071538
0.322913974524
0.310661435127
0.296662181616
0.280969470739
0.263652533293
0.244776949286
0.224433034658
0.202739268541
0.179783836007
0.155700042844
0.130606114864
0.104657329619
0.0779989883304
0.0507650226355
0.0231366790831
-0.00474999332801
-0.0327051021159
-0.0605771094561
-0.0881903469563
-0.115396805108
-0.142034098506
-0.167915344238
-0.192904680967
-0.216873914003
-0.239660665393
-0.26113769412
-0.281189590693
-0.299706935883
-0.316590607166
-0.331751406193
-0.345109581947
-0.356629490852
-0.366251349449
-0.37394040823
-0.379676371813
-0.383475661278
-0.385339200497
-0.385280579329
-0.383346498013
-0.379595369101
-0.374085783958
-0.366881400347
-0.358076483011
-0.347702950239
-0.335878521204
-0.322769165039
-0.308496743441
-0.293195158243
-0.276972204447
-0.259962260723
-0.242296278477
-0.224124386907
-0.205549940467
-0.186719998717
-0.167757198215
-0.148782610893
-0.129916861653
-0.111273683608
-0.0929613634944
-0.0750678256154
-0.0576896928251
-0.0409218072891
-0.0248307269067
-0.00947316549718
0.00507246749476
0.0187677964568
0.0315679088235
0.0434449203312
0.0543816201389
0.0643435940146
0.0733424648643
0.0813770964742
0.0884516984224
0.0945773795247
0.0997810065746
0.104091361165
0.107535757124
0.110147945583
0.111972339451
0.113053001463
0.113434948027
0.113095775247
0.112147189677
0.110637404025
0.108614087105
0.106123529375
0.103208720684
0.0999141037464
0.0962783768773
0.0923466086388
0.088152654469
0.0837341025472
0.0791270360351
0.0743658170104
0.0694834440947
0.0645109936595
0.0594716072083
0.0543983057141
0.0493097938597
0.044225435704
0.0391151383519
0.0340168736875
0.0289566032588
0.0239403229207
0.0189685560763
0.0140514224768
0.00919783674181
0.00441364804283
-0.000291504984489
-0.00491326861084
-0.00944608543068
-0.0138859665021
-0.0182281117886
-0.0224681198597
-0.0265929158777
-0.0306180231273
-0.0345348194242
-0.0383334308863
-0.0420003794134
-0.0455236211419
-0.0488834194839
-0.0520643591881
-0.0550530701876
-0.0578367523849
-0.0604015365243
-0.0627334937453
-0.0647679269314
-0.0664937868714
-0.067924849689
-0.0690284669399
-0.0697731897235
-0.0701264515519
-0.0700571984053
-0.0695371255279
-0.0685393437743
-0.0670403689146
-0.0650151893497
-0.0624428838491
-0.0593028329313
-0.0555738061666
-0.051201928407
-0.0461713634431
-0.0404833294451
-0.034126624465
-0.0270786881447
-0.0193248968571
-0.010866756551
-0.00170504231937
0.00814958848059
0.0187006518245
0.0299267917871
0.0418007336557
0.0543015599251
0.0673964768648
0.0810574740171
0.0952295362949
0.109877705574
0.124945037067
0.140375033021
0.156096339226
0.172041758895
0.188126847148
0.204277470708
0.220398649573
0.236390784383
0.252152353525
0.26758491993
0.282563447952
0.296986967325
0.310728043318
0.323671340942
0.335692167282
0.346674889326
0.356493413448
0.365028440952
0.372172802687
0.377814292908
0.381841719151
0.384153425694
0.384662300348
0.383284747601
0.379934370518
0.374537974596
0.367047607899
0.357421338558
0.345615327358
0.331604957581
0.315406650305
0.297034293413
0.276505559683
0.253874868155
0.229206830263
0.202597752213
0.1741142869
0.143749803305
0.111868984997
0.0786352828145
0.0441970527172
0.00876867584884
-0.0274898838252
-0.0643685609102
-0.101674810052
-0.139158248901
-0.176644831896
-0.213904932141
-0.250713437796
-0.28634557128
-0.320827096701
-0.3539262712
-0.385341078043
-0.414857953787
-0.442206412554
-0.467242002487
-0.489845365286
-0.509940207005
-0.526716113091
-0.540219664574
-0.550643503666
-0.557770609856
-0.56145375967
-0.561651706696
-0.558397948742
-0.551782369614
-0.541724681854
-0.527684092522
-0.510641753674
-0.490547806025
-0.467449218035
-0.44146156311
-0.412780880928
-0.381705343723
-0.348207682371
-0.312622636557
-0.275666862726
-0.237501457334
-0.198298990726
-0.158300772309
-0.117821879685
-0.0771151483059
-0.036508962512
0.00331676146016
0.042149104178
0.0797713473439
0.11596108228
0.150542795658
0.183370575309
0.213864281774
0.241777554154
0.267064243555
0.289557486773
0.309113651514
0.325737953186
0.339496523142
0.349873781204
0.356960535049
0.361003935337
0.361953616142
0.359820306301
0.354743599892
0.346953779459
0.336221247911
0.322835862637
0.307267904282
0.28959390521
0.269929856062
0.248504623771
0.225570783019
0.201256990433
0.175812736154
0.149797141552
0.12335126102
0.0966448709369
0.0698839575052
0.043273050338
0.0170047637075
-0.00863223243505
-0.0332914255559
-0.0568111389875
-0.0790645554662
-0.099915497005
-0.119265459478
-0.137051552534
-0.153133109212
-0.167145594954
-0.179248705506
-0.189366415143
-0.197452574968
-0.20351421833
-0.207574278116
-0.209678545594
-0.209905043244
-0.208004072309
-0.204285040498
-0.198871269822
-0.191833436489
-0.183248564601
-0.173210546374
-0.161845803261
-0.149288401008
-0.135679617524
-0.121064886451
-0.105607919395
-0.0895781069994
-0.0730860680342
-0.0562448725104
-0.0391704253852
-0.0219821929932
-0.00480053992942
0.0122565329075
0.0291025396436
0.0456149689853
0.0617137141526
0.0771979913116
0.092032276094
0.10614503175
0.119476772845
0.131977841258
0.143600180745
0.154291734099
0.164028584957
0.172784551978
0.180548146367
0.187305167317
0.193059504032
0.197818920016
0.201593831182
0.204395711422
0.206250652671
0.207186579704
0.207116037607
0.206146612763
0.204362213612
0.201802268624
0.198511451483
0.194532066584
0.189913719893
0.184706687927
0.178958252072
0.172724798322
0.16605322063
0.158995553851
0.151610612869
0.143938958645
0.136040046811
0.127951517701
0.119728900492
0.111412703991
0.103043071926
0.0946598500013
0.0863024815917
0.0780044421554
0.0697941109538
0.0616996362805
0.0537448562682
0.045957788825
0.0383428111672
0.0309224184602
0.0237111635506
0.0167131833732
0.00993134733289
0.00336849619634
-0.00297002308071
-0.00909126084298
-0.015005690977
-0.0207153242081
-0.0262336637825
-0.0315678752959
-0.0367381051183
-0.0417590402067
-0.046643320471
-0.0514080002904
-0.0560734793544
-0.0606555119157
-0.0651742592454
-0.069646820426
-0.0740898326039
-0.0785199180245
-0.0829533785582
-0.0874007046223
-0.0918770283461
-0.0963909626007
-0.100954934955
-0.10556871444
-0.110238015652
-0.114964097738
-0.119745075703
-0.124576404691
-0.129445016384
-0.134342744946
-0.13925807178
-0.144171893597
-0.149061530828
-0.153904110193
-0.158676087856
-0.16334733367
-0.167885020375
-0.172258317471
-0.176431208849
-0.180368334055
-0.184028238058
-0.187373563647
-0.190362736583
-0.192959427834
-0.195119917393
-0.196804255247
-0.197975263
-0.198595583439
-0.198630288243
-0.198044270277
-0.196731045842
-0.194738209248
-0.192039996386
-0.188617646694
-0.184447810054
-0.179527744651
-0.173849701881
-0.167411342263
-0.160209640861
-0.152257576585
-0.14357405901
-0.134174630046
-0.124082155526
-0.113327145576
-0.101956315339
-0.0900019183755
-0.0775033608079
-0.0645275786519
-0.0511313192546
-0.0373652465641
-0.0232929829508
-0.00899115484208
0.00546979298815
0.0200192574412
0.0345897674561
0.0490912497044
0.0634609162807
0.0776090919971
0.0914678797126
0.104963205755
0.118021018803
0.130555555224
0.142520815134
0.153785780072
0.164293423295
0.174017369747
0.182911753654
0.190933167934
0.198038056493
0.204189062119
0.209362581372
0.21354226768
0.216707468033
0.218850120902
0.219976201653
0.220094710588
0.219214126468
0.21735535562
0.214551135898
0.210837259889
0.206251248717
0.200836569071
0.194648936391
0.187747597694
0.180185556412
0.17202924192
0.163343906403
0.154206603765
0.144677400589
0.134830981493
0.124739520252
0.114479288459
0.1041161865
0.0937177091837
0.0833488553762
0.0730788558722
0.0629708766937
0.0530758462846
0.043448317796
0.0341373346746
0.0251909643412
0.0166470892727
0.00853528827429
0.000888277310878
-0.0062727634795
-0.0129229109734
-0.0190545786172
-0.0246631447226
-0.0297385584563
-0.0342845246196
-0.0383084602654
-0.041826646775
-0.0448494702578
-0.0473937131464
-0.0494891740382
-0.0511617660522
-0.0524403303862
-0.0533562637866
-0.0539450533688
-0.0541903525591
-0.0541768819094
-0.0539376139641
-0.0535063259304
-0.0529166571796
-0.0522006638348
-0.0513910241425
-0.0505194067955
-0.0496151521802
-0.0487112104893
-0.0478393435478
-0.0470301806927
-0.0463103055954
-0.045700814575
-0.0451534539461
-0.0447573065758
-0.0445201285183
-0.0444469749928
-0.044543094933
-0.0448151752353
-0.0452661514282
-0.0458965338767
-0.0467083379626
-0.0477064885199
-0.0488295443356
-0.0500993579626
-0.0515294596553
-0.0530979111791
-0.0547842718661
-0.0565634183586
-0.0584139637649
-0.0603241324425
-0.0622851662338
-0.0642134174705
-0.0661111474037
-0.0680010318756
-0.0698401555419
-0.0715898498893
-0.0732189640403
-0.0747086331248
-0.0760506317019
-0.0772319063544
-0.0781004950404
-0.0787803083658
-0.0792285352945
-0.0794045329094
-0.0792793557048
-0.0788433924317
-0.0781044885516
-0.0770765915513
-0.0756284371018
-0.0738355442882
-0.0717014968395
-0.0692071393132
-0.0663439556956
-0.0631208121777
-0.0595562644303
-0.055684812367
-0.0514709986746
-0.046902731061
-0.0420296117663
-0.0368559882045
-0.0314066521823
-0.025713801384
-0.0198077578098
-0.0137287890539
-0.00751555943862
-0.00117316236719
0.00527852913365
0.0118091413751
0.0183806437999
0.0249398816377
0.0314394421875
0.0378321297467
0.0440777018666
0.0501432903111
0.0559728108346
0.0615072883666
0.066767655313
0.0717053413391
0.0762722268701
0.0804182812572
0.0840975567698
0.0872750431299
0.0899270474911
0.0920336395502
0.0935758426785
0.0945366621017
0.0947777926922
0.0944090262055
0.0934063792229
0.091748483479
0.0894269272685
0.0864443853498
0.0828055888414
0.078515522182
0.0735947564244
0.0680706053972
0.0619763210416
0.0553426332772
0.0482016839087
0.040607355535
0.0325987264514
0.0242218915373
0.0155351012945
0.00658046314493
-0.00256521208212
-0.0118390414864
-0.0211770199239
-0.0305109191686
-0.039770077914
-0.0488827526569
-0.0577763728797
-0.0663805380464
-0.0746294409037
-0.0824445337057
-0.0897559672594
-0.0965077728033
-0.102638021111
-0.108087934554
-0.112796798348
-0.116720177233
-0.119819752872
-0.12205606699
-0.123392768204
-0.123804338276
-0.123279310763
-0.121804334223
-0.119368702173
-0.115976721048
-0.111642636359
-0.106382101774
-0.100214838982
-0.093169733882
-0.0852930247784
-0.076628677547
-0.0672172605991
-0.0571153238416
-0.0463981628418
-0.0351164489985
-0.0233533177525
-0.0111735714599
0.00133684533648
0.0140970135108
0.0270315855742
0.0400434285402
0.0530594103038
0.0659867972136
0.0787172093987
0.0911444574594
0.103197365999
0.11479716748
0.12586659193
0.136321440339
0.146097838879
0.155112206936
0.163304641843
0.170611187816
0.176979988813
0.182355418801
0.186694458127
0.189967572689
0.19214579463
0.19320513308
0.193136706948
0.19194419682
0.189629092813
0.186197534204
0.181501477957
0.175711989403
0.168891370296
0.161068215966
0.15229023993
0.142599910498
0.132049486041
0.120698057115
0.108606420457
0.0958641991019
0.0825355872512
0.068708486855
0.0544610098004
0.0398765318096
0.0250295270234
0.0101055838168
-0.00482519110665
-0.0196702629328
-0.0343503244221
-0.0487687289715
-0.0628543496132
-0.0765194967389
-0.0896948501468
-0.102320753038
-0.114339850843
-0.125553756952
-0.135911881924
-0.145416140556
-0.154009848833
-0.161638602614
-0.16826620698
-0.173865154386
-0.178419023752
-0.181936755776
-0.184440001845
-0.185796439648
-0.185962289572
-0.185129091144
-0.18329526484
-0.180457636714
-0.176635876298
-0.171874329448
-0.166226223111
-0.159762874246
-0.152538150549
-0.144388824701
-0.135666564107
-0.126404941082
-0.116636261344
-0.106412053108
-0.0957932919264
-0.0848465114832
-0.0736464858055
-0.062240742147
-0.0506925135851
-0.0391750484705
-0.0277320295572
-0.0164069794118
-0.0052450359799
0.00571110844612
0.0164247974753
0.026854224503
0.036876372993
0.0464449338615
0.0555316247046
0.0641042217612
0.0721444636583
0.0796327963471
0.0865744352341
0.0929768383503
0.0986559912562
0.103698566556
0.108110673726
0.111875511706
0.114985741675
0.117453075945
0.119312129915
0.120606034994
0.121077217162
0.120994895697
0.12034022063
0.119100004435
0.117279067636
0.114908799529
0.112036049366
0.108620643616
0.104631975293
0.100243449211
0.0954386815429
0.0902167856693
0.084595747292
0.078608378768
0.072297975421
0.0655878037214
0.0586384311318
0.0514865666628
0.044130563736
0.0365897044539
0.0288846325129
0.0210389196873
0.0130782071501
0.00506969215348
-0.00291569740511
-0.0108591625467
-0.0187353044748
-0.0265285614878
-0.0342149846256
-0.041782297194
-0.0491234511137
-0.0561957582831
-0.0629859417677
-0.0694594979286
-0.0755848661065
-0.0813489928842
-0.0867472141981
-0.0917672589421
-0.0961927771568
-0.100164927542
-0.103638924658
-0.106581576169
-0.108976438642
-0.110823340714
-0.112144544721
-0.112890169024
-0.112949244678
-0.112480029464
-0.111460186541
-0.109875746071
-0.107729464769
-0.105047501624
-0.10187202692
-0.0981852114201
-0.0939328446984
-0.0892984420061
-0.0842834785581
-0.0788974612951
-0.0731672868133
-0.0671325922012
-0.0608332045376
-0.0543224662542
-0.0475638248026
-0.0407107248902
-0.0338046960533
-0.0268690511584
-0.0199374612421
-0.0130448928103
-0.00622811634094
0.000479683047161
0.00704837078229
0.0134127605706
0.0195285771042
0.0253703296185
0.0309189409018
0.0361516177654
0.0410497002304
0.0456088036299
0.0498188100755
0.0536780208349
0.0571670234203
0.0602179095149
0.06289935112
0.0652095302939
0.0671556591988
0.0687450170517
0.0699890181422
0.0709057375789
0.0715210437775
0.0718622654676
0.0719567686319
0.0718130767345
0.0713951215148
0.0708146318793
0.0700945109129
0.0692576542497
0.0683291256428
0.0673355162144
0.066303178668
0.0652610808611
0.0642374157906
0.0632625445724
0.0623622462153
0.0615606792271
0.0608813092113
0.0602987073362
0.0598494671285
0.0595676489174
0.0594626218081
0.0595398359001
0.0597984828055
0.0602376237512
0.0608563870192
0.0616495497525
0.0626060888171
0.0637156367302
0.064966969192
0.0663441941142
0.0678251907229
0.0693905502558
0.0710184499621
0.0726816430688
0.0743529126048
0.0760027170181
0.0776018798351
0.0791174098849
0.0805182904005
0.0817700177431
0.0828412175179
0.0836715549231
0.0842605307698
0.0845773220062
0.0845927521586
0.0842804983258
0.0836166292429
0.0825764015317
0.0811367854476
0.0792828798294
0.0770005211234
0.0742757767439
0.0710977688432
0.0674620717764
0.063369743526
0.0588175319135
0.0538071915507
0.048356231302
0.0424692369998
0.0361656025052
0.0294575504959
0.0223664175719
0.0149209015071
0.00715580582619
-0.000904879765585
-0.00923034548759
-0.0177749060094
-0.026510797441
-0.0353966057301
-0.0443906225264
-0.0534494668245
-0.0625344961882
-0.0715979263186
-0.0805950760841
-0.0894848704338
-0.0982174500823
-0.106751650572
-0.115043789148
-0.12304789573
-0.130726546049
-0.138038799167
-0.144948199391
-0.151420593262
-0.157433047891
-0.16295132041
-0.167957574129
-0.172432616353
-0.176367744803
-0.179748281837
-0.182445168495
-0.1845202595
-0.186015576124
-0.186924532056
-0.187240362167
-0.186963498592
-0.186099663377
-0.184655368328
-0.182636216283
-0.18006016314
-0.176951617002
-0.173333361745
-0.169236570597
-0.164689600468
-0.159735664725
-0.154407799244
-0.148745656013
-0.142762169242
-0.136376470327
-0.129754573107
-0.122931815684
-0.115930743515
-0.108785457909
-0.101524934173
-0.094187669456
-0.0868067741394
-0.0794186219573
-0.0720620900393
-0.064768910408
-0.0575740747154
-0.0505125001073
-0.0436009503901
-0.0368687547743
-0.0303113553673
-0.0239426568151
-0.0178015548736
-0.0118911135942
-0.0062257507816
-0.000817473803181
0.00432736938819
0.00920837651938
0.0138199850917
0.0181618090719
0.0222342070192
0.026048315689
0.0296124089509
0.0329394899309
0.0360431522131
0.038942143321
0.0416206941009
0.0441207922995
0.0464703179896
0.0486852563918
0.0507862754166
0.0527924522758
0.0547240301967
0.0565988086164
0.0584388300776
0.0602648742497
0.0620965361595
0.0639560595155
0.0658621490002
0.0678328052163
0.0698873475194
0.0720443055034
0.0743166580796
0.0767123252153
0.0791774839163
0.0817910656333
0.0845557004213
0.0874718800187
0.090539932251
0.0937594771385
0.0971238091588
0.100624658167
0.104248665273
0.107989363372
0.111830033362
0.115751452744
0.119736492634
0.123764194548
0.127814233303
0.131857931614
0.135870486498
0.139822915196
0.143690183759
0.147436395288
0.151029095054
0.154438540339
0.157629132271
0.160566031933
0.163212940097
0.165536001325
0.167498528957
0.169066876173
0.17020753026
0.170886009932
0.171032935381
0.170661643147
0.169745773077
0.168257877231
0.166172921658
0.163473695517
0.160145193338
0.156170591712
0.151539832354
0.146246090531
0.140293687582
0.13368037343
0.126405119896
0.118487857282
0.109942272305
0.100785247982
0.0910223051906
0.0807011649013
0.0698580741882
0.0585286431015
0.0467576421797
0.0345877222717
0.0220697075129
0.00926106702536
-0.00378420413472
-0.0170115958899
-0.0303524937481
-0.0437506102026
-0.0571352802217
-0.0704454705119
-0.0836006328464
-0.0965446382761
-0.109203331172
-0.12151003629
-0.133397772908
-0.144804432988
-0.155656412244
-0.16590552032
-0.175484329462
-0.184340104461
-0.192427530885
-0.199697732925
-0.206113249063
-0.211631819606
-0.216232031584
-0.219889298081
-0.222586035728
-0.22430332005
-0.225033149123
-0.224600791931
-0.223185375333
-0.220796599984
-0.217449352145
-0.213170409203
-0.207976892591
-0.201895341277
-0.194970667362
-0.187237709761
-0.17874148488
-0.169527158141
-0.159655839205
-0.149191007018
-0.138182505965
-0.126698970795
-0.1148070544
-0.102572835982
-0.0900615975261
-0.0773371681571
-0.0644134432077
-0.0514438413084
-0.0385030321777
-0.0256378501654
-0.01292522531
-0.000407745654229
0.011845337227
0.0237862300128
0.0353611633182
0.0465115904808
0.0571909211576
0.067362986505
0.0769873559475
0.0860212594271
0.0944356173277
0.102208860219
0.109249293804
0.115510076284
0.121032066643
0.125802382827
0.129802063107
0.133018583059
0.135447964072
0.137087464333
0.137935250998
0.137997806072
0.13728953898
0.13582611084
0.133624657989
0.13071218133
0.127115920186
0.122867234051
0.117918111384
0.112340249121
0.106233023107
0.0996298119426
0.0925728827715
0.0851054415107
0.0772751644254
0.0691344067454
0.0607363879681
0.0521349310875
0.0433919280767
0.0345657467842
0.0257118344307
0.0168941151351
0.00816793739796
-0.000400050048484
-0.00876169092953
-0.0168325453997
-0.0245606359094
-0.0318910293281
-0.0387790091336
-0.0451775789261
-0.0510480031371
-0.0563480705023
-0.0610459521413
-0.0651150494814
-0.0685265809298
-0.071262255311
-0.0733134299517
-0.0746713578701
-0.075330004096
-0.0752958059311
-0.0745825394988
-0.0732032135129
-0.0711737796664
-0.0685234293342
-0.0652328431606
-0.0613968521357
-0.0570504255593
-0.0522433258593
-0.0470250286162
-0.0414420962334
-0.0355519838631
-0.0294075906277
-0.0230703428388
-0.0165988691151
-0.0100525170565
-0.00349157233723
0.00302391988225
0.00943431816995
0.0156832672656
0.0217174366117
0.027483869344
0.032930418849
0.0380104444921
0.0426872856915
0.0469199754298
0.0506749786437
0.053922560066
0.0566426962614
0.0588175132871
0.0604256615043
0.0614646412432
0.0619343519211
0.0618346370757
0.0611689575016
0.0599533841014
0.0582083724439
0.055954284966
0.0532047227025
0.0500037893653
0.0463896505535
0.0423985831439
0.0380663052201
0.0334403738379
0.028567623347
0.0234944336116
0.0182650480419
0.01293204166
0.00754566676915
0.00215294258669
-0.00319424597546
-0.00844854023308
-0.0135658076033
-0.0184970162809
-0.0231969840825
-0.0276253893971
-0.0317476578057
-0.0355246923864
-0.0389222130179
-0.0419167242944
-0.0444839186966
-0.0466027967632
-0.0482517033815
-0.0494220815599
-0.0501076392829
-0.0503031052649
-0.0500039719045
-0.0492167696357
-0.0479534491897
-0.0462248548865
-0.0440438576043
-0.0414307303727
-0.0384122766554
-0.0350170023739
-0.0312704108655
-0.0272057652473
-0.0228640176356
-0.0182819291949
-0.0134981386364
-0.00855644885451
-0.00349915842526
0.00162675185129
0.00678265839815
0.011920071207
0.01699889265
0.0219747219235
0.0268092248589
0.0314534790814
0.0358610339463
0.0400177501142
0.0438837409019
0.0474281013012
0.0506184995174
0.0534309074283
0.0558380782604
0.0578167587519
0.059348192066
0.0604218058288
0.061029560864
0.0611637271941
0.0608237348497
0.0600191839039
0.0587606206536
0.0570583380759
0.0549027658999
0.0522905439138
0.0492816232145
0.0458939559758
0.0421410165727
0.0380495302379
0.0336498506367
0.0289764665067
0.024058336392
0.0189353954047
0.0136485891417
0.00823777168989
0.00273755285889
-0.00281128892675
-0.00837525073439
-0.0139313312247
-0.0194419845939
-0.0248773898929
-0.0301985610276
-0.0353691726923
-0.040352601558
-0.0451162233949
-0.049629304558
-0.0538707524538
-0.0578327663243
-0.0614918544888
-0.0647559016943
-0.0677019581199
-0.0703163594007
-0.0725781470537
-0.0744661986828
-0.0759706497192
-0.0770925059915
-0.0778395235538
-0.0782251656055
-0.0782676339149
-0.0779175162315
-0.0771927833557
-0.0761573761702
-0.0748094916344
-0.0731548443437
-0.071208268404
-0.0689913257957
-0.0665333494544
-0.0638700202107
-0.0610371045768
-0.0579617545009
-0.0547301582992
-0.0513689592481
-0.0478920079768
-0.0443164780736
-0.040670607239
-0.0369840674102
-0.0332881100476
-0.0296127088368
-0.025921087712
-0.0222492720932
-0.0186191312969
-0.0150432391092
-0.011534191668
-0.00811208132654
-0.00479161925614
-0.00159062328748
0.00149435724597
0.00446866871789
0.00733773875982
0.0100947134197
0.0127356788144
0.0152566852048
0.0176565963775
0.019938506186
0.0221151970327
0.0241603907198
0.0261293724179
0.0280250962824
0.0298465788364
0.0315952152014
0.0332797653973
0.0349167324603
0.0365243218839
0.0380463264883
0.0395743511617
0.0411045700312
0.0426325686276
0.0441601462662
0.0456976629794
0.0472624786198
0.0488304831088
0.0503942146897
0.0520200394094
0.0536880642176
0.0553836710751
0.0571035370231
0.0588601902127
0.0606718920171
0.0624000392854
0.0641889125109
0.0660042613745
0.0678179040551
0.0696100369096
0.0713802874088
0.0731422305107
0.0747689679265
0.0763467401266
0.0778749585152
0.0793043896556
0.0806061252952
0.0817757844925
0.0828263610601
0.0836495682597
0.0842669159174
0.0847110301256
0.0849293395877
0.0848899260163
0.084588944912
0.0840423703194
0.0831914767623
0.0819670334458
0.0804509371519
0.0785990431905
0.0763865187764
0.0738114714622
0.0708952024579
0.0676626861095
0.0639639496803
0.0599107183516
0.0554738305509
0.0506515353918
0.0454552322626
0.0399194732308
0.0340710021555
0.0279119610786
0.0214056894183
0.0145939011127
0.00748679880053
0.000117006304208
-0.00747616915032
-0.0152449989691
-0.0231507122517
-0.0311630368233
-0.0392153002322
-0.0473537445068
-0.0555322319269
-0.0636921599507
-0.0717715471983
-0.0797162353992
-0.087473012507
-0.0950089693069
-0.102292202413
-0.109197542071
-0.115722067654
-0.121892020106
-0.127645358443
-0.132910728455
-0.137639552355
-0.141787722707
-0.145322397351
-0.148218855262
-0.150459095836
-0.152035161853
-0.152907863259
-0.152919858694
-0.152218222618
-0.150784805417
-0.148607626557
-0.145677745342
-0.14198833704
-0.137554347515
-0.132391884923
-0.126530706882
-0.119997814298
-0.112825155258
-0.105054296553
-0.0967390611768
-0.0879217162728
-0.07865229249
-0.0689895525575
-0.0589887239039
-0.0487165227532
-0.0382371582091
-0.0276137497276
-0.0169175639749
-0.00622747745365
0.00438751420006
0.0148519631475
0.0250883065164
0.0350282602012
0.0445939227939
0.0537262186408
0.0623577944934
0.0704163610935
0.077838152647
0.0845781639218
0.0905990824103
0.0958516076207
0.100300326943
0.103923611343
0.10670671612
0.108631938696
0.109691105783
0.109894029796
0.109252840281
0.107778742909
0.105496063828
0.102439053357
0.0986485853791
0.0941648110747
0.0890357270837
0.0833232924342
0.0770858302712
0.0703915581107
0.0633070021868
0.0559014342725
0.0482543557882
0.0404053926468
0.0324734300375
0.0245476178825
0.0167046245188
0.00901496596634
0.00154418859165
-0.00564150512218
-0.0124779781327
-0.0189005639404
-0.0248593427241
-0.0303095728159
-0.0351986065507
-0.0394940078259
-0.0431109257042
-0.0460480675101
-0.0482913479209
-0.0498342365026
-0.0506714358926
-0.0507978498936
-0.0502213947475
-0.0489635206759
-0.0470466725528
-0.0444962866604
-0.0413496382535
-0.0375935956836
-0.0333452746272
-0.0286475475878
-0.0235541053116
-0.0181210581213
-0.0124010816216
-0.00645291572437
-0.000340843980666
0.00587439443916
0.0121364826337
0.0183545853943
0.0244484469295
0.0303630158305
0.0360400751233
0.0414248891175
0.0464708358049
0.0511246286333
0.055349715054
0.0591202303767
0.0624069795012
0.0651164799929
0.067235916853
0.0687926411629
0.0697678998113
0.0701505318284
0.0699444338679
0.0691572800279
0.0677999034524
0.0658973678946
0.0634817257524
0.0605831108987
0.0571493878961
0.0533154606819
0.0491225011647
0.0446064807475
0.0398073717952
0.0347761698067
0.029554689303
0.0241989959031
0.0187545251101
0.0132738333195
0.0078062908724
0.00239984598011
-0.00289465184323
-0.00801777187735
-0.0129266120493
-0.0175841636956
-0.0219621080905
-0.0260303225368
-0.0297554396093
-0.0331179648638
-0.0361012369394
-0.0386898107827
-0.0408725328743
-0.0426436439157
-0.0440057590604
-0.0449621602893
-0.0455148667097
-0.0456781648099
-0.0454684346914
-0.0448706559837
-0.0439383536577
-0.042698007077
-0.0411787182093
-0.039407722652
-0.0374156534672
-0.03523715958
-0.0329048223794
-0.0304552204907
-0.0279221329838
-0.0253415834159
-0.0227481350303
-0.0201796349138
-0.0176676455885
-0.0152441747487
-0.0129418885335
-0.010791901499
-0.00882090907544
-0.00705221248791
-0.0055086882785
-0.00421294942498
-0.0031826547347
-0.00242920778692
-0.00196351669729
-0.00179687107448
-0.00193456653506
-0.00237509794533
-0.00311637041159
-0.0041568079032
-0.00549017032608
-0.00710124988109
-0.00897637102753
-0.0111013054848
-0.0134578729048
-0.0160231236368
-0.0187714602798
-0.0216799546033
-0.0247205421329
-0.0278639700264
-0.0310793127865
-0.0343357548118
-0.0376018024981
-0.0408444106579
-0.0440304800868
-0.0471270754933
-0.0501018390059
-0.0529265664518
-0.0555665232241
-0.0579947344959
-0.060179464519
-0.0620966665447
-0.0637158825994
-0.0650003030896
-0.0659465491772
-0.066535897553
-0.0667547062039
-0.0665883496404
-0.0660231113434
-0.0650534182787
-0.0636761412024
-0.0618880949914
-0.0596884042025
-0.0570809580386
-0.0540764369071
-0.0506845526397
-0.0469157993793
-0.0427878759801
-0.0383200719953
-0.0335336066782
-0.0284528359771
-0.0231026764959
-0.01751383394
-0.0117199867964
-0.00574679579586
0.000368630950106
0.00658966833726
0.012882492505
0.0192070454359
0.0255256071687
0.0318029485643
0.0380005538464
0.0440767928958
0.0500004552305
0.0557304136455
0.0612361878157
0.066476739943
0.0714251622558
0.0760522559285
0.0803266838193
0.0842196568847
0.0877099558711
0.0907784029841
0.0934057086706
0.0955721735954
0.0972684472799
0.0984864607453
0.099219225347
0.0994608029723
0.0992132052779
0.0984819829464
0.0972725525498
0.0955917909741
0.0934547558427
0.0908096879721
0.0877435579896
0.084275983274
0.0804317444563
0.0762384235859
0.0717195719481
0.06690428406
0.061820525676
0.0565013475716
0.050978358835
0.0452842488885
0.0394502133131
0.03351585567
0.0275102946907
0.0214689970016
0.0154264150187
0.00940864253789
0.00345561048016
-0.00238283677027
-0.00807820539922
-0.0136040756479
-0.0189399514347
-0.0240568276495
-0.0289375726134
-0.0335592702031
-0.0379068516195
-0.0419697873294
-0.0457385852933
-0.0491541028023
-0.052201166749
-0.0549017079175
-0.057243231684
-0.05921401456
-0.0608097463846
-0.0620282143354
-0.0628729090095
-0.0633538737893
-0.0634852126241
-0.0631873086095
-0.0625223219395
-0.0615237280726
-0.0601913332939
-0.0585271678865
-0.0565410777926
-0.0542516633868
-0.0516818836331
-0.0488571375608
-0.0457279235125
-0.0423922948539
-0.0388788506389
-0.0351988896728
-0.0313730761409
-0.0274207107723
-0.0233678054065
-0.0192464720458
-0.0150716593489
-0.0108893681318
-0.0067545468919
-0.00268562091514
0.00129506504163
0.00516364863142
0.00889628380537
0.0124747045338
0.0158697869629
0.0190189145505
0.0219220630825
0.0245564188808
0.0269049275666
0.0289530251175
0.030694944784
0.0321276709437
0.0332305878401
0.0339600592852
0.0343628898263
0.0344321988523
0.0341658033431
0.0335714444518
0.0326617881656
0.0314526185393
0.0299500785768
0.0281486753374
0.0261172913015
0.0238712467253
0.0214283764362
0.0188127029687
0.0160501822829
0.0131707461551
0.0102055156603
0.00717827258632
0.00415073568001
0.00115305965301
-0.001787549234
-0.0046403342858
-0.00737888459116
-0.00997337885201
-0.0123990718275
-0.0146125229076
-0.0165742430836
-0.0182719454169
-0.019681064412
-0.0207797866315
-0.0215533245355
-0.0219868216664
-0.022067386657
-0.0217889714986
-0.0211252048612
-0.0200812295079
-0.0186714362353
-0.016900325194
-0.0147737311199
-0.0122982719913
-0.00948757398874
-0.00636058300734
-0.0029349445831
0.000770774728153
0.0047029168345
0.00882796477526
0.013112405315
0.0175209604204
0.0220153275877
0.0265526808798
0.0311001911759
0.0356184020638
0.0400711968541
0.0443486981094
0.048422742635
0.0522630475461
0.0558157451451
0.0590340457857
0.0618724599481
0.0642900243402
0.066254645586
0.0677311718464
0.0686949640512
0.069018162787
0.0687444359064
0.0678630024195
0.066350094974
0.0641854330897
0.0613501667976
0.0578400418162
0.0536590032279
0.0488143451512
0.0433094613254
0.0371270701289
0.0303410198539
0.022999221459
0.0151202874258
0.00675371941179
-0.00206996360794
-0.0113018359989
-0.0208967551589
-0.0308015346527
-0.0409612618387
-0.0513098239899
-0.0616845786572
-0.0720556601882
-0.082352399826
-0.0924960896373
-0.102405674756
-0.112003318965
-0.121213071048
-0.12997546792
-0.138233050704
-0.145929649472
-0.152834966779
-0.158919841051
-0.1642010957
-0.168600723147
-0.172053530812
-0.17450414598
-0.17591047287
-0.17623744905
-0.175471574068
-0.173611059785
-0.170652091503
-0.166312977672
-0.160888895392
-0.154378861189
-0.146780893207
-0.138098180294
-0.128367617726
-0.117630474269
-0.105933338404
-0.0933405607939
-0.0799239426851
-0.0657060518861
-0.0508134439588
-0.0354035049677
-0.0195648930967
-0.00338151026517
0.0130614330992
0.0296484455466
0.0462937280536
0.0628937482834
0.0793626084924
0.0955935418606
0.111320979893
0.126489445567
0.141005575657
0.154774695635
0.167681768537
0.179636090994
0.190555348992
0.200373351574
0.209037795663
0.216509819031
0.222567424178
0.227116405964
0.230288758874
0.232042714953
0.232337892056
0.231142327189
0.228455945849
0.224309682846
0.218746423721
0.211813166738
0.203446269035
0.193645596504
0.182693555951
0.170641154051
0.157553315163
0.143499583006
0.128565505147
0.112864889205
0.0965120047331
0.0796331688762
0.0622830800712
0.044692043215
0.0270380843431
0.00944782048464
-0.00797242857516
-0.0250986255705
-0.0418274998665
-0.0580299831927
-0.0736069083214
-0.0884815603495
-0.102357313037
-0.115191303194
-0.126921474934
-0.137461423874
-0.146721288562
-0.154645204544
-0.161206185818
-0.166379481554
-0.170155122876
-0.172351449728
-0.173007309437
-0.172244653106
-0.170054599643
-0.166457414627
-0.161492526531
-0.15521080792
-0.14769731462
-0.139053493738
-0.129212781787
-0.118398591876
-0.106796301901
-0.0944885313511
-0.0815648958087
-0.0681323036551
-0.0543129257858
-0.0402254313231
-0.0260045547038
-0.0117730302736
0.00223815836944
0.0159080419689
0.0291416142136
0.0418275669217
0.0538734868169
0.0651877447963
0.0757014080882
0.0852173119783
0.0936420559883
0.100954309106
0.107096478343
0.112022973597
0.115696430206
0.118115365505
0.119303695858
0.119139626622
0.117649324238
0.114967346191
0.111106939614
0.106090888381
0.0999714955688
0.0928296297789
0.084749892354
0.0757386758924
0.0659515559673
0.0555647015572
0.0446520112455
0.0332979261875
0.0216051563621
0.00966936908662
-0.00241130497307
-0.0145204048604
-0.0264603104442
-0.0381312593818
-0.0494331158698
-0.0602833069861
-0.0705946758389
-0.0802984163165
-0.0893394574523
-0.0976068079472
-0.104909278452
-0.111304834485
-0.11673809588
-0.12116201967
-0.124540783465
-0.126871019602
-0.128174394369
-0.128472715616
-0.127521812916
-0.125591009855
-0.122696764767
-0.118845850229
-0.11406712234
-0.108416870236
-0.101964302361
-0.0947778150439
-0.0868865773082
-0.078350007534
-0.0693599879742
-0.0599828623235
-0.0502865538001
-0.0403459705412
-0.0302365813404
-0.0200437866151
-0.00984731782228
0.000275071943179
0.0102041009814
0.0198396090418
0.0291232857853
0.0379821173847
0.0463615804911
0.0542139448225
0.0614941157401
0.0681610405445
0.0741870105267
0.0795491188765
0.0840899646282
0.0878963321447
0.0909631177783
0.0932832509279
0.0948525741696
0.0956773385406
0.0957801863551
0.0951863899827
0.0939241349697
0.0920329466462
0.0895553231239
0.0864638462663
0.0828291997313
0.0787514224648
0.0742752254009
0.0694452822208
0.0643089935184
0.0589201524854
0.0533266142011
0.0475866012275
0.0417498722672
0.0358673632145
0.029992191121
0.0241705719382
0.0184452682734
0.0128588620573
0.00744258565828
0.00225822697394
-0.00266869482584
-0.0073163243942
-0.0116598932073
-0.0156791079789
-0.0193609781563
-0.0226968023926
-0.0256759524345
-0.0282930228859
-0.0305538363755
-0.0324600562453
-0.0340174138546
-0.0352350585163
-0.036129578948
-0.0367169342935
-0.0370126515627
-0.0370380096138
-0.0368165895343
-0.0363718979061
-0.0357275791466
-0.0349090024829
-0.0339429304004
-0.0328552126884
-0.031672205776
-0.0304187498987
-0.0291187055409
-0.0277968011796
-0.0264746658504
-0.0251666810364
-0.0238988343626
-0.0226882789284
-0.0215513203293
-0.0204991120845
-0.0195397380739
-0.0186835601926
-0.0179372131824
-0.0173016097397
-0.016776483506
-0.016361573711
-0.01605447568
-0.0158476419747
-0.0157319735736
-0.0156985670328
-0.0157372299582
-0.0158334579319
-0.0159720890224
-0.016138093546
-0.0163156725466
-0.0164870172739
-0.0166338700801
-0.01673816517
-0.0167819336057
-0.0167473629117
-0.0166168212891
-0.01637262851
-0.0159978345037
-0.0154779646546
-0.0147995287552
-0.0139483539388
-0.0129110543057
-0.0116787711158
-0.0102450363338
-0.00860305596143
-0.00674675777555
-0.00467551546171
-0.00239152158611
0.000107986081275
0.00281735882163
0.00572996586561
0.00883760582656
0.0121290488169
0.0155937653035
0.0192176401615
0.0229807663709
0.026866985485
0.0308558288962
0.0349265448749
0.0390522927046
0.0432102717459
0.0473754815757
0.051518432796
0.0556121952832
0.0596277825534
0.063534386456
0.0673063322902
0.0709103047848
0.0743185207248
0.0775028243661
0.0804320797324
0.0830812901258
0.085425041616
0.0874354541302
0.0890884324908
0.0903657898307
0.0912472903728
0.0917124152184
0.0917460173368
0.091337710619
0.0904772207141
0.0891548842192
0.0873642414808
0.0851074531674
0.0823852717876
0.0792008861899
0.0755584612489
0.0714713186026
0.0669535920024
0.0620221830904
0.0566922053695
0.050988689065
0.0449377968907
0.0385657660663
0.0319046154618
0.0249820835888
0.0178375318646
0.0105070080608
0.00302780000493
-0.00455896463245
-0.0122151831165
-0.0198946800083
-0.0275548733771
-0.0351498089731
-0.0426391474903
-0.0499772615731
-0.0571211837232
-0.0640382245183
-0.0706772729754
-0.0770059376955
-0.0829852297902
-0.088582098484
-0.0937622115016
-0.0984971895814
-0.102754727006
-0.106518425047
-0.109764814377
-0.112478815019
-0.114639952779
-0.116243340075
-0.117285005748
-0.117760971189
-0.117669947445
-0.117020010948
-0.115801878273
-0.114048540592
-0.111772082746
-0.108997970819
-0.105752788484
-0.102063305676
-0.0979585051537
-0.0934769958258
-0.08865147084
-0.0835220813751
-0.0781308114529
-0.0725179165602
-0.066726975143
-0.0608045607805
-0.0547916665673
-0.0487319082022
-0.042671866715
-0.0366526655853
-0.0307189319283
-0.0249061845243
-0.019255310297
-0.013804430142
-0.00858466047794
-0.00362625415437
0.0010453867726
0.0053985984996
0.00941716041416
0.0130852675065
0.0163893289864
0.0193162895739
0.0218629408628
0.0240283347666
0.0258152000606
0.0272260699421
0.0282721668482
0.0289687737823
0.0293311644346
0.0293759461492
0.0291269849986
0.0285935364664
0.0278168357909
0.0268270596862
0.025655714795
0.0243335980922
0.0228947270662
0.0213691517711
0.0197915099561
0.0181920714676
0.0166056007147
0.0150614511222
0.0135886920616
0.012215542607
0.0109695782885
0.00987597275525
0.00895388238132
0.00822386704385
0.00770563120022
0.00741265714169
0.00735446019098
0.00754069769755
0.00797974038869
0.0086734900251
0.00962026137859
0.0108179301023
0.0122596081346
0.0139308553189
0.015823289752
0.0179249085486
0.0202211141586
0.022690763697
0.0253141541034
0.0280692465603
0.0309348460287
0.0338840931654
0.0368912629783
0.0399320609868
0.0429787673056
0.0460056588054
0.0489829517901
0.0518864952028
0.054689001292
0.0573653616011
0.059890691191
0.0622403137386
0.0643923282623
0.0663273483515
0.0680232867599
0.0694614574313
0.0706258639693
0.0715043097734
0.0720819458365
0.0723468884826
0.0722918882966
0.0718752741814
0.0711285620928
0.07005032897
0.0686409175396
0.0669055655599
0.0648469552398
0.0624720081687
0.0597893446684
0.0568134859204
0.0535549633205
0.0500295460224
0.0462523624301
0.0422458425164
0.0380270965397
0.0336168818176
0.0290388520807
0.0243190787733
0.0194769669324
0.0145418569446
0.00953763723373
0.00449047191069
-0.000573550001718
-0.00562851503491
-0.0106463395059
-0.0156060410663
-0.0204797200859
-0.0252411216497
-0.0298720300198
-0.0343456342816
-0.0386437214911
-0.0427426844835
-0.0466289781034
-0.0502833947539
-0.0536874011159
-0.0568308122456
-0.0597013905644
-0.062288582325
-0.0645811483264
-0.0665751099586
-0.0682667419314
-0.0696512460709
-0.0707264840603
-0.0714938789606
-0.0719563737512
-0.0721180662513
-0.0719826370478
-0.0715572312474
-0.0708517730236
-0.0698750093579
-0.0686375796795
-0.0671496912837
-0.0654268711805
-0.063481003046
-0.0613276213408
-0.0589784085751
-0.0564522966743
-0.0537625029683
-0.05092580989
-0.0479580126703
-0.0448734387755
-0.0416893288493
-0.0384197868407
-0.0350813232362
-0.0316884443164
-0.0282539576292
-0.0247938428074
-0.0213210973889
-0.0178462769836
-0.0143815465271
-0.0109406812117
-0.00753415795043
-0.00416995817795
-0.000859305670019
0.00238990643993
0.00556806474924
0.00866951514035
0.0116869984195
0.0146119883284
0.0174385532737
0.0201627705246
0.0227792784572
0.0252816192806
0.0276664551347
0.0299296360463
0.0320660285652
0.0340726561844
0.035944826901
0.0376799926162
0.0392745733261
0.0407250113785
0.0420272424817
0.0431785434484
0.0441750437021
0.0450142249465
0.0456918813288
0.046204958111
0.0465500131249
0.0467235594988
0.0467224381864
0.0465434528887
0.0461833849549
0.0456390045583
0.0449075549841
0.0439871437848
0.0428746119142
0.0415687114
0.0400675013661
0.0383705608547
0.0364774689078
0.0343878120184
0.032103702426
0.0296255387366
0.0269570760429
0.0241024140269
0.0210632309318
0.0178476367146
0.0144641716033
0.0109165189788
0.0072150756605
0.00330185214989
-0.000317514466587
-0.00550082977861
-0.00602503120899
0.000984759652056
-0.000330290728016
9.06971908989e-05
0.0
0.0
0.0
0.0
0.0
0.0
0.0
0.0
0.0
0.0
0.0
0.0
0.0
0.0
0.0
0.0
0.0
0.0
0.0
0.0
0.0
0.0
0.0
0.0
0.0
0.0
0.0
0.0
0.0
0.0
0.0
0.0
0.0
0.0
0.0
0.0
0.0
0.0
0.0
0.0
0.0
0.0
0.0
0.0
0.0
0.0
0.0
